6 0.8806461203125 0.7592898609375001 0.8752844468750001 0.7737979203124999 0.867154925 0.776701321875 0.747534815625 0.6925027 0.717355165625 0.6730046125 0.71461938125 0.6787801546875001 0.713482096875 0.6867411484375 0.7570899578125 0.709971503125 0.7801451296875 0.7172296140625 0.7882571359375 0.73217278125 0.7959421921875001 0.7296110953125 0.8027733546875 0.73217278125 0.8318057937500001 0.7624860625000001 0.843760328125 0.7859681828125 0.8544340187499999 0.788956815625 0.8710849765625 0.8021921921875 0.8747389796875 0.8180262062500001 0.8797250015625 0.8096015484375 0.8887471671875 0.7829861609375001 0.8878449500000001 0.7694529140624999 0.8806461203125 0.7592898609375001
6 0.7007328703125 0.6788043265625 0.6882830453125 0.67175725625 0.6876396375 0.672120921875 0.6812761625 0.67617040625 0.677805175 0.676748903125 0.6760696828125 0.676748903125 0.6702847046875 0.670385428125 0.6663185203124999 0.6656981203125001 0.6528791796875 0.692921403125 0.6554985531249999 0.6971951171875 0.6669735171875 0.6935886984375 0.6757999859375 0.6946271078125 0.6877416796875 0.7044919843749999 0.699683371875 0.7221449203125 0.703375259375 0.7306523140625 0.7915901828125 0.755744559375 0.8090932546875 0.750312571875 0.8109039171875001 0.761176546875 0.8054719296874999 0.7841116046875001 0.8061507671875001 0.787845215625 0.8318057937500001 0.7624860625000001 0.8027733546875 0.73217278125 0.7959421921875001 0.7296110953125 0.7882571359375 0.73217278125 0.7801451296875 0.7172296140625 0.7570899578125 0.709971503125 0.7114065609375 0.6856354890625 0.7045753984375 0.68478159375 0.7007328703125 0.6788043265625
6 0.7964186171875001 0.8486919 0.7910988359375 0.8518837687499999 0.8096045171874999 0.8534259093750001 0.8309518984375 0.8457408515625 0.840344746875 0.8534259093750001 0.856141809375 0.85854928125 0.8629729718749999 0.855560646875 0.869804134375 0.8453139046875 0.87492750625 0.81884315 0.8710849765625 0.8021921921875 0.8544340187499999 0.788956815625 0.843760328125 0.7859681828125 0.8318057937500001 0.7624860625000001 0.810026075 0.79547593125 0.8169394578125001 0.8052360015625 0.8145252421875 0.826360396875 0.8115074703125 0.8329994921875 0.8018506046875 0.837827925 0.7964186171875001 0.8486919
6 0.693382640625 0.7278099703125 0.5317029843750001 0.87317773125 0.5321409484374999 0.8815574390625001 0.5900383390624999 0.897873784375 0.6957317765625 0.7284781687499999 0.693382640625 0.7278099703125
3 0.8966093421875 0.4241708234375 0.90556501875 0.4185735265625 0.9111623156249999 0.4056997421875 0.9128415046875 0.36931730625000003 0.906684478125 0.3514059546875 0.8999677203124999 0.34692811562500003 0.883175828125 0.3463683859375 0.8213168546875 0.3463683859375 0.8263354390625001 0.363933428125 0.8294489984375 0.372028684375 0.83567611875 0.3913327578125 0.8445423968749999 0.4241708234375 0.8966093421875 0.4241708234375
1 0.7402829390625 0.6403035421875 0.73565495625 0.64319603125 0.724085 0.650716503125 0.7142505375 0.6565014796875001 0.702696696875 0.663534253125 0.747534815625 0.6925027 0.867154925 0.776701321875 0.8752844468750001 0.7737979203124999 0.8950275718749999 0.720375346875 0.8938662109375001 0.71282650625 0.8503152 0.6797277375 0.81431303125 0.66346869375 0.80792555 0.6588232515625 0.802699428125 0.6489516890625 0.7742461015625001 0.625724484375 0.7694628 0.6223712421875 0.7640013484375 0.6252625984375 0.75532388125 0.631626075 0.7506958984375001 0.6339400656249999 0.7402829390625 0.6403035421875
1 0.5473375453125 0.6011256609375 0.5391445625 0.586260040625 0.5391445625 0.58240053125 0.544753615625 0.57702729375 0.5435661031250001 0.5758133921875 0.5230152578125 0.5441063749999999 0.5024644140625 0.5229683625 0.49717991093749997 0.5217940296875 0.4372888796875 0.6169150796875 0.479313209375 0.6702471609375 0.4988688265625 0.6497603234375 0.4982297796875 0.6481627046875 0.512026096875 0.632710828125 0.5193217828125001 0.6283334171875 0.5346497765625 0.61227551875 0.5473375453125 0.6011256609375
6 0.700755278125 0.7771520140625 0.7177398328125 0.7755720546875 0.721588571875 0.7843691749999999 0.719106171875 0.8161438953125 0.7277847000000001 0.832416134375 0.735459646875 0.8348101546875 0.7873653046875 0.8541238874999999 0.7964186171875001 0.8486919 0.8018506046875 0.837827925 0.8115074703125 0.8329994921875 0.8145252421875 0.826360396875 0.8169394578125001 0.8052360015625 0.8066790375 0.7907507015624999 0.8054719296874999 0.7841116046875001 0.8109039171875001 0.761176546875 0.8090932546875 0.750312571875 0.7915901828125 0.755744559375 0.668169875 0.7206383390625 0.6977634187499999 0.7761262328125 0.700755278125 0.7771520140625
6 0.49843853437499996 0.7774065125 0.4951364765625 0.8032726265625 0.503588375 0.811724525 0.5223032921875 0.8183653015625 0.5254663078124999 0.8188427390624999 0.5033100375 0.786018634375 0.49843853437499996 0.7774065125
7 0.46042407812499997 0.7046452765625 0.47252011875 0.73158645625 0.5033100375 0.786018634375 0.52914826875 0.824297496875 0.5269644515625 0.7825137828125001 0.5771848296875 0.73752469375 0.5324446453125 0.7557739781249999 0.519752034375 0.7546702734374999 0.508163128125 0.740322103125 0.51920018125 0.7320443125 0.51967268125 0.7313693140625 0.519421075 0.6574891187499999 0.5114742437500001 0.6520256734375 0.49933348437499997 0.6509219671875 0.4988688265625 0.6497603234375 0.4653724578125 0.6848517562499999 0.4598742578125 0.6952983359375 0.46042407812499997 0.7046452765625
7 0.5296853828125 0.6718923703125 0.5335483515624999 0.6867923921875 0.5307890875 0.7154887328124999 0.51967268125 0.7313693140625 0.519752034375 0.7546702734374999 0.592295565625 0.690661884375 0.5193217828125001 0.6283334171875 0.519421075 0.6574891187499999 0.5203038859375 0.658096053125 0.5296853828125 0.6718923703125
7 0.702927840625 0.7769499140625 0.6550909671875 0.6884411125 0.6528791796875 0.692921403125 0.6491576234374999 0.6868493906250001 0.644334209375 0.6832318296875 0.6429785078125 0.6845875312499999 0.6439188890625 0.6718923703125 0.6399502734375 0.6604274765625 0.635627059375 0.652428575 0.592295565625 0.690661884375 0.711165328125 0.7921910875 0.7032938171875001 0.7780223687500001 0.700755278125 0.7771520140625 0.702927840625 0.7769499140625
3 0.71431393125 0.803604778125 0.711165328125 0.7921910875 0.7032938171875001 0.7780223687500001 0.6977634187499999 0.7761262328125 0.7141710703124999 0.8068905796875001 0.71431393125 0.803604778125
3 0.610254353125 0.4884758390625 0.60725709375 0.48233145781250003 0.6067014921875 0.5115931375 0.607695953125 0.5167311812500001 0.611961909375 0.5126445734375 0.6183465453125 0.5065283609375 0.6177268984375 0.505289065625 0.6158587625 0.5003073687499999 0.610254353125 0.4884758390625
3 0.6440106109375 0.6378503828125 0.633039559375 0.64844780625 0.635627059375 0.652428575 0.6561774234375 0.65332206875 0.6494587828125 0.643774528125 0.6448308 0.6385680484375 0.6440106109375 0.6378503828125
5 0.5548329796875 0.3209662953125 0.5467377234375 0.3340432484375 0.539887890625 0.34961105 0.540510603125 0.355215459375 0.5517194203125 0.37327410781250003 0.558569253125 0.38448292500000003 0.567287221875 0.40129615156250004 0.5697780703124999 0.4050324234375 0.576627903125 0.42184564843750005 0.58908214375 0.44426328281250005 0.5946865515625 0.45484938750000004 0.5978001125 0.4629446453125 0.610254353125 0.4884758390625 0.6158587625 0.5003073687499999 0.6177268984375 0.505289065625 0.6183465453125 0.5065283609375 0.6477868359375 0.4783258 0.6483017875 0.477167159375 0.6506157781249999 0.47485316875 0.652651478125 0.473665678125 0.722746996875 0.4065171171875 0.7266065078125 0.40817119375 0.7588110171875 0.4722301640625 0.77210031875 0.47427467187500005 0.7801992875 0.47658866250000004 0.7969757234375 0.4794811515625 0.81143816875 0.4829521375 0.8172231468750001 0.4829521375 0.82474361875 0.48179514218749997 0.8259006140625 0.48063814687499995 0.827057609375 0.4794811515625 0.828793103125 0.47196067968750005 0.828793103125 0.46733269687499995 0.8276361078125 0.4546057453125 0.8264791125000001 0.4332013265625 0.8264791125000001 0.4210528734375 0.8282146046875001 0.41468939687499995 0.8299500984374999 0.411218409375 0.830528596875 0.41006141406249996 0.832264090625 0.4117969078125 0.8339995828125 0.4152678953125 0.8363135749999999 0.41873888125000003 0.8455695390625 0.4389863046875 0.849619025 0.4522917546875 0.851933015625 0.4569197375 0.8542470062499999 0.46386171093749995 0.8554040031250001 0.46501870624999997 0.8558050625 0.4653195015625 0.8524893453125 0.4536039640625 0.83567611875 0.3913327578125 0.8294489984375 0.372028684375 0.8263354390625001 0.363933428125 0.8201083171875 0.34213850468749996 0.81761746875 0.3346659609375 0.8145039093750001 0.33155239999999997 0.8113903484374999 0.3290615515625 0.7802547453125 0.3122483265625 0.7734049125 0.309757478125 0.7628188078125 0.30353035781250004 0.7597052484375 0.302284934375 0.751609990625 0.300416796875 0.7447601578125 0.2973032375 0.7366649015625 0.2941896765625 0.7217198125000001 0.2860944203125 0.7154926921875 0.2848489953125 0.7055292984375 0.2823581484375 0.6961886171875 0.2817354359375 0.689961496875 0.2817354359375 0.6849798015624999 0.2823581484375 0.6563350453125001 0.2898306921875 0.62457673125 0.2973032375 0.6158587625 0.2997940859375 0.6065180812500001 0.30166222187499997 0.5996682484375 0.30353035781250004 0.583477734375 0.3072666296875 0.5735143421875 0.310380190625 0.5691553578125 0.3122483265625 0.558569253125 0.3172300234375 0.5548329796875 0.3209662953125
5 0.66970620625 0.4655972046875 0.6789621718750001 0.462704715625 0.6876396375 0.4580767328125 0.6897615328125 0.4568642203125 0.6916891234375 0.455762740625 0.6957386078125001 0.45171325625 0.69920959375 0.44650677656250004 0.7015235859375 0.44592827812499997 0.7044160749999999 0.44650677656250004 0.7073085640625 0.449399265625 0.7130935421875 0.45402724843750003 0.7269774890625 0.46328321250000004 0.741439934375 0.46848969374999994 0.7483819078125 0.46964668906249996 0.757059375 0.47196067968750005 0.7588110171875 0.4722301640625 0.7266065078125 0.40817119375 0.722746996875 0.4065171171875 0.652651478125 0.473665678125 0.6575577515625 0.47080368437500003 0.6668137171875 0.46733269687499995 0.66970620625 0.4655972046875
5 0.5391445625 0.58240053125 0.5391445625 0.586260040625 0.5613557671875 0.626560784375 0.6179818125 0.629951565625 0.6246040453124999 0.6354700921875 0.633039559375 0.64844780625 0.6440106109375 0.6378503828125 0.64020281875 0.6345185640625 0.632682346875 0.631626075 0.629211359375 0.6287335859375001 0.6147489140625 0.6171636296874999 0.611856425 0.6148496390625 0.6049144515625 0.6090646609375 0.599707971875 0.6032796828125 0.5985509765625 0.5986517 0.60028646875 0.59344521875 0.6020219625000001 0.5882387390625 0.60549295 0.578982775 0.6131090328125001 0.55816548125 0.6141704171875 0.5552643640625 0.6228478843749999 0.5367524343750001 0.6321038484375 0.5136125218750001 0.6477868359375 0.4783258 0.5391445625 0.58240053125
3 0.5771848296875 0.73752469375 0.6234327453125 0.69609426875 0.632275671875 0.6892610984374999 0.63951079375 0.6880552453125001 0.6429785078125 0.6845875312499999 0.6439188890625 0.6718923703125 0.638952215625 0.6575442 0.6246040453124999 0.6354700921875 0.6179818125 0.629951565625 0.5258224140625 0.6244330375 0.512026096875 0.632710828125 0.4982297796875 0.6481627046875 0.49933348437499997 0.6509219671875 0.5114742437500001 0.6520256734375 0.5203038859375 0.658096053125 0.5296853828125 0.6718923703125 0.5335483515624999 0.6867923921875 0.5307890875 0.7154887328124999 0.51920018125 0.7320443125 0.508163128125 0.740322103125 0.519752034375 0.7546702734374999 0.5324446453125 0.7557739781249999 0.5771848296875 0.73752469375
1 0.63951079375 0.6880552453125001 0.632275671875 0.6892610984374999 0.6234327453125 0.69609426875 0.5269644515625 0.7825137828125001 0.5329937203124999 0.897873784375 0.6584025015625 0.897873784375 0.7596942109375 0.8922464671875 0.656794696875 0.699309878125 0.6491576234374999 0.6868493906250001 0.644334209375 0.6832318296875 0.63951079375 0.6880552453125001
5 0.828793103125 0.47196067968750005 0.827057609375 0.4794811515625 0.8259006140625 0.48063814687499995 0.82474361875 0.48179514218749997 0.8172231468750001 0.4829521375 0.81143816875 0.4829521375 0.7969757234375 0.4794811515625 0.7801992875 0.47658866250000004 0.77210031875 0.47427467187500005 0.757059375 0.47196067968750005 0.7483819078125 0.46964668906249996 0.741439934375 0.46848969374999994 0.7269774890625 0.46328321250000004 0.7130935421875 0.45402724843750003 0.7073085640625 0.449399265625 0.7044160749999999 0.44650677656250004 0.7015235859375 0.44592827812499997 0.69920959375 0.44650677656250004 0.6957386078125001 0.45171325625 0.6916891234375 0.455762740625 0.6876396375 0.4580767328125 0.6789621718750001 0.462704715625 0.66970620625 0.4655972046875 0.6668137171875 0.46733269687499995 0.6575577515625 0.47080368437500003 0.6506157781249999 0.47485316875 0.6483017875 0.477167159375 0.6321038484375 0.5136125218750001 0.6228478843749999 0.5367524343750001 0.6141704171875 0.5552643640625 0.60549295 0.578982775 0.6020219625000001 0.5882387390625 0.60028646875 0.59344521875 0.5985509765625 0.5986517 0.599707971875 0.6032796828125 0.6049144515625 0.6090646609375 0.611856425 0.6148496390625 0.6147489140625 0.6171636296874999 0.629211359375 0.6287335859375001 0.632682346875 0.631626075 0.64020281875 0.6345185640625 0.6448308 0.6385680484375 0.6494587828125 0.643774528125 0.660450240625 0.65939396875 0.663921228125 0.66286495625 0.6702847046875 0.670385428125 0.6760696828125 0.676748903125 0.677805175 0.676748903125 0.6812761625 0.67617040625 0.6876396375 0.672120921875 0.7009450875 0.66460045 0.7142505375 0.6565014796875001 0.724085 0.650716503125 0.73565495625 0.64319603125 0.7402829390625 0.6403035421875 0.7506958984375001 0.6339400656249999 0.75532388125 0.631626075 0.7640013484375 0.6252625984375 0.7738358109375 0.62005611875 0.7755713046875 0.62005611875 0.7801992875 0.622370109375 0.79176924375 0.6310475765625 0.8027607015625 0.63798955 0.8212726312499999 0.6541874890625 0.8282146046875001 0.65939396875 0.830528596875 0.6605509656249999 0.8339995828125 0.65939396875 0.8357350765625 0.658815471875 0.838627565625 0.6565014796875001 0.8467265359375 0.651295 0.85771799375 0.6426175328125 0.8617674781250001 0.6403035421875 0.86928795 0.6327830703124999 0.8779654171875 0.622370109375 0.8837503953124999 0.6131141453125 0.88722138125 0.6079076640625 0.8889568750000001 0.6032796828125 0.8924278625 0.5986517 0.8941633546875 0.5940237171875 0.8970558437499999 0.5899742328124999 0.8987913375 0.58534625 0.9016838265624999 0.581296765625 0.90399781875 0.5766687828125 0.9063118093750001 0.57377629375 0.9086258 0.5703053078125 0.9115182890625 0.56394183125 0.9144107781249999 0.5558428625 0.92019575625 0.544851403125 0.9230882453125 0.5379094296875 0.9248237390625 0.5338599453125 0.9271377296875001 0.5286534656249999 0.93003021875 0.5228684875 0.9306087171874999 0.5182405046875 0.927716228125 0.515348015625 0.9265592328125001 0.5130340234374999 0.9254022375 0.5089845390625001 0.9254022375 0.505513553125 0.925980734375 0.4991500765625 0.9306087171874999 0.4870016234375 0.9340797046875 0.472539178125 0.9340797046875 0.4667542 0.9317657125000001 0.46386171093749995 0.93003021875 0.4603907234375 0.929451721875 0.45923372812499996 0.9282947265624999 0.45865522968750005 0.9254022375 0.45865522968750005 0.9016838265624999 0.45981222656250004 0.891270865625 0.460969221875 0.88722138125 0.46154771875 0.8825934 0.4644402078125 0.8797009109375 0.46501870624999997 0.86408146875 0.4661757015625 0.8594534875000001 0.46733269687499995 0.85771799375 0.4667542 0.8554040031250001 0.46501870624999997 0.8542470062499999 0.46386171093749995 0.851933015625 0.4569197375 0.849619025 0.4522917546875 0.8455695390625 0.4389863046875 0.8363135749999999 0.41873888125000003 0.8339995828125 0.4152678953125 0.832264090625 0.4117969078125 0.830528596875 0.41006141406249996 0.8299500984374999 0.411218409375 0.8282146046875001 0.41468939687499995 0.8264791125000001 0.4210528734375 0.8264791125000001 0.4332013265625 0.8276361078125 0.4546057453125 0.828793103125 0.46733269687499995 0.828793103125 0.47196067968750005