6 0.7596311171875 0.49624658281249995 0.748559078125 0.49176504374999996 0.7379298249999999 0.493712640625 0.7333290906250001 0.4987515390625 0.729571659375 0.5066838953125 0.729154165625 0.51586873125 0.73875649375 0.5275585203125 0.73875649375 0.555948009375 0.7420964328124999 0.57348269375 0.7475238359375 0.58183254375 0.8072252609375001 0.6356890749999999 0.8322748109375 0.663243578125 0.838954690625 0.6661660265625 0.8585768375 0.6640785640625 0.8752765374999999 0.6432039390625001 0.8869663265625001 0.6223293156249999 0.8944811921875001 0.597279765625 0.8932287140625 0.5851724828125 0.8852963562499999 0.5751526640625 0.8606643 0.555948009375 0.8385371984375001 0.5346558921875 0.7992929046875 0.49332413593749996 0.7901080687500001 0.4891492109375 0.7771658015625 0.48873171875 0.7596311171875 0.49624658281249995
3 0.6110385859374999 0.6998873609375 0.6432243515625 0.7085085484375 0.6593172359375 0.69701363125 0.667363678125 0.67804701875 0.66962415625 0.6683269609375 0.6471960703125 0.668468909375 0.6336660281250001 0.6944014921874999 0.5914731546875001 0.6965541890625 0.5949457015624999 0.7062095640625 0.60126790625 0.70735905625 0.6110385859374999 0.6998873609375
6 0.321292253125 0.6227875828125 0.3202261265625 0.623427259375 0.320447996875 0.6240189140625 0.3218731453125 0.6338524375000001 0.33749056093749996 0.6391925859375001 0.35123543281249997 0.6511446484375 0.350036578125 0.598908828125 0.3494929328125 0.599201559375 0.33411074375 0.6243258015625 0.321292253125 0.6227875828125
6 0.5515432578125 0.7032374859375 0.5583001953125 0.6975200781249999 0.5619385453125 0.6866050265625 0.5738931265625 0.679328325 0.57184945 0.673489253125 0.5509623171875 0.6976254953125001 0.54076153125 0.6996656515625 0.5462577093750001 0.7166199625 0.5489985046875 0.734709209375 0.549125390625 0.7355466546875 0.5542872156249999 0.74013494375 0.56862561875 0.7430026234375 0.56862561875 0.7528656375 0.5782273265625 0.7018772578125 0.5764919484375 0.70375725 0.5520630234375 0.7094746578125 0.5515432578125 0.7032374859375
5 0.522665571875 0.8311469703125001 0.50610446875 0.7768058484375 0.5221480374999999 0.7742181765625 0.5547527109375 0.7804285890625 0.56862561875 0.7702406734375 0.56862561875 0.7430026234375 0.5542872156249999 0.74013494375 0.549125390625 0.7355466546875 0.5462577093750001 0.7166199625 0.54076153125 0.6996656515625 0.53875811875 0.700066334375 0.51457725 0.6693082703125001 0.48244018437499997 0.66951166875 0.3689458875 0.66639369375 0.35148522656250003 0.662028528125 0.35123543281249997 0.6511446484375 0.33749056093749996 0.6391925859375001 0.3218731453125 0.6338524375000001 0.32474239531250004 0.6536502640624999 0.32474239531250004 0.6794166546875 0.3178713578125 0.7142012828125 0.3092825609375 0.7373910343750001 0.301123203125 0.7515625484374999 0.29366169062499997 0.76097054375 0.335769953125 0.7963414828125 0.3724762640625 0.814121103125 0.405741359375 0.8238712171874999 0.45277132187499997 0.8255918250000001 0.5253108625 0.8383352578125001 0.522665571875 0.8311469703125001
3 0.7350570609375 0.27903705156249997 0.7747321406250001 0.2679970296875 0.7656674781249999 0.2234794625 0.7576293578125 0.2043116390625 0.7477362875 0.19441856875000002 0.73536995 0.189472034375 0.715583809375 0.1907086671875 0.6898187796874999 0.2028333875 0.6925443546875 0.2059782828125 0.697922015625 0.228683959375 0.7098723703125 0.2519871546875 0.7272003875 0.272302759375 0.7350570609375 0.27903705156249997
3 0.6517972125 0.2185241734375 0.564714490625 0.25068540625 0.5424550828125 0.2550136234375 0.5276154765625 0.26428837656250004 0.5183407234375 0.27541808125 0.5096842875 0.3026240234375 0.49196785 0.313470821875 0.49196785 0.31694943124999997 0.48459488593750005 0.36553537812500003 0.501148034375 0.36706807812500003 0.507383984375 0.3595849375 0.5270966593749999 0.35875927500000004 0.55750533125 0.320104184375 0.5963439875 0.2818630453125 0.6053067546875 0.26812013437500004 0.62860995 0.2478045296875 0.6507181078125 0.219123675 0.6517972125 0.2185241734375
5 0.8072677734375 0.3798559640625 0.7142880328125 0.4712116046875 0.7181598453125 0.47917033125 0.71571900625 0.49137452968749995 0.709828846875 0.4988615765625 0.8903427718750001 0.46578604375 0.8770786109375001 0.242025415625 0.8655445578125001 0.23798849687499998 0.8119112109375 0.251829359375 0.793456725 0.2627867109375 0.7350570609375 0.27903705156249997 0.760661384375 0.3009836140625 0.7785869187500001 0.33265205781249996 0.7989025234375 0.36013787656249996 0.8072677734375 0.3798559640625
1 0.7781605203125 0.7396209921875 0.765686175 0.7318245265625001 0.7537315953125 0.71935018125 0.72878290625 0.6777690328125 0.709031859375 0.6533401078125001 0.6991563375000001 0.6335890625 0.679714178125 0.61464541875 0.679585628125 0.6462686875 0.7059132734375 0.678288796875 0.7459351296875 0.735982640625 0.75685018125 0.7468976921875 0.7615280609374999 0.747937221875 0.765686175 0.7406605203125001 0.7781605203125 0.7396209921875
1 0.5738931265625 0.679328325 0.5619385453125 0.6866050265625 0.5583001953125 0.6975200781249999 0.5515432578125 0.7032374859375 0.5520630234375 0.7094746578125 0.5764919484375 0.70375725 0.620663296875 0.6950648968750001 0.6336660281250001 0.6944014921874999 0.6347680609374999 0.6922892609375 0.6471960703125 0.668468909375 0.5758029484375 0.668920765625 0.57184945 0.673489253125 0.5738931265625 0.679328325
5 0.6925443546875 0.2059782828125 0.6847766234375 0.197015515625 0.6752163390625 0.197015515625 0.6668510890625 0.21016090781250002 0.6507181078125 0.219123675 0.62860995 0.2478045296875 0.6053067546875 0.26812013437500004 0.5963439875 0.2818630453125 0.55750533125 0.320104184375 0.5270966593749999 0.35875927500000004 0.53670145625 0.35835698125 0.5385787718749999 0.35439584375 0.5517450234375 0.339766675 0.55857196875 0.338303759375 0.5688123875 0.342692509375 0.5854166890625 0.35631655156250003 0.6264906359375 0.3545961765625 0.6682715031249999 0.3545961765625 0.6763782390624999 0.355219771875 0.6807434046874999 0.36145572187499997 0.6805135828125 0.4179916546875 0.707176065625 0.4565925625 0.7142880328125 0.4712116046875 0.8072677734375 0.3798559640625 0.7989025234375 0.36013787656249996 0.7785869187500001 0.33265205781249996 0.760661384375 0.3009836140625 0.7272003875 0.272302759375 0.7098723703125 0.2519871546875 0.697922015625 0.228683959375 0.6925443546875 0.2059782828125
5 0.3575513265625 0.36985991875 0.368553925 0.309178925 0.382723671875 0.2972946203125 0.404154290625 0.294294334375 0.3677040015625 0.2857003640625 0.343873440625 0.2844237265625 0.322596153125 0.287402546875 0.3094042359375 0.2984667359375 0.29536122656249997 0.375916059375 0.29493568125 0.428258184375 0.300467775 0.4418756484375 0.3174896046875 0.4652806640625 0.3208939703125 0.473791578125 0.32855379375 0.4708127578125 0.32727715625 0.44740774375000003 0.340043528125 0.43847128281250003 0.34903542656250003 0.42723141093750006 0.35148522656250003 0.37018605312499997 0.3575513265625 0.36985991875
5 0.405578103125 0.294095 0.382723671875 0.2972946203125 0.368553925 0.309178925 0.3575513265625 0.36985991875 0.467473903125 0.363950103125 0.48459488593750005 0.36553537812500003 0.49196785 0.31694943124999997 0.49196785 0.31100727968749997 0.4873969640625 0.3087218359375 0.4311750640625 0.2954662671875 0.405578103125 0.294095
3 0.53670145625 0.35835698125 0.5854166890625 0.35631655156250003 0.5688123875 0.342692509375 0.55857196875 0.338303759375 0.5517450234375 0.339766675 0.5385787718749999 0.35439584375 0.53670145625 0.35835698125
6 0.680030875 0.5367381109375 0.71571900625 0.49137452968749995 0.7181598453125 0.47917033125 0.707176065625 0.4565925625 0.6805135828125 0.4179916546875 0.68004425625 0.5334461312500001 0.680030875 0.5367381109375
6 0.53875811875 0.700066334375 0.5509623171875 0.6976254953125001 0.5758029484375 0.668920765625 0.565110721875 0.6689884375 0.51457725 0.6693082703125001 0.53875811875 0.700066334375
1 0.6044360234374999 0.756622003125 0.5878749187500001 0.75610446875 0.5547527109375 0.7804285890625 0.5221480374999999 0.7742181765625 0.50610446875 0.7768058484375 0.522665571875 0.8311469703125001 0.546472159375 0.8958387828125 0.575971625 0.9237856453125 0.5821820390625 0.9201629046875001 0.6065061609375 0.9170576968749999 0.613234109375 0.903084265625 0.6147867125 0.8906634375 0.6173743859374999 0.825454090625 0.612199040625 0.7680077625 0.6044360234374999 0.756622003125
6 0.13149446250000002 0.648496984375 0.131065021875 0.681563853125 0.1396538203125 0.723648959375 0.157260853125 0.7580041468750001 0.176585646875 0.778617259375 0.19290436093750002 0.78935325625 0.2156646734375 0.7966537328125 0.22940674843750003 0.7975126125 0.247443221875 0.7966537328125 0.2594675375 0.7936476546875 0.2616147375 0.791071015625 0.2671974546875 0.7932182140624999 0.268485775 0.791071015625 0.266338575 0.788923815625 0.2813689703125 0.7764700609374999 0.301123203125 0.7515625484374999 0.3092825609375 0.7373910343750001 0.3178713578125 0.7142012828125 0.32474239531250004 0.6794166546875 0.32474239531250004 0.6536502640624999 0.320447996875 0.6240189140625 0.311429759375 0.59997028125 0.30155264375 0.583222128125 0.28308672968750004 0.5613206953125001 0.26505025625 0.5484375 0.18732164375 0.5484375 0.17830340625000002 0.5540202187500001 0.15554309375 0.5797866093749999 0.143518778125 0.6025469218749999 0.1362183015625 0.6218717140625001 0.13149446250000002 0.648496984375
1 0.3689458875 0.66639369375 0.48244018437499997 0.66951166875 0.6794962140624999 0.668264478125 0.6807434046874999 0.36145572187499997 0.6763782390624999 0.355219771875 0.6682715031249999 0.3545961765625 0.6264906359375 0.3545961765625 0.507383984375 0.3595849375 0.501148034375 0.36706807812500003 0.467473903125 0.363950103125 0.35148522656250003 0.37018605312499997 0.3471200609375 0.47183204375 0.35148522656250003 0.662028528125 0.3689458875 0.66639369375