6 0.729280609375 0.48664997187500003 0.7296652156250001 0.49583624375 0.7402498359374999 0.5066446515624999 0.7427241437500001 0.5349261109375 0.747579621875 0.552102975 0.7537141093749999 0.559948021875 0.8178822578125 0.608396290625 0.8452380203125 0.6336627296875 0.8521471890625 0.6359918671875 0.8715127328125 0.632202165625 0.8863295421874999 0.6099515 0.8961555046875 0.588137478125 0.9014585625 0.5625282859375 0.89915563125 0.5505762359374999 0.8903801734375 0.5412858953125 0.864168053125 0.5243011453124999 0.840269421875 0.5050185546875 0.797572165625 0.46726444375 0.7880584109375001 0.4639059171875 0.77512900625 0.46461800625 0.7583160109375 0.4736325234375 0.7468955125 0.4701330296875 0.73647645 0.47299961562500004 0.7323323921875 0.47842032031250004 0.729280609375 0.48664997187500003
3 0.683649346875 0.65290270625 0.661318978125 0.6549988515625 0.6501005953125001 0.6820119734375 0.6082558984374999 0.6878338296875001 0.6125567515625 0.6971498109375001 0.618955084375 0.6977439125 0.62803738125 0.689449078125 0.6608520578125 0.6952322859375 0.6758818546875001 0.6823785234375 0.6822446296875 0.662782790625 0.683649346875 0.65290270625
6 0.3502403921875 0.652826546875 0.3649746515625 0.6635351843749999 0.35922770625 0.6116026234375 0.35871164375000003 0.6119416234374999 0.345577709375 0.63831090625 0.3326739328125 0.6378957453125 0.33166761562499997 0.6386259062499999 0.33194020625 0.6391959734375 0.33421697968749997 0.6488678671875 0.3502403921875 0.652826546875
6 0.5866966265625 0.66656698125 0.5679925875 0.6924318125 0.5580084296875001 0.6953532625000001 0.5649613578125 0.7117640328125 0.5692683062499999 0.72954556875 0.569467696875 0.73036876875 0.5750097750000001 0.734489715625 0.5895435515624999 0.7360968078125001 0.5904031703125 0.745922290625 0.5955244109375 0.69429109375 0.5939594875 0.6963151796875 0.5701218265625 0.7041399515625 0.569060434375 0.697971815625 0.5752933546875 0.6916872578125 0.57796655 0.6804966375 0.589241434375 0.672205715625 0.5866966265625 0.66656698125
5 0.5919175046875 0.763231209375 0.5895435515624999 0.7360968078125001 0.5750097750000001 0.734489715625 0.569467696875 0.73036876875 0.5649613578125 0.7117640328125 0.5580084296875001 0.6953532625000001 0.5560475625 0.6959270296875 0.5292779671875001 0.6673935109375 0.49728092031250004 0.6703970640625 0.3839467546875 0.677182634375 0.36617208749999997 0.6743558765625 0.3649746515625 0.6635351843749999 0.3502403921875 0.652826546875 0.33421697968749997 0.6488678671875 0.33880080625 0.6683402843749999 0.3410464953125 0.6940086265625001 0.337233284375 0.7292597390625 0.330698290625 0.7531098093749999 0.323805109375 0.76793853125 0.3171919515625 0.7779610406249999 0.362222759375 0.80952740625 0.4003389890625 0.8240402031249999 0.43432727812499994 0.830853971875 0.4813282390625 0.8284691000000001 0.5547024078125 0.834841803125 0.5514406828125 0.8279114218749999 0.530206459375 0.7752204796875 0.545963446875 0.771244365625 0.5789853218750001 0.7745894609375 0.5919175046875 0.763231209375
3 0.7201603999999999 0.17398975781249998 0.7074100015625 0.17013984375 0.6878069328125 0.173096246875 0.663196684375 0.1874204 0.666185984375 0.190315778125 0.6735221109375 0.21246635781249998 0.6874579984375 0.2346393359375 0.7064907 0.253367396875 0.7149044078125 0.259391309375 0.7534663109374999 0.2449353875 0.7405561796875 0.20137726093750002 0.7308780609375 0.18298294375 0.7201603999999999 0.17398975781249998
3 0.498697328125 0.274674184375 0.49244498593749997 0.3025310578125 0.475741325 0.3148806703125 0.47604450624999994 0.3183460421875 0.47293414375 0.36738970000000004 0.4895578859375 0.3674738671875 0.49511790624999996 0.359475703125 0.5146836078125 0.356935109375 0.541607553125 0.315776821875 0.57696548125 0.274296190625 0.58469636875 0.25982441875 0.6061402671875 0.2375551140625 0.6256645953125 0.2070565453125 0.62668734375 0.20636527500000001 0.542739034375 0.24599388437499997 0.520941559375 0.252245665625 0.5069667703125 0.2627784828125 0.498697328125 0.274674184375
5 0.7089311640625 0.4805781203125 0.88587545625 0.43189562343750004 0.8531597468750001 0.21014252031249997 0.84131774375 0.207126221875 0.7890947984375 0.22558887031250002 0.7716655328125 0.238112940625 0.7149044078125 0.259391309375 0.74232406875 0.2790227953125 0.7629414765625 0.3090084171875 0.785575321875 0.3346190234375 0.795627284375 0.353532996875 0.710963528125 0.45264472031249997 0.71551425625 0.46023571093750004 0.7141463703125 0.4726062015625 0.7089311640625 0.4805781203125
1 0.7216009015625 0.6345382749999999 0.7100415421874999 0.615723096875 0.68902231875 0.5985460359375 0.69165040625 0.6300601718750001 0.720668603125 0.6596638296874999 0.7655665140625 0.713649996875 0.777391340625 0.723572203125 0.7821420203125 0.7242000734375 0.7856501046875 0.7165886578125 0.79798638125 0.7144658749999999 0.7848799984375 0.7077862890625 0.7718836984374999 0.696401321875 0.7434059109375 0.6571528234375 0.7216009015625 0.6345382749999999
1 0.5701218265625 0.7041399515625 0.5939594875 0.6963151796875 0.6372051625 0.6838061171875001 0.6501005953125001 0.6820119734375 0.651014340625 0.6798117312499999 0.661318978125 0.6549988515625 0.590236909375 0.661671309375 0.5866966265625 0.66656698125 0.589241434375 0.672205715625 0.57796655 0.6804966375 0.5752933546875 0.6916872578125 0.569060434375 0.697971815625 0.5701218265625 0.7041399515625
5 0.6256645953125 0.2070565453125 0.6061402671875 0.2375551140625 0.58469636875 0.25982441875 0.57696548125 0.274296190625 0.541607553125 0.315776821875 0.5146836078125 0.356935109375 0.52421679375 0.3556972328125 0.5257417296875 0.35158754999999997 0.5375828640625 0.33586653593750004 0.544256328125 0.3338141796875 0.554840284375 0.3372937171875 0.5725688156250001 0.34941875625 0.613336521875 0.344125096875 0.6549584015625001 0.34048365468749997 0.6630886390625 0.340398328125 0.6679806921875 0.3462300984375 0.6726791765625 0.40257092656250004 0.702604490625 0.43870115624999995 0.710963528125 0.45264472031249997 0.795627284375 0.353532996875 0.785575321875 0.3346190234375 0.7629414765625 0.3090084171875 0.74232406875 0.2790227953125 0.7064907 0.253367396875 0.6874579984375 0.2346393359375 0.6735221109375 0.21246635781249998 0.666185984375 0.190315778125 0.6576666546875 0.18206411875 0.64814275 0.182897353125 0.6409550296875001 0.196721803125 0.6256645953125 0.2070565453125
5 0.349529984375 0.2980461953125 0.3256788390625 0.2988513859375 0.3047421390625 0.3036733078125 0.29256472968749997 0.315845146875 0.2853253109375 0.39422368125 0.2894633015625 0.4464037171875 0.296161184375 0.4594872078125 0.31515812187500003 0.48131961093750003 0.31929130781250004 0.48950142812499997 0.32666236249999997 0.48586634531249995 0.3233507015625 0.46266166093749994 0.3352896296875 0.45264654374999996 0.34326769218750003 0.440665746875 0.3407363390625 0.38362395 0.34675093125 0.3827703609375 0.3524229640625 0.3213613375 0.36550300625 0.30828728125 0.38659058281249997 0.3034306109375 0.349529984375 0.2980461953125
5 0.4557401453125 0.36730265 0.47293414375 0.36738970000000004 0.47604450624999994 0.3183460421875 0.4755266140625 0.31242650156249996 0.47077393125 0.310548134375 0.413610675 0.30224306875 0.38799160312500003 0.303107940625 0.36550300625 0.30828728125 0.3524229640625 0.3213613375 0.34675093125 0.3827703609375 0.4557401453125 0.36730265
3 0.5375828640625 0.33586653593750004 0.5257417296875 0.35158754999999997 0.52421679375 0.3556972328125 0.5725688156250001 0.34941875625 0.554840284375 0.3372937171875 0.544256328125 0.3338141796875 0.5375828640625 0.33586653593750004
6 0.6726791765625 0.40257092656250004 0.68227415625 0.5176269671875 0.682547740625 0.5209075859375 0.7141463703125 0.4726062015625 0.71551425625 0.46023571093750004 0.702604490625 0.43870115624999995 0.6726791765625 0.40257092656250004
6 0.5292779671875001 0.6673935109375 0.5560475625 0.6959270296875 0.5679925875 0.6924318125 0.590236909375 0.661671309375 0.57959126875 0.6626706125 0.5292779671875001 0.6673935109375
1 0.530206459375 0.7752204796875 0.5514406828125 0.8279114218749999 0.5807949421874999 0.8902821812499999 0.6126178828125 0.9155516499999999 0.618488921875 0.9114014218750001 0.6424498468750001 0.9061880421874999 0.6479343281250001 0.8916814046875 0.6483984765625 0.8791725234375001 0.645292934375 0.8139857875000001 0.6351305046875 0.757209121875 0.62640469375 0.7465432796875 0.609861503125 0.7474711093749999 0.5789853218750001 0.7745894609375 0.545963446875 0.771244365625 0.530206459375 0.7752204796875
6 0.2020994296875 0.8057444546875001 0.21929175 0.8150173281249999 0.24260173125 0.8203063328125 0.2563663703125 0.81996424375 0.274259353125 0.8175366500000001 0.285975915625 0.813494021875 0.2878903765625 0.8107400468750001 0.293638990625 0.812392509375 0.2947352671875 0.810141196875 0.292409096875 0.8081893078125001 0.30629688125 0.794472959375 0.323805109375 0.76793853125 0.330698290625 0.7531098093749999 0.337233284375 0.7292597390625 0.3410464953125 0.6940086265625001 0.33880080625 0.6683402843749999 0.33194020625 0.6391959734375 0.3208603109375 0.61602484375 0.3095610828125 0.6002012703124999 0.2892566015625 0.5799925890625001 0.2701659171875 0.5687304 0.1927330859375 0.5755048953124999 0.18423573124999998 0.5818523609375 0.1638077171875 0.6095043953125 0.15381285 0.6332260859375001 0.1482244203125 0.65311361875 0.1458391015625 0.6800492828125 0.1482932640625 0.71302775 0.1605173375 0.754204146875 0.18105162187499999 0.7868940484375 0.2020994296875 0.8057444546875001
1 0.6630886390625 0.340398328125 0.6549584015625001 0.34048365468749997 0.613336521875 0.344125096875 0.49511790624999996 0.359475703125 0.4895578859375 0.3674738671875 0.4557401453125 0.36730265 0.3407363390625 0.38362395 0.34524681562500004 0.48526359531249996 0.36617208749999997 0.6743558765625 0.3839467546875 0.677182634375 0.49728092031250004 0.6703970640625 0.6934783921875 0.6519800546875001 0.6679806921875 0.3462300984375 0.6630886390625 0.340398328125