6 0.7296533453125 0.5026763 0.7293962125 0.5118670234375 0.7392010921875001 0.5233874468749999 0.7396965578125 0.5517726125 0.7433420109375 0.5692463359375 0.7489143109375 0.57750019375 0.8095465703125001 0.6303065890624999 0.835073196875 0.6574197203125001 0.8418030625 0.66022514375 0.8613857906250001 0.6577955453125 0.877718634375 0.63663265 0.88904233125 0.6155571906249999 0.8961188765625 0.590380303125 0.8946552875 0.5782967234374999 0.88654926875 0.56841686875 0.8615857968749999 0.5496450281249999 0.8390904656249999 0.528742325 0.7991308109374999 0.488101771875 0.7898745109374999 0.48408777968749994 0.7769269296875 0.48389622499999996 0.7595260671874999 0.4917159671875 0.7483775015624999 0.48742834375 0.7377838578125 0.48956115 0.7332717640624999 0.494679575 0.7296533453125 0.5026763
3 0.6725360328125001 0.6653409734375 0.6501138390625 0.665874325 0.6370384437500001 0.692039090625 0.5948895671875001 0.6949278265625 0.59853009375 0.7045211265625 0.6048713968749999 0.70556010625 0.6145101890625 0.6979190265625 0.6468415140625 0.70597718125 0.6627313328125 0.6942031562500001 0.6704455375 0.6750990031249999 0.6725360328125001 0.6653409734375
6 0.3399445578125 0.6420075671875 0.353895928125 0.6537179281250001 0.351785615625 0.6015109859375001 0.35124716093749997 0.6018131609374999 0.33630579374999997 0.6272020328125001 0.323462409375 0.6258877625 0.322407609375 0.626545946875 0.322639771875 0.627133640625 0.324236321875 0.63694079375 0.3399445578125 0.6420075671875
6 0.5748663125 0.672208884375 0.5544035953125 0.6967059812499999 0.54423996875 0.6989238546875 0.550031203125 0.7157796624999999 0.5530872828125 0.7338183203125 0.5532287640625 0.7346534234375001 0.5584698796875001 0.739150928125 0.572856146875 0.74176793125 0.5730282812499999 0.7516294421875 0.58173865625 0.70048125625 0.580036353125 0.7023912484375 0.5557109312499999 0.7085341281249999 0.555082390625 0.702306978125 0.5617385171875 0.696472515625 0.5651858187500001 0.6854956296875 0.5770115828125 0.6780114 0.5748663125 0.672208884375
5 0.5733315171875 0.7690018328125 0.572856146875 0.74176793125 0.5584698796875001 0.739150928125 0.5532287640625 0.7346534234375001 0.550031203125 0.7157796624999999 0.54423996875 0.6989238546875 0.5422438546875 0.699359440625 0.5175298671874999 0.669028075 0.48540124531249995 0.6697923125 0.37186981874999997 0.6686555609375 0.35433563437500004 0.664595790625 0.353895928125 0.6537179281250001 0.3399445578125 0.6420075671875 0.324236321875 0.63694079375 0.3274506546875 0.6566855296874999 0.327900340625 0.6824479953125 0.321637425 0.7173472421875 0.313454653125 0.74068335625 0.305543865625 0.7549951125 0.29824768125 0.764531896875 0.3409668375 0.7991625578125 0.37797785625 0.8162988562500001 0.411408046875 0.8254669296875001 0.4584608765625 0.826366490625 0.531211771875 0.8378419921875 0.52844143125 0.8307009656250001 0.5109344671875 0.7766571515625 0.52693043125 0.7737898750000001 0.559638525 0.7794303124999999 0.5733315171875 0.7690018328125
3 0.742365425 0.19014151562499998 0.7299146421875 0.18541155781250002 0.710153096875 0.1869933171875 0.6846035968749999 0.199565853125 0.6873836421874999 0.2026627015625 0.693156753125 0.2252710671875 0.705511984375 0.24836215 0.72319191875 0.26837224531250004 0.7311649250000001 0.27496839375 0.7706412874999999 0.263237628125 0.7608010671875001 0.21888504062499997 0.752429646875 0.199860421875 0.742365425 0.19014151562499998
3 0.514418434375 0.275132196875 0.5062381265625 0.3024850703125 0.48871369062500003 0.3136394109375 0.48877439999999994 0.317117490625 0.48225050156249993 0.3658247140625 0.498827878125 0.3670682890625 0.5049322796875 0.35947745468750003 0.5246275421875 0.358307884375 0.5543569578125 0.3191279765625 0.5925222984375 0.280214834375 0.6012438546875 0.26631759375 0.62418894375 0.2455983875 0.645793184375 0.216536059375 0.6468616625 0.21591781718749997 0.5603534953125 0.24959395468749998 0.538173015625 0.2543099921875 0.5234975359375 0.2638423203125 0.514418434375 0.275132196875
5 0.7097770203125 0.49519973124999994 0.8896862046875 0.45897883437500003 0.872518903125 0.23548377656250002 0.860916153125 0.2316487703125 0.8075325296875 0.24642355624999998 0.7892720875 0.2577013140625 0.7311649250000001 0.27496839375 0.75714836875 0.29646475625 0.7756238640625 0.3278155328125 0.7964160687499999 0.354942609375 0.805124171875 0.3745117 0.7137529687499999 0.467476146875 0.717763090625 0.47536608906250005 0.715535615625 0.487611028125 0.7097770203125 0.49519973124999994
1 0.7116761765625 0.64966864375 0.70145745625 0.630092959375 0.6816876453125 0.6114915125 0.6821110171875 0.643112209375 0.7089934796875 0.6746679609374999 0.7500161375000001 0.7316545390625 0.7611200203124999 0.742377434375 0.7658153296875 0.743335165625 0.769845815625 0.735987003125 0.78230011875 0.7347299265625 0.76969160625 0.7271523546875 0.7575211390625001 0.7148885468749999 0.731850559375 0.6737491453125 0.7116761765625 0.64966864375
1 0.5557109312499999 0.7085341281249999 0.580036353125 0.7023912484375 0.6240492718749999 0.692929321875 0.6370384437500001 0.692039090625 0.6381034453125001 0.689907946875 0.6501138390625 0.665874325 0.5787394765625 0.66757209375 0.5748663125 0.672208884375 0.5770115828125 0.6780114 0.5651858187500001 0.6854956296875 0.5617385171875 0.696472515625 0.555082390625 0.702306978125 0.5557109312499999 0.7085341281249999
5 0.645793184375 0.216536059375 0.62418894375 0.2455983875 0.6012438546875 0.26631759375 0.5925222984375 0.280214834375 0.5543569578125 0.3191279765625 0.5246275421875 0.358307884375 0.5342238546875 0.357738025 0.536031753125 0.353744728125 0.5489406859375 0.3388880046875 0.5557410593750001 0.3373061640625 0.5660565125 0.3415155265625 0.5828960578125 0.35484770781249997 0.6239337234375 0.35241075624999996 0.665708228125 0.3516815796875 0.6738246125 0.3521635984375 0.6782979453125 0.358322415625 0.679054846875 0.4148537484375 0.706386946875 0.452983453125 0.7137529687499999 0.467476146875 0.805124171875 0.3745117 0.7964160687499999 0.354942609375 0.7756238640625 0.3278155328125 0.75714836875 0.29646475625 0.72319191875 0.26837224531250004 0.705511984375 0.24836215 0.693156753125 0.2252710671875 0.6873836421874999 0.2026627015625 0.6794606734374999 0.193836865625 0.6699018437500001 0.19400371562500002 0.6617672875 0.20729309843750002 0.645793184375 0.216536059375
5 0.36398410625 0.2880418859375 0.34013489531249996 0.28718134375000004 0.3189128359375 0.29053105 0.3059160234375 0.30182378593750003 0.29322683125000004 0.379506396875 0.293714846875 0.43184797656249996 0.2994837546875 0.44536681875 0.316911465625 0.46847119687500005 0.32046384843750003 0.47692140156249996 0.32807051875000004 0.4738093515625 0.3263856015625 0.45043018281249997 0.338994065625 0.44127227968750005 0.3477884328125 0.4298771890625 0.3492422796875 0.3727977640625 0.35530176406249997 0.3723658125 0.3652436578125 0.31150203906249996 0.37920383750000003 0.299372246875 0.4005788296875 0.295998403125 0.36398410625 0.2880418859375
5 0.465104459375 0.3645384828125 0.48225050156249993 0.3658247140625 0.48877439999999994 0.317117490625 0.48867069531249996 0.3111762453125 0.48406061874999995 0.30897092187499997 0.42761594062499997 0.2966985796875 0.40199894687500004 0.29577425 0.37920383750000003 0.299372246875 0.3652436578125 0.31150203906249996 0.35530176406249997 0.3723658125 0.465104459375 0.3645384828125
3 0.5489406859375 0.3388880046875 0.536031753125 0.353744728125 0.5342238546875 0.357738025 0.5828960578125 0.35484770781249997 0.5660565125 0.3415155265625 0.5557410593750001 0.3373061640625 0.5489406859375 0.3388880046875
6 0.679054846875 0.4148537484375 0.6806005500000001 0.53029883125 0.6806446234375 0.53359054375 0.715535615625 0.487611028125 0.717763090625 0.47536608906250005 0.706386946875 0.452983453125 0.679054846875 0.4148537484375
6 0.5175298671874999 0.669028075 0.5422438546875 0.699359440625 0.5544035953125 0.6967059812499999 0.5787394765625 0.66757209375 0.568050059375 0.6678263609374999 0.5175298671874999 0.669028075
1 0.5109344671875 0.7766571515625 0.52844143125 0.8307009656250001 0.5533734203125 0.89496744375 0.5833561328125 0.9223952125 0.5895023765625 0.9186646375 0.6137686 0.9151353875 0.620251653125 0.9010466656249999 0.621587246875 0.8886006328124999 0.623036465625 0.82335605625 0.6168593328124999 0.7660088 0.6088987890625 0.7547602578125 0.592331175 0.754531834375 0.559638525 0.7794303124999999 0.52693043125 0.7737898750000001 0.5109344671875 0.7766571515625
6 0.181497446875 0.7842191828125 0.19800104375 0.79466874375 0.2208853 0.8015708859374999 0.23464027187499997 0.802189803125 0.25265900937499997 0.8010162749999999 0.2646290296875 0.7978008015625 0.266730934375 0.79518708125 0.27235027500000003 0.7972365203125 0.273600925 0.7950671640625 0.27141657812500003 0.792957765625 0.2862273375 0.780243590625 0.305543865625 0.7549951125 0.313454653125 0.74068335625 0.321637425 0.7173472421875 0.327900340625 0.6824479953125 0.3274506546875 0.6566855296874999 0.322639771875 0.627133640625 0.31320320156250003 0.603246059375 0.3030352953125 0.5866728375 0.2841899609375 0.5650970140625 0.265931390625 0.5525305609375 0.18821461718750002 0.5538871125 0.179295184375 0.5596263703125001 0.156988025 0.585786059375 0.1453627625 0.608752759375 0.1384006625 0.6282020187499999 0.1341422171875 0.6549056765625 0.1342899390625 0.687975003125 0.143611915625 0.7299038046875 0.161815846875 0.763946475 0.181497446875 0.7842191828125
1 0.6738246125 0.3521635984375 0.665708228125 0.3516815796875 0.6239337234375 0.35241075624999996 0.5049322796875 0.35947745468750003 0.498827878125 0.3670682890625 0.465104459375 0.3645384828125 0.3492422796875 0.3727977640625 0.346651746875 0.47450445625000004 0.35433563437500004 0.664595790625 0.37186981874999997 0.6686555609375 0.48540124531249995 0.6697923125 0.6824054953124999 0.665106209375 0.6782979453125 0.358322415625 0.6738246125 0.3521635984375