6 0.257233415625 0.8336639937499999 0.2502689828125 0.8373783578125 0.24609032343749998 0.85873595 0.2521261640625 0.8657003828125 0.2660550296875 0.8722005203125001 0.29019839531249997 0.8773077703125001 0.3031986703125 0.876843475 0.303444575 0.8761211281250001 0.288716825 0.8560378328124999 0.28833380000000003 0.854875078125 0.284861146875 0.8545501515625 0.2847714953125 0.8440609390624999 0.27273346875 0.807516928125 0.27273346875 0.77612105 0.28127856875 0.741490903125 0.257233415625 0.8336639937499999
5 0.45101957812500004 0.758425675 0.46333755625000006 0.758425675 0.3405302171875 0.684757003125 0.33952106406250004 0.684787584375 0.3184002015625 0.6927792625 0.305271015625 0.703054278125 0.30323431875 0.7057877390625 0.28833380000000003 0.854875078125 0.4384279875 0.7721540250000001 0.43240515312500005 0.754633053125 0.446691225 0.7555401046875 0.45101957812500004 0.758425675
5 0.42433894531250005 0.86760070625 0.4982858859375 0.87451971875 0.514511159375 0.872023521875 0.5164518984375001 0.8196235671875 0.5101458703125 0.8255586515625 0.49166890468749996 0.8267904500000001 0.475039634375 0.790452415625 0.46703295 0.7627369671875 0.46333755625000006 0.758425675 0.4384279875 0.7721540250000001 0.4399878765625 0.776691884375 0.44227121406250003 0.816079440625 0.4394170421875 0.8354878031249999 0.4314253640625 0.8571795 0.42433894531250005 0.86760070625
3 0.361077615625 0.6653898515625001 0.365941115625 0.6651736953125 0.3653375203125 0.66084445625 0.36330975 0.6596277953125 0.34984826562500004 0.6436734421875 0.34427814218749997 0.628658328125 0.3362494078125 0.6299964499999999 0.33149507031250003 0.6410899046874999 0.33360810937499996 0.6532398781250001 0.3447015640625 0.6595789937500001 0.3568515375 0.6595789937500001 0.361077615625 0.6653898515625001
6 0.3174409859375 0.50307570625 0.3224267203125 0.4906113671875 0.3339749328125 0.47559869218750006 0.319705075 0.47128455 0.29137820937500003 0.46792373437499996 0.2798554171875 0.47368513125 0.2745741359375 0.4808868765625 0.2678525078125 0.5029722296875 0.2659320421875 0.5317792109374999 0.26737239062499996 0.5471429359375 0.27217355468750004 0.5577054953125 0.281295765625 0.5653873578125 0.32139351875 0.5727737859375 0.315446690625 0.52850295625 0.3174409859375 0.50307570625
5 0.3224267203125 0.4906113671875 0.3174409859375 0.50307570625 0.315446690625 0.52850295625 0.324421015625 0.595311809375 0.336902746875 0.610913975 0.3365337 0.6024258796875 0.3442845671875 0.566671875 0.3524670796875 0.5289267390625 0.3729646203125 0.45243591875 0.37078835312499997 0.4527197796875 0.3373839265625 0.471167 0.3224267203125 0.4906113671875
5 0.60048858125 0.46693689843749997 0.6309750609375 0.4738070921875 0.6588352859375 0.47678452031249996 0.65835491875 0.46173301875000006 0.6536258921875 0.44340803749999996 0.6536258921875 0.415625 0.606335615625 0.415625 0.5543163125 0.4250830546875 0.532444559375 0.432767725 0.45575369375 0.4396658453125 0.4665706390625 0.4425781 0.47685023906249996 0.45851147968749995 0.494325559375 0.47136097968749996 0.5079528078125 0.47582892968749996 0.5189050484375 0.4592079328125 0.520622596875 0.458349159375 0.5249164656249999 0.4592079328125 0.5296397234375 0.46650751250000005 0.5481033656250001 0.4682250609375 0.553685396875 0.4725189296875 0.570002103125 0.47208954375 0.5858894234375 0.46650751250000005 0.60048858125 0.46693689843749997
5 0.45105189062499995 0.6442184953125001 0.44599196093750004 0.6768780343749999 0.44913754375000003 0.687887575 0.44547648906250004 0.69314039375 0.44477818906250005 0.702451065625 0.6617461625 0.747309759375 0.5189050484375 0.4592079328125 0.5186186703125 0.479325934375 0.5079528078125 0.47582892968749996 0.3948792796875 0.6474280453125 0.4136307 0.653823878125 0.4408716390625 0.6368625390625 0.454068496875 0.6371318625 0.45105189062499995 0.6442184953125001
6 0.475039634375 0.790452415625 0.49166890468749996 0.8267904500000001 0.5101458703125 0.8255586515625 0.5206161515625001 0.8157042703125 0.576137425 0.7994936796875 0.51637096875 0.7725566859375 0.4901513390625 0.750936990625 0.4524318703125 0.6994177171875 0.44913754375000003 0.687887575 0.44547648906250004 0.69314039375 0.4417810953125 0.742412303125 0.44362879218750007 0.7534984828125 0.45101957812500004 0.758425675 0.46333755625000006 0.758425675 0.46703295 0.7627369671875 0.475039634375 0.790452415625
6 0.76365565 0.6343978375 0.7644453265625 0.643873959375 0.8322751359374999 0.557332478125 0.857651425 0.52020790625 0.8651703265625 0.4990609984375 0.8661101890625 0.48261340312499995 0.861410875 0.4562972515625 0.853891975 0.4375 0.8153576093750001 0.4375 0.7885715265625 0.4661658078125 0.76836448125 0.4938917546875 0.7584669359375 0.5092413375 0.766231971875 0.508587440625 0.7709552296875 0.5042935703125 0.7752490984375 0.5051523437500001 0.7752490984375 0.536497596875 0.76880829375 0.585877103125 0.7700964546875 0.597470553125 0.766231971875 0.6073464546875 0.76365565 0.6343978375
1 0.766231971875 0.508587440625 0.7254402046874999 0.5120225359374999 0.72372265625 0.5068698921875 0.7284459140624999 0.4978527640625 0.729734075 0.486259315625 0.7254402046874999 0.48325360625 0.7026826921875 0.48153605781250003 0.6962418875 0.47853034843750003 0.687224759375 0.479818509375 0.6309750609375 0.4738070921875 0.60048858125 0.46693689843749997 0.5858894234375 0.46650751250000005 0.570002103125 0.47208954375 0.553685396875 0.4725189296875 0.5481033656250001 0.4682250609375 0.5296397234375 0.46650751250000005 0.5249164656249999 0.4592079328125 0.520622596875 0.458349159375 0.5189050484375 0.4592079328125 0.5186186703125 0.479325934375 0.5256783390625 0.4816405796875 0.5344159984375 0.49346211875 0.5359579390625 0.5047696796875 0.532874059375 0.52944071875 0.5294795703124999 0.542566078125 0.5299512187500001 0.5426553078125 0.531960196875 0.5553788421875 0.5697302171875 0.5641796234374999 0.6175695421875 0.6032790718750001 0.6589689578125 0.6538783593749999 0.6667734359375 0.685096271875 0.676805009375 0.67757259375 0.713078940625 0.6692393921875001 0.7444509906250001 0.674141275 0.7527841921875 0.6824744765624999 0.7561803734375 0.6937950828125 0.7567854578125 0.6885006015624999 0.7653731984375 0.6550084140625 0.76365565 0.6343978375 0.766231971875 0.6073464546875 0.7700964546875 0.597470553125 0.76880829375 0.585877103125 0.7752490984375 0.536497596875 0.7752490984375 0.5051523437500001 0.7709552296875 0.5042935703125 0.766231971875 0.508587440625
5 0.531960196875 0.5553788421875 0.5299512187500001 0.5426553078125 0.5294795703124999 0.542566078125 0.5264952468749999 0.5541054562500001 0.531960196875 0.5553788421875
0 0.5816900484375 0.8019962703125 0.60238975625 0.8056762187500001 0.6465491328125 0.76841674375 0.6621471 0.7467528999999999 0.661609171875 0.695219371875 0.665040490625 0.6863959828125 0.6667734359375 0.685096271875 0.6589689578125 0.6538783593749999 0.6175695421875 0.6032790718750001 0.5697302171875 0.5641796234374999 0.5264952468749999 0.5541054562500001 0.5097449593750001 0.6188732390625 0.5035771984374999 0.62966681875 0.4912416796875 0.6378904984375 0.454068496875 0.6371318625 0.45105189062499995 0.6442184953125001 0.44599196093750004 0.6768780343749999 0.4524318703125 0.6994177171875 0.4901513390625 0.750936990625 0.51637096875 0.7725566859375 0.5816900484375 0.8019962703125
3 0.704802253125 0.7674006125 0.7199290578124999 0.7387118453125 0.7407936171875 0.72045535625 0.757570109375 0.7151428 0.7571958859375 0.697180125 0.7527841921875 0.6824744765624999 0.7444509906250001 0.674141275 0.713078940625 0.6692393921875001 0.676805009375 0.67757259375 0.665040490625 0.6863959828125 0.661609171875 0.695219371875 0.6640601140625 0.9300195578125001 0.6645503015625 0.9324704984375 0.76209776875 0.9324704984375 0.7609683953124999 0.8782605421874999 0.7585284921875 0.8790260015625 0.7355774765625 0.874331475 0.7167993734375 0.8602478984375 0.7011509546875 0.83155913125 0.6974996578125 0.8013055203125001 0.704802253125 0.7674006125
6 0.8279031484375 0.7590547890625 0.8174708703125001 0.736103775 0.7986927671874999 0.719412128125 0.7720904546875 0.710544690625 0.7407936171875 0.72045535625 0.7199290578124999 0.7387118453125 0.704802253125 0.7674006125 0.6974996578125 0.8013055203125001 0.7011509546875 0.83155913125 0.7167993734375 0.8602478984375 0.7355774765625 0.874331475 0.7585284921875 0.8790260015625 0.785130803125 0.870680178125 0.8054737484375 0.8519020749999999 0.822687009375 0.819562009375 0.8305112187500001 0.7903516265625 0.8279031484375 0.7590547890625
6 0.4394170421875 0.8354878031249999 0.44227121406250003 0.816079440625 0.4399878765625 0.776691884375 0.427429525 0.7401584984375 0.4068794953125 0.70876261875 0.37491278281249996 0.6882125890624999 0.3583585921875 0.68421675 0.33952106406250004 0.684787584375 0.3184002015625 0.6927792625 0.305271015625 0.703054278125 0.28357931718749996 0.7321668203125 0.27273346875 0.77612105 0.27273346875 0.807516928125 0.288716825 0.8560378328124999 0.3075543515625 0.88172536875 0.34237523593749997 0.9039879015625001 0.37719611875000003 0.9039879015625001 0.412017003125 0.8857212078125001 0.4314253640625 0.8571795 0.4394170421875 0.8354878031249999
6 0.5035771984374999 0.62966681875 0.5097449593750001 0.6188732390625 0.532874059375 0.52944071875 0.5359579390625 0.5047696796875 0.5344159984375 0.49346211875 0.5256783390625 0.4816405796875 0.494325559375 0.47136097968749996 0.47685023906249996 0.45851147968749995 0.4665706390625 0.4425781 0.45320715937499995 0.43898023906250005 0.39564140000000003 0.43229850000000003 0.380222 0.44155013906249996 0.373540259375 0.4502878 0.3524670796875 0.5289267390625 0.3365337 0.6024258796875 0.3370476796875 0.61424741875 0.3473272796875 0.631208759375 0.4136307 0.653823878125 0.4408716390625 0.6368625390625 0.4912416796875 0.6378904984375 0.5035771984374999 0.62966681875