6 0.2406615125 0.8549746828125 0.2643898015625 0.861753646875 0.277390796875 0.8621973359374999 0.277686490625 0.861493903125 0.26439555625 0.8404321734375 0.2640945734375 0.8392455328124999 0.2606530453125 0.8386791578125001 0.261295303125 0.8282092421874999 0.2518357828125 0.7909145203125 0.2540258484375 0.759595121875 0.26496580937499997 0.7256454078125001 0.234549559375 0.8159166640625 0.22734299062500002 0.819136165625 0.2216846796875 0.8401502437499999 0.22722000312500001 0.8475187500000001 0.2406615125 0.8549746828125
5 0.30539496875 0.6796419 0.291581015625 0.688976040625 0.289358603125 0.6915607703125 0.2640945734375 0.8392455328124999 0.41959346875000003 0.767196025 0.41480750625 0.7492976015624999 0.42899550625 0.7511989890625 0.43311202812499994 0.7543794609375001 0.44539999999999996 0.7552387203125 0.32803068125 0.6731828953125001 0.327021853125 0.67314300625 0.30539496875 0.6796419
5 0.48741133124999997 0.8254733468750001 0.46889345000000004 0.8254132578125001 0.4548395 0.788003740625 0.44878565156250005 0.7597972875 0.44539999999999996 0.7552387203125 0.41959346875000003 0.767196025 0.4208330125 0.7718316421875 0.42036325156250004 0.8112825296875 0.4161621734375 0.83044451875 0.4066768265625 0.851525903125 0.3988807234375 0.8614274015625 0.47216488593749995 0.8734878374999999 0.4885247625 0.8721295390625 0.494116009375 0.8199926062499999 0.48741133124999997 0.8254733468750001
3 0.34019187500000003 0.6328494046875 0.335682721875 0.617482315625 0.3275802015625 0.6182571218749999 0.32206360625 0.6289919078125 0.3233239578125 0.64125968125 0.3339481953125 0.6483571953125 0.346068571875 0.6492047359375 0.34987901093749996 0.655296234375 0.3547457421875 0.655419865625 0.354445609375 0.6510590671875 0.3525076484375 0.6497039203125 0.34019187500000003 0.6328494046875
6 0.294123928125 0.45344914999999997 0.28222731093750003 0.45839272343750004 0.27645652656249997 0.465208521875 0.268210675 0.4867711984375 0.2642854140625 0.51537404375 0.26465053437499997 0.5308008156249999 0.268703196875 0.5416725578125 0.27726732656249997 0.5499720406249999 0.316752153125 0.5601375546875 0.31390798750000004 0.5155597359375 0.317671140625 0.490333540625 0.32351419843749996 0.4782473515625 0.3360815109375 0.464076809375 0.322147353125 0.4587777609375 0.294123928125 0.45344914999999997
5 0.3295630765625 0.5992667046875 0.329787028125 0.5907735421875 0.3400130875 0.55564730625 0.350808634375 0.5185648984375 0.376591975 0.4436902421875 0.37440120781249997 0.44382160312499996 0.3397913390625 0.4598937125 0.32351419843749996 0.4782473515625 0.317671140625 0.490333540625 0.31390798750000004 0.5155597359375 0.3182001015625 0.5828318640625 0.3295630765625 0.5992667046875
5 0.6571993234375 0.45426229375 0.6591373703125 0.426546934375 0.611962290625 0.42324813125 0.5594099421875 0.4290544625 0.5370554125 0.43519471718749997 0.4600701734375 0.43672635 0.47065762031249997 0.4403860625 0.4798007234375 0.4569976984375 0.49633713906250004 0.47103491406250003 0.5096195234375 0.47644256875 0.5217045078125 0.46062605 0.5234777765625 0.45988917812499996 0.5277012812499999 0.46104538437500003 0.531903840625 0.4686566609375 0.5502026953125 0.471657984375 0.5554716046875 0.4763307765625 0.5717785171875 0.47704063281250003 0.58801651875 0.4725804421875 0.6025501609374999 0.4740271671875 0.6324831375 0.4830072546875 0.6600678015625 0.4879208609375 0.66063854375 0.47287251562500004 0.6571993234375 0.45426229375
5 0.430790434375 0.6981058265625 0.6441007 0.7579901671875 0.5217045078125 0.46062605 0.520015465625 0.48067506875 0.5096195234375 0.47644256875 0.38485128749999997 0.6397360671875 0.40311087968750003 0.647424353125 0.43146862500000005 0.6324045625 0.44461454843750003 0.633593796875 0.4411109515625 0.6404527390625 0.433785134375 0.6726797578125 0.4361550671875 0.6838819046875 0.43213651249999996 0.6888665453125 0.430790434375 0.6981058265625
6 0.555060334375 0.80407520625 0.497318496875 0.7730347328125 0.47267085 0.7496387125 0.43863706718750006 0.6956137609375 0.4361550671875 0.6838819046875 0.43213651249999996 0.6888665453125 0.4250130859375 0.7377606531249999 0.42608294999999996 0.7489487171875 0.43311202812499994 0.7543794609375001 0.44539999999999996 0.7552387203125 0.44878565156250005 0.7597972875 0.4548395 0.788003740625 0.46889345000000004 0.8254132578125001 0.48741133124999997 0.8254733468750001 0.49854351562500004 0.816373340625 0.555060334375 0.80407520625
6 0.8643462921875 0.5245362796874999 0.866431190625 0.5081943124999999 0.8635790453125001 0.4816144578125 0.8573896921875 0.46233850312499997 0.81894919375 0.45965048125 0.7902287343750001 0.48637795781250004 0.7681368484375 0.51262679375 0.7571926796875 0.5272485687499999 0.7649844140625001 0.527137925 0.7699956921875 0.5231839921875 0.7742191968750001 0.5243401999999999 0.7720326625 0.555609096875 0.76216300625 0.6044190296874999 0.7626393109375 0.6160740953125 0.758095334375 0.6256563671875 0.7536382781250001 0.6524621390625 0.7537650109375 0.6619702625 0.82746641875 0.5803711609375 0.8553705718750001 0.5451071828125 0.8643462921875 0.5245362796874999
1 0.7301329562500001 0.5023182265624999 0.7260592124999999 0.49902031406249997 0.7034769468750001 0.495719465625 0.6972615 0.4922717890625 0.688176478125 0.49292780937499997 0.6324831375 0.4830072546875 0.6025501609374999 0.4740271671875 0.58801651875 0.4725804421875 0.5717785171875 0.47704063281250003 0.5554716046875 0.4763307765625 0.5502026953125 0.471657984375 0.531903840625 0.4686566609375 0.5277012812499999 0.46104538437500003 0.5234777765625 0.45988917812499996 0.5217045078125 0.46062605 0.520015465625 0.48067506875 0.5268964765625 0.4834765328125 0.534788221875 0.4958787828125 0.53553763125 0.507266359375 0.5307402984375 0.53166218125 0.5264385 0.5445187796875001 0.526902775 0.54464069375 0.5280193109375 0.5574733734375 0.5650834140625001 0.5688874187499999 0.6100787640625 0.6112287265624999 0.64784770625 0.6645926328125 0.6534555203125 0.6962789140625001 0.6639874828125001 0.6894733296875 0.7007543484375 0.68369076875 0.7317080390624999 0.6907691140625001 0.739439646875 0.6996633125 0.74203786875 0.711193246875 0.7430108046874999 0.705953871875 0.753913921875 0.6731423203125 0.7536382781250001 0.6524621390625 0.758095334375 0.6256563671875 0.7626393109375 0.6160740953125 0.76216300625 0.6044190296874999 0.7720326625 0.555609096875 0.7742191968750001 0.5243401999999999 0.7699956921875 0.5231839921875 0.7649844140625001 0.527137925 0.72405239375 0.5277191640625001 0.722698459375 0.5224592609375 0.728039215625 0.5137935765625 0.7301329562500001 0.5023182265624999
5 0.5280193109375 0.5574733734375 0.526902775 0.54464069375 0.5264385 0.5445187796875001 0.5226565 0.5558218734375 0.5280193109375 0.5574733734375
0 0.647597684375 0.7060171125 0.651636134375 0.6974545734375 0.6534555203125 0.6962789140625001 0.64784770625 0.6645926328125 0.6100787640625 0.6112287265624999 0.5650834140625001 0.5688874187499999 0.5226565 0.5558218734375 0.50142904375 0.61926344375 0.494523384375 0.6296004890625 0.481644259375 0.6369436546875 0.44461454843750003 0.633593796875 0.4411109515625 0.6404527390625 0.433785134375 0.6726797578125 0.43863706718750006 0.6956137609375 0.47267085 0.7496387125 0.497318496875 0.7730347328125 0.5604248609375 0.8069590328125 0.5808174453125 0.8120739546875001 0.627468340625 0.7779856453125 0.64453950625 0.7574626328125 0.647597684375 0.7060171125
3 0.7428147796875 0.7146408828124999 0.739439646875 0.6996633125 0.7317080390624999 0.6907691140625001 0.7007543484375 0.68369076875 0.6639874828125001 0.6894733296875 0.651636134375 0.6974545734375 0.647597684375 0.7060171125 0.6336638234375 0.9404163062500001 0.6339818484374999 0.9428954703124999 0.7312916953124999 0.9497000375000001 0.7339465671875 0.895543353125 0.7314592125 0.8961367499999999 0.708891578125 0.8898526765625 0.6911416375 0.8744935125 0.677532565625 0.8447830515625 0.6760005484375 0.814348434375 0.685650440625 0.7810355203125 0.702741625 0.75347183125 0.7248288671875 0.7367152515625001 0.741935078125 0.73258590625 0.7428147796875 0.7146408828124999
6 0.7248288671875 0.7367152515625001 0.702741625 0.75347183125 0.685650440625 0.7810355203125 0.6760005484375 0.814348434375 0.677532565625 0.8447830515625 0.6911416375 0.8744935125 0.708891578125 0.8898526765625 0.7314592125 0.8961367499999999 0.758578896875 0.8896669390625 0.78018218125 0.87235363125 0.7996094406250001 0.8412930796874999 0.8094522046874999 0.8126996421875001 0.80903364375 0.7812971125 0.8002277609374999 0.7576742859375 0.78265975 0.7397134046875 0.7567408015625 0.729011884375 0.7248288671875 0.7367152515625001
6 0.3925437875 0.701758325 0.3620884421875 0.67902846875 0.3458533125 0.6738876015625 0.327021853125 0.67314300625 0.30539496875 0.6796419 0.291581015625 0.688976040625 0.26791136875 0.7165045296875 0.2540258484375 0.759595121875 0.2518357828125 0.7909145203125 0.26439555625 0.8404321734375 0.2813953234375 0.867371175 0.31457843125 0.892008459375 0.349314490625 0.8944374421875001 0.3853247734375 0.8786442265625001 0.4066768265625 0.851525903125 0.4161621734375 0.83044451875 0.42036325156250004 0.8112825296875 0.4208330125 0.7718316421875 0.41085369375 0.7345112234375 0.3925437875 0.701758325
6 0.534788221875 0.4958787828125 0.5268964765625 0.4834765328125 0.49633713906250004 0.47103491406250003 0.4798007234375 0.4569976984375 0.47065762031249997 0.4403860625 0.45757766718750004 0.4358647765625 0.4006182296875 0.4251837296875 0.38459102968750003 0.4333372296875 0.37731605625000003 0.44158751093750004 0.350808634375 0.5185648984375 0.329787028125 0.5907735421875 0.3294751265625 0.6026021390625 0.338546521875 0.62023923125 0.40311087968750003 0.647424353125 0.43146862500000005 0.6324045625 0.481644259375 0.6369436546875 0.494523384375 0.6296004890625 0.50142904375 0.61926344375 0.5307402984375 0.53166218125 0.53553763125 0.507266359375 0.534788221875 0.4958787828125