5 0.3870913171875 0.586686234375 0.446765846875 0.5793591234375 0.449901746875 0.579184571875 0.44779247812499995 0.5620059515625 0.39962181406249997 0.5492189984375 0.390851 0.5634424640625 0.38278537031250004 0.5874645093749999 0.3870913171875 0.586686234375
6 0.8269997609375 0.6505383109375 0.834920059375 0.648271296875 0.8420560531250001 0.642756028125 0.84256033125 0.6411952015625 0.8401504046875001 0.641002353125 0.8163322765625001 0.6337839328125 0.8058737328125 0.6283976515624999 0.8064566359375 0.6331450171874999 0.8021398421875 0.6426483015625 0.8029966765625 0.6504323390625 0.8072961390625 0.6482110234375 0.8121960828124999 0.6424312875 0.8191542578125001 0.6428714546875 0.8269997609375 0.6505383109375
1 0.7937896859375 0.5699598124999999 0.7904914640625 0.559225840625 0.7906997890625 0.5655129343749999 0.7935489312499999 0.573343175 0.7937896859375 0.5699598124999999
7 0.526836671875 0.7539916703125 0.526918790625 0.7625845890625 0.5292300640625001 0.764843234375 0.6160585234375 0.7638432890625 0.64054475 0.7733193375 0.6386982765625 0.7673264640624999 0.6391464578125 0.75837350625 0.634222415625 0.7586519046875 0.5846243296875 0.7544408265625 0.5841148140625 0.7544368671874999 0.5804236125 0.7580888796874999 0.569246690625 0.75839320625 0.565721975 0.75429390625 0.526836671875 0.7539916703125
7 0.6889127984375001 0.7981192828125 0.6987380921875 0.799455321875 0.7012574953125 0.7790431843750001 0.693227796875 0.7794519734375001 0.685583484375 0.783384809375 0.6773406671875 0.7916272625 0.6889127984375001 0.7981192828125
1 0.44294354687500004 0.511350590625 0.44316475000000005 0.5120058421875 0.4431168671875 0.5112738718750001 0.44294354687500004 0.511350590625
3 0.685583484375 0.783384809375 0.693227796875 0.7794519734375001 0.711081590625 0.7785430453125 0.7252095109375001 0.771675384375 0.73168428125 0.7629579953125 0.6799562671875 0.7560661875 0.6391464578125 0.75837350625 0.6386982765625 0.7673264640624999 0.642253990625 0.778866809375 0.6506520078125 0.7915235828125 0.6572241609375 0.7962773421875 0.6651197078125 0.7978743749999999 0.6733923765625 0.795575378125 0.685583484375 0.783384809375
0 0.924133921875 0.358470271875 0.914038303125 0.338642053125 0.9037766875000001 0.34085964999999996 0.9002186218749999 0.32358041718749997 0.8953941249999999 0.3193846546875 0.8590981265625001 0.3123497125 0.843391034375 0.324812203125 0.835281340625 0.313358790625 0.8299516984374999 0.324547090625 0.816288615625 0.32929303593750003 0.8286619999999999 0.4167139140625 0.8449054734375 0.4910977359375 0.8475748140625001 0.48757397812500003 0.8670382015625 0.5096036749999999 0.877250259375 0.5030828406250001 0.8734103640624999 0.506906015625 0.892110740625 0.516918971875 0.8968292359375001 0.5171789984374999 0.90045268125 0.519135121875 0.92336900625 0.519924415625 0.9480462 0.5298224078125 0.9492547171875 0.5162672374999999 0.9591855453125 0.5035563546875 0.946433465625 0.48549075 0.9287488109375 0.4857468984375 0.930147196875 0.49323621875 0.9241888203125 0.49540425624999995 0.9181313281250001 0.488965815625 0.9149948046875 0.4946178828125 0.897558540625 0.48909776718750003 0.9001158859375 0.47872867656249996 0.9093594578124999 0.4838182875 0.9152766375000001 0.473515475 0.9116863390625 0.41697747500000004 0.954155665625 0.4313942609375 0.9716910437499999 0.445520853125 0.9771777203124999 0.4434107328125 0.9752085156250001 0.42737285468749997 0.9642274109375 0.408132175 0.9559774046875 0.3799375109375 0.9443920406249999 0.367474415625 0.924133921875 0.358470271875
6 0.8581178328125001 0.5179631921875 0.8515350937499999 0.5214567828125001 0.8604558796875 0.56230778125 0.799452828125 0.5810215640624999 0.79647335625 0.5786937453125 0.7937896859375 0.5699598124999999 0.7935489312499999 0.573343175 0.7949283046875 0.5771340796875 0.7972495609375 0.5982218515625 0.8048417671875001 0.6199929562500001 0.8058737328125 0.6283976515624999 0.8163322765625001 0.6337839328125 0.8401504046875001 0.641002353125 0.8439333843749999 0.6413050765625 0.8601429812499999 0.6287770015625 0.8782807328125 0.6183513125 0.8847244875 0.6110874984375 0.8909443890625001 0.6090292640625 0.9038539546875001 0.6087386953125 0.915490196875 0.61878834375 0.9286334671875001 0.5966222671875 0.934312075 0.581813134375 0.93253634375 0.5745342265625 0.9232226890625 0.563329896875 0.9209135249999999 0.551706521875 0.914587653125 0.5396943421875 0.9114706390625 0.5250831828125 0.8968292359375001 0.5171789984374999 0.867081184375 0.5155396421875 0.8581178328125001 0.5179631921875
5 0.513831125 0.42900596718750006 0.5235947999999999 0.42026872187500003 0.544612140625 0.411092003125 0.58658569375 0.404745196875 0.585295878125 0.39810978750000003 0.5863047124999999 0.3917007296875 0.6068324546875 0.384576209375 0.5786827437500001 0.35338060625 0.514741134375 0.36123165 0.48118613750000006 0.4119371546875 0.456795496875 0.4562830953125 0.44071022187500003 0.4744845171875 0.44488834375 0.5383536734375001 0.449901746875 0.579184571875 0.458397053125 0.5787117046875 0.4606015734375 0.5684972703125 0.5032377703125 0.5680361609375 0.5057748015625 0.5590905421875 0.4957761234375 0.516030028125 0.49662335625000004 0.49990686718750005 0.4926181359375 0.44810088124999997 0.494539965625 0.444566853125 0.5093441125 0.43850877187500004 0.513831125 0.42900596718750006
1 0.5057748015625 0.5590905421875 0.5032377703125 0.5680361609375 0.6212817546875 0.5667595171875 0.59748415625 0.460811953125 0.58658569375 0.404745196875 0.544612140625 0.411092003125 0.5235947999999999 0.42026872187500003 0.513831125 0.42900596718750006 0.5093441125 0.43850877187500004 0.494539965625 0.444566853125 0.4926181359375 0.44810088124999997 0.49662335625000004 0.49990686718750005 0.4957761234375 0.516030028125 0.5057748015625 0.5590905421875
1 0.7904914640625 0.559225840625 0.79647335625 0.5786937453125 0.799452828125 0.5810215640624999 0.8604558796875 0.56230778125 0.8286619999999999 0.4167139140625 0.8151088375000001 0.32095763125 0.8009017609375 0.3222531 0.747037240625 0.33694778593749997 0.744872334375 0.34125408125 0.748580715625 0.3641437296875 0.74719175 0.3674568671875 0.7439329171875 0.366510175 0.7399916421875 0.3490364265625 0.73442850625 0.3402917125 0.5863047124999999 0.3917007296875 0.585295878125 0.39810978750000003 0.59748415625 0.460811953125 0.6212817546875 0.5667595171875 0.6500088578125001 0.566448834375 0.654417896875 0.5628777781250001 0.6544496375 0.548331353125 0.6609328578125 0.51723838125 0.6646716625 0.51314368125 0.768214159375 0.512549034375 0.7757227453125 0.5243518078125 0.7906997890625 0.5655129343749999 0.7904914640625 0.559225840625
5 0.768214159375 0.512549034375 0.6646716625 0.51314368125 0.6609328578125 0.51723838125 0.6544496375 0.548331353125 0.654417896875 0.5628777781250001 0.6500088578125001 0.566448834375 0.4606015734375 0.5684972703125 0.458397053125 0.5787117046875 0.5054614625 0.57609199375 0.5119472359375 0.576773059375 0.5229523515625 0.5901959921875 0.52822093125 0.592996403125 0.5465887953124999 0.594188425 0.5589050734375001 0.5902138109374999 0.5637480625 0.5935589515624999 0.5711697609375 0.6098842390625 0.5746671937500001 0.6463902874999999 0.57313495 0.6539655203125 0.5685130421875 0.6604426953125 0.5497023921874999 0.6676770828125 0.5488426140625 0.67270738125 0.5433185593750001 0.675848015625 0.5339814031250001 0.676009528125 0.5235203937499999 0.6910832234375001 0.5083441343749999 0.69984125625 0.46888762812499996 0.7057545921874999 0.4704842796875 0.7230100640625 0.47252595781249995 0.74457316875 0.47787725 0.75361113125 0.565721975 0.75429390625 0.56301694375 0.751147915625 0.5602207203125 0.7370728796875 0.56780763125 0.7249270359375 0.5983577125 0.7040875203125 0.6542623125 0.63314165 0.6897595671875 0.60475251875 0.708255696875 0.5944712734375 0.712793875 0.590287021875 0.690903203125 0.598435128125 0.6648730281249999 0.595222309375 0.663644428125 0.5994515687499999 0.6472810234375 0.603791259375 0.6420549359375001 0.599189278125 0.6380676234375 0.5856957546875 0.6393165703125 0.5721419265625001 0.6617118078125 0.564731103125 0.669566565625 0.54803566875 0.73783993125 0.520425984375 0.75060835625 0.5200234781249999 0.7592376078124999 0.5428517421875 0.7593818828125001 0.5440267640625 0.7608557125 0.556030140625 0.764159625 0.5539642703125 0.7710632937499999 0.5536506203125 0.777819121875 0.560831315625 0.79412700625 0.589267740625 0.7972495609375 0.5982218515625 0.7949283046875 0.5771340796875 0.7757227453125 0.5243518078125 0.768214159375 0.512549034375
5 0.76639510625 0.7438497421875 0.77015428125 0.725264834375 0.7739581156249999 0.7105580140625001 0.7798648453125 0.705949184375 0.7875021078125 0.6873196140625 0.7892251078125 0.6767518609375001 0.7860035015625 0.6680857546875 0.786652453125 0.662827975 0.7936181625 0.6598151546875 0.7963404140625 0.6538712984374999 0.8029966765625 0.6504323390625 0.8021398421875 0.6426483015625 0.8018324359375001 0.6433250453125 0.69445499375 0.7125807765625 0.6272915734375 0.73097366875 0.5908993171875 0.747724390625 0.5869912687500001 0.75159095 0.5841148140625 0.7544368671874999 0.5846243296875 0.7544408265625 0.634222415625 0.7586519046875 0.6799562671875 0.7560661875 0.7698945953125 0.76804881875 0.8027799890624999 0.767907378125 0.7984341406250001 0.7412103671875 0.7771043765625001 0.7537540218750001 0.7702505921875 0.7541640515625 0.767178040625 0.7502262328125 0.76639510625 0.7438497421875
6 0.5433185593750001 0.675848015625 0.5488426140625 0.67270738125 0.5497023921874999 0.6676770828125 0.5685130421875 0.6604426953125 0.57313495 0.6539655203125 0.5746671937500001 0.6463902874999999 0.5711697609375 0.6098842390625 0.5637480625 0.5935589515624999 0.5589050734375001 0.5902138109374999 0.5465887953124999 0.594188425 0.52822093125 0.592996403125 0.5229523515625 0.5901959921875 0.5119472359375 0.576773059375 0.5054614625 0.57609199375 0.446765846875 0.5793591234375 0.3870913171875 0.586686234375 0.2936257828125 0.6035795625 0.289191184375 0.607571375 0.2845944546875 0.6302970703125 0.28694285937499997 0.6654667828124999 0.291325865625 0.6851200125 0.3023051859375 0.710365465625 0.3216943390625 0.715864346875 0.3313379453125 0.7141877890624999 0.3553999765625 0.717635490625 0.4174321328125 0.7134662109375001 0.5083441343749999 0.69984125625 0.5235203937499999 0.6910832234375001 0.5339814031250001 0.676009528125 0.5433185593750001 0.675848015625
6 0.6617118078125 0.564731103125 0.6393165703125 0.5721419265625001 0.6380676234375 0.5856957546875 0.6420549359375001 0.599189278125 0.6472810234375 0.603791259375 0.663644428125 0.5994515687499999 0.6648730281249999 0.595222309375 0.690903203125 0.598435128125 0.712793875 0.590287021875 0.7269642593750001 0.5772217671875 0.7608557125 0.556030140625 0.7592376078124999 0.5428517421875 0.75060835625 0.5200234781249999 0.73783993125 0.520425984375 0.669566565625 0.54803566875 0.6617118078125 0.564731103125
1 0.7860035015625 0.6680857546875 0.7892251078125 0.6767518609375001 0.7875021078125 0.6873196140625 0.7798648453125 0.705949184375 0.7739581156249999 0.7105580140625001 0.77015428125 0.725264834375 0.76639510625 0.7438497421875 0.767178040625 0.7502262328125 0.7702505921875 0.7541640515625 0.7771043765625001 0.7537540218750001 0.7984341406250001 0.7412103671875 0.80545849375 0.7843617140625 0.83463266875 0.828676978125 0.8402633515625 0.828848634375 0.8948267484375 0.753107790625 0.89575174375 0.7430695296875001 0.892470409375 0.7374313124999999 0.8923735531249999 0.7331281234375 0.9257939078125 0.657394271875 0.9178520953125 0.6208281984374999 0.9038539546875001 0.6087386953125 0.8909443890625001 0.6090292640625 0.8847244875 0.6110874984375 0.8782807328125 0.6183513125 0.8601429812499999 0.6287770015625 0.834920059375 0.648271296875 0.8269997609375 0.6505383109375 0.8191542578125001 0.6428714546875 0.8121960828124999 0.6424312875 0.8072961390625 0.6482110234375 0.7963404140625 0.6538712984374999 0.7936181625 0.6598151546875 0.786652453125 0.662827975 0.7860035015625 0.6680857546875
3 0.5908993171875 0.747724390625 0.6272915734375 0.73097366875 0.69445499375 0.7125807765625 0.8018324359375001 0.6433250453125 0.8064566359375 0.6331450171874999 0.8048417671875001 0.6199929562500001 0.79412700625 0.589267740625 0.777819121875 0.560831315625 0.7710632937499999 0.5536506203125 0.764159625 0.5539642703125 0.7269642593750001 0.5772217671875 0.708255696875 0.5944712734375 0.6897595671875 0.60475251875 0.6542623125 0.63314165 0.5983577125 0.7040875203125 0.56780763125 0.7249270359375 0.5602207203125 0.7370728796875 0.56301694375 0.751147915625 0.569246690625 0.75839320625 0.5804236125 0.7580888796874999 0.5908993171875 0.747724390625