5 0.440625 0.555181271875 0.39437173125 0.5366191046875 0.3839328890625 0.54966765625 0.372999828125 0.5725276921875 0.37736852656250003 0.57227998125 0.4374912015625 0.57227998125 0.440625 0.5724889015625 0.440625 0.555181271875
6 0.7824050953125 0.6862370453125 0.7869432203125 0.6845562593750001 0.7925110125 0.6794167578125 0.7993636796875 0.6807016328125 0.8062163484375 0.6892674671875 0.8143538906250001 0.6879825921875 0.8221088359375001 0.68337809375 0.822799571875 0.68189035625 0.8204311109375 0.68140525 0.7976702234374999 0.671337934375 0.7879460593750001 0.6647172265625 0.7879460593750001 0.6695002437500001 0.7825032828125 0.67840660625 0.7824050953125 0.6862370453125
1 0.783073865625 0.6052422984375 0.7811083703125 0.594186384375 0.7805489390625 0.600452003125 0.782422578125 0.6085711015624999 0.783073865625 0.6052422984375
7 0.55247978125 0.76279135 0.548371025 0.7659662968750001 0.5372403265625 0.76490623125 0.5342414625 0.7604079328125 0.4956828375 0.755369021875 0.49471713125 0.7639078984375 0.4967359171875 0.76643138125 0.5830390328124999 0.7760206171874999 0.606187903125 0.788410153125 0.605085540625 0.7822369218749999 0.606621471875 0.7734053171874999 0.6017002046875 0.77308155 0.552985015625 0.7628573750000001 0.55247978125 0.76279135
7 0.6657505421875001 0.8014903578125001 0.657730878125 0.800917525 0.649664253125 0.8038894390625 0.6404783734375 0.8110659078125 0.6511730703125 0.818919825 0.6607623046875 0.8214433078125 0.6657505421875001 0.8014903578125001
1 0.4421669265625 0.504257528125 0.4419855484375 0.504312553125 0.442125246875 0.504989878125 0.4421669265625 0.504257528125
3 0.6140012828125 0.807710471875 0.6199451109375 0.813229740625 0.6275871765625001 0.8157770953125001 0.636078359375 0.81450341875 0.649664253125 0.8038894390625 0.657730878125 0.800917525 0.6755623625 0.802191203125 0.6904219328125001 0.7970964921875 0.6979108234375 0.7892331578125 0.6474082828125 0.7760886609375001 0.606621471875 0.7734053171874999 0.605085540625 0.7822369218749999 0.6072083359375 0.794124578125 0.6140012828125 0.807710471875
0 0.9805174062500001 0.48582755625 0.9719630015625 0.4653920328125 0.9672105546875001 0.4364021046875 0.957230415625 0.42262000781250003 0.9382206265624999 0.4112141359375 0.9306167109375 0.39030336718749997 0.9201613265624999 0.3912538578125 0.9187355921875 0.373669803125 0.914458390625 0.36891735625 0.87929028125 0.3575114828125 0.862181471875 0.36796686562500003 0.8555280453125 0.355610503125 0.84887461875 0.3660658875 0.83473499375 0.3691113453125 0.8363622234375001 0.45738853749999997 0.8434195140625 0.5331974953125 0.8464983953124999 0.5300253140625 0.8631319609375 0.5542627953125 0.8740625890624999 0.549035103125 0.8697853875 0.5523618156250001 0.8871261031250001 0.5645791390625 0.8917777375 0.5654122671875 0.8951357828125 0.567795396875 0.9177851031250001 0.5713716046874999 0.9410720937500001 0.5842032125000001 0.9439235625 0.5708963609375 0.9553294359375 0.5594904875 0.9448740515624999 0.540005453125 0.9272899984375 0.538104475 0.9277652421875 0.545708390625 0.9215870609374999 0.547134125 0.91635936875 0.540005453125 0.9125574109375 0.5452331453125 0.8959238468749999 0.5376292296875 0.8997258046875001 0.527649090625 0.9082802093750001 0.533827271875 0.9154088796875 0.524322378125 0.9187355921875 0.46776825625 0.9591313937500001 0.487253290625 0.97481446875 0.5034116109375 0.9805174062500001 0.5019858765625 0.9805174062500001 0.48582755625
6 0.9066598562499999 0.5899239921875 0.905346728125 0.5750418734375 0.8917777375 0.5654122671875 0.8624512109375001 0.5601597546875 0.8532593140625 0.5614728828125 0.8462998796875001 0.5641381984375 0.8501756874999999 0.6057718703125 0.7873467078124999 0.6169117609375 0.784673134375 0.6142381875 0.783073865625 0.6052422984375 0.782422578125 0.6085711015624999 0.7833296734374999 0.612501853125 0.783063675 0.6337153296875 0.7879460593750001 0.6562494125 0.7879460593750001 0.6647172265625 0.7976702234374999 0.671337934375 0.8204311109375 0.68140525 0.824149 0.6821667453125 0.8417645609375001 0.67170750625 0.8610376890625 0.6635699640625 0.8683186484375 0.6571455890625 0.8747430234375001 0.6558607125 0.887591775 0.6571455890625 0.8979165390625001 0.66853843125 0.9136632062500001 0.6481393390625 0.9211042656249999 0.6341326390625001 0.920228846875 0.6266915796875 0.912350078125 0.6144357171875 0.911474659375 0.6026175640625 0.9066598562499999 0.5899239921875
5 0.49665987500000003 0.49949605156250004 0.4989980703125 0.44758810625 0.501336265625 0.44431463281249994 0.5167683578125 0.4401058796875 0.5223800265625 0.4312207359375 0.5331357265625 0.423738509375 0.5551147671875001 0.41719156249999995 0.5975489375 0.41600735312500003 0.5970773890625 0.4092642140625 0.5988597718750001 0.403025875 0.6201027625 0.3984561625 0.5959646640625 0.3640625 0.5315428640625 0.3640625 0.492058534375 0.410300728125 0.4624452875 0.45134365 0.4442617140625 0.46744909999999995 0.440625 0.53135136875 0.440625 0.5724889015625 0.44911461093750005 0.573054875 0.4525475265625 0.5631852421875 0.49492211406250003 0.5679236140625 0.49853043125 0.5593538609375 0.49385403906249997 0.51539578125 0.49665987500000003 0.49949605156250004
1 0.501336265625 0.44431463281249994 0.4989980703125 0.44758810625 0.49665987500000003 0.49949605156250004 0.49385403906249997 0.51539578125 0.49853043125 0.5593538609375 0.49492211406250003 0.5679236140625 0.6122418 0.5810424296875001 0.6015333453125 0.472984384375 0.5975489375 0.41600735312500003 0.5551147671875001 0.41719156249999995 0.5331357265625 0.423738509375 0.5223800265625 0.4312207359375 0.5167683578125 0.4401058796875 0.501336265625 0.44431463281249994
1 0.6618424125 0.5331141374999999 0.7646855890625 0.5451425796875 0.7706998109375001 0.55777244375 0.7805489390625 0.600452003125 0.7811083703125 0.594186384375 0.784673134375 0.6142381875 0.7873467078124999 0.6169117609375 0.8501756874999999 0.6057718703125 0.8363622234375001 0.45738853749999997 0.8345798406249999 0.36069429375 0.8203207828125001 0.3602486984375 0.765066928125 0.36826941875 0.7623933546874999 0.37227977968750003 0.763284546875 0.39545075 0.7615021640624999 0.3985699203125 0.7583829953125 0.3972331328125 0.7566006125 0.379409309375 0.75214465625 0.3700518015625 0.5988597718750001 0.403025875 0.5970773890625 0.4092642140625 0.6015333453125 0.472984384375 0.6122418 0.5810424296875001 0.6407926390625 0.584235015625 0.645604015625 0.5812279046875 0.6474082828125 0.566793775 0.6576324578125 0.5367226703125 0.6618424125 0.5331141374999999
5 0.7810556265625 0.6244474171875 0.783063675 0.6337153296875 0.7833296734374999 0.612501853125 0.7706998109375001 0.55777244375 0.7646855890625 0.5451425796875 0.6618424125 0.5331141374999999 0.6576324578125 0.5367226703125 0.6474082828125 0.566793775 0.645604015625 0.5812279046875 0.6407926390625 0.584235015625 0.4525475265625 0.5631852421875 0.44911461093750005 0.573054875 0.49614747187499997 0.5761904 0.5025019000000001 0.57765680625 0.5117891421875 0.5923208734375 0.516677165625 0.5957424890625 0.5347628484375 0.5991641046875 0.54747170625 0.59672009375 0.5518709265624999 0.6006305125 0.5572477515625 0.6177385906249999 0.556270146875 0.6543987578125 0.5538261359375001 0.6617307921875 0.5484493109375 0.66759641875 0.528897221875 0.672484440625 0.5274308140625 0.6773724640625 0.5215651875 0.679816475 0.5122779453125 0.6788388703125 0.5000578890625 0.6925253328125 0.483927415625 0.6993685640625 0.44404435781249996 0.700429284375 0.4435261953125 0.71775071875 0.44292477343750003 0.7394019140625 0.447134728125 0.7490246671875 0.5342414625 0.7604079328125 0.53193999375 0.7569557312499999 0.530879928125 0.742644834375 0.53989049375 0.7315141359374999 0.57275255625 0.714553071875 0.6368865796875001 0.6509490796875 0.6755790078125 0.6270975828124999 0.6951902390625 0.619147084375 0.700204521875 0.6155470859375 0.6774840156249999 0.62096665625 0.652039409375 0.6146055046875001 0.65030455 0.6186535109375 0.633534240625 0.62096665625 0.6289079484375 0.6157620781250001 0.6265948031249999 0.6018832015625 0.6294862359375 0.5885826109375001 0.6526176953125 0.58395631875 0.6624485671875 0.5683425843750001 0.7335778078125 0.549259128125 0.7463001109375 0.5504157015625 0.7520829765625 0.5741254484375 0.7520829765625 0.5753092953125 0.7520829765625 0.5874028140625 0.7556140296875 0.5857549890625 0.7625044625 0.586285021875 0.768334828125 0.5942355218750001 0.7810556265625 0.6244474171875
5 0.766813509375 0.7757823953125 0.7441140468749999 0.7856331062499999 0.7372613796875 0.7852048140625 0.7346916296875 0.780921896875 0.7346916296875 0.7744975203125 0.7406877140625 0.75650926875 0.74625550625 0.7423756421875 0.7526798828125 0.738521015625 0.7625305921875001 0.7209610546875 0.7655286343750001 0.710682053125 0.763387175 0.7016879281249999 0.7646720499999999 0.6965484265625 0.771953009375 0.69440696875 0.77537934375 0.6888391765625 0.7824050953125 0.6862370453125 0.7825032828125 0.67840660625 0.78211569375 0.6790408421875 0.6670984765625 0.734694334375 0.5981941515625 0.7447649671875001 0.5600317578125 0.7569557312499999 0.555681625 0.7603171984375 0.55247978125 0.76279135 0.552985015625 0.7628573750000001 0.6017002046875 0.77308155 0.6474082828125 0.7760886609375001 0.7352159078125 0.7989427 0.7678734171875 0.8028100359374999 0.766813509375 0.7757823953125
6 0.39203259375 0.701812575 0.483927415625 0.6993685640625 0.5000578890625 0.6925253328125 0.5122779453125 0.6788388703125 0.5215651875 0.679816475 0.5274308140625 0.6773724640625 0.528897221875 0.672484440625 0.5484493109375 0.66759641875 0.5538261359375001 0.6617307921875 0.556270146875 0.6543987578125 0.5572477515625 0.6177385906249999 0.5518709265624999 0.6006305125 0.54747170625 0.59672009375 0.5347628484375 0.5991641046875 0.516677165625 0.5957424890625 0.5117891421875 0.5923208734375 0.5025019000000001 0.57765680625 0.49614747187499997 0.5761904 0.4374912015625 0.57227998125 0.37736852656250003 0.57227998125 0.2825408921875 0.57765680625 0.27765286875 0.581078421875 0.2703208359375 0.6030745234375 0.26836562656249996 0.6382682843749999 0.2703208359375 0.6583091765625 0.278141671875 0.684704496875 0.29671615625 0.6925253328125 0.3064922015625 0.6920365312500001 0.32995470937500004 0.698390959375 0.39203259375 0.701812575
6 0.7520829765625 0.5741254484375 0.7463001109375 0.5504157015625 0.7335778078125 0.549259128125 0.6624485671875 0.5683425843750001 0.6526176953125 0.58395631875 0.6294862359375 0.5885826109375001 0.6265948031249999 0.6018832015625 0.6289079484375 0.6157620781250001 0.633534240625 0.62096665625 0.65030455 0.6186535109375 0.652039409375 0.6146055046875001 0.6774840156249999 0.62096665625 0.700204521875 0.6155470859375 0.7158615359375 0.604306153125 0.7520829765625 0.5874028140625 0.7520829765625 0.5741254484375
1 0.7869432203125 0.6845562593750001 0.77537934375 0.6888391765625 0.771953009375 0.69440696875 0.7646720499999999 0.6965484265625 0.763387175 0.7016879281249999 0.7655286343750001 0.710682053125 0.7625305921875001 0.7209610546875 0.7526798828125 0.738521015625 0.74625550625 0.7423756421875 0.7406877140625 0.75650926875 0.7346916296875 0.7744975203125 0.7346916296875 0.780921896875 0.7372613796875 0.7852048140625 0.7441140468749999 0.7856331062499999 0.766813509375 0.7757823953125 0.7685266765625001 0.8194681515625 0.7920827203125 0.8670085328124999 0.7976505125 0.8678651171875 0.8610376890625 0.7993384406249999 0.8631791468750001 0.78948773125 0.860609396875 0.7834916468750001 0.8610376890625 0.7792087296875 0.9034385687500001 0.708112303125 0.9000122359375 0.6708509234375 0.887591775 0.6571455890625 0.8747430234375001 0.6558607125 0.8683186484375 0.6571455890625 0.8610376890625 0.6635699640625 0.8417645609375001 0.67170750625 0.8143538906250001 0.6879825921875 0.8062163484375 0.6892674671875 0.7993636796875 0.6807016328125 0.7925110125 0.6794167578125 0.7869432203125 0.6845562593750001
3 0.530879928125 0.742644834375 0.53193999375 0.7569557312499999 0.5372403265625 0.76490623125 0.548371025 0.7659662968750001 0.5600317578125 0.7569557312499999 0.5981941515625 0.7447649671875001 0.6670984765625 0.734694334375 0.78211569375 0.6790408421875 0.7879460593750001 0.6695002437500001 0.7879460593750001 0.6562494125 0.7810556265625 0.6244474171875 0.768334828125 0.5942355218750001 0.7625044625 0.586285021875 0.7556140296875 0.5857549890625 0.7158615359375 0.604306153125 0.6951902390625 0.619147084375 0.6755790078125 0.6270975828124999 0.6368865796875001 0.6509490796875 0.57275255625 0.714553071875 0.53989049375 0.7315141359374999 0.530879928125 0.742644834375