1 0.5493438828125 0.7008215734375 0.5657707656250001 0.6702755765624999 0.5620338015625 0.6694944265625 0.5500877046875 0.6601593046875001 0.5385591515625 0.63147718125 0.52826008125 0.5837762078125001 0.5188308671875 0.593415940625 0.514301153125 0.5929398484374999 0.507566090625 0.5916594953125001 0.5013054109375 0.5749723296875 0.49552424375 0.5755096421875 0.48992331875 0.585225409375 0.4847967796875 0.5795343640625 0.4714454328125 0.5352298125 0.44801408125000003 0.52254685625 0.44209540937499997 0.5929345078125 0.49545267187500003 0.591831490625 0.5019480890625 0.5920794203125 0.49954020000000005 0.6597526109375 0.5147044671875001 0.6688703078125 0.5346208203125 0.697637965625 0.5408531828124999 0.7145878859375 0.5493438828125 0.7008215734375
3 0.5021842421875 0.2888300046875 0.50155680625 0.278459609375 0.5304898375 0.2591742875 0.5496781984375 0.24000969843750003 0.56541146875 0.23193135156250003 0.5699411859375 0.23240744531250002 0.5695858265625 0.246681828125 0.5649081859375 0.253059821875 0.5568621609375 0.25335908906250004 0.5476582249999999 0.28101518593749997 0.5393452515625 0.2893009671875 0.54280546875 0.31084601875 0.5484081015625 0.3120073484375 0.55809155 0.30157573125 0.5601166531249999 0.2932015375 0.5579997171875 0.28610940625 0.5654489203125 0.2805951875 0.5677120671875 0.269956134375 0.57209215 0.2664092140625 0.5846031796875 0.262210828125 0.5735363890625 0.23170007187500002 0.562671234375 0.2189322828125 0.549053971875 0.21575717968750002 0.53504479375 0.22184153437499998 0.50309510625 0.24929189687500003 0.49701422500000003 0.25737213125 0.49653253125 0.273016353125 0.5021839265625 0.28883035156250003 0.5021842421875 0.2888300046875
3 0.597882928125 0.29882262656249997 0.5824404828125 0.31501182656250004 0.53893721875 0.347649959375 0.5272540859375 0.3589828546875 0.54221901875 0.400858434375 0.5659435984375001 0.39143066718749997 0.5781408671875 0.3932512875 0.59244194375 0.40067938437499995 0.6227413187499999 0.42374683125 0.6323986921875 0.39114475937500004 0.6249334 0.3725538203125 0.6152483015625 0.365582859375 0.594829596875 0.3587394390625 0.5907939859375 0.3524436203125 0.59097535 0.3395450296875 0.5984309171875 0.32447515937500004 0.6055356859375001 0.3199210140625 0.597882928125 0.29882262656249997
5 0.7626096671875 0.8157435046874999 0.746585840625 0.8098998265624999 0.7270939015625 0.7805172484375 0.6932848546875 0.7799348484374999 0.685803328125 0.8058881875000001 0.6773898968750001 0.8067865453125 0.6733058375 0.8004151421874999 0.671564075 0.791873625 0.6538452796875001 0.865839446875 0.6534905125 0.8751338437499999 0.6556930828125 0.8778537921874999 0.7147337640625 0.902100471875 0.7534025234375 0.9130079562500001 0.7651581796875 0.9136214140625001 0.7702414515625 0.9066903406250001 0.7916795359375 0.9039666765625001 0.8106489281249999 0.8537030124999999 0.820933665625 0.76768826875 0.7992017703125 0.7554503593749999 0.79051525625 0.707878953125 0.7748736953125 0.708723409375 0.7669041515624999 0.6898445203125 0.76026503125 0.6879024968749999 0.7034029453125 0.7198748968750001 0.6876679390625 0.7244070234375 0.681415971875 0.737549928125 0.6864421765625 0.7376206 0.6918252234375 0.7429401015625 0.696283465625 0.7683657140625 0.7272774421875 0.76746380625 0.7483065859375 0.7369922296875 0.76262724375 0.730772596875 0.787590453125 0.736367409375 0.788619453125 0.7887664890625 0.7824986875 0.8130802046875001 0.7626096671875 0.8157435046874999
6 0.3583842859375 0.6040908265625 0.3625231140625 0.560322475 0.3593788171875 0.5552210015625 0.341200925 0.534140496875 0.320777596875 0.52715051875 0.3160020828125 0.5772368953125 0.30032771875000003 0.6235970671875 0.3002251265625 0.6242051562500001 0.312183796875 0.6230019015625 0.358569225 0.6060806375000001 0.3583842859375 0.6040908265625
5 0.5585349421875 0.470756271875 0.568924834375 0.469790615625 0.57743983125 0.4689992125 0.6118468578125 0.46052515781250003 0.6227413187499999 0.42374683125 0.59244194375 0.40067938437499995 0.5781408671875 0.3932512875 0.5659435984375001 0.39143066718749997 0.5198503 0.4097474046875 0.513738871875 0.41664596875 0.5082077468749999 0.43159832187499997 0.5104396109375 0.4366718515625 0.539187990625 0.450002609375 0.5585349421875 0.470756271875
5 0.5519858640625 0.6332986953125 0.568452490625 0.6065348640625 0.5732559203125 0.602645125 0.5525855671875 0.5941524015625 0.5311396453125 0.580832353125 0.52826008125 0.5837762078125001 0.5385591515625 0.63147718125 0.5500877046875 0.6601593046875001 0.5620338015625 0.6694944265625 0.5657707656250001 0.6702755765624999 0.56738965 0.667265240625 0.5639810328125 0.6660221640625 0.5529150890625 0.6470499953125 0.5519858640625 0.6332986953125
6 0.5639810328125 0.6660221640625 0.56738965 0.667265240625 0.5993703171875 0.6077967859375 0.5786062140625 0.604843371875 0.5732559203125 0.602645125 0.568452490625 0.6065348640625 0.5519858640625 0.6332986953125 0.5529150890625 0.6470499953125 0.5639810328125 0.6660221640625
6 0.7904507875 0.5905632609375 0.7905347578125 0.5883633765625 0.78942683125 0.5913212375 0.7904507875 0.5905632609375
5 0.6118468578125 0.46052515781250003 0.57743983125 0.4689992125 0.5585349421875 0.470756271875 0.539187990625 0.450002609375 0.5104396109375 0.4366718515625 0.548530709375 0.5232614375 0.546390003125 0.5545222578125 0.543203571875 0.568499084375 0.5319393109375 0.580014834375 0.5311396453125 0.580832353125 0.5525855671875 0.5941524015625 0.5786062140625 0.604843371875 0.5993703171875 0.6077967859375 0.6099980703125001 0.5880343484375 0.621954040625 0.5689032828125 0.6115804734375 0.561436790625 0.59830799375 0.5450466421875 0.597078396875 0.5261734640625 0.60131111875 0.49609249375 0.6118468578125 0.46052515781250003
3 0.2847392484375 0.8618839140624999 0.29598409531250003 0.845711203125 0.3000253296875 0.8361570640625 0.29900598125 0.8169598734375001 0.2718035734375 0.7537935765625 0.256599921875 0.729200775 0.25000195937499997 0.7094172484375 0.2418253984375 0.704653075 0.23540914062499999 0.6913966203124999 0.22499675312499998 0.6872651796875 0.20968488125 0.6925976734375 0.1943511078125 0.7022665140625 0.172401353125 0.721218878125 0.1638884640625 0.7320384875 0.1608407875 0.740395459375 0.166490296875 0.760947028125 0.1631720015625 0.7718787453125 0.16396324375 0.776734421875 0.1939672109375 0.84626928125 0.278302384375 0.8612073718750001 0.2847392484375 0.8618839140624999
3 0.696283465625 0.7683657140625 0.6918252234375 0.7429401015625 0.6864421765625 0.7376206 0.681415971875 0.737549928125 0.670334115625 0.7608462359375 0.6686005078124999 0.7773404187499999 0.6733058375 0.8004151421874999 0.6773898968750001 0.8067865453125 0.685803328125 0.8058881875000001 0.6932848546875 0.7799348484374999 0.7270939015625 0.7805172484375 0.746585840625 0.8098998265624999 0.7626096671875 0.8157435046874999 0.7824986875 0.8130802046875001 0.788619453125 0.7887664890625 0.787590453125 0.736367409375 0.76262724375 0.730772596875 0.7483065859375 0.7369922296875 0.7272774421875 0.76746380625 0.696283465625 0.7683657140625
3 0.42238029062500004 0.3900437359375 0.391273365625 0.393829053125 0.3806459609375 0.40018184218749997 0.3769962609375 0.40726801874999996 0.3583842859375 0.6040908265625 0.358569225 0.6060806375000001 0.3917532765625 0.5939751953125 0.44209540937499997 0.5929345078125 0.45280261718750003 0.46559929999999994 0.445588440625 0.4460353203125 0.4395045859375 0.41677241406250004 0.43318610468749996 0.41152855937500005 0.43100794843749995 0.39412554375000003 0.431714896875 0.3925241078125 0.42238029062500004 0.3900437359375
6 0.6664421984375 0.5638925859375 0.7202722640625 0.6162298359375 0.736762275 0.6238637171875 0.747607396875 0.6276812921875 0.7637207796875 0.6272327125 0.780529271875 0.615075284375 0.7909512515625 0.5872514546875001 0.8175176671875001 0.5014775625000001 0.8110463984375 0.49681979375 0.7997396484375 0.48418079062499997 0.7920298046875 0.47113014062499997 0.7880983234375 0.4593935578125 0.6929241640625 0.42541753125000004 0.67167704375 0.3985233953125 0.65060496875 0.38818373125 0.638174878125 0.382084525 0.6356259578125 0.380249909375 0.60131111875 0.49609249375 0.597078396875 0.5261734640625 0.59830799375 0.5450466421875 0.6115804734375 0.561436790625 0.621954040625 0.5689032828125 0.6372847078125 0.5443722734375 0.6664421984375 0.5638925859375
3 0.2508089171875 0.625943178125 0.2515078234375 0.6253199 0.26780318593749997 0.6274673765625 0.27245704375 0.626999115625 0.3002251265625 0.6242051562500001 0.30032771875000003 0.6235970671875 0.3160020828125 0.5772368953125 0.3277283703125 0.45424967812499994 0.32725780625 0.4415982203125 0.31929048125000004 0.43175939531249996 0.291830859375 0.42467260625 0.2646225640625 0.42661366093749997 0.2515665109375 0.436643221875 0.24220900156249997 0.5256739828125 0.24137130624999997 0.5621917421875 0.2508089171875 0.625943178125
3 0.820351265625 0.35666165625 0.8759721359375 0.376545390625 0.8813523640625001 0.3812210390625 0.8831870515625001 0.3861112 0.851566753125 0.4802573296875 0.8448122609375 0.4830704 0.8316381156249999 0.47992424375000003 0.7908303515624999 0.46036885937500005 0.7880983234375 0.4593935578125 0.7920298046875 0.47113014062499997 0.7997396484375 0.48418079062499997 0.8110463984375 0.49681979375 0.8238941734375 0.5060671250000001 0.832979675 0.5097859921875 0.85232110625 0.5098446140624999 0.8659886390624999 0.5037790015625 0.878031871875 0.494383878125 0.89062865 0.4759654125 0.8964843109375 0.4615766109375 0.9011671874999999 0.43956242031250004 0.8994983046874999 0.41411668749999997 0.8860512234375 0.384274228125 0.8720306671875001 0.36740150312500003 0.847281553125 0.3549290484375 0.8268095656250001 0.35435675 0.820351265625 0.35666165625
3 0.3193793671875 0.7097746234375 0.36813458125 0.6995534171875 0.379605934375 0.7155566328125 0.39531269999999996 0.7206888046875 0.4009138671875 0.6952530109375 0.3864278953125 0.69428096875 0.3142732171875 0.6693066046875 0.3032024734375 0.6685028671875 0.3028259 0.6691227671875 0.30048834062499996 0.6809343234375 0.3021454890625 0.6964540828125 0.31141926249999996 0.7072938125 0.3193793671875 0.7097746234375
5 0.5408531828124999 0.7145878859375 0.5470675625 0.7314888953125 0.551266675 0.7676738890625 0.54885340625 0.7855588124999999 0.544499853125 0.7995279328125 0.5551501875 0.8075429765625 0.6000847546875 0.8497167781250001 0.6135848390625 0.856242646875 0.6189899249999999 0.8534061093749999 0.6598895390624999 0.7828028546875 0.6904812359375 0.718492903125 0.701673984375 0.703781009375 0.726154425 0.6598239921875 0.73645895625 0.631967640625 0.6664421984375 0.5638925859375 0.6372847078125 0.5443722734375 0.6099980703125001 0.5880343484375 0.5493438828125 0.7008215734375 0.5408531828124999 0.7145878859375
3 0.75034164375 0.3316341296875 0.7232294875 0.32702302968749997 0.6965777546874999 0.33479080781250004 0.6078746484375 0.31842174375 0.5984309171875 0.32447515937500004 0.59097535 0.3395450296875 0.5907939859375 0.3524436203125 0.594829596875 0.3587394390625 0.6152483015625 0.365582859375 0.638174878125 0.382084525 0.67167704375 0.3985233953125 0.6929241640625 0.42541753125000004 0.7908303515624999 0.46036885937500005 0.8316381156249999 0.47992424375000003 0.8448122609375 0.4830704 0.851566753125 0.4802573296875 0.8831870515625001 0.3861112 0.8813523640625001 0.3812210390625 0.8759721359375 0.376545390625 0.75034164375 0.3316341296875
6 0.4983879640625 0.6921359640625 0.40930906875 0.6958163468749999 0.4009138671875 0.6952530109375 0.3918282875 0.7365120828125 0.3935824203125 0.7655047625 0.4097243640625 0.8098803328124999 0.427557015625 0.8330941125000001 0.461246346875 0.8526396234375 0.4933495203125 0.8517459031250001 0.52511675 0.83374528125 0.5424137765625 0.806221471875 0.54885340625 0.7855588124999999 0.551266675 0.7676738890625 0.5470675625 0.7314888953125 0.5346208203125 0.697637965625 0.5147044671875001 0.6688703078125 0.49954020000000005 0.6597526109375 0.4983879640625 0.6921359640625
3 0.3864278953125 0.69428096875 0.40930906875 0.6958163468749999 0.4983879640625 0.6921359640625 0.5019480890625 0.5920794203125 0.49545267187500003 0.591831490625 0.3917532765625 0.5939751953125 0.312183796875 0.6230019015625 0.26780318593749997 0.6274673765625 0.2515078234375 0.6253199 0.24671051562500002 0.6295980984375 0.24116551875 0.6285805328125 0.2370022609375 0.6350991953125 0.23551078125 0.6492896828125 0.240424325 0.664588128125 0.2526235734375 0.6684789109375 0.26077060625000004 0.6654223140625 0.3142732171875 0.6693066046875 0.3864278953125 0.69428096875
3 0.0733712765625 0.6086731828125 0.07184826718750001 0.6156348765625 0.0736204234375 0.621360290625 0.0809323171875 0.6233157625 0.11938260625 0.6075743625000001 0.1358185 0.60930184375 0.1949246984375 0.5814879296875 0.198981371875 0.5767708046875 0.199289259375 0.57007705 0.1924873625 0.53691853125 0.1879970453125 0.5344683109374999 0.1243605828125 0.5677408828125 0.11151131562500001 0.58459044375 0.0733712765625 0.6086731828125
1 0.5998111781250001 0.29680113124999996 0.61506835625 0.2932525015625 0.6257617921875 0.26231814062500003 0.6248367984375001 0.25477881875 0.6201574484375 0.2502797125 0.57209215 0.2664092140625 0.5677120671875 0.269956134375 0.5654489203125 0.2805951875 0.5579997171875 0.28610940625 0.5601166531249999 0.2932015375 0.55809155 0.30157573125 0.5484081015625 0.3120073484375 0.54280546875 0.31084601875 0.5393452515625 0.2893009671875 0.5476582249999999 0.28101518593749997 0.5568621609375 0.25335908906250004 0.5649081859375 0.253059821875 0.5695858265625 0.246681828125 0.5699411859375 0.23240744531250002 0.56541146875 0.23193135156250003 0.5496781984375 0.24000969843750003 0.5304898375 0.2591742875 0.50155680625 0.278459609375 0.5021842421875 0.2888300046875 0.46982673437500005 0.32435701093749997 0.4666096921875 0.33317839843749997 0.44453245625 0.3634887421875 0.43100794843749995 0.39412554375000003 0.43318610468749996 0.41152855937500005 0.4395045859375 0.41677241406250004 0.445588440625 0.4460353203125 0.461180628125 0.4883194515625 0.4703659203125 0.5316476 0.4847967796875 0.5795343640625 0.48992331875 0.585225409375 0.49552424375 0.5755096421875 0.5013054109375 0.5749723296875 0.507566090625 0.5916594953125001 0.514301153125 0.5929398484374999 0.5188308671875 0.593415940625 0.543203571875 0.568499084375 0.546390003125 0.5545222578125 0.548530709375 0.5232614375 0.49677895000000005 0.40561810937500004 0.49367751093749995 0.3915528703125 0.53893721875 0.347649959375 0.5824404828125 0.31501182656250004 0.5998111781250001 0.29680113124999996