5 0.6402716046875 0.6017439625 0.6407231765625 0.60163639375 0.6530842125 0.6079671203125 0.6572321546875 0.565821228125 0.6460838890625 0.5601727703125 0.6283333546875001 0.5578706734375001 0.632110403125 0.5753700312500001 0.6402716046875 0.6017439625
6 0.4918611828125 0.44230055312500005 0.4898937421875 0.429878625 0.489909071875 0.428461440625 0.47406567656250004 0.41747224843749997 0.4668017625 0.43035412968750003 0.4941241234375 0.48131979999999996 0.4986784328125 0.4834135921875 0.49841901718750004 0.4791384734375 0.5057573578125 0.472758140625 0.54083870625 0.46248931718749997 0.5369703968749999 0.46110380937500006 0.504086596875 0.45667908593749995 0.49599257812499997 0.4507984359375 0.4918611828125 0.44230055312500005
6 0.6088919328125 0.47600513125 0.4899857765625 0.42137031093750005 0.489909071875 0.428461440625 0.5369703968749999 0.46110380937500006 0.6088919328125 0.47600513125
6 0.45283472343750003 0.380959390625 0.45023856249999994 0.371578746875 0.44918050000000004 0.371557734375 0.4383349265625 0.38174800000000003 0.4326350671875 0.3961070875 0.42863834843750004 0.44009935625 0.430880521875 0.4731358375 0.43637869531250006 0.483727071875 0.43215458125 0.45468231875000004 0.45947204375000006 0.40734990625 0.47563667656249997 0.3904544296875 0.45283472343750003 0.380959390625
1 0.43421635625 0.8872696 0.498626159375 0.9845548734375 0.514046215625 0.9821125765625001 0.539744790625 0.9511849265625001 0.54083151875 0.9498770750000001 0.5361218109375 0.95062301875 0.5209730078125 0.9482735046874999 0.515764896875 0.9353794921875 0.480561365625 0.810933559375 0.47489600625 0.8164302343750001 0.45763530937499997 0.8228185625 0.42163155 0.8313633875 0.3965584375 0.8353345781250001 0.43421635625 0.8872696
3 0.6544956281250001 0.55369738125 0.6446149046875 0.53987833125 0.6285846328125 0.5174586062500001 0.6173710234375 0.51819010625 0.6223091203125 0.5299599234375 0.6283333546875001 0.5578706734375001 0.6460838890625 0.5601727703125 0.6572321546875 0.565821228125 0.657530678125 0.56278805 0.6544956281250001 0.55369738125
3 0.7247065828125 0.5754916046874999 0.72439861875 0.579926053125 0.781383934375 0.5824989171875 0.7936112265624999 0.5780761937500001 0.7983036078125 0.5668913234375 0.799341515625 0.54832970625 0.7985297250000001 0.5384785390625 0.7017291515624999 0.5625141953125 0.7083051499999999 0.563575265625 0.7247065828125 0.5754916046874999
5 0.33038522656249997 0.6281812953125 0.3221435328125 0.6632714640625 0.31569521875 0.6676236734375001 0.30606672343749997 0.6639144109374999 0.3102027328125 0.6900281500000001 0.311974390625 0.6850909109375001 0.3233326734375 0.6747647640625 0.344221178125 0.6682079046875 0.3751811890625 0.6637103765625 0.4097296390625 0.6639232203125001 0.41812139843749996 0.66317696875 0.4174335171875 0.63060524375 0.41314071874999997 0.627921859375 0.33729341874999996 0.6147152421875 0.33038522656249997 0.6281812953125
6 0.6008364421875 0.4853067359375 0.58839065625 0.49465036875 0.5504403234375 0.516225096875 0.5423859296875 0.517091209375 0.5486721046875 0.5128189484375001 0.5456853671874999 0.5120632656249999 0.5385250953125 0.5144022578125 0.5359496140625 0.5152435718749999 0.5109743578125 0.5272629453125 0.516132475 0.5415586 0.5171934328125001 0.5462231171874999 0.5355506375 0.5747474625 0.556416171875 0.63633296875 0.5564849171875 0.6370695234375 0.6208930015624999 0.606360134375 0.6402716046875 0.6017439625 0.632110403125 0.5753700312500001 0.6223091203125 0.5299599234375 0.612250146875 0.50598465 0.6048711171875001 0.47813388437500004 0.6016119796875 0.4798593828125 0.6008364421875 0.4853067359375
6 0.5209730078125 0.9482735046874999 0.52479516875 0.9524169828125 0.586048909375 0.94271534375 0.73796836875 0.8991306218749999 0.732085925 0.882407996875 0.69455133125 0.90994911875 0.6920936265625001 0.9117063968749999 0.60356930625 0.925727271875 0.5636216046875 0.9211102453125 0.50103033125 0.7558038859375 0.48439917499999996 0.807210021875 0.480561365625 0.810933559375 0.515764896875 0.9353794921875 0.5209730078125 0.9482735046874999
6 0.4918611828125 0.44230055312500005 0.49599257812499997 0.4507984359375 0.504086596875 0.45667908593749995 0.528078821875 0.457919121875 0.523323946875 0.45621607343750004 0.511836115625 0.44574820937500004 0.49013301406250004 0.4077582796875 0.4898937421875 0.429878625 0.4918611828125 0.44230055312500005
6 0.5638550625 0.46472130937499995 0.5584099078125 0.4639886296875 0.5768283890625 0.4604387390625 0.528078821875 0.457919121875 0.5369703968749999 0.46110380937500006 0.504086596875 0.45667908593749995 0.576166840625 0.4687929390625 0.5638550625 0.46472130937499995
6 0.5768283890625 0.4604387390625 0.5958481 0.4677344671875 0.616292575 0.4523771 0.61644168125 0.43389872812499997 0.6084094078125 0.44519733125 0.5768283890625 0.4604387390625
0 0.46984136562499995 0.6517893734375 0.4655616796875 0.6478896671875 0.4680399546875 0.5710521734375 0.47910253437500006 0.5541941390625 0.48803357968750005 0.5527796015625001 0.5170414421875 0.5596290640625 0.5282801312500001 0.56700411875 0.5343723734375 0.5765675515625001 0.5373429046875 0.595322746875 0.5295393359375 0.5951854484375 0.529212046875 0.5988993203125 0.5303658687499999 0.603294115625 0.5356315781250001 0.60474888125 0.5363388484375 0.6092144046875 0.5325082703125 0.6451389875 0.556877828125 0.6412792296875 0.556416171875 0.63633296875 0.5355506375 0.5747474625 0.5064062 0.5294613765625 0.5055039765625 0.5298955734375 0.472273871875 0.5269671328125 0.451279846875 0.515957009375 0.447886109375 0.5090303625 0.43027081562499997 0.5189761500000001 0.41567862968749997 0.5475101109375 0.41812139843749996 0.66317696875 0.438960009375 0.6613238609375001 0.463480009375 0.6623129453125001 0.47309634218749996 0.6717533718750001 0.48810948906249996 0.6742481921875 0.488320309375 0.674507896875 0.5088149 0.6593760375 0.49120930625000003 0.656644603125 0.482110459375 0.6512194046875 0.46984136562499995 0.6517893734375
5 0.48803357968750005 0.5527796015625001 0.47910253437500006 0.5541941390625 0.4680399546875 0.5710521734375 0.4655616796875 0.6478896671875 0.46984136562499995 0.6517893734375 0.482110459375 0.6512194046875 0.49120930625000003 0.656644603125 0.5088149 0.6593760375 0.5268929890625 0.6460283609374999 0.5325082703125 0.6451389875 0.5363388484375 0.6092144046875 0.5356315781250001 0.60474888125 0.5303658687499999 0.603294115625 0.529212046875 0.5988993203125 0.5295393359375 0.5951854484375 0.5373429046875 0.595322746875 0.5343723734375 0.5765675515625001 0.5282801312500001 0.56700411875 0.5170414421875 0.5596290640625 0.48803357968750005 0.5527796015625001
6 0.7145471046874999 0.7424348953125001 0.7198141687499999 0.7119414875000001 0.7162429109375 0.6973620031250001 0.7247065828125 0.5754916046874999 0.7083051499999999 0.563575265625 0.7017291515624999 0.5625141953125 0.7000246406249999 0.5629374281249999 0.6698285984375 0.568895090625 0.6578491546875 0.5637419640625 0.657530678125 0.56278805 0.6492502609375 0.6469226234375001 0.6850611093750001 0.7451455609375001 0.697407703125 0.7457805578125 0.7145471046874999 0.7424348953125001
5 0.5636216046875 0.9211102453125 0.60356930625 0.925727271875 0.6920936265625001 0.9117063968749999 0.69455133125 0.90994911875 0.7341785437499999 0.8808725328125 0.7346676015625 0.8753230125 0.729739775 0.85284724375 0.6903585484375 0.7596755109375 0.6468203796875 0.640257875 0.5962889390624999 0.635037121875 0.5268929890625 0.6460283609374999 0.488320309375 0.674507896875 0.4936588390625 0.681084321875 0.5018825984374999 0.6996785359375 0.5094322265625 0.70376151875 0.52083725 0.70398541875 0.524884546875 0.7090291703125 0.5281236078125 0.724352328125 0.5262758625 0.7408872109375 0.5224832078125 0.7451424109375 0.5116625203125 0.7460441265625 0.501845659375 0.753283746875 0.50103033125 0.7558038859375 0.5636216046875 0.9211102453125
6 0.5224832078125 0.7451424109375 0.5262758625 0.7408872109375 0.5281236078125 0.724352328125 0.524884546875 0.7090291703125 0.52083725 0.70398541875 0.5094322265625 0.70376151875 0.5018825984374999 0.6996785359375 0.4936588390625 0.681084321875 0.48810948906249996 0.6742481921875 0.47309634218749996 0.6717533718750001 0.463480009375 0.6623129453125001 0.438960009375 0.6613238609375001 0.4097296390625 0.6639232203125001 0.3751811890625 0.6637103765625 0.344221178125 0.6682079046875 0.3233326734375 0.6747647640625 0.311974390625 0.6850909109375001 0.302396171875 0.7117834078125 0.30161499062499997 0.7350523124999999 0.3099789703125 0.7852966671875 0.315908440625 0.8022239843750001 0.3259442609375 0.8168766953125 0.34615737968750004 0.8368204296874999 0.3828119 0.837511815625 0.42163155 0.8313633875 0.45763530937499997 0.8228185625 0.47489600625 0.8164302343750001 0.48439917499999996 0.807210021875 0.501845659375 0.753283746875 0.5116625203125 0.7460441265625 0.5224832078125 0.7451424109375
0 0.5768283890625 0.4604387390625 0.6084094078125 0.44519733125 0.61644168125 0.43389872812499997 0.6166545546875 0.40751784999999996 0.6292394781249999 0.3514205265625 0.6245691421874999 0.330003775 0.6283202640625001 0.30196789062499996 0.6268250375 0.297699346875 0.6205587171875 0.2995109921875 0.60427495 0.331170165625 0.6011939203125001 0.30913133125000003 0.583289628125 0.2943552140625 0.52434155 0.2971384140625 0.509008303125 0.293423284375 0.4908818859375 0.297932540625 0.48234107968749995 0.29314159375000004 0.45353709374999995 0.3104006328125 0.456448128125 0.328780184375 0.442301128125 0.342898628125 0.45283472343750003 0.380959390625 0.47563667656249997 0.3904544296875 0.45947204375000006 0.40734990625 0.43215458125 0.45468231875000004 0.4367544125 0.48631048281249994 0.451279846875 0.515957009375 0.472273871875 0.5269671328125 0.5055039765625 0.5298955734375 0.5359496140625 0.5152435718749999 0.5456853671874999 0.5120632656249999 0.5486721046875 0.5128189484375001 0.5423859296875 0.517091209375 0.5504403234375 0.516225096875 0.58839065625 0.49465036875 0.6008364421875 0.4853067359375 0.6016119796875 0.4798593828125 0.61613285 0.47217154531250005 0.616292575 0.4523771 0.55865355625 0.49567405625000005 0.5456382203125 0.5014216890625 0.536531584375 0.5008161453125 0.4941241234375 0.48131979999999996 0.4668017625 0.43035412968750003 0.47415631874999997 0.417311503125 0.48973526562499997 0.40706204687499997 0.511836115625 0.44574820937500004 0.523323946875 0.45621607343750004 0.541560796875 0.4627479484375 0.5529816265624999 0.46503485156249996 0.5768283890625 0.4604387390625
3 0.5512639 0.6559376343750001 0.5458062 0.6707323109375001 0.544330765625 0.6965976796875 0.548716490625 0.713733784375 0.559366828125 0.7282060390625 0.5702703890625 0.733722821875 0.5889831921875001 0.7357738984375 0.6039450015625001 0.73173255 0.61626996875 0.718079046875 0.619897746875 0.70580304375 0.61917186875 0.6836295906250001 0.6141294640625 0.669383546875 0.6047384640625 0.6558262515625 0.5896264234374999 0.6448467124999999 0.5758057921875 0.6420207921875 0.5609300796875 0.6466057140625 0.5512639 0.6559376343750001
1 0.6894674265625 0.31086261249999997 0.7031756546875 0.3276803421875 0.722595134375 0.361832140625 0.733872325 0.390068221875 0.7450804 0.4027036984375 0.7378767484375001 0.42546063749999996 0.727193771875 0.4363594671875 0.7225696187499999 0.43749215625 0.7157225296874999 0.43217188906250004 0.7119375921875 0.4259663296875 0.7048042953125 0.42389376562500003 0.7018197640625 0.41515965625 0.6825118453125001 0.3994038109375 0.6545122609375 0.389427846875 0.624752990625 0.396142734375 0.6237439984375001 0.39229958125 0.637331490625 0.351719103125 0.647067325 0.337367621875 0.6571548468749999 0.3277639921875 0.657763609375 0.32221000312500003 0.6338743890625 0.330760403125 0.6166545546875 0.40751784999999996 0.6160279421875 0.48517243125 0.6265709046875 0.5146422328125 0.6544956281250001 0.55369738125 0.6578491546875 0.5637419640625 0.6698285984375 0.568895090625 0.7000246406249999 0.5629374281249999 0.922190896875 0.5077733734375001 0.926879459375 0.47060327187500006 0.9265626390625 0.43892626874999996 0.90513674375 0.363001840625 0.900296921875 0.33615399375 0.8569662640625 0.2554733734375 0.8429380296875 0.25593260624999997 0.6894674265625 0.31086261249999997
7 0.7378767484375001 0.42546063749999996 0.7450804 0.4027036984375 0.733872325 0.390068221875 0.722595134375 0.361832140625 0.7031756546875 0.3276803421875 0.6748559265625 0.2929367234375 0.670560425 0.2936170640625 0.658137165625 0.3188018921875 0.6571548468749999 0.3277639921875 0.647067325 0.337367621875 0.637331490625 0.351719103125 0.6237439984375001 0.39229958125 0.624752990625 0.396142734375 0.6545122609375 0.389427846875 0.6825118453125001 0.3994038109375 0.7018197640625 0.41515965625 0.7048042953125 0.42389376562500003 0.7119375921875 0.4259663296875 0.7157225296874999 0.43217188906250004 0.7225696187499999 0.43749215625 0.727193771875 0.4363594671875 0.7378767484375001 0.42546063749999996