5 0.6486053984375 0.5891313203124999 0.649045878125 0.588984803125 0.661911634375 0.5942141046875 0.6623705375 0.5518670734375 0.6507723984375 0.5472117437499999 0.63288876875 0.54646546875 0.6381766140625 0.5635690453125 0.6486053984375 0.5891313203124999
6 0.48686331562499996 0.4432294609375 0.48382071875 0.4310262765625 0.48371247500000003 0.4296131484375 0.466971596875 0.420046615625 0.46085805312500006 0.43351257031249996 0.492518396875 0.4819030015625 0.4972378609375 0.48359189062499996 0.49660683125 0.47935565 0.5033611640625 0.4723600171875 0.53741403125 0.45907272812500005 0.5334396859375 0.4580296375 0.5002953796875 0.45648776562500004 0.491719628125 0.4513349328125 0.48686331562499996 0.4432294609375
6 0.606386275 0.46660588125 0.48317085468750004 0.42254231718749996 0.48371247500000003 0.4296131484375 0.5334396859375 0.4580296375 0.606386275 0.46660588125
6 0.44263912968749997 0.3855231 0.4392352703125 0.3764044234375 0.43817940312500003 0.37647570625000004 0.4282632390625 0.38757245 0.42383654687499994 0.40237367187500006 0.42368921718749997 0.44654687343750005 0.4288021765625 0.4792622234375 0.435202515625 0.48933395781250005 0.42846305781250005 0.4607678828125 0.451551278125 0.41123471250000004 0.46618186093749997 0.3929946875 0.44263912968749997 0.3855231
1 0.468219453125 0.89152934375 0.5408631265625 0.982830734375 0.5560116453124999 0.979053784375 0.5789169078125 0.9460040453125 0.5798855140625 0.9446064546875 0.575258740625 0.9457600390625001 0.559962809375 0.944739771875 0.5536507296875001 0.9323487406250001 0.5077349812499999 0.8114445531250001 0.502570246875 0.8174140796874999 0.4859320125 0.8252824671875001 0.4508099875 0.8369327109375 0.42617839843749994 0.8430740562500001 0.468219453125 0.89152934375
3 0.6585877609375 0.540027865625 0.6475402265625 0.5271225640625 0.6296169484374999 0.50618528125 0.6185097625 0.5078913296875001 0.624454878125 0.519185975 0.63288876875 0.54646546875 0.6507723984375 0.5472117437499999 0.6623705375 0.5518670734375 0.6624035640625 0.5488194187500001 0.6585877609375 0.540027865625
3 0.7304310328125 0.5556198671875 0.730510728125 0.5600642812500001 0.7875034390625 0.5576607578125 0.7992987359375 0.552189184375 0.8029984359375 0.540637909375 0.8024146421875 0.5220564640625 0.8007473546874999 0.5123135359375001 0.7064099828125 0.54469445625 0.713053434375 0.5451783531250001 0.7304310328125 0.5556198671875
5 0.3422023984375 0.6424764281249999 0.337050375 0.6781513796875 0.3310059203125 0.683049034375 0.3210907796875 0.6801930671875 0.3274870125 0.7058469578125 0.3288216203125 0.7007740953125 0.33923669843750004 0.689497303125 0.35947424843750003 0.681144840625 0.3899244609375 0.673966084375 0.42435999375 0.6711670234375 0.43265478125 0.669692221875 0.4291307046875 0.63730439375 0.42462036875000003 0.6350053640625 0.3479106578125 0.6284595296875 0.3422023984375 0.6424764281249999
6 0.5991721265625001 0.4765741734375 0.5875880515625 0.486966971875 0.5516624921875 0.5117671921875 0.5437142359375 0.5133319937499999 0.5496041375 0.5085281140625 0.546562903125 0.5080356187499999 0.5396337359375 0.5109897703125 0.5371413796875 0.51205235 0.5133087203125 0.5262027234375 0.51969315625 0.5399944203125 0.521156615625 0.54454871875 0.5419300265625 0.571364584375 0.5680836921875 0.6308971875 0.568216371875 0.6316249468749999 0.6297028640625 0.5954188828125 0.6486053984375 0.5891313203124999 0.6381766140625 0.5635690453125 0.624454878125 0.519185975 0.6123445984375 0.49617863125 0.60256629375 0.469076971875 0.5994699453125001 0.47107995625 0.5991721265625001 0.4765741734375
6 0.559962809375 0.944739771875 0.5641315546875 0.9485343593750001 0.624306653125 0.9335310218749999 0.771849353125 0.8768714984375 0.764531821875 0.8607251984375001 0.7295404249999999 0.8914328734374999 0.7272452296874999 0.8933976671874999 0.6402797703124999 0.9150805921874999 0.60008168125 0.9139628046875 0.5233211875 0.7547406765625 0.5112336578125001 0.807400696875 0.5077349812499999 0.8114445531250001 0.5536507296875001 0.9323487406250001 0.559962809375 0.944739771875
6 0.48686331562499996 0.4432294609375 0.491719628125 0.4513349328125 0.5002953796875 0.45648776562500004 0.5243043843749999 0.45563202187499996 0.519419171875 0.45434986874999994 0.5070627203125 0.44492306875 0.4821311640625 0.408969253125 0.48382071875 0.4310262765625 0.48686331562499996 0.4432294609375
6 0.5605373328125001 0.4592902203125 0.55504904375 0.45903490468749997 0.5730880421875 0.45389324531249997 0.5243043843749999 0.45563202187499996 0.5334396859375 0.4580296375 0.5002953796875 0.45648776562500004 0.573157128125 0.4622733140625 0.5605373328125001 0.4592902203125
6 0.5730880421875 0.45389324531249997 0.5926712421875 0.45950353593750004 0.6116994375 0.4424227546875 0.6102374796875 0.4240017015625 0.603220509375 0.43595737031250004 0.5730880421875 0.45389324531249997
0 0.48318544531249996 0.6538402671875 0.47858216093749995 0.6503284 0.4743541765625 0.5735673 0.48390538593750004 0.5558092484375 0.49267916093749997 0.5536217015625 0.5221736109374999 0.557916896875 0.5340123109375 0.564284371875 0.5409148781249999 0.5732804390624999 0.545508728125 0.591705365625 0.5377228890625 0.5922487171874999 0.5377205296875001 0.59597698125 0.5392529921875 0.600254490625 0.54462545625 0.6012447843750001 0.5457192296875 0.605631671875 0.5450342625 0.6417534078125 0.5689746859375 0.6357843890625 0.5680836921875 0.6308971875 0.5419300265625 0.571364584375 0.5089495515625 0.52879093125 0.508088603125 0.5293021078125 0.47472971875000003 0.5292810046875001 0.4528559875 0.520142528125 0.448871465625 0.5135380234375 0.43219003593750005 0.5249812390625 0.42014027656249997 0.5546784125 0.43265478125 0.669692221875 0.4532525859375 0.6660299609375 0.477765484375 0.6648782234375 0.4881680109375 0.6734446078125 0.5033414656249999 0.6746214515625 0.5035741203125 0.67486179375 0.52267189375 0.65800129375 0.5048952328125 0.6568146828125 0.4953581734375 0.6522031453125 0.48318544531249996 0.6538402671875
5 0.49267916093749997 0.5536217015625 0.48390538593750004 0.5558092484375 0.4743541765625 0.5735673 0.47858216093749995 0.6503284 0.48318544531249996 0.6538402671875 0.4953581734375 0.6522031453125 0.5048952328125 0.6568146828125 0.52267189375 0.65800129375 0.5395178640625 0.6431288000000001 0.5450342625 0.6417534078125 0.5457192296875 0.605631671875 0.54462545625 0.6012447843750001 0.5392529921875 0.600254490625 0.5377205296875001 0.59597698125 0.5377228890625 0.5922487171874999 0.545508728125 0.591705365625 0.5409148781249999 0.5732804390624999 0.5340123109375 0.564284371875 0.5221736109374999 0.557916896875 0.49267916093749997 0.5536217015625
6 0.73486028125 0.7228133453125001 0.7374496265625 0.6919769203125 0.7326212734374999 0.6777641703125 0.7304310328125 0.5556198671875 0.713053434375 0.5451783531250001 0.7064099828125 0.54469445625 0.70474884375 0.5452646359375 0.6751869515625 0.5538313859375 0.66280396875 0.5497419453125 0.6624035640625 0.5488194187500001 0.6614874703125 0.6333555203125 0.705722740625 0.7280835703124999 0.71807769375 0.7276400734374999 0.73486028125 0.7228133453125001
5 0.60008168125 0.9139628046875 0.6402797703124999 0.9150805921874999 0.7272452296874999 0.8933976671874999 0.7295404249999999 0.8914328734374999 0.7664826515625001 0.8590131921875 0.7664861765625 0.853442165625 0.759618209375 0.8314814140625 0.7122663890625 0.7420965265625 0.6584859625 0.6269279125 0.6076917921875 0.62613113125 0.5395178640625 0.6431288000000001 0.5035741203125 0.67486179375 0.50946550625 0.680947909375 0.519278565625 0.6987546203125 0.527155321875 0.702164071875 0.538536459375 0.7013931078125 0.543007946875 0.7060649203125 0.5475701828124999 0.721047465625 0.5471705796874999 0.7376804703125 0.5437632203125 0.7422500296875 0.5330623 0.7440914000000001 0.5239137687500001 0.752159065625 0.5233211875 0.7547406765625 0.60008168125 0.9139628046875
6 0.5437632203125 0.7422500296875 0.5471705796874999 0.7376804703125 0.5475701828124999 0.721047465625 0.543007946875 0.7060649203125 0.538536459375 0.7013931078125 0.527155321875 0.702164071875 0.519278565625 0.6987546203125 0.50946550625 0.680947909375 0.5033414656249999 0.6746214515625 0.4881680109375 0.6734446078125 0.477765484375 0.6648782234375 0.4532525859375 0.6660299609375 0.42435999375 0.6711670234375 0.3899244609375 0.673966084375 0.35947424843750003 0.681144840625 0.33923669843750004 0.689497303125 0.3288216203125 0.7007740953125 0.321606253125 0.728199815625 0.3228560640625 0.751448259375 0.3355673 0.8007724515625 0.34294952031250003 0.8171185671875 0.35422421875 0.8308408421875001 0.3760986328125 0.8489469937499999 0.4126739296875 0.8464410984375 0.4508099875 0.8369327109375 0.4859320125 0.8252824671875001 0.502570246875 0.8174140796874999 0.5112336578125001 0.807400696875 0.5239137687500001 0.752159065625 0.5330623 0.7440914000000001 0.5437632203125 0.7422500296875
0 0.5730880421875 0.45389324531249997 0.603220509375 0.43595737031250004 0.6102374796875 0.4240017015625 0.6081502984375 0.39770265781249997 0.6157981296874999 0.340721953125 0.609278971875 0.31979374531250004 0.61057233125 0.2915376140625 0.6087107656249999 0.28741563281250004 0.6026261859375001 0.28976652812500003 0.5891636640625 0.32272445312500003 0.584173546875 0.3010380125 0.5650495624999999 0.28787858437499997 0.506568371875 0.2957888578125 0.4909696765625 0.2934242453125 0.47330524374999994 0.2994961640625 0.46437937968750004 0.295467828125 0.437189225 0.315171625 0.441691065625 0.3332275234375 0.428828403125 0.348525234375 0.44263912968749997 0.3855231 0.46618186093749997 0.3929946875 0.451551278125 0.41123471250000004 0.42846305781250005 0.4607678828125 0.4358019609375 0.4918747921875 0.4528559875 0.520142528125 0.47472971875000003 0.5292810046875001 0.508088603125 0.5293021078125 0.5371413796875 0.51205235 0.546562903125 0.5080356187499999 0.5496041375 0.5085281140625 0.5437142359375 0.5133319937499999 0.5516624921875 0.5117671921875 0.5875880515625 0.486966971875 0.5991721265625001 0.4765741734375 0.5994699453125001 0.47107995625 0.61326551875 0.462155796875 0.6116994375 0.4424227546875 0.55805333125 0.4905785234375 0.5455884625 0.49743864687499995 0.536463703125 0.49762910312499997 0.492518396875 0.4819030015625 0.46085805312500006 0.43351257031249996 0.467047884375 0.41987858281249996 0.48167425 0.40831033437500003 0.5070627203125 0.44492306875 0.519419171875 0.45434986874999994 0.5381559140625 0.45926744062499997 0.5497326015625 0.4605502515625 0.5730880421875 0.45389324531249997
3 0.5646596859375 0.6508763 0.5605121937499999 0.6660903499999999 0.561296690625 0.691985884375 0.5671592359375001 0.708674540625 0.5790303859375 0.7221634859375 0.5903732749999999 0.72670896875 0.609193634375 0.7271213109375 0.62374628125 0.721791334375 0.63483436875 0.7071155953125 0.637378415625 0.6945701234375 0.6347227578125 0.6725443125 0.6284579171875 0.6587919531249999 0.6179210562499999 0.646104728125 0.6019095906249999 0.63648406875 0.5878952546875 0.63487345 0.5734757515625 0.640737428125 0.5646596859375 0.6508763
1 0.6722620359375 0.2950691640625 0.6873838625 0.3106281453125 0.7097059703124999 0.34295746718750003 0.723401184375 0.3701032296875 0.7356678640625 0.38171377500000003 0.730475021875 0.4050119578125 0.72078259375 0.416800396875 0.71627475625 0.418331796875 0.70899003125 0.41362853906249997 0.7046786468749999 0.407776471875 0.6973918578125 0.40633350156250003 0.6936574546875 0.3978927484375 0.673049796875 0.383879653125 0.644287296875 0.3763819765625 0.615226509375 0.385665003125 0.61388640625 0.3819244140625 0.6238853703125 0.34031412968749997 0.6323333421874999 0.325168725 0.64154546875 0.3147224546875 0.641667853125 0.30913654375 0.6186147546874999 0.31973648906249996 0.6081502984375 0.39770265781249997 0.6142941140625 0.47511635312499995 0.62736541875 0.5035551328125 0.6585877609375 0.540027865625 0.66280396875 0.5497419453125 0.6751869515625 0.5538313859375 0.70474884375 0.5452646359375 0.921261828125 0.4709474328125 0.9226929609375001 0.43351013906249997 0.9196165125 0.4019812890625 0.8916549 0.32821316718750004 0.88449355 0.301889303125 0.8342959999999999 0.22529221093750001 0.820361171875 0.22697233749999998 0.6722620359375 0.2950691640625
7 0.730475021875 0.4050119578125 0.7356678640625 0.38171377500000003 0.723401184375 0.3701032296875 0.7097059703124999 0.34295746718750003 0.6873838625 0.3106281453125 0.6561437921875 0.2784849640625 0.6519239328124999 0.27953709375 0.64174295 0.3057088421875 0.64154546875 0.3147224546875 0.6323333421874999 0.325168725 0.6238853703125 0.34031412968749997 0.61388640625 0.3819244140625 0.615226509375 0.385665003125 0.644287296875 0.3763819765625 0.673049796875 0.383879653125 0.6936574546875 0.3978927484375 0.6973918578125 0.40633350156250003 0.7046786468749999 0.407776471875 0.70899003125 0.41362853906249997 0.71627475625 0.418331796875 0.72078259375 0.416800396875 0.730475021875 0.4050119578125