5 0.488411346875 0.6673053328125 0.49155757656250004 0.659245478125 0.49495771875 0.6549808625 0.5053886999999999 0.6528341140625 0.5085103125 0.6427463390625 0.482341671875 0.6403033875 0.4903342390625 0.5444730296875 0.47378200625 0.5297574296875001 0.4663913421875 0.5349884921875 0.4577044671875 0.5561641828125 0.4559511890625 0.5767207328125 0.47306897187499997 0.6389610484375 0.488411346875 0.6673053328125
6 0.5040678328125 0.40386008125000006 0.4947774375 0.4146953703125 0.49137582812499997 0.4745288078125 0.49174204218749995 0.5275935625 0.482341671875 0.6403033875 0.5085103125 0.6427463390625 0.508619271875 0.642394228125 0.5054332421875001 0.6181172359375 0.5092770703125 0.6000334453125 0.5281968453125 0.5516726859375 0.533293984375 0.545500959375 0.5291271625 0.5141599546875 0.5330855046874999 0.485126196875 0.5330276703125 0.48495155937499995 0.5241233359375 0.4872651671875 0.515232121875 0.4750332015625 0.5083618234375 0.45059047812499997 0.507222453125 0.426216778125 0.5094903734375 0.420953240625 0.5221594625 0.4186813921875 0.5240883546874999 0.39989642187499996 0.5040678328125 0.40386008125000006
3 0.5034568265625 0.739202425 0.5046099 0.7282534421875 0.493404575 0.7223553734375 0.4944858234375 0.7390365546875 0.49565650625 0.741619184375 0.5038750578125 0.744870309375 0.5034568265625 0.739202425
3 0.48793575625 0.8466164703124999 0.4828786796875 0.8467962703125 0.4559637515625 0.8730705578125001 0.4510387890625 0.8767153078125001 0.47637027343750005 0.8708051265625001 0.47812794218750004 0.866725809375 0.48698429374999996 0.8690535781250001 0.5157534921875 0.8635910656249999 0.5793634875 0.8450507625 0.589876634375 0.8374889765625 0.5925131375 0.8313700015625001 0.5920350125 0.818402078125 0.5832934359374999 0.8169063781249999 0.58063746875 0.8034910312499999 0.5647718546875 0.8010496312500001 0.5646642843749999 0.80723430625 0.5644384671875 0.8202173125 0.5505721421875001 0.832326515625 0.5192466828125 0.8350784453125 0.514166453125 0.847173115625 0.5000072734375001 0.863611571875 0.4928420953125 0.8589517796875 0.48793575625 0.8466164703124999
3 0.3459723578125 0.8809380156250001 0.3524268171875 0.8840911203124999 0.39153835937500003 0.878155190625 0.396492253125 0.8783141562500001 0.4032181296875 0.8555855546875 0.412500134375 0.8428935953125001 0.42267502500000004 0.8289807281250001 0.4290687875 0.8077548953125 0.4292238828125 0.8004463890625001 0.39507206093749997 0.8259165515625 0.3697853328125 0.840134540625 0.34841323750000003 0.8485052312500001 0.34255981874999997 0.85928393125 0.3427986234375 0.8749199125 0.3459723578125 0.8809380156250001
5 0.599059359375 0.7779681375 0.5858700546875 0.7710257765625 0.5860857265625 0.777286634375 0.5895852390625 0.796391278125 0.5867947015625 0.80443850625 0.58063746875 0.8034910312499999 0.5832934359374999 0.8169063781249999 0.6050481921875 0.82062865625 0.5981012484375 0.7824756921875 0.599059359375 0.7779681375
1 0.5456490484375001 0.530541184375 0.5531670890625 0.5256589125 0.5544970453125 0.5255731406249999 0.5393318781249999 0.5039874109375 0.5330855046874999 0.485126196875 0.5291271625 0.5141599546875 0.533293984375 0.545500959375 0.5456490484375001 0.530541184375
5 0.47845042656250003 0.734812740625 0.4355261046875 0.721297390625 0.42108269531250003 0.7213641375 0.418771640625 0.7233823359375 0.420908803125 0.7457941171875 0.43387932031250004 0.7880746078125 0.4293471109375 0.7946395453124999 0.4290687875 0.8077548953125 0.42267502500000004 0.8289807281250001 0.4032181296875 0.8555855546875 0.39431035937500003 0.88568738125 0.4217183765625 0.89841406875 0.4559637515625 0.8730705578125001 0.4828786796875 0.8467962703125 0.48793575625 0.8466164703124999 0.4928420953125 0.8589517796875 0.5000072734375001 0.863611571875 0.514166453125 0.847173115625 0.5192466828125 0.8350784453125 0.5505721421875001 0.832326515625 0.5644384671875 0.8202173125 0.5647718546875 0.8010496312500001 0.5407777625 0.7973574218749999 0.5138205218749999 0.781907059375 0.5056834 0.769376990625 0.5038750578125 0.744870309375 0.47845042656250003 0.734812740625
5 0.7098692578125 0.8689492140624999 0.7526756734375 0.845039315625 0.8310916484374999 0.8088932515625 0.85342551875 0.7947783578125 0.862618846875 0.78258588125 0.8609667218749999 0.7770476328125 0.8634993390625001 0.7695695625 0.8568058640625 0.75447179375 0.8587914156249999 0.74734899375 0.8577430093749999 0.736751990625 0.8515747578124999 0.7080908359375 0.8392034468749999 0.6686801296875 0.8358947578125001 0.635439715625 0.826134559375 0.59705556875 0.8020874734375001 0.5881717828124999 0.723251353125 0.5714146484375 0.7250981640624999 0.5879675843750001 0.7446312140625 0.5963164234375 0.7529778859375 0.6064994828125 0.7282589109375001 0.683232265625 0.7282181375000001 0.6933143015625001 0.7206839421875 0.710422246875 0.7417731703125 0.726601203125 0.7425569515625 0.736811721875 0.73866285625 0.7495728390624999 0.7273136578125 0.769611609375 0.713618678125 0.7867884921875 0.70172600625 0.7954861828124999 0.6871488968749999 0.7917969046875 0.6647511171875 0.7750325671875 0.64834854375 0.79855336875 0.6372317578125 0.798060675 0.599059359375 0.7779681375 0.5981012484375 0.7824756921875 0.6065864359375001 0.8290767718750001 0.7098692578125 0.8689492140624999
3 0.7002440187500001 0.7597107078125 0.69834226875 0.7686577375 0.683534325 0.7767317234375 0.6653866984375 0.7741211609375 0.6647511171875 0.7750325671875 0.6871488968749999 0.7917969046875 0.70172600625 0.7954861828124999 0.713618678125 0.7867884921875 0.7273136578125 0.769611609375 0.73866285625 0.7495728390624999 0.7425569515625 0.736811721875 0.7417731703125 0.726601203125 0.7206839421875 0.710422246875 0.7200911671875 0.7117682671875001 0.7088023156250001 0.711470978125 0.7018292203125001 0.7093004234375 0.7019237796875 0.7195456265625 0.6950630390625 0.7430240234375 0.7002440187500001 0.7597107078125
1 0.6758918421875 0.6981689515625 0.6709693437500001 0.6916568437499999 0.6729514437499999 0.6851184296875 0.6091152531249999 0.710385871875 0.5841766265625 0.7218665453125 0.585087746875 0.748315828125 0.5858700546875 0.7710257765625 0.6372317578125 0.798060675 0.64834854375 0.79855336875 0.6653866984375 0.7741211609375 0.683534325 0.7767317234375 0.69834226875 0.7686577375 0.7002440187500001 0.7597107078125 0.6950630390625 0.7430240234375 0.7019237796875 0.7195456265625 0.7018292203125001 0.7093004234375 0.6875071968750001 0.7048423296874999 0.6758918421875 0.6981689515625
3 0.6225268125000001 0.36625446875 0.629675503125 0.3803285359375 0.6537408484375 0.39866233125 0.666538490625 0.42934486875 0.672241703125 0.43360755781250004 0.684012396875 0.452378478125 0.693649353125 0.46205296249999994 0.6947914703125 0.48059833281250003 0.6949173390625 0.4808578375 0.6997403875 0.49080155937500003 0.7038625828125 0.49392421875 0.714308878125 0.4926421953125 0.7457333375 0.48265943125 0.7572163984375 0.4718853515625 0.76558699375 0.4541295390625 0.7675413703125 0.40168543906250004 0.76152351875 0.3705291859375 0.7556969484375 0.3600977515625 0.7448883562499999 0.3514801546875 0.729262409375 0.34930787812499997 0.6225268125000001 0.36625446875
5 0.6489188703125001 0.6135745421875 0.6451962890625 0.6262238484375 0.647979403125 0.6359958171875 0.6467389046875 0.6443725171875 0.6357964 0.6755280734375 0.6306296015624999 0.6744298359374999 0.6197093640625 0.6521277984375 0.5820941421875 0.6614131875 0.5841766265625 0.7218665453125 0.6091152531249999 0.710385871875 0.6729514437499999 0.6851184296875 0.6765971828125 0.67309211875 0.6826817625 0.6701809765625 0.7124747703125001 0.58737913125 0.7191928828124999 0.5854435421875 0.7250981640624999 0.5879675843750001 0.7213386578125001 0.5542712125 0.7063310515625 0.5501082390625001 0.7032936828125 0.5601916078125 0.6848634812500001 0.567967478125 0.6780159515624999 0.585831409375 0.66494824375 0.6018647921875 0.6568482140625 0.6184456843749999 0.6502144609375 0.618560853125 0.6489188703125001 0.6135745421875
5 0.5860857265625 0.777286634375 0.5820941421875 0.6614131875 0.6197093640625 0.6521277984375 0.6306296015624999 0.6744298359374999 0.6357964 0.6755280734375 0.6467389046875 0.6443725171875 0.647979403125 0.6359958171875 0.6451962890625 0.6262238484375 0.6489188703125001 0.6135745421875 0.646579121875 0.6045695890625 0.6381335859374999 0.6012492171875 0.6360726999999999 0.5942018890625 0.6233832390625 0.586929009375 0.613880215625 0.5742325593750001 0.5670443390625 0.5434326515625 0.5544970453125 0.5255731406249999 0.5531670890625 0.5256589125 0.5456490484375001 0.530541184375 0.5281968453125 0.5516726859375 0.5092770703125 0.6000334453125 0.5054332421875001 0.6181172359375 0.511411415625 0.6636698625 0.5034568265625 0.739202425 0.5056834 0.769376990625 0.5138205218749999 0.781907059375 0.5407777625 0.7973574218749999 0.5867947015625 0.80443850625 0.5895852390625 0.796391278125 0.5860857265625 0.777286634375
5 0.6502144609375 0.618560853125 0.6568482140625 0.6184456843749999 0.66494824375 0.6018647921875 0.6780159515624999 0.585831409375 0.6848634812500001 0.567967478125 0.7032936828125 0.5601916078125 0.7067479875 0.54872410625 0.7054108593749999 0.5382717765625 0.7224005375 0.520530003125 0.725410728125 0.513543753125 0.7211973421875 0.5070557078125 0.6997403875 0.49080155937500003 0.6947914703125 0.48059833281250003 0.693649353125 0.46205296249999994 0.684012396875 0.452378478125 0.672241703125 0.43360755781250004 0.666538490625 0.42934486875 0.6537408484375 0.39866233125 0.629675503125 0.3803285359375 0.622148734375 0.3655101234375 0.6095203515625001 0.35316616875 0.60020535 0.34915258125 0.5904580125 0.356740428125 0.575853375 0.3465184375 0.5672433671875 0.34875556875 0.5553858421875 0.3614873453125 0.54059796875 0.3664785765625 0.5288861515625001 0.383308571875 0.52432505625 0.397591253125 0.5195737375 0.44386305937500004 0.5221022859375 0.46066950156250003 0.52973245 0.47500148593749997 0.5393318781249999 0.5039874109375 0.5670443390625 0.5434326515625 0.613880215625 0.5742325593750001 0.6233832390625 0.586929009375 0.6360726999999999 0.5942018890625 0.6381335859374999 0.6012492171875 0.646579121875 0.6045695890625 0.6502144609375 0.618560853125
6 0.7529778859375 0.6064994828125 0.7446312140625 0.5963164234375 0.7191928828124999 0.5854435421875 0.7124747703125001 0.58737913125 0.6826817625 0.6701809765625 0.6765971828125 0.67309211875 0.6709693437500001 0.6916568437499999 0.6758918421875 0.6981689515625 0.6875071968750001 0.7048423296874999 0.7088023156250001 0.711470978125 0.7200911671875 0.7117682671875001 0.7282181375000001 0.6933143015625001 0.7282589109375001 0.683232265625 0.7529778859375 0.6064994828125