1 0.5386648671875001 0.325754296875 0.5388991187500001 0.3861494546875 0.5973710734375001 0.3902382125 0.6046694453125 0.3856195890625 0.5994265999999999 0.38399259375 0.5389612453125 0.3251567265625 0.5386648671875001 0.325754296875
6 0.29713985468750004 0.7088750640625 0.2898533640625 0.7109168703125001 0.2508412703125 0.679166128125 0.2448216640625 0.67908465 0.23257287187500003 0.685315965625 0.21514501562500002 0.6811440265625001 0.2123563765625 0.6604078640625 0.196535171875 0.6609288328125 0.1963813109375 0.6611644234375 0.1850707421875 0.6856351187499999 0.17943131406249999 0.7084814500000001 0.17541969531249998 0.7152741796875 0.17413656875 0.769749525 0.1779126578125 0.7735502000000001 0.1851344015625 0.8003272656249999 0.19665959375 0.8233634000000001 0.21011499531250002 0.8404717203125 0.2269386125 0.85276325 0.2656276 0.863047128125 0.287563284375 0.8600339328125 0.3067284296875 0.8532903765625001 0.3100480390625 0.8509822078125 0.3071530390625 0.8440154375000001 0.2990576671875 0.818052784375 0.2960099625 0.7819128109375 0.3023377875 0.7445701546875 0.301479934375 0.730263309375 0.299100484375 0.728858065625 0.30215783749999997 0.6977524359375 0.29713985468750004 0.7088750640625
3 0.68096935625 0.840723990625 0.6777626531250001 0.8675542546875 0.6804695015625 0.885927709375 0.6886979703125 0.9077918859375 0.6998430734375 0.9196591375000001 0.712108515625 0.92184736875 0.720926403125 0.9162547453125001 0.7273337609375 0.900736203125 0.7280250453125 0.8781652062499999 0.7299756562499999 0.875640509375 0.7401577578125 0.8759089937500001 0.7447750765625 0.8859892281249999 0.7554788218749999 0.897825615625 0.7740868734374999 0.9044490156249999 0.7857782265625 0.902161940625 0.792481909375 0.895090928125 0.7977905125 0.8826001671875 0.798614528125 0.8644736156249999 0.794614465625 0.8455662171875 0.7875650359375 0.832211296875 0.7762964828125 0.8221094796875 0.7603767234375 0.821439778125 0.746898353125 0.8302546375000001 0.7400094937499999 0.8399737984375 0.7362287015625 0.8623287546875 0.7267750000000001 0.8643287875000001 0.713086640625 0.8380911687499999 0.7047224171875001 0.8308535406249999 0.6915433953125001 0.829044940625 0.68096935625 0.840723990625
6 0.27405445781250004 0.5764490296875 0.2866129375 0.5894829703125 0.277732434375 0.531530371875 0.23819582968750003 0.53151139375 0.23911341406250003 0.5321641984375 0.27405445781250004 0.5764490296875
6 0.25892401875000004 0.6112203593750001 0.23911341406250003 0.5321641984375 0.2508412703125 0.679166128125 0.25892401875000004 0.6112203593750001
6 0.2634067890625 0.6136486296875 0.2632765140625 0.6155116296875 0.28105744375 0.6250874953125 0.293777340625 0.636236590625 0.29355129375 0.634761453125 0.2672269421875 0.6013582515625 0.26694175625 0.6054365984375 0.259874703125 0.6036735390625 0.25879743906249997 0.6069818984375 0.25892401875000004 0.6112203593750001 0.2634067890625 0.6136486296875
6 0.21514501562500002 0.6811440265625001 0.23257287187500003 0.685315965625 0.2448216640625 0.67908465 0.2508412703125 0.679166128125 0.22589545000000003 0.65886349375 0.22528494375000002 0.65998214375 0.2123563765625 0.6604078640625 0.21514501562500002 0.6811440265625001
1 0.6910569046874999 0.5344971453125 0.673282465625 0.531001878125 0.6335722078125 0.55131171875 0.60005703125 0.53939559375 0.5820474921875001 0.5392624234375 0.5883055625 0.5830622546875001 0.5916942078125 0.5839307875 0.6230580953125 0.5960348203125 0.6492320453125 0.6114925109375 0.6718928843749999 0.632898825 0.6843333 0.6498738859375 0.684940753125 0.6510526343749999 0.6930516796874999 0.6106536578124999 0.6974402234375 0.547894559375 0.6910569046874999 0.5344971453125
2 0.63528218125 0.39511954375 0.654114203125 0.3908336109375 0.7307467796875 0.32421792968749996 0.7408840359375 0.30251561875 0.7393813625 0.2808613328125 0.7461955296875 0.2697012546875 0.75190591875 0.23734576718749997 0.7490205328124999 0.192321646875 0.7369336828125 0.180270865625 0.64845985625 0.13270969375 0.6127242374999999 0.11986719531250001 0.558633509375 0.12298055000000001 0.48898896562500005 0.151296309375 0.48238179531250003 0.1779862921875 0.491316484375 0.1919715765625 0.48305668593749995 0.19915170937499999 0.48209698437500004 0.21287609375 0.49000297187499997 0.23540912656250002 0.48458641093750005 0.23890922187500002 0.4832968109375 0.2573513625 0.48966719531249997 0.2771911109375 0.5994265999999999 0.38399259375 0.63528218125 0.39511954375
1 0.12879699375 0.51851053125 0.117519259375 0.5192527109375 0.1052152828125 0.5127794156250001 0.0955887703125 0.5263936921875 0.0887603984375 0.5437754921875 0.1040969125 0.5652585359375 0.1606369015625 0.6076562625 0.16393596875 0.6016491109375 0.170415403125 0.589850940625 0.1718750375 0.584519046875 0.1683922765625 0.5799283375 0.17150061249999998 0.5665607859375 0.1772862640625 0.5615313953125 0.1843309078125 0.5460463234375 0.1709997890625 0.5352388015625 0.12879699375 0.51851053125
1 0.2979630578125 0.6403595765625 0.2944975140625 0.6409363156250001 0.293777340625 0.636236590625 0.28105744375 0.6250874953125 0.2632765140625 0.6155116296875 0.2631124640625 0.617857659375 0.24667974843749998 0.6653490890625 0.22671754375000003 0.6573571421875 0.22589545000000003 0.65886349375 0.2898533640625 0.7109168703125001 0.29713985468750004 0.7088750640625 0.30215783749999997 0.6977524359375 0.3033936890625 0.6851788484375 0.31092702499999997 0.659004878125 0.301345640625 0.6446517671875001 0.2979630578125 0.6403595765625
6 0.69125725625 0.663309665625 0.6936054359375 0.66786625625 0.690812940625 0.7078008046875001 0.6933750640625 0.72023594375 0.703777940625 0.732708196875 0.71607370625 0.7382659265625 0.768084671875 0.7536477015624999 0.7992114640625 0.7586430546875 0.819324078125 0.7666265625 0.8361216234375 0.7682709531249999 0.8388187609375001 0.7632918375 0.8530725796875 0.6938196734375001 0.8620644937499999 0.630067090625 0.822865371875 0.6601801828125 0.806699709375 0.664045459375 0.7961690921875 0.65876755 0.791640153125 0.6520927046875 0.771459859375 0.6062480406249999 0.73005595 0.5987756765625 0.7116695656250001 0.6064160359375 0.701077165625 0.6235274609375 0.69125725625 0.663309665625
6 0.7457374999999999 0.542156790625 0.7524503515625 0.563063109375 0.791640153125 0.6520927046875 0.7961690921875 0.65876755 0.806699709375 0.664045459375 0.822865371875 0.6601801828125 0.8732585343749999 0.621467734375 0.9042055203125001 0.5945659296875 0.9111647921875001 0.585969496875 0.9145401156249999 0.5766682984375 0.9154566015625001 0.5635619328125 0.91137010625 0.550559875 0.8979210609375 0.5211987765625 0.8141456874999999 0.475190196875 0.803962434375 0.46881510156250006 0.7490527140625 0.5142310906249999 0.7461609375 0.52311195 0.7457374999999999 0.542156790625
5 0.22671754375000003 0.6573571421875 0.24667974843749998 0.6653490890625 0.2631124640625 0.617857659375 0.2634067890625 0.6136486296875 0.25892401875000004 0.6112203593750001 0.25879743906249997 0.6069818984375 0.259874703125 0.6036735390625 0.26694175625 0.6054365984375 0.2672269421875 0.6013582515625 0.2619159578125 0.5946190953125 0.25589205625 0.59528465625 0.24585230781249998 0.6222958203125 0.22671754375000003 0.6573571421875
1 0.21116062812499997 0.5122774703124999 0.1933385453125 0.5262463265624999 0.1772862640625 0.5615313953125 0.17150061249999998 0.5665607859375 0.1683922765625 0.5799283375 0.1718750375 0.584519046875 0.170415403125 0.589850940625 0.1517349875 0.623865440625 0.15139466875000002 0.6287322093750001 0.160398390625 0.6320787921875 0.1634273953125 0.6431585281250001 0.15096365 0.6504379218749999 0.147465815625 0.6616046515625 0.13998228125 0.6676021078125001 0.14006927656249998 0.6741289484374999 0.16601401093749998 0.66833563125 0.17245385468750002 0.6617217984375 0.22528494375000002 0.65998214375 0.243838103125 0.6259865203125 0.24585230781249998 0.6222958203125 0.25589205625 0.59528465625 0.2619159578125 0.5946190953125 0.29355129375 0.634761453125 0.2866129375 0.5894829703125 0.27405445781250004 0.5764490296875 0.23911341406250003 0.5321641984375 0.21116062812499997 0.5122774703124999
2 0.2990576671875 0.818052784375 0.3071530390625 0.8440154375000001 0.310864484375 0.8529469671875001 0.34394408125 0.8936646890625 0.37744175625 0.919545359375 0.41630178593749995 0.939606715625 0.46853755625 0.9544091124999999 0.48940944062499997 0.9571074734374999 0.5584650421874999 0.9439728828125 0.5955532984375 0.9273640609375 0.6360123953125 0.8979829515625 0.6679321234375 0.840130428125 0.6748893218750001 0.8115037796875001 0.685286384375 0.7868342421875 0.6936054359375 0.66786625625 0.6843333 0.6498738859375 0.6718928843749999 0.632898825 0.6492320453125 0.6114925109375 0.6230580953125 0.5960348203125 0.5916942078125 0.5839307875 0.548489134375 0.572857021875 0.44848772343750004 0.5590505296875 0.44663847968750003 0.5589212171875 0.4337465515625 0.56295404375 0.4408872890625 0.61254615625 0.4327860125 0.617922234375 0.317215653125 0.6371555453125 0.3033936890625 0.6851788484375 0.299100484375 0.728858065625 0.301479934375 0.730263309375 0.3023377875 0.7445701546875 0.2960099625 0.7819128109375 0.2990576671875 0.818052784375
5 0.4408872890625 0.61254615625 0.4032871703125 0.3514149421875 0.390909840625 0.349955178125 0.25491653593749997 0.3826378734375 0.2944975140625 0.6409363156250001 0.4327860125 0.617922234375 0.4408872890625 0.61254615625
3 0.9542346374999999 0.5460800671875 0.9635358953125 0.5438212421874999 0.9734820984375 0.5382826781250001 0.9847471140625 0.5257710531249999 0.9922290203124999 0.4722656234375 0.9796710859375001 0.4497760390625 0.9610424859375 0.43683646875 0.90821375625 0.407790434375 0.81036521875 0.356894096875 0.7977466078125001 0.353102484375 0.7857701078125 0.3639019390625 0.7718096234375 0.39118684843749996 0.762762984375 0.42546504374999994 0.765568465625 0.444779040625 0.8141456874999999 0.475190196875 0.9390188515625001 0.5437692625 0.9542346374999999 0.5460800671875