1 0.51714145625 0.32234103593749996 0.5247342796875001 0.38225746875 0.5832686875 0.3791898109375 0.5899497890625 0.373716165625 0.5845477421874999 0.372740240625 0.5173628 0.3217118015625 0.51714145625 0.32234103593749996
6 0.3241074109375 0.732040575 0.317124065625 0.734955159375 0.2745333203125 0.7081954625 0.268548653125 0.708848196875 0.25715056718749996 0.7165258171875 0.239344184375 0.714508896875 0.2340492296875 0.6942671484375 0.21840944375000002 0.696712353125 0.2182854421875 0.6969649390625 0.2100414078125 0.72263164375 0.2072282828125 0.74599495625 0.204074390625 0.753225946875 0.20943970312500002 0.807451615625 0.21365083125 0.810763771875 0.2240820484375 0.8364611343749999 0.23832873281250003 0.85792099375 0.25376881875 0.8732619921874999 0.27196499687500003 0.88341161875 0.31161889062500003 0.888903840625 0.3330238546875 0.8832398171875001 0.35122431249999997 0.8742108828124999 0.354237884375 0.8715153593749999 0.3505154265625 0.86495333125 0.3393163453125 0.8401707765624999 0.33188700312499997 0.8046716078125 0.3336167359375 0.7668361296875 0.3310217109375 0.7527404718749999 0.328488740625 0.751635684375 0.3277324828125 0.7203893140625001 0.3241074109375 0.732040575
3 0.721144246875 0.81612966875 0.7212312328125 0.8431507437500001 0.7261570671875 0.8610573625000001 0.7369887734375 0.8817557687500001 0.7494970578125 0.8921763171875 0.761937753125 0.8928534578124999 0.77000834375 0.886227890625 0.77447670625 0.870044159375 0.7724121265624999 0.8475571578125001 0.774040515625 0.8448135593749999 0.784179440625 0.8438391578125 0.7899908140624999 0.8532815453125 0.8020572671874999 0.8637252484375001 0.8213338078125 0.8680315265624999 0.8326592906249999 0.86433668125 0.8384512656249999 0.8565014015625 0.8421980578125 0.8434567890625001 0.8408068609375 0.8253649281250001 0.8345323812500001 0.8070859468749999 0.8259079437500001 0.7946896812500001 0.81349228125 0.786036453125 0.79760956875 0.787311875 0.7853059265625 0.7977036296875 0.7796528828125 0.8081898859375001 0.7786246546875 0.830838975 0.7694851640625 0.833976215625 0.7527012734375 0.8096023593749999 0.7435173515625 0.803438021875 0.7302161515625001 0.803249021875 0.721144246875 0.81612966875
6 0.2850554140625 0.6034150265625 0.2991087234375 0.61482131875 0.28323176875 0.5583829515625001 0.2439875515625 0.5631824140624999 0.24497785312499998 0.563718528125 0.2850554140625 0.6034150265625
6 0.2742753140625 0.6397711109374999 0.24497785312499998 0.563718528125 0.2745333203125 0.7081954625 0.2742753140625 0.6397711109374999
6 0.27902060156249997 0.64163496875 0.2791183421875 0.6434999593749999 0.2979337390625 0.650837496875 0.3119175578125 0.6603533234375 0.31151342187500003 0.6589167296875 0.2813144609375 0.6289706421875 0.28152842499999997 0.6330533453125 0.2742991875 0.632164684375 0.273633140625 0.6355796687499999 0.2742753140625 0.6397711109374999 0.27902060156249997 0.64163496875
6 0.239344184375 0.714508896875 0.25715056718749996 0.7165258171875 0.268548653125 0.708848196875 0.2745333203125 0.7081954625 0.2472991734375 0.691084290625 0.246829546875 0.6922690046875 0.2340492296875 0.6942671484375 0.239344184375 0.714508896875
1 0.6938369390625 0.5109560296875 0.6757690234375 0.5096529750000001 0.63882990625 0.5346508921875001 0.6041123374999999 0.5269080609375 0.586220809375 0.52897069375 0.5977700890625 0.5716813796875 0.6012393234375 0.5721304671875 0.633844540625 0.5803219828125 0.6617072125 0.59247465 0.6868079140625001 0.61095974375 0.7012243390624999 0.6262921703125001 0.7019709171875 0.627388103125 0.705097990625 0.5863017796875 0.7018054125 0.52347565 0.6938369390625 0.5109560296875
2 0.6214920968750001 0.37941455625 0.6396614234375 0.37286552500000003 0.7076043828125 0.2974072234375 0.71502123125 0.2746312578125 0.7108907656250001 0.253321509375 0.71629406875 0.2414141796875 0.7180187515625 0.20860394218749997 0.7096678140625 0.16426706562499999 0.696202434375 0.15377912656249998 0.60259183125 0.1173547140625 0.5655574734375 0.10896301875 0.5122493515625 0.1186451671875 0.44657475 0.15523740156250002 0.4432695203125 0.182533653125 0.45384198906249995 0.195325828125 0.44651879531249994 0.2034590578125 0.447238828125 0.2171981 0.45783197343750004 0.238599678125 0.452882340625 0.242733796875 0.453849884375 0.2611956359375 0.4625906421875 0.280111146875 0.5845477421874999 0.372740240625 0.6214920968750001 0.37941455625
1 0.13381975 0.5636108234375 0.122716528125 0.56572188125 0.1097153671875 0.5607963140625001 0.10181977187499999 0.5754822890625 0.09716060625 0.5935666953125 0.115000928125 0.613020559375 0.1762864609375 0.6482117671875 0.17882884999999998 0.6418473375 0.18382215156249998 0.6293474640625 0.1846211125 0.623877428125 0.18060484375000002 0.6197453796875 0.18206091562499999 0.60609865625 0.1871905140625 0.6004016609375 0.1922954921875 0.5841734875 0.1777466359375 0.5750711765625 0.13381975 0.5636108234375
1 0.3165745390625 0.6639354671875 0.31320511406249996 0.6649302515625 0.3119175578125 0.6603533234375 0.2979337390625 0.650837496875 0.2791183421875 0.6434999593749999 0.27924142343749997 0.6458484953125 0.26871894531249996 0.694988575 0.2479315609375 0.6894889796875 0.2472991734375 0.691084290625 0.317124065625 0.734955159375 0.3241074109375 0.732040575 0.3277324828125 0.7203893140625001 0.3274267875 0.7077588359375 0.3317141671875 0.6808618796875 0.3204549953125 0.66778343125 0.3165745390625 0.6639354671875
6 0.709734096875 0.6387839843750001 0.71262008125 0.6430204390625 0.7147151968750001 0.6829976421875 0.7187736859375 0.6950278453125 0.73061900625 0.7061393421875 0.7435004390625 0.7101571671875 0.7969982875 0.719085746875 0.828501846875 0.7202504640625 0.8494374890625 0.725723353125 0.8663102296874999 0.72530838125 0.8683804593750001 0.72003768125 0.87406150625 0.6493462484375 0.875216909375 0.5849730281250001 0.8399798359374999 0.6196388328125 0.8244057296875 0.625445396875 0.8133103890625 0.6214901890625 0.8080017500000001 0.6154170359375 0.78238481875 0.57237345 0.7403788734375001 0.5700026499999999 0.7230606640625 0.5798267953125 0.714632578125 0.5981015640625 0.709734096875 0.6387839843750001
6 0.7490434296874999 0.5118946921875 0.7582540843750001 0.5318270890625 0.8080017500000001 0.6154170359375 0.8133103890625 0.6214901890625 0.8244057296875 0.625445396875 0.8399798359374999 0.6196388328125 0.885279515625 0.575073559375 0.9127173203125001 0.5446007890625 0.918577078125 0.535220309375 0.9207937109375001 0.5255770921875 0.9201061015625 0.512456728125 0.9144655140625 0.5000496046875 0.8975384984374999 0.4725463859375 0.8087805390625 0.43709039687500006 0.7978962609375 0.432003846875 0.748930646875 0.4837731234375 0.747142728125 0.49294020468750005 0.7490434296874999 0.5118946921875
5 0.2479315609375 0.6894889796875 0.26871894531249996 0.694988575 0.27924142343749997 0.6458484953125 0.27902060156249997 0.64163496875 0.2742753140625 0.6397711109374999 0.273633140625 0.6355796687499999 0.2742991875 0.632164684375 0.28152842499999997 0.6330533453125 0.2813144609375 0.6289706421875 0.2752217671875 0.6229289640625 0.26932387812499997 0.6243236921875 0.262650796875 0.6523570578125 0.2479315609375 0.6894889796875
1 0.214809840625 0.547386621875 0.19882297499999999 0.563423321875 0.1871905140625 0.6004016609375 0.18206091562499999 0.60609865625 0.18060484375000002 0.6197453796875 0.1846211125 0.623877428125 0.18382215156249998 0.6293474640625 0.1694263015625 0.6653849953125001 0.1696816296875 0.6702569625 0.179026084375 0.672481321875 0.1833827921875 0.683109328125 0.1718990859375 0.6918534109375 0.1697882046875 0.703363184375 0.1630913578125 0.7102279499999999 0.163973125 0.7166955374999999 0.1890184453125 0.7077835359375 0.1946042625 0.70043418125 0.246829546875 0.6922690046875 0.26110139062500004 0.6562657171875 0.262650796875 0.6523570578125 0.26932387812499997 0.6243236921875 0.2752217671875 0.6229289640625 0.31151342187500003 0.6589167296875 0.2991087234375 0.61482131875 0.2850554140625 0.6034150265625 0.24497785312499998 0.563718528125 0.214809840625 0.547386621875
2 0.3393163453125 0.8401707765624999 0.3505154265625 0.86495333125 0.3552876875 0.8733659749999999 0.3930829546875 0.9097488031250001 0.42948500312500004 0.9313542234375 0.470500240625 0.9465302 0.5241506125 0.9548563218749999 0.54519576875 0.9549909281250001 0.6121359359375 0.9335384796874999 0.6469236359375 0.9125335359375001 0.6835005015625 0.8784407062499999 0.7081318546875 0.8171293687500001 0.7115484859375 0.7878682312499999 0.7188615890625 0.7621154921875 0.71262008125 0.6430204390625 0.7012243390624999 0.6262921703125001 0.6868079140625001 0.61095974375 0.6617072125 0.59247465 0.633844540625 0.5803219828125 0.6012393234375 0.5721304671875 0.557006740625 0.56640461875 0.45606813749999997 0.56488814375 0.45421691875 0.5649851609375001 0.44191256250000005 0.5705590593750001 0.4550438328125 0.6189112812500001 0.44765812031249996 0.625234584375 0.33529315625 0.6584090171875 0.3274267875 0.7077588359375 0.328488740625 0.751635684375 0.3310217109375 0.7527404718749999 0.3336167359375 0.7668361296875 0.33188700312499997 0.8046716078125 0.3393163453125 0.8401707765624999
5 0.4550438328125 0.6189112812500001 0.3859000890625 0.3643088015625 0.37343711874999996 0.3643683359375 0.2424405046875 0.413380834375 0.31320511406249996 0.6649302515625 0.44765812031249996 0.625234584375 0.4550438328125 0.6189112812500001
3 0.9564645890625 0.4903793171875 0.9654212359375001 0.4870037890625 0.9746183187499999 0.480294371875 0.984274584375 0.46650314687499994 0.98518005 0.41248472343750003 0.969974928125 0.3916932 0.949908246875 0.3811203359375 0.8939334750000001 0.3587290078125 0.7906115812500001 0.32013678125 0.7776249453124999 0.3179112515625 0.7670538390625 0.330089778125 0.7565226093749999 0.358872665625 0.7517208625 0.3939978625 0.756859215625 0.41282599375 0.8087805390625 0.43709039687500006 0.9410806015625001 0.4899400734375 0.9564645890625 0.4903793171875