1 0.5894772875000001 0.3837133234375 0.5964357015624999 0.3785968421875 0.591092134375 0.3773395328125 0.5266698875 0.3228648375 0.526415915625 0.3234816265625 0.5308625499999999 0.3837133234375 0.5894772875000001 0.3837133234375
6 0.319879634375 0.7577626125 0.318025875 0.743550459375 0.315554196875 0.7423146203125001 0.316434284375 0.7110714921875 0.3122044 0.7225170640624999 0.3050780875 0.7250621749999999 0.26394620625 0.6961101234375 0.25793557968749997 0.69644875 0.2461512984375 0.70351931875 0.22847487656249998 0.7005732484375 0.22424654843749997 0.6800821234375001 0.208500225 0.6817054546875 0.2083631734375 0.6819512046875 0.1987871453125 0.707151275 0.194755134375 0.730335340625 0.191227125 0.737391359375 0.19374713125 0.7918235124999999 0.19777914375 0.7953515234374999 0.20685116875 0.821559596875 0.21995520625 0.843735659375 0.234571246875 0.8598637046875 0.252211296875 0.8709517359375001 0.29152340625 0.87851175625 0.3131954671875 0.87397574375 0.3318435203125 0.865911721875 0.334994034375 0.8633776109375001 0.3316201078125 0.8566297578125001 0.32173339375 0.8312950515624999 0.316172115625 0.7954557109375 0.319879634375 0.7577626125
3 0.7516368796874999 0.8476222765625 0.7361516203125 0.8224034234375001 0.7273029 0.8157668843750001 0.7140298203125 0.8148820125 0.704296228125 0.8272702203125 0.7029689203125 0.854258815625 0.70695084375 0.8723986921875 0.7166844359375 0.8936356203125 0.7286302078125 0.9046965203124999 0.7410184156249999 0.9060238281249999 0.7494246999999999 0.8998297234375 0.75473393125 0.8839020281250001 0.753849059375 0.8613377921875 0.7556188046875 0.8586831765625 0.76579483125 0.8582407406250001 0.7711040640625 0.8679743312499999 0.7826074000000001 0.8790352312499999 0.8016321484375 0.8843444640625 0.8131354843749999 0.8812474124999999 0.8193295875000001 0.8737259999999999 0.8237539484375 0.86089535625 0.8233115124999999 0.8427554796875001 0.8180022796875001 0.82417316875 0.81003843125 0.8113425234375 0.798092659375 0.8020513687499999 0.7821649640625 0.8024938046875001 0.7693343203125 0.8122273953124999 0.763140215625 0.8224034234375001 0.7609280359375 0.8449676593750001 0.7516368796874999 0.8476222765625
6 0.29337475468749996 0.6041501234375 0.2804733140625 0.5469581671875 0.24103169531250002 0.5496971687500001 0.24199258124999998 0.5502843765625001 0.2799376640625 0.59202396875 0.29337475468749996 0.6041501234375
6 0.26394620625 0.6961101234375 0.2672696078125 0.6277660421875 0.24199258124999998 0.5502843765625001 0.26394620625 0.6961101234375
6 0.274864359375 0.6214370812500001 0.2676915375 0.6201712890625 0.26684767656249997 0.6235467359375 0.2672696078125 0.6277660421875 0.2719108453125 0.6298756953125 0.2719108453125 0.6317432453125 0.29031643906250004 0.6400554484375001 0.3037830734375 0.650290090625 0.3034546765625 0.6488343140625 0.274864359375 0.617348775 0.274864359375 0.6214370812500001
6 0.26394620625 0.6961101234375 0.23764491250000003 0.6775970765625 0.23711392656250002 0.6787555890625 0.22424654843749997 0.6800821234375001 0.22847487656249998 0.7005732484375 0.2461512984375 0.70351931875 0.25793557968749997 0.69644875 0.26394620625 0.6961101234375
1 0.6943389468750001 0.636650359375 0.6950271453125 0.6377838625 0.700300225 0.59691750625 0.700300225 0.53400515625 0.6929978984375 0.52108565625 0.675022940625 0.5188387859375 0.6368261578125 0.5418692 0.6025613953125 0.5323200031249999 0.5845864375 0.5334434390625 0.593884584375 0.5767000343750001 0.5973255609375 0.577330071875 0.6294573828125001 0.5872167859374999 0.6566458484375 0.60081101875 0.680744715625 0.6205844484374999 0.6943389468750001 0.636650359375
2 0.4664111859375 0.2406204234375 0.4664111859375 0.25910759843750003 0.474150003125 0.2784546421875 0.591092134375 0.3773395328125 0.62763655 0.38593821875 0.6461237265625 0.380349071875 0.7179227546875 0.30855004375 0.726521440625 0.286193459375 0.7235119015625 0.26469674374999996 0.72953098125 0.25308851875 0.73297045625 0.2204135109375 0.726951375 0.1757003421875 0.714053346875 0.1645220515625 0.6224773390625 0.12324835781250001 0.5859329234375 0.11292993437500001 0.532191134375 0.11980888281249999 0.46469144843750004 0.152913825 0.459962171875 0.1799996859375 0.46985066093750005 0.19332765000000002 0.46211184375 0.2010664671875 0.46211184375 0.2148243640625 0.4715703984375 0.2367510140625 0.4664111859375 0.2406204234375
1 0.176943865625 0.58931360625 0.1823645921875 0.5838928796875 0.188311890625 0.5679541203125 0.1742593515625 0.55810285625 0.1309924546875 0.544359253125 0.11979396406250001 0.5458863203125001 0.10706840625 0.540287075 0.0984150265625 0.5545397000000001 0.09281578124999999 0.57235548125 0.10961351718750001 0.5927163734375 0.16897329375 0.631066790625 0.1718452875 0.624844140625 0.17748593906250001 0.6126227281250001 0.178570084375 0.6072020031250001 0.17477557500000002 0.602865421875 0.176943865625 0.58931360625
1 0.316434284375 0.7110714921875 0.3167900359375 0.698442325 0.3224792171875 0.6718066140625 0.31191995 0.6581568296875 0.3082461984375 0.6541110531250001 0.30482932812499997 0.6549281312499999 0.3037830734375 0.650290090625 0.29031643906250004 0.6400554484375001 0.2719108453125 0.6317432453125 0.2719108453125 0.634095003125 0.25883099375 0.682617034375 0.238359925 0.6760370484375 0.23764491250000003 0.6775970765625 0.3050780875 0.7250621749999999 0.3122044 0.7225170640624999 0.316434284375 0.7110714921875
6 0.7782100859375001 0.5870531437500001 0.7363857874999999 0.582487171875 0.7185771562500001 0.5913914890624999 0.7092041921875001 0.6092001203125 0.7021832703124999 0.6495704203125 0.70484358125 0.653952109375 0.70484358125 0.693984175 0.7082668953125 0.7062102968749999 0.7195144515624999 0.7179265015625 0.732167953125 0.7226129828125 0.7851252 0.7343291875 0.816524628125 0.7371410765624999 0.8371451499999999 0.7437021515625 0.854016484375 0.7441708 0.8563597250000001 0.7390156703125 0.8657326890625001 0.668718440625 0.8702555437499999 0.6044939109375 0.8332524921875001 0.6372680421875 0.8173958375 0.6422515625 0.806522703125 0.6377210890625 0.8015391828125 0.6313784265625 0.7782100859375001 0.5870531437500001
6 0.8116498 0.45333693750000004 0.8010466484375 0.44768771875 0.7494387453125 0.49682338593750003 0.7471735093749999 0.50588433125 0.7480796046875 0.5249123171875001 0.7562344546875 0.5452994453125 0.8015391828125 0.6313784265625 0.806522703125 0.6377210890625 0.8173958375 0.6422515625 0.8332524921875001 0.6372680421875 0.88082245625 0.5951346453124999 0.90981748125 0.5661396203125 0.91616014375 0.5570786734375 0.9188784265625 0.54756468125 0.9188784265625 0.5344263109375 0.9138949078125 0.5217409859375 0.8984304968749999 0.4933895671875 0.8116498 0.45333693750000004
5 0.274864359375 0.617348775 0.2690962125 0.6109965109375 0.2631334125 0.6120806562500001 0.25500232343749996 0.6397263609375 0.238359925 0.6760370484375 0.25883099375 0.682617034375 0.2719108453125 0.634095003125 0.2719108453125 0.6298756953125 0.2672696078125 0.6277660421875 0.26684767656249997 0.6235467359375 0.2676915375 0.6201712890625 0.274864359375 0.6214370812500001 0.274864359375 0.617348775
1 0.3034546765625 0.6488343140625 0.29337475468749996 0.6041501234375 0.2799376640625 0.59202396875 0.24199258124999998 0.5502843765625001 0.212720659375 0.5323959796875 0.1959164078125 0.5475740140625 0.1823645921875 0.5838928796875 0.176943865625 0.58931360625 0.17477557500000002 0.602865421875 0.178570084375 0.6072020031250001 0.17748593906250001 0.6126227281250001 0.161223759375 0.64785745 0.161223759375 0.652736103125 0.17043899375 0.6554464656250001 0.17423350312500002 0.6662879187499999 0.1623079046875 0.6744190078125001 0.1595975421875 0.6858025328124999 0.15255059843750002 0.6923074046875 0.1530926703125 0.6988122765625 0.178570084375 0.691223259375 0.1845328828125 0.684176315625 0.23711392656250002 0.6787555890625 0.2532504765625 0.6435485734374999 0.25500232343749996 0.6397263609375 0.2631334125 0.6120806562500001 0.2690962125 0.6109965109375 0.3034546765625 0.6488343140625
2 0.315554196875 0.7423146203125001 0.318025875 0.743550459375 0.319879634375 0.7577626125 0.316172115625 0.7954557109375 0.32173339375 0.8312950515624999 0.3316201078125 0.8566297578125001 0.3359455453125 0.8652806328124999 0.37178488593750003 0.9035916515625001 0.40700630625 0.9270725984375 0.447171084375 0.9443743484375 0.500312175 0.955496903125 0.52132144375 0.9567327421874999 0.58929260625 0.9388130718750001 0.6251319453125 0.9196575625 0.6634429640625 0.887525740625 0.6912493484375 0.827587534375 0.69619270625 0.798545309375 0.70484358125 0.773210603125 0.70484358125 0.653952109375 0.6943389468750001 0.636650359375 0.680744715625 0.6205844484374999 0.6566458484375 0.60081101875 0.6294573828125001 0.5872167859374999 0.5973255609375 0.577330071875 0.553453265625 0.569297115625 0.4527323609375 0.5625 0.4508786015625 0.5625 0.43829939375000004 0.5674222984374999 0.44888210781250004 0.61639549375 0.44117558125 0.6223235921875 0.32722839375 0.6495718328125 0.3167900359375 0.698442325 0.315554196875 0.7423146203125001
5 0.38070898125 0.357930425 0.247326778125 0.4000199203125 0.30482932812499997 0.6549281312499999 0.44117558125 0.6223235921875 0.44888210781250004 0.61639549375 0.39315798750000003 0.358523234375 0.38070898125 0.357930425
3 0.7569236109374999 0.4073171875 0.761069534375 0.4263884359375 0.8116498 0.45333693750000004 0.9410026125 0.5130382359375 0.956342528125 0.5142820125 0.9654635609375 0.511379865625 0.9749991843749999 0.50516098125 0.9853639921875 0.49189402656250003 0.9890953234375001 0.43799702187499995 0.9749991843749999 0.41643821875000003 0.9555133437500001 0.40482963437499997 0.9007871546875 0.37953950000000003 0.799626621875 0.3355927125 0.786774259375 0.332690565625 0.775580265625 0.3442991515625 0.7635570875 0.37249143125 0.7569236109374999 0.4073171875