3 0.45163908125 0.7998896953125 0.4566666328125 0.795354184375 0.462421440625 0.7901625937500001 0.46427801718749995 0.7900357078125 0.46237435312499997 0.7807640953125 0.4624304203125 0.7797199515625 0.4542640859375 0.7822754234375 0.44895035625 0.7883940734375 0.447827903125 0.794344690625 0.45163908125 0.7998896953125
1 0.6531531859374999 0.4570316984375 0.6767736656250001 0.4380260921875 0.676549309375 0.42947788124999997 0.6732950796875 0.41266519218750003 0.6427161359375 0.406903525 0.6531531859374999 0.4570316984375
3 0.67129545625 0.6895263859375 0.6661595765625 0.69666969375 0.7480924390625 0.7311426234375 0.852737525 0.6590828890625 0.8521121859375 0.6583861609375 0.67129545625 0.6895263859375
3 0.84671495 0.6523727828125 0.8507100921875 0.639817034375 0.854588503125 0.6065704968750001 0.8563816359375 0.580959303125 0.8481532828124999 0.5843612625 0.8370302281249999 0.5788010421875 0.822282371875 0.5668050890624999 0.8027090937500001 0.5472660406250001 0.7900130984375 0.5678639999999999 0.7848535531249999 0.5729040359375001 0.7909378578124999 0.584555 0.792500440625 0.6028949765625 0.77960385 0.6058723890625 0.83007686875 0.6338353156250001 0.84671495 0.6523727828125
3 0.7822562484375 0.5268489656249999 0.7607281515625 0.5095735703125001 0.7433864125 0.4900482828125 0.73623058125 0.477582971875 0.7307931187500001 0.4651487421875 0.727323725 0.4501211515625 0.7268538453125 0.43696786562499995 0.729347915625 0.4237457078125 0.7071509640625 0.42977756874999995 0.7478509828125001 0.5090133531250001 0.778487746875 0.5607140109375 0.7848535531249999 0.5729040359375001 0.7900130984375 0.5678639999999999 0.8027090937500001 0.5472660406250001 0.7822562484375 0.5268489656249999
1 0.6455464484375 0.7592193375 0.6420295031250001 0.7367974171875 0.644364946875 0.7295941625 0.5828139 0.7501413390625 0.5772145109375 0.751434059375 0.5779499218749999 0.752715128125 0.5789381453125 0.75623958125 0.630766159375 0.7870063859374999 0.6455464484375 0.7592193375
1 0.7121966609375 0.7721029109375 0.6946360874999999 0.7921410921875001 0.68845500625 0.7941212953125001 0.6720520515625 0.7901635921875 0.6573198921875 0.8027695484375 0.69424525 0.824689646875 0.7271076328125 0.80160456875 0.7263388156249999 0.7934794562499999 0.7205167718750001 0.782646425 0.7121966609375 0.7721029109375
1 0.474177903125 0.741150428125 0.487615 0.7421469625 0.49609695 0.7492970484375 0.5060259703125001 0.76607769375 0.5217472140625 0.76115808125 0.5230042375 0.7494608203124999 0.5297550390625 0.7392493906250001 0.5426257484375 0.729902146875 0.5585572437499999 0.7298673890625 0.5703321546875 0.7394451390625 0.5772145109375 0.751434059375 0.5828139 0.7501413390625 0.644364946875 0.7295941625 0.6459068234374999 0.7248385203125001 0.6609639140625 0.7038961546875 0.6556044875 0.69222868125 0.6076281406249999 0.7278593078125 0.5978340984375 0.7317233578125 0.5864017890625 0.7423773125 0.5795730671875 0.742885234375 0.54968805 0.6893886265625 0.495520228125 0.71006431875 0.46405465156250003 0.7281481750000001 0.41018388593750005 0.7291293249999999 0.393586584375 0.7231994046875 0.393103459375 0.7242669578125 0.385226946875 0.7416715140625 0.3953559625 0.7606223609375 0.40699524374999996 0.7733878890625 0.41301408281249996 0.7726179890625 0.429259796875 0.77610516875 0.44210678750000004 0.78607978125 0.4624304203125 0.7797199515625 0.463835234375 0.7535573484375 0.474177903125 0.741150428125
3 0.9042005625 0.55473756875 0.91250850625 0.5258681921874999 0.9230663453125001 0.501185178125 0.921596103125 0.48184585625 0.9097223859374999 0.46747516093749997 0.9065964609374999 0.45022927968750004 0.8892547234375 0.4307039921875 0.8044234734375 0.36344563750000003 0.785833246875 0.35704255625000003 0.7724613437500001 0.35841850625 0.7625577875 0.36369951562499997 0.7504053796875 0.37591669687499996 0.739284415625 0.39260154062499997 0.73166288125 0.41147306875 0.7268538453125 0.43696786562499995 0.727323725 0.4501211515625 0.7307931187500001 0.4651487421875 0.73623058125 0.477582971875 0.7433864125 0.4900482828125 0.7607281515625 0.5095735703125001 0.7822562484375 0.5268489656249999 0.822282371875 0.5668050890624999 0.8370302281249999 0.5788010421875 0.8481532828124999 0.5843612625 0.8645552562500001 0.5775799765625 0.873179240625 0.58713954375 0.884270690625 0.5888568703125 0.8903303078125001 0.572484934375 0.896172353125 0.5681415984375 0.9042005625 0.55473756875
5 0.77960385 0.6058723890625 0.792500440625 0.6028949765625 0.7909378578124999 0.584555 0.778487746875 0.5607140109375 0.7478509828125001 0.5090133531250001 0.7041778937500001 0.4239895265625 0.6976610375 0.42121961093750004 0.6531531859374999 0.4570316984375 0.6716956390625 0.5460893718750001 0.77960385 0.6058723890625
5 0.5978340984375 0.7317233578125 0.6076281406249999 0.7278593078125 0.6399915953125 0.70382391875 0.665078125 0.6851928875 0.62557581875 0.6633277359374999 0.5879208484375 0.6830040078125 0.5695140875 0.6777069640625 0.5545947796874999 0.6875157421875 0.54968805 0.6893886265625 0.5795730671875 0.742885234375 0.5864017890625 0.7423773125 0.5978340984375 0.7317233578125
3 0.5426257484375 0.729902146875 0.5297550390625 0.7392493906250001 0.5230042375 0.7494608203124999 0.5205451531249999 0.772343871875 0.5110330249999999 0.7745399203125001 0.49609695 0.7492970484375 0.487615 0.7421469625 0.474177903125 0.741150428125 0.463835234375 0.7535573484375 0.46237435312499997 0.7807640953125 0.46427801718749995 0.7900357078125 0.4742970578125 0.7893509703125 0.48085190625 0.7926628640625 0.4913543953125 0.8047137671875 0.49540779687500003 0.8139108828125 0.498334059375 0.8286759390625 0.49757940312500004 0.8329607343750001 0.49953060625 0.8332114890625 0.508144353125 0.827124115625 0.514029859375 0.8111920625 0.5133625359375 0.788575384375 0.51502528125 0.7859144359375 0.5249366921874999 0.785447865625 0.525473278125 0.786430309375 0.528485475 0.778454584375 0.53701266875 0.7709254875 0.5575358593749999 0.770892321875 0.583181759375 0.78452035 0.5831069359375001 0.7711073765625 0.5779499218749999 0.752715128125 0.5703321546875 0.7394451390625 0.5585572437499999 0.7298673890625 0.5426257484375 0.729902146875
3 0.6281987921875001 0.8046224390625 0.63260510625 0.8237082828125001 0.6321102671875 0.8293996 0.633432865625 0.8289516515625 0.650803121875 0.808345790625 0.6720520515625 0.7901635921875 0.68845500625 0.7941212953125001 0.6946360874999999 0.7921410921875001 0.7480924390625 0.7311426234375 0.67175426875 0.6888882390625 0.6459068234374999 0.7248385203125001 0.6420295031250001 0.7367974171875 0.6455464484375 0.7592193375 0.6301162031249999 0.788228309375 0.6235282062499999 0.796177509375 0.6281987921875001 0.8046224390625
3 0.6223250984375001 0.7940021609375 0.61032858125 0.7809459140625 0.5950844546875 0.7797603109375 0.5872756703124999 0.786695821875 0.5575358593749999 0.770892321875 0.53701266875 0.7709254875 0.528485475 0.778454584375 0.5237072890625 0.791106315625 0.5229593671874999 0.81009893125 0.5249291921875 0.8297472828125001 0.5304289234375 0.84986386875 0.5389898078125 0.86841828125 0.5486435859375 0.8824431171875 0.5582968421875 0.8909076375 0.5708859000000001 0.8935616625 0.5841301703124999 0.887937625 0.5968424890625 0.872598703125 0.6036816375 0.8521998156249999 0.6132406203125 0.8546979374999999 0.619331846875 0.8532916671875 0.6262036375 0.8478556546875 0.631200925 0.839858325 0.63260510625 0.8237082828125001 0.6281987921875001 0.8046224390625 0.6223250984375001 0.7940021609375
3 0.498334059375 0.8286759390625 0.49540779687500003 0.8139108828125 0.4913543953125 0.8047137671875 0.48085190625 0.7926628640625 0.4742970578125 0.7893509703125 0.462421440625 0.7901625937500001 0.45163908125 0.7998896953125 0.4421936171875 0.786147196875 0.429259796875 0.77610516875 0.41301408281249996 0.7726179890625 0.3989537109375 0.774416521875 0.388312171875 0.7826635546875 0.380067496875 0.7971125031249999 0.3772511234375 0.82671390625 0.3859936703125 0.8604019984375 0.3952983171875 0.8756245671875 0.408514365625 0.888979078125 0.42017905000000005 0.8935238703125 0.43346403593750005 0.8904567890624999 0.4529848171875 0.8705094265625 0.460735740625 0.8518317906249999 0.4786379890625 0.8583141671875 0.49012562031250007 0.853731959375 0.49541074375000005 0.84527399375 0.498334059375 0.8286759390625
6 0.8594587625000001 0.6665714140625 0.83007686875 0.6338353156250001 0.6716956390625 0.5460893718750001 0.672016478125 0.5476303265625 0.6903869984375001 0.6085602140625 0.6428816796875 0.615838753125 0.6257158390625001 0.6133496703125 0.6254240890625 0.6138840328125 0.631470303125 0.6538566640625 0.6293793859375 0.6613402140625 0.62557581875 0.6633277359374999 0.8015715265625 0.7607441453125 0.8335783687499999 0.763971946875 0.87312299375 0.7589712484375 0.885875025 0.77077326875 0.9326560046875001 0.7587933437500001 0.93304241875 0.7451377578125 0.9280438796875 0.7285964890625001 0.9003862671875 0.70843884375 0.88276714375 0.703658903125 0.8594587625000001 0.6665714140625
1 0.3632631546875 0.49556940312500003 0.36149825 0.5099785125 0.3626150140625 0.5230858984375 0.36642692656250003 0.5285702359375 0.369124409375 0.545767753125 0.3754927515625 0.5512983296875 0.38153896875000004 0.5912709609375 0.38972156406249997 0.6129300875 0.3844237453125 0.623063328125 0.38313134843749996 0.71946393125 0.41018388593750005 0.7291293249999999 0.46405465156250003 0.7281481750000001 0.495520228125 0.71006431875 0.5545947796874999 0.6875157421875 0.5695140875 0.6777069640625 0.5879208484375 0.6830040078125 0.6293793859375 0.6613402140625 0.631470303125 0.6538566640625 0.6254240890625 0.6138840328125 0.6257158390625001 0.6133496703125 0.5856312265625 0.60753731875 0.5596807421875 0.6362768453125 0.5575260828124999 0.6429225 0.5592779625000001 0.6505107234375 0.5448646562499999 0.651993834375 0.5414055656250001 0.634347790625 0.5366011296875 0.6348421609375 0.5344911421874999 0.6390182171875 0.5383090921875 0.6528924859374999 0.51662175 0.654825296875 0.492009853125 0.5934918796875001 0.48024106718750004 0.545178753125 0.47871178593749997 0.5172500359375001 0.4833345390625 0.49466404375 0.5240958531250001 0.394260003125 0.53976591875 0.3875681765625 0.5334329515625 0.368126334375 0.53477905 0.35797842343749997 0.53882254375 0.35640674843750003 0.5044570390625001 0.3490497140625 0.4363629015625 0.3463137640625 0.3801692390625 0.35928709375 0.379518765625 0.36198302031249996 0.374779715625 0.3828067140625 0.3773847171875 0.4051170921875 0.370877653125 0.4072558046875 0.368368240625 0.4129266578125 0.383482615625 0.5004479515625 0.37878825 0.5021681703125 0.3748368375 0.4960796015625 0.3632631546875 0.49556940312500003
5 0.53976591875 0.3875681765625 0.5240958531250001 0.394260003125 0.4833345390625 0.49466404375 0.47871178593749997 0.5172500359375001 0.48024106718750004 0.545178753125 0.492009853125 0.5934918796875001 0.51662175 0.654825296875 0.5383090921875 0.6528924859374999 0.5344911421874999 0.6390182171875 0.5366011296875 0.6348421609375 0.5414055656250001 0.634347790625 0.5448646562499999 0.651993834375 0.5592779625000001 0.6505107234375 0.5575260828124999 0.6429225 0.5596807421875 0.6362768453125 0.5856312265625 0.60753731875 0.6428816796875 0.615838753125 0.6903869984375001 0.6085602140625 0.672016478125 0.5476303265625 0.6268249703125 0.330579734375 0.6250284203125 0.325461109375 0.6165869671875 0.3261803296875 0.53477905 0.35797842343749997 0.5334329515625 0.368126334375 0.53976591875 0.3875681765625