3 0.400470028125 0.76409943125 0.391938140625 0.76475238125 0.3853842046875 0.76951888125 0.382951921875 0.7750644875 0.38541806562500003 0.7813247015625 0.3913370296875 0.7780363890625 0.39811219531250003 0.774272409375 0.39994973125 0.7745664140625 0.4001805171875 0.7651042015625 0.400470028125 0.76409943125
1 0.6861840640625 0.4793799015625 0.6878883874999999 0.4710003125 0.6884995953125 0.45388648906249995 0.66000048125 0.4413937265625 0.65889364375 0.49258494375 0.6861840640625 0.4793799015625
3 0.6176598624999999 0.729006834375 0.68973806875 0.781027109375 0.807911021875 0.7343542828125 0.8074584390625 0.733534740625 0.6242710046875 0.7232019296875001 0.6176598624999999 0.729006834375
3 0.764460403125 0.6478346390625 0.761857340625 0.6660560671875 0.748621515625 0.6660560671875 0.791510625 0.704656265625 0.8035522500000001 0.7264613718749999 0.8102694265625001 0.7151261375 0.8215272765625 0.683604159375 0.8290357171875 0.659052746875 0.82025298125 0.6605165359375 0.8106657875 0.65259668125 0.7989944203125 0.6375906375 0.7843181328125 0.6141493453125 0.767314003125 0.6313634031250001 0.7611529359375 0.6351136171875 0.764460403125 0.6478346390625
3 0.75769244375 0.6218040265625 0.7611529359375 0.6351136171875 0.767314003125 0.6313634031250001 0.7843181328125 0.6141493453125 0.7689823359375 0.5896546687499999 0.7518921203125 0.5679792734375 0.739387084375 0.545053375 0.7352187406249999 0.5312978375 0.7327177328125 0.5179591328125001 0.7327177328125 0.5025362546875 0.7352187406249999 0.4896143859375 0.7406232265625 0.47729215625 0.7176383078125 0.47817619218749996 0.7394710156250001 0.56453668125 0.75769244375 0.6218040265625
1 0.5186751515625 0.76235930625 0.5191035359375 0.7637729734375001 0.5192736015625 0.767429396875 0.5628522421875 0.809066415625 0.5835044390624999 0.7853163890625 0.5851214671875 0.7626780015625 0.5890174328125 0.7561847265625 0.5244218265625 0.76235930625 0.5186751515625 0.76235930625
1 0.616227478125 0.8600635453125 0.6534406125000001 0.8449625640624999 0.6545192531249999 0.8368727515625001 0.6512833296875 0.8250076953125 0.6455482375 0.8128627937499999 0.6239301312500001 0.8284371281249999 0.617462021875 0.8289761375 0.6023697625 0.8214300078125 0.5851794640625 0.830398859375 0.616227478125 0.8600635453125
1 0.3689627140625 0.753115528125 0.3792366390625 0.7657244359375001 0.400470028125 0.76409943125 0.40772414218749997 0.7389233875000001 0.42059267812499995 0.72916105 0.43346121249999997 0.7331547328125 0.4401173515625 0.7420295859375 0.4460170671875 0.7606136875 0.46244204843750003 0.759356675 0.46629816562500004 0.7482419828125 0.4751730171875 0.7398108718749999 0.4898165234375 0.7335984765625 0.5053475140625 0.7371484171875 0.514666109375 0.7491294671875 0.5186751515625 0.76235930625 0.5244218265625 0.76235930625 0.5890174328125 0.7561847265625 0.591589578125 0.7518978171875 0.6109717640625 0.7348793109375 0.608374309375 0.722305265625 0.553612446875 0.7462303515625 0.543200203125 0.7477921875 0.529664284375 0.755601371875 0.5228963249999999 0.7545601468750001 0.5058113765625001 0.6957119875 0.4483808546875 0.7036726546875001 0.41365375625 0.7142148078125 0.360942984375 0.7030525265625001 0.3461050125 0.6935410078124999 0.34539412187499996 0.6944725203125001 0.3338043109375 0.70965916875 0.3394107078125 0.7304028406249999 0.34788005625 0.7454594578125 0.353917821875 0.746063234375 0.3689627140625 0.753115528125
3 0.8440125484375001 0.6688532265625 0.8544334109375 0.673021571875 0.8640206046875001 0.6584323640624999 0.8706899578125 0.655514521875 0.8815276546874999 0.644259990625 0.8961168625000001 0.617999415625 0.9119565749999999 0.596324021875 0.914874415625 0.5771496328125 0.906537725 0.5604762531249999 0.9073713953125001 0.542969203125 0.894866359375 0.5200433046875 0.8273391671875 0.4354258984375 0.8106657875 0.4250050359375 0.7973270828125 0.423337696875 0.7864893859375 0.42625553906249997 0.7719001765625 0.4354258984375 0.7573109687499999 0.44918143749999995 0.745639603125 0.4658548171875 0.7352187406249999 0.4896143859375 0.7327177328125 0.5025362546875 0.7327177328125 0.5179591328125001 0.7352187406249999 0.5312978375 0.739387084375 0.545053375 0.7518921203125 0.5679792734375 0.7689823359375 0.5896546687499999 0.7989944203125 0.6375906375 0.8106657875 0.65259668125 0.82025298125 0.6605165359375 0.83776003125 0.6575986953124999 0.8440125484375001 0.6688532265625
5 0.7160434640625 0.47186770312500004 0.7103167296875 0.46770280625 0.65889364375 0.49258494375 0.6569272374999999 0.5835312187499999 0.748621515625 0.6660560671875 0.761857340625 0.6660560671875 0.764460403125 0.6478346390625 0.75769244375 0.6218040265625 0.7394710156250001 0.56453668125 0.7160434640625 0.47186770312500004
5 0.5110136546875 0.6949908796875001 0.5058113765625001 0.6957119875 0.5228963249999999 0.7545601468750001 0.529664284375 0.755601371875 0.543200203125 0.7477921875 0.553612446875 0.7462303515625 0.5905532140624999 0.7300911812499999 0.6191878484375 0.7175809046875 0.5856165718749999 0.68739006875 0.5445004984375 0.6980915140625 0.5277570765624999 0.6887896125 0.5110136546875 0.6949908796875001
3 0.5199910203125 0.7828539046875 0.5191035359375 0.7637729734375001 0.514666109375 0.7491294671875 0.5053475140625 0.7371484171875 0.4898165234375 0.7335984765625 0.4751730171875 0.7398108718749999 0.46629816562500004 0.7482419828125 0.45875454062500004 0.7699853703125 0.4489922046875 0.7699853703125 0.4401173515625 0.7420295859375 0.43346121249999997 0.7331547328125 0.42059267812499995 0.72916105 0.40772414218749997 0.7389233875000001 0.4001805171875 0.7651042015625 0.39994973125 0.7745664140625 0.40986601718750004 0.7761530203125 0.41550785156250003 0.78085455 0.4230302984375 0.7949591359375 0.42491091093750005 0.804832346875 0.4244407578125 0.8198772406250001 0.422741575 0.82388245625 0.4245863609375 0.824565709375 0.43434869843749996 0.8205720265625001 0.4436672921875 0.8063722625 0.44810471874999996 0.7841851328125 0.45032343125 0.7819664203125 0.46008576874999996 0.783741390625 0.46038759999999995 0.7848193593749999 0.4651167421875 0.7777256484375 0.47511906249999997 0.7723077234375 0.49512370624999996 0.776892121875 0.5170466640625 0.7959399359375 0.5199910203125 0.7828539046875
3 0.5851214671875 0.7626780015625 0.5835044390624999 0.7853163890625 0.5619440703125 0.8101108140625 0.55373674375 0.8163743 0.5563879265625 0.8256534390624999 0.5563879265625 0.84524131875 0.554625503125 0.8506754531249999 0.55601496875 0.8505365062499999 0.5775753375 0.8343662296875 0.6023697625 0.8214300078125 0.617462021875 0.8289761375 0.6239301312500001 0.8284371281249999 0.68973806875 0.781027109375 0.624861609375 0.72268335 0.591589578125 0.7518978171875 0.5851214671875 0.7626780015625
3 0.54471855 0.867329778125 0.551386765625 0.8606615640624999 0.5563879265625 0.84524131875 0.5563879265625 0.8256534390624999 0.55305381875 0.8139840640625 0.5443017875 0.79856381875 0.5297150687500001 0.7939794203125 0.5205462734374999 0.79898058125 0.49512370624999996 0.776892121875 0.47511906249999997 0.7723077234375 0.4651167421875 0.7777256484375 0.457615 0.788978259375 0.4526138390625 0.80731585 0.450113259375 0.8269037296875 0.45094678593750004 0.8477418984374999 0.45511442031250005 0.8677465421875 0.461365871875 0.8835835515625 0.4688676125 0.8940026359375001 0.4805369875 0.8994205609374999 0.4947069421875 0.8969199796874999 0.5105439515625 0.8848338421875 0.5217965640625 0.8664962515625 0.5305485953125 0.87108065 0.536800046875 0.87108065 0.54471855 0.867329778125
3 0.38259714843750003 0.833981828125 0.398582346875 0.8443251921874999 0.4108063234375 0.8424445796875 0.41785861718749995 0.8353922859375 0.4244407578125 0.8198772406250001 0.42491091093750005 0.804832346875 0.4230302984375 0.7949591359375 0.41550785156250003 0.78085455 0.40986601718750004 0.7761530203125 0.39811219531250003 0.774272409375 0.38541806562500003 0.7813247015625 0.379306078125 0.76580965625 0.3689627140625 0.753115528125 0.353917821875 0.746063234375 0.339813234375 0.7446527749999999 0.327589259375 0.7502946109375 0.3163055890625 0.7625185859375 0.30690253125 0.7907277609375 0.3078428359375 0.8255190750000001 0.313484671875 0.8424445796875 0.3233578828125 0.8584297796874999 0.33370124687499997 0.865482071875 0.34733568125000003 0.865482071875 0.3708433265625 0.8504371796875001 0.38259714843750003 0.833981828125
6 0.8667995718749999 0.8362682421875001 0.865650121875 0.8190264984375 0.8432358546875 0.7931638828125 0.8271435609375001 0.7845430109375 0.8127754421875 0.7431628265625 0.791510625 0.704656265625 0.6569272374999999 0.5835312187499999 0.6568932140625 0.585104853125 0.6610866578125 0.6486055796875 0.61316158125 0.6450111984375 0.596995621875 0.6387244359375 0.59659114375 0.6391794734375 0.593490509375 0.6794877109375 0.58976975 0.6863091046875 0.5856165718749999 0.68739006875 0.735187596875 0.821900121875 0.765648009375 0.8322451687499999 0.8053040203125 0.8362682421875001 0.815074340625 0.8506363609375001 0.8633512234375 0.8494869109375 0.8667995718749999 0.8362682421875001
1 0.39132919374999997 0.3855476390625 0.38636818125 0.4742257625 0.3814071671875 0.47484588906249997 0.378926659375 0.4680244953125 0.367764378125 0.4649238609375 0.3628033640625 0.47856664843749996 0.360942984375 0.4915893109375 0.363423490625 0.49779057812499994 0.3621832375 0.5151541265625 0.36714425156249997 0.5219755203124999 0.36404361875 0.5622837578125 0.36714425156249997 0.585228446875 0.35970273124999996 0.5939102218750001 0.3367580421875 0.687549359375 0.360942984375 0.7030525265625001 0.41365375625 0.7142148078125 0.4483808546875 0.7036726546875001 0.5110136546875 0.6949908796875001 0.5277570765624999 0.6887896125 0.5445004984375 0.6980915140625 0.58976975 0.6863091046875 0.593490509375 0.6794877109375 0.59659114375 0.6391794734375 0.596995621875 0.6387244359375 0.5592458703125 0.624043978125 0.5274955078125 0.646209325 0.5239011265625 0.6521999593750001 0.5239011265625 0.6599877843749999 0.5095236046875 0.65819059375 0.5101226671875 0.640218690625 0.5053301593749999 0.639619628125 0.5023348421875 0.6432140078125 0.50293390625 0.65759153125 0.48136762187500004 0.6545962140625 0.47118354374999993 0.589298296875 0.47058447968749995 0.53957603125 0.47537698749999996 0.5120191125 0.484962003125 0.491051890625 0.5472646015625 0.4023905 0.564038378125 0.3993951828125 0.5622411875 0.37902702499999996 0.5658355687500001 0.3694420109375 0.570128978125 0.36882020625 0.53829923125 0.35392117500000003 0.472565796875 0.3359375 0.4148940109375 0.3359375 0.41365375625 0.33841800625 0.40435185625000003 0.3576419359375 0.40187134843749994 0.3799664984375 0.39504995468750004 0.38058662499999996 0.39132919374999997 0.3855476390625
5 0.6610866578125 0.3580598046875 0.65269976875 0.35686167812499997 0.5658355687500001 0.3694420109375 0.5622411875 0.37902702499999996 0.564038378125 0.3993951828125 0.5472646015625 0.4023905 0.484962003125 0.491051890625 0.47537698749999996 0.5120191125 0.47058447968749995 0.53957603125 0.47118354374999993 0.589298296875 0.48136762187500004 0.6545962140625 0.50293390625 0.65759153125 0.5023348421875 0.6432140078125 0.5053301593749999 0.639619628125 0.5101226671875 0.640218690625 0.5095236046875 0.65819059375 0.5239011265625 0.6599877843749999 0.5239011265625 0.6521999593750001 0.5274955078125 0.646209325 0.5592458703125 0.624043978125 0.61316158125 0.6450111984375 0.6610866578125 0.6486055796875 0.6568932140625 0.585104853125 0.661685721875 0.363451375 0.6610866578125 0.3580598046875