3 0.3428198796875 0.7599365640625 0.34918037812499997 0.757614665625 0.3564609453125 0.754956896875 0.358229865625 0.7555347359375 0.35993802656249996 0.746225121875 0.3603811546875 0.7452780109375 0.3518521640625 0.744588240625 0.3446332734375 0.7482707953125 0.3413634125 0.753367634375 0.3428198796875 0.7599365640625
1 0.6580973703125 0.517532678125 0.6871175234375 0.5087593734375 0.6901117203125 0.500749565625 0.6933925953125 0.48394205625 0.6671986515625 0.46714485625 0.6580973703125 0.517532678125
3 0.5878245484375 0.7398942109375 0.5803867125 0.7445934375000001 0.643439753125 0.8072487718750001 0.7674590390625 0.7796368890625 0.7671402328125 0.7787566375 0.5878245484375 0.7398942109375
3 0.7643886546875 0.771159290625 0.7727963531250001 0.761014409375 0.7888467234375 0.7316416343750001 0.800103409375 0.7085670703125 0.7911998171875 0.7086389140625 0.7829695953125 0.6993167984374999 0.773789384375 0.6826697 0.7629608125 0.6572211328125 0.7434731609375 0.671563225 0.7368012828125 0.6743034640625 0.7380780234375 0.6873852703125001 0.73265655 0.7049751546875 0.7195836796874999 0.702904615625 0.7559063515625 0.7477389156250001 0.7643886546875 0.771159290625
3 0.7516456375 0.6306289781250001 0.738156609375 0.6065469453125 0.72939193125 0.581947084375 0.727426746875 0.5677088265625 0.7270431640624999 0.5541431 0.7294558343750001 0.538910103125 0.733947475 0.5265385671875 0.7412130453125 0.5152134937499999 0.7183728140625 0.5124910125000001 0.72642696875 0.6012036484375 0.735465475 0.660616396875 0.7368012828125 0.6743034640625 0.7434731609375 0.671563225 0.7629608125 0.6572211328125 0.7516456375 0.6306289781250001
1 0.5378430437499999 0.79486664375 0.5429815875 0.77275993125 0.547845359375 0.7669560625 0.483079115625 0.7629496437500001 0.47740319218750005 0.762050665625 0.47760515625 0.7635139421875 0.4772011375 0.7671519531250001 0.5137297875 0.8150935515625 0.5378430437499999 0.79486664375
1 0.5948137734375 0.83177969375 0.571025459375 0.843780465625 0.5645526640625 0.8433010031249999 0.5508266890625 0.8334868296875 0.5324449953125 0.8396561046875 0.5584701765625 0.8738125484375001 0.5975874703125 0.8647189031250001 0.59991835625 0.856897425 0.5985783765625 0.8446722375 0.5948137734375 0.83177969375
1 0.385721628125 0.7139176546875 0.3978069796875 0.7198752515625 0.4029928375 0.729682090625 0.40591272343749996 0.748960309375 0.42233212656249997 0.75028820625 0.4278794890625 0.739913584375 0.43796399375000006 0.73297460625 0.453399046875 0.7291294453125 0.4681834921875 0.7350652625 0.47551311093750004 0.7483565546875 0.47740319218750005 0.762050665625 0.483079115625 0.7629496437500001 0.547845359375 0.7669560625 0.5510564578125 0.763124303125 0.5728622984375 0.749347365625 0.5722638359375 0.7365217953125 0.5144334749999999 0.75158568125 0.5039050984375 0.7514994546875 0.4893142046875 0.7570950109375 0.48279245312499997 0.7550078640625 0.475123728125 0.6942115484375 0.41715495 0.6930900921875 0.3812062421875 0.6980699390625 0.33089059375 0.678799303125 0.31772323125 0.6670837171875 0.31687537187500003 0.667892553125 0.3030525359375 0.6810791828125 0.3053448828125 0.7024445 0.3113545859375 0.7186406421875 0.317223565625 0.7201815 0.3309800078125 0.7295005078125001 0.33915497656250004 0.743561375 0.3603811546875 0.7452780109375 0.371484359375 0.7215467203125 0.385721628125 0.7139176546875
3 0.85426318125 0.7021679859375001 0.87278083125 0.6785129765625 0.891816309375 0.6595823203125 0.8976977609375 0.6411004499999999 0.892072 0.6233282015625 0.8956341125 0.6061671078125 0.8868694359375 0.5815672453125 0.83341069375 0.48742804062499995 0.8185727734375 0.474527184375 0.8056591187500001 0.470793740625 0.7944984015625 0.47198027031249995 0.77865425 0.478755471875 0.76209281875 0.4900594015625 0.7479568546875 0.5047017015625 0.733947475 0.5265385671875 0.7294558343750001 0.538910103125 0.7270431640624999 0.5541431 0.727426746875 0.5677088265625 0.72939193125 0.581947084375 0.738156609375 0.6065469453125 0.7516456375 0.6306289781250001 0.773789384375 0.6826697 0.7829695953125 0.6993167984374999 0.7911998171875 0.7086389140625 0.8089477765625 0.708495703125 0.81336271875 0.7205897828125 0.8230032109375 0.726336990625 0.8347546250000001 0.7134271671875 0.8417983187500001 0.711588565625 0.85426318125 0.7021679859375001
5 0.7195836796874999 0.702904615625 0.73265655 0.7049751546875 0.7380780234375 0.6873852703125001 0.735465475 0.660616396875 0.72642696875 0.6012036484375 0.717784471875 0.5060107015625 0.7127797765625 0.5010012234375 0.6580973703125 0.517532678125 0.6419280406250001 0.6070516390625 0.7195836796874999 0.702904615625
5 0.5039050984375 0.7514994546875 0.5144334749999999 0.75158568125 0.5534441625000001 0.7414240203125 0.5836832953125 0.733547209375 0.5552482249999999 0.69847636875 0.5129642828125001 0.702614090625 0.4978821390625 0.6908074625 0.48037476406249996 0.6943131328125001 0.475123728125 0.6942115484375 0.48279245312499997 0.7550078640625 0.4893142046875 0.7570950109375 0.5039050984375 0.7514994546875
3 0.453399046875 0.7291294453125 0.43796399375000006 0.73297460625 0.4278794890625 0.739913584375 0.41702732343750004 0.760209190625 0.407385178125 0.7586820249999999 0.4029928375 0.729682090625 0.3978069796875 0.7198752515625 0.385721628125 0.7139176546875 0.371484359375 0.7215467203125 0.35993802656249996 0.746225121875 0.358229865625 0.7555347359375 0.367775865625 0.75865305625 0.372612759375 0.7641792796875 0.3778361484375 0.7792869859375 0.378149096875 0.7893328328125 0.3753311921875 0.8041189515625 0.373026375 0.8078090453125 0.374741565625 0.8087724749999999 0.3850084609375 0.8063551265625 0.3964336609375 0.793787934375 0.40428728593749996 0.77256813125 0.406825765625 0.77072381875 0.416190246875 0.7740041015625 0.41631972968750003 0.775116015625 0.42210035 0.768849440625 0.43282707499999995 0.765062928125 0.4518682703125 0.7727203 0.4705415859375 0.794963109375 0.4754967984375 0.7824987890624999 0.47760515625 0.7635139421875 0.47551311093750004 0.7483565546875 0.4681834921875 0.7350652625 0.453399046875 0.7291294453125
3 0.5047502765625 0.8304651203125 0.50168605625 0.849811840625 0.4990952453125 0.8549033671874999 0.500489340625 0.8549834921875 0.5243138546874999 0.8423850828124999 0.5508266890625 0.8334868296875 0.5645526640625 0.8433010031249999 0.571025459375 0.843780465625 0.643439753125 0.8072487718750001 0.5884890046875 0.7394744078125 0.5510564578125 0.763124303125 0.5429815875 0.77275993125 0.5378430437499999 0.79486664375 0.5126694171875 0.8159830234375001 0.5035833109375 0.8208854859375 0.5047502765625 0.8304651203125
3 0.503282709375 0.8184178453125 0.4970506875 0.8018183296875 0.48336071406250003 0.7950085062500001 0.473522446875 0.7985137796874999 0.4518682703125 0.7727203 0.43282707499999995 0.765062928125 0.42210035 0.768849440625 0.41293067031249997 0.7787899828125 0.40512245 0.796119453125 0.3995884375 0.8150749968750001 0.3971518953125 0.8357870046875 0.398138803125 0.8561973203125 0.40183583437500003 0.8728172921875 0.40761531250000005 0.88428163125 0.41829346718749993 0.8914583453124999 0.43268014375 0.89120521875 0.45021286250000003 0.8817453359374999 0.46419556718750005 0.8653938078125 0.4721226890625 0.871290884375 0.47829717499999996 0.8722688265625 0.486704953125 0.8698028609374999 0.4943342109375 0.8642598828124999 0.50168605625 0.849811840625 0.5047502765625 0.8304651203125 0.503282709375 0.8184178453125
3 0.3753311921875 0.8041189515625 0.378149096875 0.7893328328125 0.3778361484375 0.7792869859375 0.372612759375 0.7641792796875 0.367775865625 0.75865305625 0.3564609453125 0.754956896875 0.3428198796875 0.7599365640625 0.33921022968750003 0.743656409375 0.3309800078125 0.7295005078125001 0.317223565625 0.7201815 0.3035132734375 0.7165819625000001 0.29055721874999996 0.7202420875 0.2775002171875 0.7305504093749999 0.2638000390625 0.7569413203125 0.2592862078125 0.7914513921874999 0.26221085 0.80905109375 0.2694618703125 0.8263839984375 0.27857466875000003 0.834967525 0.29204124062500003 0.8371004203125001 0.31761300625 0.8259181609375 0.331796303125 0.8115041046875 0.34596663906249997 0.8242207609375001 0.3583343109375 0.8242755531249999 0.3664030015625 0.8184133078125001 0.3753311921875 0.8041189515625
6 0.7708856109375 0.789097946875 0.7559063515625 0.7477389156250001 0.6419280406250001 0.6070516390625 0.641648265625 0.6086005765625 0.6358563796875 0.671975503125 0.589083625 0.660928240625 0.5741001625 0.652189965625 0.5736294796875 0.6525761265625001 0.5642614218750001 0.6919030578124999 0.5595193703125 0.6980584125 0.5552482249999999 0.69847636875 0.6819357734375 0.85472844375 0.710402846875 0.869711184375 0.748941278125 0.87988829375 0.756343640625 0.89560793125 0.80420596875 0.9020248015625001 0.8096797171875 0.8895083171874999 0.811241621875 0.872299034375 0.7931491171875 0.8432484656250001 0.778603546875 0.8322163421875001 0.7708856109375 0.789097946875
1 0.374879534375 0.444669496875 0.367845396875 0.45736824687500005 0.36397072812500003 0.46993955 0.365450603125 0.47645250624999996 0.3615093625 0.4934082625 0.365342196875 0.500921746875 0.355974140625 0.540248678125 0.355447259375 0.563395925 0.346739228125 0.5708067031249999 0.3094286375 0.6597036468749999 0.33089059375 0.678799303125 0.3812062421875 0.6980699390625 0.41715495 0.6930900921875 0.48037476406249996 0.6943131328125001 0.4978821390625 0.6908074625 0.5129642828125001 0.702614090625 0.5595193703125 0.6980584125 0.5642614218750001 0.6919030578124999 0.5736294796875 0.6525761265625001 0.5741001625 0.652189965625 0.5391117015625 0.6317848875000001 0.5042848156249999 0.648710490625 0.4997975453125 0.6540650859375 0.49857926093750005 0.6617570296874999 0.48465989218749994 0.657732825 0.48806300468749997 0.6400759 0.4834232140625 0.6387345 0.4799024890625 0.6418160562499999 0.47824503749999997 0.6561102828125 0.457412840625 0.64977813125 0.457568990625 0.583691 0.464755578125 0.5344871828125 0.473799934375 0.50801925 0.4865469390625 0.4888095953125 0.5619521859375001 0.410986046875 0.5789880203125 0.4106516046875 0.5803992375 0.3902530703125 0.5854487921875 0.3813483484375 0.589786615625 0.3814058359375 0.5606794671875 0.3617109671875 0.4985685875 0.3336657265625 0.4416068359375 0.324643871875 0.43999381406250004 0.3268998203125 0.4277991515625 0.344431934375 0.42185685156249997 0.36609360625 0.41502243125 0.365638996875 0.41057140625 0.369956878125 0.39179915625 0.45676715312500005 0.3868022109375 0.456603571875 0.38541934375000003 0.4494781234375 0.374879534375 0.444669496875
5 0.5789880203125 0.4106516046875 0.5619521859375001 0.410986046875 0.4865469390625 0.4888095953125 0.473799934375 0.50801925 0.464755578125 0.5344871828125 0.457568990625 0.583691 0.457412840625 0.64977813125 0.47824503749999997 0.6561102828125 0.4799024890625 0.6418160562499999 0.4834232140625 0.6387345 0.48806300468749997 0.6400759 0.48465989218749994 0.657732825 0.49857926093750005 0.6617570296874999 0.4997975453125 0.6540650859375 0.5042848156249999 0.648710490625 0.5391117015625 0.6317848875000001 0.589083625 0.660928240625 0.6358563796875 0.671975503125 0.641648265625 0.6086005765625 0.6810560140625 0.390425734375 0.6813077515625 0.3850068296875 0.6732115484375 0.38251145468750003 0.5854487921875 0.3813483484375 0.5803992375 0.3902530703125 0.5789880203125 0.4106516046875