3 0.4162570859375 0.7111202546875 0.4425734046875 0.7261063640625001 0.442457834375 0.7150082531249999 0.44242373593749995 0.7117336515625 0.42289447031250005 0.70838095 0.4158444125 0.705992665625 0.4162570859375 0.7111202546875
5 0.8204529125000001 0.7402364171875 0.8361648203125001 0.7403632 0.841166 0.7521245515625 0.8464270578124999 0.78111071875 0.8652698624999999 0.7894513640625 0.8700315203125 0.7860467421874999 0.8716615671874999 0.7796041890625001 0.86988699375 0.7683999796875 0.851278040625 0.7011104765625 0.8461925234375001 0.691314153125 0.837092121875 0.681270240625 0.7880556390625 0.6868281484375001 0.759933453125 0.6867484640625 0.7692827171875 0.7282635187500001 0.770708665625 0.7409812625 0.7682364078125 0.7513746953125 0.7681459484375 0.7514443843749999 0.8204529125000001 0.7402364171875
3 0.5595457859375 0.5282999390625001 0.54775990625 0.516799728125 0.5305176453125 0.5386395765625 0.533130315625 0.5373885031250001 0.562467384375 0.5318989968750001 0.5595457859375 0.5282999390625001
3 0.499613303125 0.5355730765625 0.49538377968749997 0.5334608390625 0.485940159375 0.552403628125 0.4963155921875 0.5503713296875 0.503426046875 0.553536765625 0.5074274562500001 0.5496962671875 0.510042753125 0.5484439375 0.5077856453125 0.5456584656250001 0.499613303125 0.5355730765625
1 0.44410126875 0.6144748734375 0.443390478125 0.594986290625 0.44527219687499997 0.586704821875 0.42938126875 0.5801454578125 0.41879708750000005 0.593257503125 0.41306449218749997 0.621529390625 0.4097113078125 0.626144653125 0.40969521562500005 0.636357625 0.41298900312500003 0.6391032765625 0.41282319687499996 0.64321370625 0.40497228124999995 0.6710042703125 0.40554021718750005 0.674590071875 0.41262891562500004 0.6755094171875 0.4166799484375 0.6830361359375 0.4088612171875 0.6904007546875001 0.40819428750000003 0.6990831421875 0.40377204375 0.704684559375 0.4049277125 0.7094025234375 0.4152425 0.7044633078125 0.41459231562500004 0.701986815625 0.42304652656249997 0.6634406328125 0.42752724999999997 0.6534291624999999 0.43248826874999996 0.6490035828125 0.4625380359375 0.6512597984374999 0.45448436406250003 0.64252908125 0.44410126875 0.6144748734375
6 0.8192117578125 0.3617517296875 0.7983516640625 0.349238746875 0.7768160625 0.348567871875 0.7569359703125 0.35834946093750003 0.7420378734375 0.37703620781249997 0.7345810875 0.3976057 0.732072303125 0.410758615625 0.7326086671875001 0.43669501093749996 0.7397275624999999 0.4583953046875 0.830102965625 0.40921586718749997 0.8421225171875 0.410160928125 0.8421060562499999 0.40965810156250004 0.83216216875 0.3790890421875 0.8192117578125 0.3617517296875
5 0.517524875 0.7546061078124999 0.49296457031249996 0.7555543515625 0.488453215625 0.7345001124999999 0.49131761249999995 0.72286788125 0.47703313437499995 0.6698258859374999 0.47708238124999996 0.6670268375 0.4625380359375 0.6512597984374999 0.43248826874999996 0.6490035828125 0.42752724999999997 0.6534291624999999 0.42304652656249997 0.6634406328125 0.41459231562500004 0.701986815625 0.41561171718749995 0.705869615625 0.41914286875 0.707736890625 0.44242373593749995 0.7117336515625 0.44312422187499995 0.7790007734375 0.51101758125 0.7644530640625 0.5257274640625 0.7645717609375 0.5304096953124999 0.775583034375 0.5353307453125 0.8026959031249999 0.5813333078125 0.8074204265624999 0.5995874484375 0.8113541937500001 0.599904834375 0.8055960625 0.60875631875 0.779597165625 0.6141213046875 0.773161125 0.6139783734375001 0.7649727140625 0.5481597484375 0.758579196875 0.528736446875 0.762243890625 0.517524875 0.7546061078124999
6 0.5380991609375 0.81794869375 0.5304096953124999 0.775583034375 0.5257274640625 0.7645717609375 0.51101758125 0.7644530640625 0.4409204875 0.779472975 0.433404571875 0.7845810015625 0.4334372015625 0.8002463234375 0.44580445312499994 0.84431960625 0.4624266265625 0.9523597453124999 0.4817623734375 0.9507663703125001 0.5648854640625001 0.9376009671875 0.5524381046875 0.883746315625 0.54658385 0.8406002859375 0.5380991609375 0.81794869375
3 0.6686857609375 0.49705400624999996 0.6577013968750001 0.507862521875 0.653308078125 0.514901021875 0.65598354375 0.51440039375 0.67489528125 0.5149351390625 0.7036888859375 0.52214158125 0.7151678312499999 0.5203234953125 0.7222084843750001 0.523915125 0.72786239375 0.5336098453125 0.73301733125 0.5661568421875 0.7417165109375 0.5623796921875 0.7576830984375 0.565383284375 0.768943978125 0.574337240625 0.8627885453124999 0.5316062328125 0.8778666375 0.5122897421875 0.87434075 0.47475938749999996 0.8623709906249999 0.4373572421875 0.8536707 0.42059770937499996 0.84540816875 0.41041926718750005 0.830102965625 0.40921586718749997 0.6686857609375 0.49705400624999996
1 0.5797993124999999 0.3797513765625 0.51843003125 0.304858615625 0.5117051499999999 0.305023596875 0.49459022968750005 0.3248369015625 0.49003879531249994 0.3273580484375 0.460601778125 0.28926399375 0.4546377421875 0.2857079296875 0.3601375078125 0.4221935375 0.35242542656250003 0.43601690312499997 0.35543334843749996 0.44364171093750004 0.39056033125 0.49208625 0.445578328125 0.5751860390625 0.4492073890625 0.5746112515624999 0.4646299984375 0.5565777828125 0.4740043 0.5547415796874999 0.49277116093749995 0.532156090625 0.499613303125 0.5355730765625 0.510042753125 0.5484439375 0.5305176453125 0.5386395765625 0.5681588671875 0.49096145937499996 0.5801442234375 0.4728607328125 0.576814509375 0.4688874328125 0.5760454921875 0.45550720624999996 0.5670039953125 0.44388727968749997 0.57203811875 0.43588887187500003 0.5717817796875 0.43142879531249995 0.561258140625 0.41329260312500005 0.5806596875000001 0.39086679687500003 0.582298640625 0.3870066703125 0.5797993124999999 0.3797513765625
6 0.622238721875 0.8816634265625 0.6398102296875 0.89095524375 0.65962814375 0.8918413515625 0.680772496875 0.8813369375000001 0.6952995921875 0.8629362421875 0.705412478125 0.8336070375 0.7080870390625 0.8081392515625 0.701759740625 0.7823083515625 0.6955429171875 0.7728957656250001 0.620425034375 0.7655989328125 0.60875631875 0.779597165625 0.599904834375 0.8055960625 0.5982884375 0.8349212093749999 0.6053500859375001 0.8597413640625 0.622238721875 0.8816634265625
3 0.761538078125 0.66656983125 0.778092990625 0.65232964375 0.7859539421874999 0.6355937234375 0.787450715625 0.6170995671874999 0.7828665796875 0.5951425703125001 0.771608184375 0.576455653125 0.7576830984375 0.565383284375 0.7417165109375 0.5623796921875 0.73301733125 0.5661568421875 0.7335893640625 0.5697685203125 0.7556435593749999 0.6676993484375 0.761538078125 0.66656983125
3 0.49052095468749995 0.572966071875 0.4956811390625 0.5609702234375 0.503426046875 0.553536765625 0.4963155921875 0.5503713296875 0.4646299984375 0.5565777828125 0.44759052187500004 0.5765018328125 0.443390478125 0.594986290625 0.44410126875 0.6144748734375 0.45448436406250003 0.64252908125 0.47708238124999996 0.6670268375 0.477386071875 0.6497662546874999 0.47016542968749997 0.5856035890625 0.472398834375 0.5811314375000001 0.49052095468749995 0.572966071875
1 0.7455808703125 0.7562794703125 0.7681459484375 0.7514443843749999 0.7682364078125 0.7513746953125 0.770708665625 0.7409812625 0.7692827171875 0.7282635187500001 0.7335893640625 0.5697685203125 0.72786239375 0.5336098453125 0.7222084843750001 0.523915125 0.7151678312499999 0.5203234953125 0.7036888859375 0.52214158125 0.67489528125 0.5149351390625 0.65598354375 0.51440039375 0.533130315625 0.5373885031250001 0.5074274562500001 0.5496962671875 0.4956811390625 0.5609702234375 0.49052095468749995 0.572966071875 0.472398834375 0.5811314375000001 0.47016542968749997 0.5856035890625 0.477386071875 0.6497662546874999 0.47703313437499995 0.6698258859374999 0.49131761249999995 0.72286788125 0.488453215625 0.7345001124999999 0.49296457031249996 0.7555543515625 0.517524875 0.7546061078124999 0.528736446875 0.762243890625 0.5481597484375 0.758579196875 0.7208483203125 0.7753538921875001 0.737575078125 0.7723462343749999 0.737552978125 0.7617354515625 0.7455808703125 0.7562794703125
6 0.5675468921875 0.6459799765625001 0.560472721875 0.6013154265625 0.5538396515625 0.5932914968749999 0.55362471875 0.5867259015624999 0.5454221046875001 0.5740008375000001 0.533578046875 0.5643273843750001 0.52922806875 0.5472798265625001 0.5198657859375 0.5454628484375 0.513260196875 0.55063384375 0.5146860249999999 0.5648447234375 0.505458690625 0.5795054656249999 0.5029918921875 0.6029949015625 0.5067520359375 0.62673551875 0.513851221875 0.6350980984375 0.5143323125 0.6667826578125 0.5258889421874999 0.6954755953125 0.5348525859375 0.70519278125 0.550971659375 0.708001978125 0.5637841953125 0.70556019375 0.5722742359375 0.699265775 0.5757207453125 0.6871705343750001 0.57613938125 0.6767922953125 0.573060284375 0.6599559265625 0.5675468921875 0.6459799765625001
6 0.737552978125 0.7617354515625 0.7375878296875 0.7784678796875 0.750797528125 0.8255433921875 0.7685519890625 0.9409431234375001 0.78920486875 0.9392412109375 0.8779902249999999 0.9251789921875 0.8646949625 0.8676558140624999 0.858441921875 0.8215707171875 0.8493792656249999 0.7973761171875 0.841166 0.7521245515625 0.8361648203125001 0.7403632 0.8204529125000001 0.7402364171875 0.7455808703125 0.7562794703125 0.737552978125 0.7617354515625