3 0.37751203437499997 0.6912624796875 0.400485365625 0.7109946421875 0.4024895375 0.7000783828125 0.4030808890625 0.6968574390625 0.38455015625 0.6898399765625001 0.378085334375 0.6861503578125 0.37751203437499997 0.6912624796875
5 0.7687260203124999 0.7969678953125 0.7841250640624999 0.8000903218750001 0.7867901875000001 0.8125898546875 0.7864237625 0.8420473218750001 0.8033289031249999 0.8538301031250001 0.80865270625 0.8513966015625 0.8114821015624999 0.84538344375 0.811877996875 0.83404648125 0.8064503859375 0.7644425218750001 0.8033275312500001 0.7538558203125 0.7963107968750001 0.7422600046875 0.7471147546875 0.7383591968750001 0.7195244578125 0.732915009375 0.7207805031250001 0.775451240625 0.7197535921875 0.78820740625 0.715343596875 0.7979381546875 0.7152415015625 0.7979893015624999 0.7687260203124999 0.7969678953125
3 0.553051878125 0.5391418609375 0.5436768843750001 0.5256040890625 0.522584171875 0.5437527 0.52538755625 0.543023134375 0.5552330671875 0.5432322609375 0.553051878125 0.5391418609375
3 0.4928327453125 0.5348457140625 0.4890839640625 0.531965253125 0.47619939375 0.5487580828125 0.4867719828125 0.5487428484375 0.4931478046875 0.5532068640625 0.4978084984375 0.5502004328125001 0.5006147015625 0.549470134375 0.4989305546875 0.5463051609375 0.4928327453125 0.5348457140625
1 0.42328545 0.6017056671875001 0.42630631562500004 0.58243951875 0.429733640625 0.574669253125 0.41538625937500007 0.565198271875 0.4024946421875 0.576049853125 0.391472840625 0.6027084765625 0.38730063124999997 0.6065991265624999 0.3853361078125 0.6166213875000001 0.38804548437499997 0.6199450765625001 0.3870984171875 0.6239483484375 0.3740890546875 0.649730296875 0.373962353125 0.653358584375 0.38074539218750003 0.6556136265625 0.38328583125 0.6637750312499999 0.3742055171875 0.6695124578125 0.37189416249999996 0.6779080671875 0.3664843671875 0.68256276875 0.3667185734375 0.6874145609375 0.3777862953125 0.6845342484375 0.37762059375 0.6819791937499999 0.3932744359375 0.645754353125 0.399583115625 0.636781784375 0.405297425 0.633384121875 0.4343645875 0.6413326500000001 0.428124784375 0.6312256265625 0.42328545 0.6017056671875001
6 0.8397259515625001 0.42520021406249997 0.82163670625 0.40893683750000004 0.800624784375 0.4041691015625 0.77924353125 0.4099776734375 0.7610535546875 0.4254784015625 0.7498089265625001 0.44424715312499996 0.7448365406249999 0.45667971406249996 0.7404141515625 0.482241928125 0.7432616421875 0.5049018765625 0.8413604734375 0.4738704421875 0.852978865625 0.477091578125 0.8530586515625 0.47659484843750005 0.8491303125 0.4446900453125 0.8397259515625001 0.42520021406249997
5 0.46862175781250004 0.7532721796875 0.4443317609375 0.749516675 0.44392063281249994 0.7279884546875001 0.44895193593749994 0.7171164921875001 0.44505079375 0.6623234203125 0.44563321875 0.659585196875 0.4343645875 0.6413326500000001 0.405297425 0.633384121875 0.399583115625 0.636781784375 0.3932744359375 0.645754353125 0.37762059375 0.6819791937499999 0.37788039218749997 0.6859851671875 0.380990375 0.6884919109375 0.4030808890625 0.6968574390625 0.3909333328125 0.763022334375 0.46035513281249996 0.7616965703125 0.47477210625 0.7646198640625 0.4772672625 0.7763222421875 0.47692451875 0.8038759515624999 0.521180403125 0.8172913734374999 0.538348565625 0.8246359203125 0.539758825 0.8190441421875001 0.5534085046875 0.7952118625 0.559902975 0.7899177578125001 0.5613250921875 0.78185251875 0.49793568125 0.76301768125 0.478169984375 0.762908903125 0.46862175781250004 0.7532721796875
6 0.4767317015625 0.8193767421875 0.4772672625 0.7763222421875 0.47477210625 0.7646198640625 0.46035513281249996 0.7616965703125 0.38867998593749997 0.7630653671875 0.380327503125 0.766645440625 0.3773704484375 0.782029171875 0.38110089999999996 0.8276524875 0.376802646875 0.936879284375 0.396087171875 0.9390046203125 0.480195134375 0.9419417343750001 0.4782524203125 0.8867014781250001 0.48073837499999994 0.8432311171875 0.4767317015625 0.8193767421875
3 0.66614865 0.52929489375 0.6533037375 0.537808909375 0.6476481265625 0.5438798078125 0.6503699625 0.54389888125 0.668832203125 0.5480323312500001 0.695721734375 0.56060045 0.7073366859375 0.5610060531250001 0.7135626671875 0.565875115625 0.7172628578125 0.5764705328125 0.716112825 0.6094031578125 0.725372890625 0.6073552859375 0.7404730140625 0.6133502625 0.74981850625 0.6242883859374999 0.8500923453125001 0.6002488546875 0.8685791703125 0.5841642984375001 0.8722791921875 0.5466507109375 0.8676660171874999 0.5076518109375 0.86232344375 0.48954010468750003 0.8561548562500001 0.47797210312500005 0.8413604734375 0.4738704421875 0.66614865 0.52929489375
1 0.60127769375 0.397187109375 0.5553261515625 0.311960528125 0.54869334375 0.3108393109375 0.5281123171875 0.3270229078125 0.5231634484375001 0.3286292796875 0.5015359593750001 0.2856182734375 0.4963600296875 0.2809895515625 0.3775533484375 0.39693603906249997 0.3673453375 0.409033896875 0.36884311406250003 0.4170925546875 0.3940810609375 0.47134957499999997 0.432232034375 0.5634205140625 0.43590409531249996 0.5635487453125 0.4544842953125 0.5487893749999999 0.46403672812499996 0.548775609375 0.486768303125 0.5301859656250001 0.4928327453125 0.5348457140625 0.5006147015625 0.549470134375 0.522584171875 0.5437527 0.56863123125 0.5041328468749999 0.5838501640625 0.48865159687500004 0.58133976875 0.48411595781249994 0.5831379484375 0.470834828125 0.5764797546875 0.45770319375 0.5829475562499999 0.45081229531250006 0.5835469484375 0.4463852515625 0.5766772078125 0.42657426718749997 0.6000013375 0.408262475 0.6023467265625 0.404785996875 0.60127769375 0.397187109375
6 0.5471680375 0.8979754421875 0.5626437453124999 0.9104493453125 0.5819284703125 0.9151006078125 0.6046886796875001 0.908823721875 0.6224598890624999 0.8935330015625 0.63798325 0.866672284375 0.645468153125 0.8421827453124999 0.6441858734375 0.8156191249999999 0.6398792765625 0.8051932484375 0.567533821875 0.7836973125 0.5534085046875 0.7952118625 0.539758825 0.8190441421875001 0.532576621875 0.84752208125 0.53477261875 0.873233646875 0.5471680375 0.8979754421875
3 0.724949865625 0.7134132921874999 0.7439177734375 0.7025935624999999 0.754827659375 0.6876650703125 0.7598257859374999 0.6697963015624999 0.759515465625 0.6473680203125001 0.7520295499999999 0.62687623125 0.7404730140625 0.6133502625 0.725372890625 0.6073552859375 0.716112825 0.6094031578125 0.715985209375 0.613057628125 0.718948121875 0.7133973296875 0.724949865625 0.7134132921874999
3 0.476772528125 0.5698167921875 0.484126821875 0.55902595 0.4931478046875 0.5532068640625 0.4867719828125 0.5487428484375 0.4544842953125 0.5487893749999999 0.43395619375 0.5650960796875 0.42630631562500004 0.58243951875 0.42328545 0.6017056671875001 0.428124784375 0.6312256265625 0.44563321875 0.659585196875 0.4492248046875 0.6426996859375 0.4543796390625 0.57833810625 0.4574253375 0.5743742734375 0.476772528125 0.5698167921875
1 0.6921684296875 0.7984299328125 0.7152415015625 0.7979893015624999 0.715343596875 0.7979381546875 0.7197535921875 0.78820740625 0.7207805031250001 0.775451240625 0.715985209375 0.613057628125 0.7172628578125 0.5764705328125 0.7135626671875 0.565875115625 0.7073366859375 0.5610060531250001 0.695721734375 0.56060045 0.668832203125 0.5480323312500001 0.6503699625 0.54389888125 0.52538755625 0.543023134375 0.4978084984375 0.5502004328125001 0.484126821875 0.55902595 0.476772528125 0.5698167921875 0.4574253375 0.5743742734375 0.4543796390625 0.57833810625 0.4492248046875 0.6426996859375 0.44505079375 0.6623234203125 0.44895193593749994 0.7171164921875001 0.44392063281249994 0.7279884546875001 0.4443317609375 0.749516675 0.46862175781250004 0.7532721796875 0.478169984375 0.762908903125 0.49793568125 0.76301768125 0.6642507140625 0.8124347109375 0.68124404375 0.8126739296875 0.68324698125 0.802253878125 0.6921684296875 0.7984299328125
6 0.5384515734375 0.6561864671875 0.5400297734375 0.610992715625 0.535049609375 0.601850559375 0.5360913984375 0.5953645812499999 0.530467546875 0.5813081796875 0.5206868796874999 0.5695525031249999 0.51966965 0.5519881421874999 0.510826075 0.5484181390625 0.5033551765625 0.5522337234375 0.50204324375 0.56645556875 0.4901880421875 0.57908629375 0.48328456875 0.601673475 0.48244570624999994 0.6256953796875 0.48781880468749994 0.635258903125 0.48224535625 0.666453125 0.4881147875 0.6968240015625 0.49505961718749997 0.708073 0.51034651875 0.7139062468749999 0.5233895671875 0.713954071875 0.532924653125 0.7093952765625 0.5386157203125 0.698179884375 0.541006925 0.6880722015625 0.5411969328125 0.6709576453125 0.5384515734375 0.6561864671875
6 0.68324698125 0.802253878125 0.6800884953125 0.8186855359375 0.6840730625 0.86741666875 0.67948201875 0.9840838921874999 0.7000801859375 0.986354003125 0.7899175046875 0.989491190625 0.787842453125 0.9304880203125 0.7904977484375 0.8840565015624999 0.786218146875 0.8585771875000001 0.7867901875000001 0.8125898546875 0.7841250640624999 0.8000903218750001 0.7687260203124999 0.7969678953125 0.6921684296875 0.7984299328125 0.68324698125 0.802253878125