3 0.3248180015625 0.5431831125000001 0.321768146875 0.54420743125 0.3173027265625 0.5491010625 0.3145516921875 0.5562697609375 0.33276455625 0.5838201265625 0.3371159875 0.6004141140625 0.36767614375 0.63522098125 0.3746399796875 0.6373620421874999 0.382075159375 0.6320140171874999 0.3906763703125 0.6204368921875 0.3942822875 0.6133883375 0.3945133390625 0.607609015625 0.39266956406250003 0.602119275 0.3634140671875 0.5683675359375 0.3491613859375 0.564330325 0.3248180015625 0.5431831125000001
0 0.39911696874999997 0.383218915625 0.39390115937500003 0.40612010156249995 0.374294259375 0.39404399375 0.3708676359375 0.40421445624999996 0.3444833640625 0.4048337828125 0.341790765625 0.4097813828125 0.34241891875 0.419523078125 0.35214120000000004 0.43087574687499997 0.35299873437499996 0.43898529843749995 0.3645313765625 0.44693075625 0.355603096875 0.4772992203125 0.35535959375 0.4932430640625 0.3633368078125 0.49569569375 0.38655737343749996 0.47732216875000005 0.3841664984375 0.4919655875 0.387788971875 0.5064555000000001 0.39563914218749996 0.5145491734375 0.41112421875000005 0.5180569640625 0.4439082640625 0.5026918796875 0.45885340937499997 0.5147785734375 0.47085040625 0.51696686875 0.48507184062500003 0.511107171875 0.49230619062500003 0.506497878125 0.4970035984375 0.5074750890625 0.5087591890625001 0.5053714499999999 0.510140025 0.47784530312499995 0.5158758265625 0.45858482812499995 0.5179434765625001 0.4438727359375 0.5164546328124999 0.43725010937500003 0.5097181015625 0.43471353593749995 0.5013009687500001 0.4351285921875 0.4798396953125 0.4960174515625 0.436928175 0.48998662968750006 0.416993853125 0.4822909359375 0.453390846875 0.38923611875 0.4575278734375 0.38233243125 0.45906077187500005 0.3807465859375 0.4629177578125 0.37675637812499996 0.46367079375 0.376427265625 0.45863288750000003 0.3766038953125 0.4210035796875 0.39328528125 0.4219264046875 0.3890875828125 0.417213478125 0.38709371875 0.418808571875 0.371006953125 0.41600305000000004 0.3672839 0.39911696874999997 0.383218915625
3 0.666231425 0.5841986609375 0.663161709375 0.5813369046875 0.6489575624999999 0.575692628125 0.6479928265625 0.5796157156249999 0.6463017421874999 0.5835864546875 0.647667990625 0.5848983640625 0.6443945859375 0.590931009375 0.650577625 0.6205082796875 0.6521915593750001 0.627144509375 0.6672104921875001 0.5871137875 0.666231425 0.5841986609375
5 0.6702871671875 0.7173625828125 0.6726893046875 0.71142789375 0.650577625 0.6205082796875 0.6443945859375 0.590931009375 0.6060876046875 0.6615279703125 0.598792684375 0.67357398125 0.592226928125 0.6804317296875 0.5847307500000001 0.6806230921875 0.5822072140625 0.6777605703125 0.5857968140625001 0.6937276984375 0.589621859375 0.7243952078125 0.5939334796875 0.7244467171875 0.6027913140625001 0.726918975 0.6039249718749999 0.7341356875 0.603490609375 0.7456493046875 0.6385253546875 0.72857946875 0.6702871671875 0.7173625828125
0 0.4251360296875 0.6289606265625001 0.43071129218750004 0.6308390390625 0.43943400625000006 0.6233060546875 0.44717266875000006 0.6057760640625001 0.438609015625 0.571650390625 0.4321344359375 0.571960128125 0.4324794515625 0.5767094734375 0.4219305484375 0.612817128125 0.4251360296875 0.6289606265625001
3 0.43811596562500005 0.724787775 0.43473508125000004 0.7284928671875 0.43125525 0.7375606828125 0.433592725 0.74109655 0.43843387656250005 0.7284109796875 0.43835004218750007 0.725126909375 0.43811596562500005 0.724787775
3 0.496085975 0.8347311734374999 0.49845331406250004 0.8374274828124999 0.50726199375 0.84013575 0.510642775 0.837703996875 0.496085975 0.8347311734374999
5 0.573737065625 0.6681526375 0.5847307500000001 0.6806230921875 0.592226928125 0.6804317296875 0.598792684375 0.67357398125 0.6060876046875 0.6615279703125 0.647667990625 0.5848983640625 0.6463017421874999 0.5835864546875 0.640494846875 0.5972213046875 0.63353515625 0.6084435359375 0.6192962328125 0.6229487406249999 0.598766653125 0.624933890625 0.59307020625 0.6420821796875 0.573737065625 0.6681526375
5 0.511216103125 0.39362037499999997 0.5117547859375 0.40002963437499994 0.51012495625 0.40971907031250004 0.5105347265625 0.4109173984375 0.5179434765625001 0.4438727359375 0.518015215625 0.4433622890625 0.53843569375 0.4462322 0.593201565625 0.4591856984375 0.5848376953125001 0.424794834375 0.5673789796875 0.34127908906250004 0.5658259203125 0.33522160156249997 0.5627944453125 0.3347955546875 0.5074413625 0.36205149531249997 0.5013419984375 0.3663465359375 0.4995740921875 0.3715938078125 0.50152770625 0.38457725625 0.50188029375 0.3856083640625 0.5068486531249999 0.387824571875 0.511216103125 0.39362037499999997
6 0.45253286406250004 0.544380771875 0.49611739374999997 0.6282311953125 0.49991379687500004 0.6212553734374999 0.5041364453125 0.6090203171875 0.504685496875 0.6051136140625 0.5056363312500001 0.627163503125 0.6016016578125 0.6163995390625 0.46111615937500006 0.5413186 0.460677109375 0.5415324046875 0.45253286406250004 0.544380771875
6 0.6052046343749999 0.48811273125000004 0.6042608484375 0.573232553125 0.6016016578125 0.6163995390625 0.598766653125 0.624933890625 0.6192962328125 0.6229487406249999 0.63353515625 0.6084435359375 0.640494846875 0.5972213046875 0.6479928265625 0.5796157156249999 0.6572045765625 0.5421562875 0.6627301015625 0.541138678125 0.66742823125 0.5077097421875 0.6633254640625 0.4934974484375 0.6550723671875 0.4883903796875 0.634410146875 0.484768825 0.622902603125 0.484945715625 0.6052046343749999 0.48811273125000004
6 0.5004379250000001 0.5240200859375 0.5015447281250001 0.521631140625 0.460677109375 0.5415324046875 0.43951932656250003 0.5489321234375 0.4370199828125 0.5532959765625 0.43593693125 0.5610022859375 0.45286246874999997 0.6284495890625 0.45784282656249997 0.631035578125 0.4638245921875 0.6287328515625 0.46551497187499996 0.6277429046874999 0.4621504734375 0.625021909375 0.459762178125 0.6152995390625 0.46273263125 0.5919373328125 0.4741649609375 0.5707030328125 0.4725246671875 0.562337353125 0.47866459062500005 0.5453655015625001 0.4891913546875 0.5305746359375 0.5004379250000001 0.5240200859375
6 0.5004379250000001 0.5240200859375 0.4891913546875 0.5305746359375 0.47866459062500005 0.5453655015625001 0.4725246671875 0.562337353125 0.4741649609375 0.5707030328125 0.46273263125 0.5919373328125 0.459762178125 0.6152995390625 0.4621504734375 0.625021909375 0.47198396093749995 0.632974615625 0.48123696093749996 0.636152384375 0.489252690625 0.634775796875 0.49611739374999997 0.6282311953125 0.49991379687500004 0.6212553734374999 0.5041364453125 0.6090203171875 0.504685496875 0.6051136140625 0.50425568125 0.5951461578125 0.5083386921875 0.5137538078125 0.50492925625 0.5143259140625001 0.5004379250000001 0.5240200859375
3 0.5299167328125 0.8706173968750001 0.526303153125 0.88681825625 0.5299184968749999 0.8920047999999999 0.5430779328125 0.8958592859375001 0.5485514359375 0.8949576625000001 0.5539682578125 0.889703809375 0.5542800171875 0.8827299640625 0.5576739468749999 0.872847546875 0.5697865156249999 0.8484842625000001 0.5723870671875 0.8377120031249999 0.544961659375 0.8338576140624999 0.543675859375 0.84300655625 0.542418315625 0.8441932718749999 0.5299267890625 0.8416422234375001 0.5299167328125 0.8706173968750001
1 0.543675859375 0.84300655625 0.544961659375 0.8338576140624999 0.53758553125 0.8328209671875 0.5425869921875 0.7644842374999999 0.5411459359374999 0.73543848125 0.5428204515624999 0.72847835625 0.45121024218750005 0.7209350984375 0.4339370734375 0.71578060625 0.43313918281249997 0.7175773046875 0.43835004062499994 0.725126909375 0.43843387656250005 0.7284109796875 0.4267791765625 0.7589505171875001 0.41859068125 0.7687073234375 0.4140837515625 0.785253428125 0.4095609203125 0.8116141609374999 0.41273658125 0.814241996875 0.42683408749999996 0.8167686515625 0.43108371874999996 0.8214562593749999 0.542418315625 0.8441932718749999 0.543675859375 0.84300655625
3 0.59307020625 0.6420821796875 0.6016016578125 0.6163995390625 0.6042608484375 0.573232553125 0.605493134375 0.4620929625 0.53843569375 0.4462322 0.518015215625 0.4433622890625 0.5158758265625 0.45858482812499995 0.510140025 0.47784530312499995 0.50425568125 0.5951461578125 0.5057668875 0.6301911125 0.5128633734375 0.6497405875 0.527014209375 0.6702814874999999 0.52917365625 0.687244034375 0.5692720515625 0.6928794968750001 0.5729828671874999 0.6691696640625 0.59307020625 0.6420821796875
3 0.453390846875 0.38923611875 0.416993853125 0.4822909359375 0.436928175 0.48998662968750006 0.4798396953125 0.4960174515625 0.51000444375 0.41043552656250004 0.5117547859375 0.40002963437499994 0.511216103125 0.39362037499999997 0.5068486531249999 0.387824571875 0.4851762 0.37815726562499996 0.46690523281249996 0.3750136703125 0.46291775625 0.3767563765625 0.4575278734375 0.38233243125 0.453390846875 0.38923611875
6 0.5433595812500001 0.7262374609375 0.5411459359374999 0.73543848125 0.5425869921875 0.7644842374999999 0.53758553125 0.8328209671875 0.6022789375000001 0.8419130328125 0.60214883125 0.8035393921875 0.6044503125 0.7762469875 0.6029116640625001 0.7609954453125 0.6039249718749999 0.7341356875 0.6027913140625001 0.726918975 0.5939334796875 0.7244467171875 0.5485968625 0.7239050859375 0.5433595812500001 0.7262374609375