6 0.7796214703125 0.6490068671875 0.7856440734375 0.6628607234375 0.7904529640625 0.6901333000000001 0.7921467046874999 0.6851407765624999 0.8010180515625 0.64855311875 0.7845268609375 0.6521747 0.7753288921875 0.6342024046875 0.7695960671875001 0.6364529625 0.7796214703125 0.6490068671875
5 0.760956871875 0.6398444875 0.7695960671875001 0.6364529625 0.5235177140625 0.6375645343749999 0.754171128125 0.753147115625 0.765638334375 0.6663943734375 0.760956871875 0.6398444875
5 0.6898088109375 0.8163878421874999 0.8004984531250001 0.804626490625 0.7947387796875 0.7379912390625 0.7905056578125 0.7369387453125 0.7686414109374999 0.7285617125 0.768306040625 0.72409036875 0.7632394312499999 0.7240748499999999 0.754171128125 0.753147115625 0.754608584375 0.779239278125 0.749212353125 0.78911213125 0.739439803125 0.7944038359375 0.69960560625 0.7978591390625 0.6802304890624999 0.8060335500000001 0.6762624140625 0.793648578125 0.6755473546874999 0.7933860546875 0.67504585625 0.7940707921875 0.6566619625000001 0.8055744921875 0.6453530890625 0.810725803125 0.6825911484375 0.82959315625 0.6867101296875 0.82588370625 0.6898088109375 0.8163878421874999
6 0.6391175812500001 0.31088180625 0.62980724375 0.31919436874999996 0.603863278125 0.369952128125 0.5872320796875 0.394949934375 0.5855080906250001 0.40962722500000004 0.596242525 0.41282017031249996 0.597535434375 0.412184015625 0.6080286484374999 0.407021003125 0.6183785140625 0.389633840625 0.6203947265624999 0.3724686875 0.6328935140625 0.3702648140625 0.6708361578125001 0.37253964375000004 0.6746584312499999 0.374236921875 0.682057328125 0.37059641718749997 0.70452231875 0.3635029625 0.661510425 0.3243803078125 0.645440665625 0.311819459375 0.6391175812500001 0.31088180625
1 0.8442071578125001 0.622323971875 0.8413420828125 0.60696605625 0.8158364703125001 0.6178754109375 0.8158918671875 0.6256761609375 0.8250825390625 0.625696159375 0.8442071578125001 0.622323971875
0 0.795833740625 0.29614713125000003 0.744046815625 0.3052785640625 0.7460582828125 0.313982315625 0.726746515625 0.320724815625 0.7234096421875 0.348780965625 0.8128007546875 0.3057605671875 0.81941763125 0.3029785078125 0.795833740625 0.29614713125000003
0 0.9023399953125001 0.390168396875 0.9111959593750001 0.39070465312499997 0.9012492203125 0.334293896875 0.8791755718750001 0.2523694015625 0.8680772453125 0.2624312453125 0.8619536812499999 0.29352888125 0.9023399953125001 0.390168396875
6 0.6175672796875 0.767717953125 0.599248321875 0.7447787828125 0.587139271875 0.7165813390625 0.58562986875 0.7118376515625 0.5675786109375001 0.7096444140625 0.544724625 0.699380078125 0.535053778125 0.6895706078125 0.5289166062499999 0.6795351171874999 0.5257708390625 0.6594427515625 0.5264048406249999 0.6370554562499999 0.5235177140625 0.6375645343749999 0.4888585015625 0.650479990625 0.46520661875 0.662426571875 0.45472413125 0.677397115625 0.44945153906249996 0.7108893046875 0.45380069218749997 0.7383108578125 0.475030815625 0.7953183296875 0.4860631640625 0.8137853359375 0.5008390109375 0.8286762171875001 0.5289504796875 0.8475337656249999 0.571843546875 0.8399705609374999 0.6166231765625 0.8238125796875 0.6566619625000001 0.8055744921875 0.67504585625 0.7940707921875 0.6755473546874999 0.7933860546875 0.629204034375 0.7763717 0.6175672796875 0.767717953125
1 0.7517388765625 0.3777512796875 0.727364365625 0.3994494625 0.7171623015625 0.39947335625 0.716575746875 0.393611228125 0.7115261 0.387217440625 0.7024480093750001 0.38657686875 0.6746584312499999 0.374236921875 0.682057328125 0.37059641718749997 0.7111916218750001 0.3613970921875 0.7133283109375 0.35493662656249997 0.596242525 0.41282017031249996 0.760956871875 0.6398444875 0.760498234375 0.6372434234375 0.7592127093750001 0.62500389375 0.76139225 0.619949446875 0.7638801578125001 0.621006725 0.789571403125 0.455451375 0.775423178125 0.396375490625 0.7643344328125 0.38453049687499996 0.7517388765625 0.3777512796875
1 0.789571403125 0.455451375 0.793622753125 0.4723677796875 0.8157171609375 0.6010742234374999 0.8158364703125001 0.6178754109375 0.9699523140625 0.5519564156250001 0.8615341828125 0.292525075 0.8551121671875 0.28901497656249997 0.8484576781250001 0.2907686515625 0.8128007546875 0.3057605671875 0.789571403125 0.455451375
3 0.5353265656249999 0.5199784734375 0.533627159375 0.523851653125 0.535483746875 0.5298772234375 0.528957728125 0.5469102828125 0.5257708390625 0.6594427515625 0.5289166062499999 0.6795351171874999 0.535053778125 0.6895706078125 0.544724625 0.699380078125 0.5675786109375001 0.7096444140625 0.58562986875 0.7118376515625 0.56312740625 0.6411178734375 0.5433915578125 0.5595476203125 0.56348005 0.5452998546875001 0.5832315890624999 0.5251740875 0.5806282640625 0.5250266921875 0.5444012375 0.50677425 0.5370232765625 0.5039098 0.5337192609375 0.5131148296875 0.5353265656249999 0.5199784734375
6 0.5891658171875 0.59257825625 0.586548490625 0.5650236953125 0.596620265625 0.5458778078125001 0.5970376984375 0.532356490625 0.6001894546875 0.52479204375 0.596551253125 0.5213838859375 0.5886114375 0.525478684375 0.5832315890624999 0.5251740875 0.56348005 0.5452998546875001 0.5433915578125 0.5595476203125 0.56312740625 0.6411178734375 0.587139271875 0.7165813390625 0.599248321875 0.7447787828125 0.6175672796875 0.767717953125 0.629204034375 0.7763717 0.6762624140625 0.793648578125 0.6802304890624999 0.8060335500000001 0.69960560625 0.7978591390625 0.739439803125 0.7944038359375 0.749212353125 0.78911213125 0.754608584375 0.779239278125 0.754171128125 0.753147115625 0.7632394312499999 0.7240748499999999 0.7506276296875 0.7240362171875 0.7301590203125 0.7158661421875 0.7287538296875 0.71591201875 0.7238526546874999 0.7160720296875 0.7143145578125 0.7236434734375 0.712817653125 0.7255905546875 0.666454934375 0.753748071875 0.6382518703125 0.71621518125 0.6107839046875 0.6734885125 0.5997249796874999 0.6518800140625001 0.5988472796875 0.6443329656250001 0.6031647437500001 0.6354168203125 0.61066800625 0.626723965625 0.6132012078125 0.61131334375 0.606681428125 0.6029374921875 0.5891658171875 0.59257825625
1 0.596620265625 0.5458778078125001 0.586548490625 0.5650236953125 0.5891658171875 0.59257825625 0.606681428125 0.6029374921875 0.6132012078125 0.61131334375 0.61066800625 0.626723965625 0.6562085578125 0.5739632734375 0.671648340625 0.558839046875 0.6709378609375001 0.515000796875 0.6551643046875 0.4697812734375 0.6401075828125 0.4388356015625 0.6424057859375 0.40422977656250003 0.6750283328125 0.3918774265625 0.699775284375 0.39951407968749997 0.7171623015625 0.39947335625 0.716575746875 0.393611228125 0.7115261 0.387217440625 0.7024480093750001 0.38657686875 0.6708361578125001 0.37253964375000004 0.6328935140625 0.3702648140625 0.6203947265624999 0.3724686875 0.6183785140625 0.389633840625 0.6075716734375 0.40778869687499997 0.609441603125 0.4197038734375 0.6120982390624999 0.421381621875 0.618382384375 0.43329104531249996 0.6206063046875 0.46172334375 0.6168629953125 0.487953453125 0.60778849375 0.5155885078125 0.6029938734375 0.5180612359375 0.5970376984375 0.532356490625 0.596620265625 0.5458778078125001
6 0.5886114375 0.525478684375 0.60778849375 0.5155885078125 0.6168629953125 0.487953453125 0.6206063046875 0.46172334375 0.618382384375 0.43329104531249996 0.6120982390624999 0.421381621875 0.6005885390625 0.41411288749999997 0.5672247703125 0.404188871875 0.536540215625 0.3910029765625 0.4801309140625 0.3637566375 0.4689119953125 0.363410284375 0.45578277343750007 0.368049871875 0.4401856125 0.38242282968749997 0.42016124374999997 0.3822343828125 0.41464270625 0.3957600265625 0.413978334375 0.40517537812500004 0.4170006 0.4144055875 0.4319845578125 0.42292135625 0.44264254062499997 0.45172614375000003 0.4530369796875 0.468489734375 0.462053709375 0.474803315625 0.5444012375 0.50677425 0.5806282640625 0.5250266921875 0.5886114375 0.525478684375
5 0.7845268609375 0.6521747 0.8122537 0.646085690625 0.8160193015624999 0.64362168125 0.8157171609375 0.6010742234374999 0.793622753125 0.4723677796875 0.775423178125 0.396375490625 0.7643344328125 0.38453049687499996 0.7517388765625 0.3777512796875 0.727364365625 0.3994494625 0.699775284375 0.39951407968749997 0.6750283328125 0.3918774265625 0.6424057859375 0.40422977656250003 0.6401075828125 0.4388356015625 0.6551643046875 0.4697812734375 0.6709378609375001 0.515000796875 0.671648340625 0.558839046875 0.68441 0.5463382109375 0.690641034375 0.5302889359375 0.710230871875 0.5386139609375 0.726563509375 0.551590746875 0.7667715421875 0.6074746234374999 0.76139225 0.619949446875 0.7698805703125 0.6235566984375 0.7845268609375 0.6521747
7 0.7238526546874999 0.7160720296875 0.7301590203125 0.7158661421875 0.7506276296875 0.7240362171875 0.768306040625 0.72409036875 0.7686414109374999 0.7285617125 0.7905056578125 0.7369387453125 0.8075631890625001 0.74117980625 0.8123189671875 0.7398881859374999 0.814025578125 0.7341506921875001 0.814856634375 0.7054621453125 0.8113426140625 0.69837995 0.792294034375 0.7008326328125001 0.7582564453125 0.6927898984375 0.7411203656249999 0.6958114531249999 0.7485666156249999 0.6763765671875 0.7513367109375 0.6432686859375 0.7667715421875 0.6074746234374999 0.726563509375 0.551590746875 0.710230871875 0.5386139609375 0.690641034375 0.5302889359375 0.68441 0.5463382109375 0.6562085578125 0.5739632734375 0.6031647437500001 0.6354168203125 0.5988472796875 0.6443329656250001 0.5997249796874999 0.6518800140625001 0.6107839046875 0.6734885125 0.6382518703125 0.71621518125 0.6767288984375 0.7674207546875 0.6840955281250001 0.7629504859375 0.7143145578125 0.7236434734375 0.7238526546874999 0.7160720296875