6 0.7706489328125 0.6985674984375 0.7537794 0.6992703953125 0.747842025 0.6799739296875 0.7418054890625 0.6811948015625 0.7494986203125 0.6952988765625 0.7530240296875 0.7099880765625 0.7530240296875 0.7376813765625 0.75555898125 0.733058815625 0.7706489328125 0.6985674984375
5 0.7418054890625 0.6811948015625 0.49927259687500003 0.639558428125 0.7063511625000001 0.7934375953125 0.7327086109375001 0.70999408125 0.7327086109375001 0.6830346203125 0.7418054890625 0.6811948015625
5 0.6012194609375 0.82813619375 0.5891878796875 0.8312454796875001 0.622583928125 0.856292515625 0.627284471875 0.853354675 0.631985015625 0.8445411546875 0.743035371875 0.8521795390625 0.748934290625 0.7855564687500001 0.7449482421875 0.783784890625 0.72487081875 0.7717384375 0.725316984375 0.7672767875 0.72033004375 0.766381696875 0.7063511625000001 0.7934375953125 0.702251115625 0.8192093234375 0.6952224625000001 0.8279951390625 0.6846794843749999 0.831509465625 0.6448504515625 0.8279951390625 0.6243502140625 0.8326809078125 0.6225930515625 0.8197950437499999 0.6219344421875 0.8194123390625 0.6213216593750001 0.819999590625 0.6012194609375 0.82813619375
6 0.7017621640625 0.40417627187500005 0.7251176265625 0.4010915875 0.6895527578125 0.35509435625 0.675908303125 0.3399338515625 0.6698441015625 0.3379124515625 0.6592317484375 0.344482003125 0.6248679375 0.3899635171875 0.60414858125 0.41169357343749996 0.5999020984375 0.4258485140625 0.609919003125 0.43085696718750005 0.6113027375 0.4304549875 0.622533084375 0.427192540625 0.6357449609375 0.41186676406249995 0.640711240625 0.3953125 0.6534028421875 0.3953125 0.69037403125 0.404141440625 0.69384350625 0.4064766640625 0.7017621640625 0.40417627187500005
1 0.8175818687499999 0.6646144328125 0.7905693546875 0.670929046875 0.7892693234375 0.6786209046875 0.7983168953125 0.6802365421875 0.8177365421875 0.6802365421875 0.8175818687499999 0.6646144328125
0 0.7544325359374999 0.36282252812500004 0.7462744578125 0.389873 0.84177793125 0.36302878125000004 0.8487773828125 0.361437996875 0.826738040625 0.3506151046875 0.7741522187500001 0.3506151046875 0.7746217359375 0.35953591406249996 0.7544325359374999 0.36282252812500004
0 0.92392790625 0.406487540625 0.9164156453125001 0.3219746140625 0.9037387062500001 0.329956390625 0.8923081249999999 0.35951823906249997 0.9152996046874999 0.46170259218750004 0.92392790625 0.46376852343749997 0.92392790625 0.406487540625
6 0.6012194609375 0.82813619375 0.6213216593750001 0.819999590625 0.6219344421875 0.8194123390625 0.5792496921875 0.7946090375 0.569292434375 0.784066059375 0.555235128125 0.7582943328125 0.548206475 0.7284225578125 0.5475437359375 0.7234888328125 0.5301475703125 0.7181943468750001 0.5094231703125 0.704117396875 0.5016026421875 0.6927776296875 0.49730135156250005 0.6818288906250001 0.497692378125 0.6614955171875 0.5022042609375 0.639558428125 0.49927259687500003 0.639558428125 0.46289718906250005 0.6462591609375 0.43753012968749994 0.6539171406250001 0.42460728750000004 0.6668399828125 0.413598940625 0.698907775 0.4131203171875 0.7266679546875 0.4241286640625 0.7864959265625 0.43178664375000003 0.806598125 0.44375223906250005 0.8238285796874999 0.4681620515625 0.8472811453125001 0.5117168140625 0.8472811453125001 0.55862194375 0.839144540625 0.6012194609375 0.82813619375
1 0.738858628125 0.66499066875 0.79290795 0.506411715625 0.7892330890625 0.4457765125 0.7803696671875 0.43218593125 0.769142665625 0.423322509375 0.7413706078125 0.440458459375 0.7313193859375 0.4387104203125 0.731759690625 0.432835496875 0.7278970296875 0.4256619828125 0.7190680890625 0.4234547484375 0.69384350625 0.4064766640625 0.7017621640625 0.40417627187500005 0.7320512890625 0.400175821875 0.735277365625 0.39418453750000004 0.609919003125 0.43085696718750005 0.7327086109375001 0.6830346203125 0.7327086109375001 0.68039343125 0.7335679875000001 0.66811661875 0.7365921109375 0.6635174328125 0.738858628125 0.66499066875
1 0.892069309375 0.3584568375 0.8863543796875 0.35388489375 0.8794964656250001 0.3544563875 0.84177793125 0.36302878125000004 0.79290795 0.506411715625 0.7939602484375 0.52377463125 0.793369353125 0.6543623890625 0.7905693546875 0.670929046875 0.9537905453125 0.63277344375 0.892069309375 0.3584568375
3 0.5750575 0.53864743125 0.5425503468749999 0.514381528125 0.5357818796875 0.5102794265624999 0.5309296234375 0.5187708734375 0.53132065 0.5258093500000001 0.528974490625 0.5293285875 0.52975654375 0.535585009375 0.520371909375 0.5512260671875 0.497692378125 0.6614955171875 0.49730135156250005 0.6818288906250001 0.5016026421875 0.6927776296875 0.5094231703125 0.704117396875 0.5301475703125 0.7181943468750001 0.5475437359375 0.7234888328125 0.537663496875 0.649935934375 0.53239200625 0.5661778234375 0.5546494078124999 0.5556348437499999 0.5775956796874999 0.53924465 0.5750575 0.53864743125
6 0.5780825546874999 0.6512739046875 0.586981325 0.6440160421875001 0.5921520671875 0.6292794265625 0.5871857890625 0.6198986765625001 0.5717351421875 0.6066552656249999 0.573942378125 0.5790648265625 0.5871857890625 0.561958753125 0.5899448328125 0.5487153421875 0.594362259375 0.5418131125000001 0.59137115 0.537824965625 0.5828409031249999 0.5404788203125 0.5775956796874999 0.53924465 0.5546494078124999 0.5556348437499999 0.53239200625 0.5661778234375 0.537663496875 0.649935934375 0.548206475 0.7284225578125 0.555235128125 0.7582943328125 0.569292434375 0.784066059375 0.5792496921875 0.7946090375 0.6225930515625 0.8197950437499999 0.6243502140625 0.8326809078125 0.6448504515625 0.8279951390625 0.6846794843749999 0.831509465625 0.6952224625000001 0.8279951390625 0.702251115625 0.8192093234375 0.7063511625000001 0.7934375953125 0.72033004375 0.766381696875 0.7079165515625 0.7641536343750001 0.689177625 0.7525533453125 0.6877858171875 0.752354515625 0.682931315625 0.751661015625 0.67222335625 0.757461159375 0.6704110859375 0.759118725 0.6198632203125001 0.7787976640625 0.5986061421875 0.736937571875 0.578974884375 0.6900902546875 0.5718362453125 0.6668896765625 0.5722824109375 0.6593048734375 0.5780825546874999 0.6512739046875
1 0.6171794453125 0.5084295140624999 0.603444028125 0.534068959375 0.5982928640625 0.53567154375 0.5899448328125 0.5487153421875 0.5871857890625 0.561958753125 0.573942378125 0.5790648265625 0.5717351421875 0.6066552656249999 0.5871857890625 0.6198986765625001 0.5921520671875 0.6292794265625 0.586981325 0.6440160421875001 0.6409918109375 0.5999649359375 0.6588233234375 0.5877515718749999 0.6657360703124999 0.54445595 0.6580544374999999 0.4971843625 0.6486001203125 0.464094253125 0.656872646875 0.430413246875 0.691144546875 0.423913403125 0.7141894453125001 0.43573130000000004 0.7313193859375 0.4387104203125 0.731759690625 0.432835496875 0.7278970296875 0.4256619828125 0.7190680890625 0.4234547484375 0.69037403125 0.404141440625 0.6534028421875 0.3953125 0.640711240625 0.3953125 0.6357449609375 0.41186676406249995 0.6219497421875 0.42786921875 0.621722215625 0.43992808749999995 0.624047153125 0.44204166718750004 0.628167778125 0.4548613890625 0.6254206953125 0.4832479171875 0.6171794453125 0.5084295140624999
6 0.459222153125 0.46081340312499997 0.46700555625 0.46859680625 0.5425503468749999 0.514381528125 0.5750575 0.53864743125 0.5828409031249999 0.5404788203125 0.603444028125 0.534068959375 0.6171794453125 0.5084295140624999 0.6254206953125 0.4832479171875 0.628167778125 0.4548613890625 0.624047153125 0.44204166718750004 0.6139745140625 0.432884721875 0.5828409031249999 0.4173179171875 0.554912221875 0.399004028125 0.50409118125 0.36237625 0.493102846875 0.3600870140625 0.47936743125000003 0.36237625 0.46151138906250005 0.37382243125 0.4418239578125 0.370159653125 0.43404055625 0.382521528125 0.4317513203125 0.391678471875 0.43312486093749997 0.40129326406250004 0.44640243125 0.41228159687500004 0.451896596875 0.4424995140625 0.459222153125 0.46081340312499997
5 0.7141628609375 0.5901493078125 0.7440559109375 0.652166234375 0.7365921109375 0.6635174328125 0.7443250828125 0.6685438640625 0.7537794 0.6992703953125 0.7821423515625 0.69808860625 0.786278615625 0.696315921875 0.793369353125 0.6543623890625 0.7939602484375 0.52377463125 0.7892330890625 0.4457765125 0.7803696671875 0.43218593125 0.769142665625 0.423322509375 0.7413706078125 0.440458459375 0.7141894453125001 0.43573130000000004 0.691144546875 0.423913403125 0.656872646875 0.430413246875 0.6486001203125 0.464094253125 0.6580544374999999 0.4971843625 0.6657360703124999 0.54445595 0.6588233234375 0.5877515718749999 0.6735618515625 0.5776566890625 0.68248515 0.562933246875 0.7003317484375 0.5745335359375 0.7141628609375 0.5901493078125
7 0.5986061421875 0.736937571875 0.6276068625 0.794046684375 0.6356378312500001 0.7909235296875 0.67222335625 0.757461159375 0.682931315625 0.751661015625 0.689177625 0.7525533453125 0.7079165515625 0.7641536343750001 0.725316984375 0.7672767875 0.72487081875 0.7717384375 0.7449482421875 0.783784890625 0.7610101796875 0.7909235296875 0.76591799375 0.7904773656249999 0.7685949828124999 0.7851233859375 0.774395128125 0.7570149953125 0.7721643031250001 0.7494301906249999 0.7529792109375 0.7485378609375 0.720855334375 0.7347067484375 0.703454903125 0.7347067484375 0.7141628609375 0.71686015 0.7226399953125 0.684736275 0.7440559109375 0.652166234375 0.7141628609375 0.5901493078125 0.7003317484375 0.5745335359375 0.68248515 0.562933246875 0.6735618515625 0.5776566890625 0.6409918109375 0.5999649359375 0.5780825546874999 0.6512739046875 0.5722824109375 0.6593048734375 0.5718362453125 0.6668896765625 0.578974884375 0.6900902546875 0.5986061421875 0.736937571875