6 0.715875403125 0.73192460625 0.7170595109375 0.746984453125 0.712727325 0.774336803125 0.7159541953125 0.7701677078125 0.7362539953125 0.7384616234375 0.719482196875 0.736516890625 0.7166365531250001 0.7165291859375 0.71048335 0.7167907046875001 0.715875403125 0.73192460625
5 0.7012106593749999 0.7171848078124999 0.71048335 0.7167907046875001 0.47744980468750003 0.6377264406250001 0.657906884375 0.8221053250000001 0.6969932703125 0.7438123531249999 0.7012106593749999 0.7171848078124999
5 0.57646195 0.8609462859375 0.6849501859375 0.8858627328124999 0.7011986234375 0.820982696875 0.6975387859375 0.818609375 0.679593028125 0.8035704328125 0.6807316578125 0.799233509375 0.6759461375 0.797569309375 0.657906884375 0.8221053250000001 0.6498257296875 0.846918371875 0.6415092062500001 0.854496496875 0.6305462671875001 0.8563182703125 0.5917573578125 0.846616578125 0.570776496875 0.8480377125 0.5710567609375 0.8350356140624999 0.570466128125 0.8345545921875 0.5697690234375 0.835038753125 0.548641471875 0.8399305046875 0.5362716187500001 0.8411193562499999 0.5653382875 0.8710823140624999 0.5704405390625 0.8689159703125 0.57646195 0.8609462859375
6 0.6931091171875 0.3664774890625 0.681599715625 0.371306021875 0.6405441046875 0.41085189843750003 0.6166805078125 0.42907320000000004 0.6102719859375 0.44238957343749996 0.6193820718749999 0.44890335312499996 0.620811653125 0.44872278593750003 0.6324140953125 0.44725731875 0.647860790625 0.43418702031249995 0.655355584375 0.4186134640625 0.66789093125 0.42059886874999997 0.70302579375 0.435102678125 0.70608724375 0.437951896875 0.7142682703125 0.4369185765625 0.7378187390625001 0.4375254703125 0.7098872859375 0.38653096875 0.6987824421875 0.369422653125 0.6931091171875 0.3664774890625
1 0.7856294703125 0.7277224765625 0.7879205375 0.71226850625 0.7602527703125 0.7142796875 0.757765471875 0.7216734765624999 0.7664489125 0.724684575 0.7856294703125 0.7277224765625
0 0.8460843 0.403567371875 0.794145896875 0.3953411359375 0.7932141109375 0.4042255640625 0.772759334375 0.40431342812500004 0.76047006875 0.429754659375 0.858997096875 0.41818097187500003 0.8661592265625 0.41770472812500004 0.8460843 0.403567371875
0 0.9161776125 0.52714126875 0.9243765015625 0.530531528125 0.933337221875 0.47395576874999995 0.9391381843750001 0.3893081609375 0.92536869375 0.3952085578125 0.9094543500000001 0.42261831406250006 0.9161776125 0.52714126875
6 0.5240016078124999 0.791408459375 0.51414895625 0.7637549781249999 0.5118798124999999 0.7331514515625 0.5119970375 0.7281747937499999 0.4956432875 0.72022413125 0.477376159375 0.70307848125 0.4714258453125 0.690654925 0.468890271875 0.6791681140625 0.47245732343749997 0.6591462484374999 0.480345375 0.6381850546875001 0.47744980468750003 0.6377264406250001 0.4404740125 0.638654309375 0.41422129218750003 0.642249725 0.39943597343750004 0.6529918875 0.38354665 0.6829427875 0.3787312703125 0.7102863187499999 0.3802449296875 0.77109979375 0.38466395000000003 0.7921524734375 0.3937867921875 0.8110426234375 0.41422728906249995 0.8380249859375001 0.45724582031249994 0.8448384515624999 0.504846315625 0.8441396015624999 0.548641471875 0.8399305046875 0.5697690234375 0.835038753125 0.570466128125 0.8345545921875 0.5321869890625 0.8033792953125 0.5240016078124999 0.791408459375
1 0.7778240750000001 0.466369725 0.747713284375 0.47895019687499996 0.7380592625 0.47565132187500003 0.7394131875000001 0.46991760625 0.7367202671874999 0.46222815781250004 0.7283453125 0.45866694687500004 0.70608724375 0.437951896875 0.7142682703125 0.4369185765625 0.74481029375 0.4377056421875 0.748933896875 0.43229279062500003 0.6193820718749999 0.44890335312499996 0.7012106593749999 0.7171848078124999 0.7016238312499999 0.7145761359375 0.7043931453125001 0.7025849078124999 0.7080995078125001 0.698515421875 0.7101076546875 0.70032508125 0.7882987531250001 0.552153675 0.7941545718749999 0.4916901171875 0.787526309375 0.4768803140625 0.7778240750000001 0.466369725
1 0.7882987531250001 0.552153675 0.7866219375 0.569467440625 0.7656098921875001 0.698355009375 0.7602527703125 0.7142796875 0.9274332875000001 0.7021272640625 0.9093845140625 0.42153262187499996 0.9044551546875 0.41612295312500003 0.897592271875 0.41561459687499996 0.858997096875 0.41818097187500003 0.7882987531250001 0.552153675
3 0.52689756875 0.5303912234375 0.5240297640625 0.5335001125 0.5238234687500001 0.5398018484375 0.512107575 0.5537822578125 0.47245732343749997 0.6591462484374999 0.468890271875 0.6791681140625 0.4714258453125 0.690654925 0.477376159375 0.70307848125 0.4956432875 0.72022413125 0.5119970375 0.7281747937499999 0.5137446484375 0.65398184375 0.5216407140625 0.570430290625 0.5452733765625 0.5634989375 0.5705011328125 0.550900121875 0.568087628125 0.5499131968750001 0.5397767140624999 0.5208608078125 0.5337332890625001 0.5157503890624999 0.5276124171875 0.5233782312499999 0.52689756875 0.5303912234375
6 0.5541674046875 0.6165640109375 0.5606635609375 0.5896585437499999 0.576419903125 0.5748348 0.5812167046875001 0.562186046875 0.5866594921875 0.5560598328124999 0.584329090625 0.551652875 0.5754887109375 0.55293963125 0.5705011328125 0.550900121875 0.5452733765625 0.5634989375 0.5216407140625 0.570430290625 0.5137446484375 0.65398184375 0.5118798124999999 0.7331514515625 0.51414895625 0.7637549781249999 0.5240016078124999 0.791408459375 0.5321869890625 0.8033792953125 0.5710567609375 0.8350356140624999 0.570776496875 0.8480377125 0.5917573578125 0.846616578125 0.6305462671875001 0.8563182703125 0.6415092062500001 0.854496496875 0.6498257296875 0.846918371875 0.657906884375 0.8221053250000001 0.6759461375 0.797569309375 0.6640340218749999 0.7934267796875 0.6473404875 0.7790378953125 0.64599691875 0.7786237859375 0.641310671875 0.7771794140625 0.6298272015624999 0.781233053125 0.62777794375 0.7825867109375 0.5747739421875 0.794115940625 0.560326934375 0.7494458765625 0.5482659046875 0.7001043218749999 0.544844525 0.6760726515625 0.5464717218749999 0.6686510265625001 0.5534567765625 0.6616262749999999 0.56338136875 0.6558498421875 0.5707937640625 0.6421035421875 0.5673561015625 0.6320613875000001 0.5541674046875 0.6165640109375
1 0.576419903125 0.5748348 0.5606635609375 0.5896585437499999 0.5541674046875 0.6165640109375 0.5673561015625 0.6320613875000001 0.5707937640625 0.6421035421875 0.56338136875 0.6558498421875 0.62361800625 0.6207901796875 0.643140575 0.6115166453125 0.6567411421875 0.56983545625 0.6565489875 0.5219441890625001 0.652387503125 0.48778249218749997 0.6658270500000001 0.4558102640625 0.70069380625 0.45475174999999995 0.7216062578125 0.470029165625 0.7380592625 0.47565132187500003 0.7394131875000001 0.46991760625 0.7367202671874999 0.46222815781250004 0.7283453125 0.45866694687500004 0.70302579375 0.435102678125 0.66789093125 0.42059886874999997 0.655355584375 0.4186134640625 0.647860790625 0.43418702031249995 0.631732078125 0.4478344109375 0.6296209312500001 0.459709221875 0.6315866078125 0.46216048125000003 0.6336510546875 0.47546697812499994 0.6264971609375001 0.5030742828125 0.6144181046875 0.5266566359375 0.5968409015625 0.549831725 0.59150245625 0.550608759375 0.5812167046875001 0.562186046875 0.576419903125 0.5748348
6 0.5754887109375 0.55293963125 0.5968409015625 0.549831725 0.6144181046875 0.5266566359375 0.6264971609375001 0.5030742828125 0.6336510546875 0.47546697812499994 0.6315866078125 0.46216048125000003 0.623070440625 0.4515405640625 0.594755321875 0.43129504374999994 0.5700354125 0.4088376203125 0.5255699093749999 0.364710628125 0.515074975 0.360730621875 0.50115055 0.36084298125 0.48172376874999995 0.36935494062499996 0.46285170625000005 0.362657465625 0.45323030781250007 0.37364955312500003 0.4495367953125 0.38233564375 0.44938934062499997 0.39204693125 0.46078448749999995 0.40497704843750004 0.4614838875 0.43568241093750004 0.4658543296875 0.45491679375 0.4723243140625 0.4638219640625 0.5397767140624999 0.5208608078125 0.568087628125 0.5499131968750001 0.5754887109375 0.55293963125
5 0.719482196875 0.736516890625 0.7476808265625 0.7397865953125 0.752043475 0.7386827890625 0.7656098921875001 0.698355009375 0.7866219375 0.569467440625 0.7941545718749999 0.4916901171875 0.787526309375 0.4768803140625 0.7778240750000001 0.466369725 0.747713284375 0.47895019687499996 0.7216062578125 0.470029165625 0.70069380625 0.45475174999999995 0.6658270500000001 0.4558102640625 0.652387503125 0.48778249218749997 0.6565489875 0.5219441890625001 0.6567411421875 0.56983545625 0.643140575 0.6115166453125 0.6592768343750001 0.6038516625 0.6703935265625 0.5907054015625001 0.6862057187499999 0.60495469375 0.6974237015625 0.6225418734375 0.717247134375 0.688471571875 0.7080995078125001 0.698515421875 0.714950965625 0.7046896734375 0.719482196875 0.736516890625
7 0.641310671875 0.7771794140625 0.6473404875 0.7790378953125 0.6640340218749999 0.7934267796875 0.6807316578125 0.799233509375 0.679593028125 0.8035704328125 0.6975387859375 0.818609375 0.71228624375 0.828172765625 0.71720343125 0.828499846875 0.7206850078125 0.82363055625 0.730810865625 0.79677556875 0.72979403125 0.7889351687499999 0.7109847296875 0.785052615625 0.6814200140625 0.7663665046875 0.6642338109375 0.763644478125 0.677601759375 0.74769269375 0.6909998078124999 0.7172904328125 0.717247134375 0.688471571875 0.6974237015625 0.6225418734375 0.6862057187499999 0.60495469375 0.6703935265625 0.5907054015625001 0.6592768343750001 0.6038516625 0.62361800625 0.6207901796875 0.5534567765625 0.6616262749999999 0.5464717218749999 0.6686510265625001 0.544844525 0.6760726515625 0.5482659046875 0.7001043218749999 0.560326934375 0.7494458765625 0.5800367750000001 0.8103885937499999 0.5884574375 0.808560209375 0.6298272015624999 0.781233053125 0.641310671875 0.7771794140625