5 0.718247490625 0.8699874062499999 0.6997070359374999 0.8966622234375 0.6973721671875001 0.8992167703125 0.715513790625 0.9597506609374999 0.639270190625 0.9494618296875 0.6346413156249999 0.9483931703125 0.6321940406250001 0.9405147812499999 0.6251221265625 0.9369425781249999 0.6088671296875 0.938838821875 0.5809252890625001 0.93114973125 0.5589069421875 0.919256246875 0.531193784375 0.8837602562500001 0.5240723625 0.8649040749999999 0.5238849531249999 0.8652958359375 0.518008528125 0.86693771875 0.50742430625 0.8629948781250001 0.499194875 0.857731109375 0.496156575 0.8708914328124999 0.501515540625 0.904760546875 0.6605868515625 0.9659589765625001 0.7535287359375 0.9874163015624999 0.7782331640625 0.967390771875 0.8413449875 0.9305032875 0.8470284734375 0.9249125234375001 0.8471667859374999 0.9161589421875 0.8386903328124999 0.8483322578125 0.82405999375 0.8452613640625 0.8147101578125 0.8432988421875001 0.7770098828124999 0.8284702375 0.753015803125 0.8222038875000001 0.73717156875 0.8286931750000001 0.7359839328125 0.8298971937499999 0.7348987859375 0.8299065828125001 0.718247490625 0.8699874062499999
3 0.4103871328125 0.7291454328125 0.3386330265625 0.7065825640625001 0.33020147031249997 0.7106331140625 0.32249916875 0.7223484375 0.3210382234375 0.7330058890625 0.323738590625 0.7386269265625 0.3399432375 0.7463661484374999 0.35724206718749996 0.76235415625 0.3716071390625 0.771731603125 0.38353611875000004 0.7578915125 0.4011543125 0.7536405953124999 0.49327995781249995 0.7857768218750001 0.49342626718749993 0.7855889125 0.50242033125 0.774037509375 0.510159890625 0.7596004203125 0.4949686875 0.751969571875 0.49030474375 0.751534184375 0.48194208281249995 0.747411896875 0.48117296875 0.7450397 0.45520713281249997 0.731996534375 0.4332355984375 0.7254247234375 0.4103871328125 0.7291454328125
6 0.4388928015625 0.659233440625 0.4668940640625 0.65209623125 0.5536575312500001 0.5983796906250001 0.6023120109375 0.5819571625 0.625920709375 0.5781892281250001 0.6304955031249999 0.5762777625 0.6305303453125 0.5743281171875 0.6237094546875 0.5634124093749999 0.5245599328125 0.514117515625 0.5092670265625 0.5191836578125 0.49787504531250004 0.531290965625 0.4388928015625 0.659233440625
1 0.7512667984375 0.6114873296875001 0.750355734375 0.61092335625 0.745535715625 0.6201209984375 0.7245002265625 0.6420554968750001 0.718112409375 0.644706340625 0.7152300265625 0.6571913171875 0.7091603656250001 0.6633830546875 0.7190798296875001 0.6733043828125 0.7205843484375001 0.6757121140625 0.7444038453124999 0.6830585578124999 0.7471576515625 0.6839078921875 0.7478518796875 0.6832852593750001 0.750720334375 0.6850067 0.7956378984375 0.698860240625 0.7942741890625 0.6934198625 0.7592217515625 0.6435653421875001 0.7526677 0.6262114515625 0.7512667984375 0.6114873296875001
6 0.518039446875 0.7025989546875 0.4949910328125 0.7027568468750001 0.483545103125 0.7214825968749999 0.4800219390625 0.7414895593749999 0.48194208281249995 0.747411896875 0.49030474375 0.751534184375 0.5133317265625 0.753683790625 0.5259699203125 0.7301089640625 0.53739033125 0.7033554640624999 0.5283627281250001 0.7077217921875001 0.518039446875 0.7025989546875
6 0.7083721734374999 0.5591217921875 0.712769725 0.569355478125 0.71909476875 0.6058457765624999 0.7185976046875 0.6426047296874999 0.718112409375 0.644706340625 0.7245002265625 0.6420554968750001 0.745535715625 0.6201209984375 0.76119130625 0.590246725 0.7652275562499999 0.5710172453125 0.7207030062500001 0.5230900921875 0.7201692296875 0.514077825 0.7208121921874999 0.51260751875 0.7146129859375 0.5112130578125 0.7132405921875 0.507905959375 0.7168050296875 0.4802364296875 0.7122868578125 0.478490284375 0.684593103125 0.482400878125 0.667848196875 0.4924456828125 0.6564838171875 0.5037326796875 0.6388716718749999 0.5331552484375 0.6306280296875 0.5688623875000001 0.6304955031249999 0.5762777625 0.652447475 0.567105671875 0.7009218515625 0.5567871859375 0.7083721734374999 0.5591217921875
3 0.7091603656250001 0.6633830546875 0.7152300265625 0.6571913171875 0.7185976046875 0.6426047296874999 0.71909476875 0.6058457765624999 0.712769725 0.569355478125 0.7083721734374999 0.5591217921875 0.7009218515625 0.5567871859375 0.652447475 0.567105671875 0.625920709375 0.5781892281250001 0.6023120109375 0.5819571625 0.5536575312500001 0.5983796906250001 0.4668940640625 0.65209623125 0.42640882343750003 0.662415465625 0.41366117812500003 0.6723782468749999 0.41119111875 0.68840116875 0.41500520625000004 0.698500153125 0.42698853437500006 0.7024958453125 0.442114684375 0.6955404374999999 0.4872222328125 0.691819403125 0.5404526781250001 0.6961815953125 0.58304350625 0.5964081515624999 0.641303703125 0.6238759125 0.6662090734375 0.6383628671875 0.682684978125 0.6432333171875 0.698961265625 0.6531820374999999 0.7091603656250001 0.6633830546875
3 0.5204354078125 0.8552741062500001 0.5168889812499999 0.834128121875 0.5092509390625 0.8205843109375 0.5022772984375 0.8433538890625 0.5102202796875 0.8535171500000001 0.5217786734375001 0.8588308171874999 0.5204354078125 0.8552741062500001
6 0.7207030062500001 0.5230900921875 0.7998573999999999 0.60829353125 0.829067296875 0.6448415796875 0.8385759890625 0.6444224125 0.8466340359375 0.6389623765625 0.856409934375 0.6396506671875 0.8609163890625 0.635985103125 0.8716484250000001 0.6212076046874999 0.8702750359375001 0.606772653125 0.872146765625 0.6009301625 0.8858573515625 0.5868403140625 0.8889131593749999 0.578133884375 0.8740204109375 0.574695621875 0.839647578125 0.539338565625 0.7208121921874999 0.51260751875 0.7201692296875 0.514077825 0.7207030062500001 0.5230900921875
5 0.7395588656250001 0.81868944375 0.7348987859375 0.8299065828125001 0.7359839328125 0.8298971937499999 0.74187041875 0.8239295015625 0.7438545265625 0.8198113078124999 0.7395588656250001 0.81868944375
6 0.3715764578125 0.7717671968750001 0.3560974890625 0.8084721453125001 0.3498599796875 0.835489771875 0.35088107343749997 0.8576160249999999 0.3584577703125 0.8703105015625001 0.368720859375 0.877058025 0.4132909234375 0.8982930921875001 0.44056409218750003 0.9072164609375 0.4575094828125 0.9172579578125 0.4723771296875 0.921128234375 0.4755109875 0.917035828125 0.4982183578125 0.8566066937500001 0.5092509390625 0.8205843109375 0.4911581 0.788502 0.49327995781249995 0.7857768218750001 0.4011543125 0.7536405953124999 0.38353611875000004 0.7578915125 0.3715764578125 0.7717671968750001
5 0.6662090734375 0.6383628671875 0.641303703125 0.6238759125 0.58304350625 0.5964081515624999 0.5259699203125 0.7301089640625 0.50242033125 0.774037509375 0.4911581 0.788502 0.5168889812499999 0.834128121875 0.5160068671875 0.82886841875 0.5150150203125 0.79830331875 0.5181825843750001 0.7711749140624999 0.528727071875 0.733415321875 0.5289020296875 0.73278880625 0.5386250890625 0.7121266890625 0.5611450312499999 0.67894135625 0.5794133312499999 0.661490275 0.6191137140625 0.6397006125 0.6442081515625 0.63558845 0.6635597734375 0.6375797078125001 0.6662090734375 0.6383628671875
5 0.6814837171875 0.9166001078124999 0.6723949265625 0.9237883609375 0.644496553125 0.9346824359375001 0.6251221265625 0.9369425781249999 0.6321940406250001 0.9405147812499999 0.6346413156249999 0.9483931703125 0.639270190625 0.9494618296875 0.715513790625 0.9597506609374999 0.6973721671875001 0.8992167703125 0.6814837171875 0.9166001078124999
3 0.5809252890625001 0.93114973125 0.6088671296875 0.938838821875 0.644496553125 0.9346824359375001 0.6723949265625 0.9237883609375 0.6814837171875 0.9166001078124999 0.6997070359374999 0.8966622234375 0.718247490625 0.8699874062499999 0.7395588656250001 0.81868944375 0.7048033734375 0.8096126187499999 0.6532694609374999 0.7845904828125 0.65195984375 0.7807882421875 0.6636897625 0.7375602265625 0.6840800296875 0.675769746875 0.6889693890624999 0.66596138125 0.7205843484375001 0.6757121140625 0.7190798296875001 0.6733043828125 0.698961265625 0.6531820374999999 0.682684978125 0.6432333171875 0.6635597734375 0.6375797078125001 0.6442081515625 0.63558845 0.6191137140625 0.6397006125 0.5794133312499999 0.661490275 0.5611450312499999 0.67894135625 0.5386250890625 0.7121266890625 0.5289020296875 0.73278880625 0.5181825843750001 0.7711749140624999 0.5150150203125 0.79830331875 0.5160068671875 0.82886841875 0.5204354078125 0.8552741062500001 0.531193784375 0.8837602562500001 0.5589069421875 0.919256246875 0.5809252890625001 0.93114973125
1 0.8680414953125 0.536809690625 0.86991308125 0.539804859375 0.9294382484374999 0.5428678375 0.9480451140625 0.40491279531249996 0.9667409171875001 0.3165311078125 0.953856534375 0.313129334375 0.901881359375 0.30881915000000004 0.898605296875 0.311907428125 0.8945475796875 0.3331839640625 0.8922699078124999 0.33564837812500004 0.8897118624999999 0.33377626875 0.8918348734375 0.3171792234375 0.8897455078125001 0.30772608749999997 0.7433031140625 0.3055284796875 0.7403700203125 0.310831834375 0.7310363328125 0.36976365312500004 0.7132405921875 0.507905959375 0.7146129859375 0.5112130578125 0.8587750968750001 0.5436411453125001 0.861739228125 0.5400536734375 0.8690104109375 0.5178103046875 0.8680414953125 0.536809690625
5 0.6889693890624999 0.66596138125 0.6840800296875 0.675769746875 0.6636897625 0.7375602265625 0.65195984375 0.7807882421875 0.6532694609374999 0.7845904828125 0.7048033734375 0.8096126187499999 0.7770098828124999 0.8284702375 0.8147101578125 0.8432988421875001 0.8564367765625001 0.85205721875 0.8971849921875 0.7324061734375 0.8694848609375001 0.7216362296875001 0.6889693890624999 0.66596138125