5 0.8363432124999999 0.7672000953125 0.8285936062499999 0.7987474859375 0.8273292890624999 0.8019691046874999 0.8659593578125 0.8519809828125 0.7910926390624999 0.8696987953124999 0.7863882390625 0.8703599546874999 0.781280146875 0.8638818703125001 0.773397784375 0.863081278125 0.758901990625 0.8706768453124999 0.7300605109375 0.8735119203125 0.70524236875 0.870299065625 0.6666492828125 0.8470922109375 0.6532434109375 0.8320405390625 0.6532088453125 0.8324734406250001 0.6483111265625 0.83611219375 0.6370169171875 0.8362242796875 0.6274477140625 0.83425929375 0.6293274546875 0.8476343421875001 0.6464680859375 0.877333403125 0.8169055046875 0.8774609999999999 0.9113638453125 0.8641857453125 0.9272509078125 0.836637028125 0.9729515796875001 0.7795823390625001 0.9762540203125001 0.7723261328125 0.97324614375 0.76410439375 0.9410257812499999 0.7038204171875 0.9262666749999999 0.7061965359375 0.9168345453125 0.7077150453125001 0.8763242109375 0.7073819203125 0.8516781468750001 0.7101304890625 0.8392118328124999 0.721866825 0.8385345609374999 0.7234164843750001 0.8375248531249999 0.7238141312499999 0.8363432124999999 0.7672000953125
3 0.49845755937499997 0.7460400703125 0.42338352187500006 0.7506901906250001 0.41696357500000003 0.757493303125 0.4139712515625 0.7711907578125 0.4164266296875 0.7816639015625 0.420962040625 0.7859438671875 0.4388638703125 0.787361828125 0.460743309375 0.7960885734375001 0.4775148359375 0.7996951937500001 0.483691653125 0.782499390625 0.49861626093750006 0.772217021875 0.596139553125 0.7692038953125 0.5962088046875 0.7689760328124999 0.600465834375 0.754968684375 0.6025175453125 0.7387168921875 0.585600684375 0.7370369203125 0.5810904890625 0.738301859375 0.5718059765625 0.7374502828125 0.570237828125 0.735511271875 0.5413223781250001 0.7326397515624999 0.5184550578125 0.7343783312500001 0.49845755937499997 0.7460400703125
6 0.5000156765625 0.670556084375 0.5235993609375 0.6538581703124999 0.58534975 0.5726162140625 0.6248873109375 0.5398482578125 0.645577621875 0.5278699859375 0.649163553125 0.5244460203125 0.648497390625 0.5226133828124999 0.6382177015625 0.51486708125 0.5279879390625 0.50437834375 0.515526321875 0.5145884828125 0.5092298640624999 0.5299741484375 0.5000156765625 0.670556084375
1 0.77453125 0.514036421875 0.7734785890625 0.513836403125 0.7722748546875 0.5241504828125 0.7604971546875 0.5521665453125 0.755483590625 0.556930509375 0.75726686875 0.56961919375 0.7538192734375 0.57757485 0.7666353765625 0.583282390625 0.7689028203125 0.5849910296874999 0.793772965625 0.58331338125 0.7966482390625 0.5831194281250001 0.797073225 0.5822893609375 0.8003680687499999 0.5828685015625 0.8472668921875 0.57970488125 0.8440441015625 0.575114559375 0.793453571875 0.5411330265625 0.7811157578125 0.5272805359375 0.77453125 0.514036421875
6 0.5894462468749999 0.682677659375 0.56798528125 0.6910848781250001 0.56401029375 0.712668725 0.567890990625 0.732609421875 0.5718059765625 0.7374502828125 0.5810904890625 0.738301859375 0.6033583796875 0.73205655625 0.6067086875000001 0.7055184375 0.6077829625 0.676449184375 0.6009197203125 0.68376070625 0.5894462468749999 0.682677659375
6 0.7157195375 0.4805210390625 0.72349243125 0.4884990671875 0.742474321875 0.5202990015625 0.7551834093750001 0.5547946078125 0.755483590625 0.556930509375 0.7604971546875 0.5521665453125 0.7722748546875 0.5241504828125 0.776184625 0.4906499828125 0.773061559375 0.47125125468749995 0.71431875625 0.44246357343750004 0.710590725 0.4342411859375 0.7106640703125 0.4326381203125 0.7043768828125 0.433557875 0.701910484375 0.43096225468749993 0.6953223015625001 0.40385314375 0.6904784625 0.4038421453125 0.666025546875 0.41741755312500006 0.6539925656250001 0.4327960234375 0.6474279015625 0.44740597343750005 0.641529653125 0.48118593593750003 0.64662984375 0.5174756781250001 0.649163553125 0.5244460203125 0.6663705015625 0.508016253125 0.7079274156250001 0.481011453125 0.7157195375 0.4805210390625
3 0.7538192734375 0.57757485 0.75726686875 0.56961919375 0.7551834093750001 0.5547946078125 0.742474321875 0.5202990015625 0.72349243125 0.4884990671875 0.7157195375 0.4805210390625 0.7079274156250001 0.481011453125 0.6663705015625 0.508016253125 0.645577621875 0.5278699859375 0.6248873109375 0.5398482578125 0.58534975 0.5726162140625 0.5235993609375 0.6538581703124999 0.489501215625 0.67800061875 0.4811706046875 0.6918700234374999 0.48460670781250004 0.7077139 0.49178661718749994 0.7157752671875001 0.5044059453124999 0.715211128125 0.516034828125 0.703296965625 0.5568128531250001 0.6836579828125 0.608071025 0.6686543546875 0.6120773828125 0.56024463125 0.6763115281250001 0.565009409375 0.7047543546874999 0.5696088593749999 0.7218813500000001 0.5682513796875 0.7406418765625 0.5717064109375001 0.7538192734375 0.57757485
3 0.64639695 0.82435355625 0.63550803125 0.8058830046875001 0.6235236375000001 0.795975996875 0.6251730703125 0.8197323593749999 0.6362306703125 0.8263740703125 0.6489256078125 0.82719265 0.64639695 0.82435355625
6 0.71431875625 0.44246357343750004 0.8187499296875 0.4936414390625 0.8591173671875 0.5172940921875 0.86784428125 0.5134951546875001 0.8734104125 0.505510025 0.8827836625 0.50264923125 0.885677178125 0.497612165625 0.8904006156250001 0.4799701625 0.8839454218749999 0.46698615312499997 0.8835990703125001 0.4608609515625 0.8913496562500001 0.44279350937500006 0.8910823921875 0.43357025312499997 0.8759466515625001 0.4356974421875 0.8311860125000001 0.415006909375 0.7106640703125 0.4326381203125 0.710590725 0.4342411859375 0.71431875625 0.44246357343750004
5 0.8378555499999999 0.7116720078125 0.8375248531249999 0.7238141312499999 0.8385345609374999 0.7234164843750001 0.8418914390625 0.7157356359375 0.8422679359374999 0.7111799296875 0.8378555499999999 0.7116720078125
6 0.4774989484375 0.7997394171875001 0.47620196249999996 0.8395536046875 0.480060996875 0.8670120562499999 0.48894361093749994 0.8873027656250001 0.5005663609375001 0.896438834375 0.5125658750000001 0.899060228125 0.56178558125 0.9029123890624999 0.590445128125 0.9014692421875001 0.6098635640625 0.9047711015625 0.625130690625 0.9030562281250001 0.6265898125 0.8981125640625001 0.626133103125 0.8335595124999999 0.6235236375000001 0.795975996875 0.5951352453125 0.7725084734375 0.596139553125 0.7692038953125 0.49861626093750006 0.772217021875 0.483691653125 0.782499390625 0.4774989484375 0.7997394171875001
5 0.7047543546874999 0.5696088593749999 0.6763115281250001 0.565009409375 0.6120773828125 0.56024463125 0.6067086875000001 0.7055184375 0.600465834375 0.754968684375 0.5951352453125 0.7725084734375 0.63550803125 0.8058830046875001 0.6327995984375 0.8012887703124999 0.6209200781249999 0.7731092375 0.614155303125 0.7466475359375 0.610467603125 0.7076171140625 0.610406415625 0.7069695109375 0.612079034375 0.6841953296875001 0.6212106515625 0.6451437296875 0.6320116703124999 0.6223049671875 0.6612664546875 0.5877352203124999 0.6832204625 0.5749031437500001 0.7020003609375001 0.569827140625 0.7047543546874999 0.5696088593749999
5 0.8187257718750001 0.8238917578124999 0.81281669375 0.8338597015625 0.79067540625 0.8540280812500001 0.773397784375 0.863081278125 0.781280146875 0.8638818703125001 0.7863882390625 0.8703599546874999 0.7910926390624999 0.8696987953124999 0.8659593578125 0.8519809828125 0.8273292890624999 0.8019691046874999 0.8187257718750001 0.8238917578124999
3 0.7300605109375 0.8735119203125 0.758901990625 0.8706768453124999 0.79067540625 0.8540280812500001 0.81281669375 0.8338597015625 0.8187257718750001 0.8238917578124999 0.8285936062499999 0.7987474859375 0.8363432124999999 0.7672000953125 0.8378555499999999 0.7116720078125 0.8021556593750001 0.715653315625 0.7450774765625 0.7107612421875 0.7424922421875 0.7076808703124999 0.7379515296875 0.6631204140625 0.73484375625 0.5981268125 0.7358933624999999 0.587217725 0.7689028203125 0.5849910296874999 0.7666353765625 0.583282390625 0.7406418765625 0.5717064109375001 0.7218813500000001 0.5682513796875 0.7020003609375001 0.569827140625 0.6832204625 0.5749031437500001 0.6612664546875 0.5877352203124999 0.6320116703124999 0.6223049671875 0.6212106515625 0.6451437296875 0.612079034375 0.6841953296875001 0.610406415625 0.7069695109375 0.614155303125 0.7466475359375 0.6209200781249999 0.7731092375 0.6327995984375 0.8012887703124999 0.64639695 0.82435355625 0.6666492828125 0.8470922109375 0.70524236875 0.870299065625 0.7300605109375 0.8735119203125
1 0.8567877484374999 0.40247053125 0.8596083984374999 0.40459604374999997 0.9162776015625 0.3861236703125 0.8842099421875 0.2506634375 0.8699908125 0.1614520484375 0.8567431187500001 0.16289356875 0.8066754828124999 0.1774959015625 0.8047237546874999 0.18155309375 0.8085603765625 0.2028706078125 0.8073171531250001 0.2059875796875 0.804258109375 0.2051565375 0.8002922625 0.18890104218749998 0.79495396875 0.180824540625 0.6574506640625 0.23125315624999998 0.6566129375 0.23725539218749997 0.669018465625 0.29561787968750003 0.701910484375 0.43096225468749993 0.7043768828125 0.433557875 0.8505849953125001 0.41216902343750006 0.852066615625 0.40775757968750004 0.8508835390625 0.384385846875 0.8567877484374999 0.40247053125
5 0.7358933624999999 0.587217725 0.73484375625 0.5981268125 0.7379515296875 0.6631204140625 0.7424922421875 0.7076808703124999 0.7450774765625 0.7107612421875 0.8021556593750001 0.715653315625 0.8763242109375 0.7073819203125 0.9168345453125 0.7077150453125001 0.9589284203125 0.7009382109375 0.9540910578125 0.574631484375 0.92437115625 0.5745037140625 0.7358933624999999 0.587217725