3 0.2903608015625 0.641828721875 0.2871874640625 0.648462365625 0.288305909375 0.656007834375 0.2949625109375 0.66049641875 0.302202125 0.6606989624999999 0.3049014984375 0.6645987984375 0.3197095375 0.6649981484375 0.33726860468750003 0.67225664375 0.362977446875 0.6941739546875 0.378915409375 0.702776396875 0.402029853125 0.7079644484375 0.40277081406250004 0.7080351375 0.40444873281250004 0.6929006875 0.4149399765625 0.6723322078125 0.4240000265625 0.663954165625 0.432148571875 0.6598663796875 0.4434258578125 0.6588006203125001 0.4048736296875 0.6447635828125 0.385058790625 0.6401757625 0.3712486671875 0.64041681875 0.3477004375 0.6480639328125 0.3312770328125 0.6493373421874999 0.3121312953125 0.6453956671875 0.308416790625 0.6398689890625 0.2903608015625 0.641828721875
5 0.4062896953125 0.7418591546875 0.40545522656250005 0.7369448546874999 0.3977660890625 0.74973900625 0.396333753125 0.7535093734375 0.397104384375 0.7547443765625 0.41711153124999995 0.7708747578125 0.4307475921875 0.779625615625 0.43527116093749996 0.78129449375 0.43564717656249996 0.7809827640625 0.43358533593750004 0.7798518390625 0.42290068437499995 0.7705032562499999 0.4151628203125 0.7604456453124999 0.4062896953125 0.7418591546875
3 0.4149399765625 0.6723322078125 0.40444873281250004 0.6929006875 0.4018920890625 0.71596103125 0.4062896953125 0.7418591546875 0.4151628203125 0.7604456453124999 0.42290068437499995 0.7705032562499999 0.43358533593750004 0.7798518390625 0.4452044375 0.7862249453125 0.4531332984375 0.78838811875 0.46921070781249996 0.7864635062499999 0.4799486609375 0.7800289515625 0.48899723437500003 0.7709935156250001 0.4975851515625 0.7544038140625 0.500982784375 0.741850259375 0.5026279265625 0.7230801734375001 0.49883710781249996 0.7031179578125 0.4890367359375 0.6932753125 0.475360940625 0.6719331703125 0.4694708125 0.6732184953125 0.455778046875 0.6678405703125 0.45396354843750003 0.6655072171875 0.454853375 0.6602761921875 0.4492178078125 0.6582532515625 0.432148571875 0.6598663796875 0.4240000265625 0.663954165625 0.4149399765625 0.6723322078125
4 0.52561113125 0.383426653125 0.48993388437499996 0.3889837828125 0.483826984375 0.3924827640625 0.4820161625 0.39482909374999997 0.5562506890625001 0.393533325 0.5523899875 0.386498678125 0.5514185125 0.384728540625 0.52561113125 0.383426653125
6 0.5503422718750001 0.3827675078125 0.5562506890625001 0.393533325 0.58559300625 0.39302115312499997 0.5962279390624999 0.39283551875 0.590949375 0.3876002796875 0.5785261265625 0.38436593124999996 0.5747241625 0.3797094390625 0.571956125 0.37096074375 0.5670301578125 0.3665441984375 0.56129083125 0.35521488749999997 0.558120253125 0.3521530953125 0.5525864125 0.3525960375 0.5464326109375001 0.3572059796875 0.5451262078125 0.361731309375 0.550567640625 0.3758366078125 0.5503422718750001 0.3827675078125
0 0.6479661984375 0.72359870625 0.6530348484374999 0.7258427453125 0.6715717265625 0.726676828125 0.6938585109375001 0.7212713500000001 0.717080378125 0.7031154546875 0.72813481875 0.6732096125 0.7295384234375 0.6430863437500001 0.7189112234375 0.5869331203125 0.695248846875 0.5356380078125 0.677586453125 0.51858163125 0.6774537109375001 0.518569225 0.667984721875 0.55746578125 0.6628315125 0.5759683734375 0.6642676062499999 0.588470046875 0.6603730078125001 0.610191703125 0.654025759375 0.6219840828125001 0.6489068921875 0.6259646937500001 0.643917078125 0.643880615625 0.636505996875 0.6440099765625 0.6313053046875 0.643359421875 0.6301409812500001 0.64267311875 0.6447730109375 0.6831971359375 0.64798196875 0.7147146 0.6479661984375 0.72359870625
5 0.599373490625 0.4317570359375 0.6325315 0.44387325000000005 0.5987303984375 0.40911128750000003 0.599373490625 0.4317570359375
6 0.4694708125 0.6732184953125 0.475360940625 0.6719331703125 0.4890367359375 0.6932753125 0.5040818890625001 0.7083853625 0.5180753499999999 0.71405366875 0.5221406875 0.7182411 0.52092864375 0.70928821875 0.5147741390625 0.699425075 0.5103620828125 0.6941844484375 0.505331921875 0.69161343125 0.5025927203125 0.6870083124999999 0.4940097484375 0.6522611296874999 0.49751952343749994 0.6438910578125 0.5052855296875001 0.63491873125 0.5004485578125 0.6357242609375 0.48517859375 0.641607734375 0.480668140625 0.63725204375 0.4738633109375 0.634741540625 0.45976761406250005 0.63498758125 0.45905775000000004 0.63555985625 0.45396354843750003 0.6655072171875 0.455778046875 0.6678405703125 0.4694708125 0.6732184953125
3 0.654025759375 0.6219840828125001 0.6603730078125001 0.610191703125 0.6642676062499999 0.588470046875 0.6628315125 0.5759683734375 0.6489068921875 0.6259646937500001 0.654025759375 0.6219840828125001
3 0.425034759375 0.392681421875 0.4209271515625 0.39363689687500003 0.41609539843750004 0.4037373515625 0.40989245468749996 0.43654530312500006 0.40979329375000006 0.44774151875 0.41133263124999997 0.45154434062500004 0.41873116406250005 0.453477340625 0.428811125 0.4504060890625 0.427857525 0.3957744359375 0.4339491578125 0.39566810625 0.43183400625 0.3940357 0.425034759375 0.392681421875
1 0.524090609375 0.510678759375 0.5318999921875001 0.4908970984375 0.5627567484375 0.4536624640625 0.568310465625 0.432066840625 0.5658413578125 0.41802459531249997 0.5665371890625 0.41541778125000006 0.590778434375 0.4238906546875 0.59683019375 0.43082769374999996 0.5993734921875 0.4317570359375 0.5982671875000001 0.39279992343750003 0.427857525 0.3957744359375 0.4320414546875 0.63547154375 0.5059232703125 0.63418193125 0.50598986875 0.6341049875 0.504894525 0.628474115625 0.506870634375 0.6274425671875 0.54067905625 0.6221995046875 0.5452725765624999 0.6187958015625 0.5830151546875 0.6157476125 0.5295443984375 0.5895356234375 0.5097692046875 0.5820967953125 0.49927079843750005 0.5752373734375 0.5017288468750001 0.5674104609375 0.5003261234374999 0.550754934375 0.504533453125 0.5369668171875001 0.5118733875 0.5327613625 0.5143185 0.5241933421875 0.524090609375 0.510678759375
1 0.2979724453125 0.5054642203124999 0.30999629375 0.50165295625 0.3127667375 0.498260453125 0.337666721875 0.4952534015625 0.345829928125 0.47658949218749996 0.349458453125 0.46340681406249995 0.35227827500000003 0.46284310937499995 0.372984728125 0.4848617296875 0.394547959375 0.511752990625 0.40055249843749996 0.516793021875 0.40287594843749996 0.5172669484375 0.4046087625 0.513378071875 0.41076722187500003 0.51249885 0.40427528749999997 0.5090107796875001 0.39800011875 0.5032037484375 0.384281971875 0.4836355671875 0.37379342968749996 0.4722427578125 0.367974234375 0.4630836203125 0.3572644390625 0.45375260781250004 0.338917346875 0.43426522500000003 0.3248823796875 0.42602122031249995 0.31703599531250004 0.43336095312499995 0.3109076546875 0.4507031375 0.30838090625 0.45331966250000005 0.30746447187500003 0.4597667078125 0.309300528125 0.4617925953125 0.3088310890625 0.46437320781249997 0.3014079515625 0.481223509375 0.3014483515625 0.48353798125 0.305842578125 0.4847474890625 0.3077324984375 0.489859340625 0.30214223125 0.4938155484375 0.30095067656249996 0.49923842812499997 0.2976614171875 0.5023827468750001 0.2979724453125 0.5054642203124999
5 0.5627567484375 0.4536624640625 0.5318999921875001 0.4908970984375 0.524090609375 0.510678759375 0.5143185 0.5241933421875 0.5118733875 0.5327613625 0.504533453125 0.5369668171875001 0.5003261234374999 0.550754934375 0.5017288468750001 0.5674104609375 0.49927079843750005 0.5752373734375 0.5097692046875 0.5820967953125 0.5295443984375 0.5895356234375 0.5830151546875 0.6157476125 0.6030204828125 0.61413193125 0.616310528125 0.6138999515625 0.625215834375 0.62903271875 0.6301409812500001 0.64267311875 0.6313053046875 0.643359421875 0.636505996875 0.6440099765625 0.643917078125 0.643880615625 0.667984721875 0.55746578125 0.6887367828125 0.47222082343749994 0.659600715625 0.459385384375 0.6374922421875 0.445685946875 0.59683019375 0.43082769374999996 0.590778434375 0.4238906546875 0.5665371890625 0.41541778125000006 0.5658413578125 0.41802459531249997 0.568310465625 0.432066840625 0.5627567484375 0.4536624640625
6 0.55714774375 0.5511193046875 0.5558251640625 0.563147175 0.55946236875 0.5666595796875 0.5674270328125 0.5693301859375001 0.5809958749999999 0.5711367078125 0.5881321109375001 0.57024588125 0.591237634375 0.5579314703125 0.59010929375 0.5518210640625 0.5969093812499999 0.502406128125 0.590683090625 0.496895546875 0.5740144734375 0.4930997640625 0.5699601828125 0.49495847968750006 0.560682434375 0.54875881875 0.55714774375 0.5511193046875
1 0.6479512890625 0.7319974578124999 0.64798196875 0.7147146 0.6447730109375 0.6831971359375 0.625215834375 0.62903271875 0.616310528125 0.6138999515625 0.6030204828125 0.61413193125 0.5452725765624999 0.6187958015625 0.54067905625 0.6221995046875 0.506870634375 0.6274425671875 0.504894525 0.628474115625 0.50598986875 0.6341049875 0.49751952343749994 0.6438910578125 0.4940097484375 0.6522611296874999 0.5025927203125 0.6870083124999999 0.505331921875 0.69161343125 0.5103620828125 0.6941844484375 0.5147741390625 0.699425075 0.52092864375 0.70928821875 0.5239810171875 0.7318349015625001 0.5292895546875 0.7503539734375 0.5343197171875 0.752924990625 0.547695071875 0.77662089375 0.556874634375 0.7884253484375 0.5710321640625 0.7998105609375 0.577711984375 0.8016880796875 0.5831729875 0.8099015671875 0.5914792671875 0.8097565796874999 0.602607621875 0.7999241140625 0.615234846875 0.7807596203125 0.6208135234375 0.7766740140625 0.625314253125 0.7679542921875 0.6328400390625 0.7611758828124999 0.6340994515625 0.757165671875 0.645117615625 0.741020434375 0.6479512890625 0.7319974578124999