3 0.31817399062499996 0.676077490625 0.316200784375 0.683161396875 0.31861249375 0.6903980171875 0.3259474015625 0.693662503125 0.3331122015625 0.692604825 0.3364477640625 0.695976671875 0.35110018125 0.6937985656250001 0.3696529125 0.6978976875 0.39877708125 0.7150177328125 0.415966709375 0.7207218859375 0.4396308859375 0.7218173390625 0.4403728671875 0.7217582859375 0.4393972234375 0.7065623953125 0.44615740312499996 0.6844846125 0.45362497812499997 0.6746605906250001 0.46093989375 0.6692199265625 0.471860784375 0.6662120796875 0.4314567453125 0.65908281875 0.411146271875 0.658005509375 0.3975878140625 0.66064100625 0.37572524218750003 0.67226105 0.359772471875 0.6763670078125 0.34023313593750004 0.6758098390625 0.33561536406250003 0.671012140625 0.31817399062499996 0.676077490625
5 0.44971176718750006 0.7544573953125 0.4480366171875 0.7497626578125 0.442685975 0.7636976421874999 0.4419301171875 0.7676594515625 0.44290349687499997 0.7687418734375 0.4654077015625 0.7811529921875 0.4803561703125 0.787403028125 0.4851008125 0.7882610421875 0.48541698593750005 0.7878887546875 0.483190084375 0.7871330453125001 0.47104439375 0.779781859375 0.4616775984375 0.7712207125 0.44971176718750006 0.7544573953125
3 0.44615740312499996 0.6844846125 0.4393972234375 0.7065623953125 0.440883809375 0.7297163578125 0.44971176718750006 0.7544573953125 0.4616775984375 0.7712207125 0.47104439375 0.779781859375 0.483190084375 0.7871330453125001 0.4957393453125 0.7913916953125 0.50392338125 0.7921451734375 0.5194223328125 0.7874579859375 0.5288798031249999 0.7792565609375 0.536221921875 0.768787125 0.541798596875 0.7509581828125 0.5429647109375 0.7380053515625 0.54132546875 0.71923475 0.5341258375 0.7002340734375 0.5227651984375 0.692242778125 0.5055911453124999 0.673599646875 0.5000136953125 0.67588825625 0.4855950875 0.67296975625 0.48340297187500003 0.6709869359375 0.483370921875 0.665680865625 0.4774696921875 0.664667265625 0.46093989375 0.6692199265625 0.45362497812499997 0.6746605906250001 0.44615740312499996 0.6844846125
4 0.504979290625 0.3807503390625 0.470809046875 0.39241833125 0.46540251718750003 0.39692460625 0.4640266421875 0.3995497359375 0.5369083703124999 0.3853829625 0.53188476875 0.37912559218749997 0.5306206703125 0.3775510421875 0.504979290625 0.3807503390625
6 0.5292202515625 0.3758066890625 0.5369083703124999 0.3853829625 0.5657159734375 0.3797833328125 0.576157103125 0.3777537828125 0.57004964375 0.373514690625 0.5572534921875001 0.372486753125 0.552700696875 0.36856120937500003 0.5484555171875 0.360426090625 0.5428374625 0.356932028125 0.535218015625 0.34677145625 0.53156393125 0.3443067453125 0.526191078125 0.3457039 0.5209312749999999 0.351312403125 0.5204305328125 0.35599583749999997 0.5282386578125 0.36894195 0.5292202515625 0.3758066890625
0 0.6845457671874999 0.694507678125 0.6899270859375 0.6958374640625 0.7083271843750001 0.6934399796874999 0.72933673125 0.6842465640625 0.74905306875 0.6623340625 0.754746471875 0.6309629734375 0.7508979015625 0.6010536109375 0.7306812484375 0.5475988765625 0.698471053125 0.5011919796875001 0.67811518125 0.4874617703125 0.6779823031250001 0.48747260312499996 0.675411484375 0.52742250625 0.6735495046875 0.546538846875 0.677134675 0.5586012171875 0.6770711703125001 0.5806691640625 0.672868075 0.593384578125 0.6685182015625 0.5981935968750001 0.6667152609375 0.6167038078125 0.659439234375 0.6181181234374999 0.6542045843750001 0.6183805437500001 0.6529387734375 0.61790685 0.67438543125 0.655274390625 0.6830185890625 0.685755803125 0.6845457671874999 0.694507678125
5 0.5860135171875 0.4155377734375 0.620771740625 0.4217120890625 0.5814478015625 0.3933477390625 0.5860135171875 0.4155377734375
6 0.5000136953125 0.67588825625 0.5055911453124999 0.673599646875 0.5227651984375 0.692242778125 0.5402056140625 0.7045107078124999 0.5549707734375 0.7076629609375 0.5597014890625001 0.7110808375000001 0.556953209375 0.7024744390625 0.5491794875 0.69382985625 0.5439244359375001 0.6894349937500001 0.5385242406249999 0.687776515625 0.5350269828124999 0.683717015625 0.520540621875 0.6509881375 0.522543628125 0.642135759375 0.5286336234375 0.6319511906249999 0.5240100140624999 0.6335844125000001 0.5099936890625 0.6420301046875 0.5047954015625 0.63852381875 0.497658009375 0.6372331015625 0.48381918125 0.639923096875 0.4832194765625 0.64060994375 0.48340297187500003 0.6709869359375 0.4855950875 0.67296975625 0.5000136953125 0.67588825625
3 0.672868075 0.593384578125 0.6770711703125001 0.5806691640625 0.677134675 0.5586012171875 0.6735495046875 0.546538846875 0.6685182015625 0.5981935968750001 0.672868075 0.593384578125
3 0.4075379734375 0.4073294109375 0.4036586875 0.408983646875 0.4006542640625 0.41976967812500005 0.4002425984375 0.4531563328125 0.40208914531250006 0.464199671875 0.40426545 0.46767741718750006 0.41188724531250004 0.468296309375 0.4212807515625 0.46352135 0.41085495312500003 0.409885265625 0.4168355765625 0.40872275 0.41446909375 0.40748243593750005 0.4075379734375 0.4073294109375
1 0.5255789656250001 0.506333234375 0.5298346578124999 0.48549601718749996 0.5537569046875 0.443468840625 0.5554762078125 0.42123690937499997 0.5506062 0.40783675312499995 0.5508387921875 0.40514871250000006 0.5761830578125 0.40928341718750005 0.5833474796875 0.4150641890625 0.58601351875 0.4155377734375 0.578159190625 0.377364615625 0.41085495312500003 0.409885265625 0.45659828437499994 0.6452143046875001 0.5291337296874999 0.6311148421875 0.52918595625 0.6310275015625 0.5271294625 0.62567238125 0.5288964234375 0.6243133546874999 0.561280771875 0.613279175 0.565213459375 0.609129525 0.6018533296874999 0.5995737171875 0.54464325 0.5830450453125 0.523876746875 0.5791531562500001 0.512346709375 0.5742209734375 0.5134082859375 0.566086134375 0.5091346703124999 0.549927221875 0.5108838 0.5356179812499999 0.5173819546875 0.5302018515625 0.5183021 0.521339409375 0.5255789656250001 0.506333234375
1 0.30199055 0.5404629234375 0.313169909375 0.5346216421875 0.3153091625 0.5307995953125 0.33930869218750004 0.5235143921875001 0.344106925 0.5037165015625 0.3453911765625 0.49010401249999996 0.34807027343749997 0.4890592140625 0.3722856421875 0.507147684375 0.3981908984375 0.5298859921875 0.40497940625 0.533806775 0.4073498546875 0.5338700390625 0.40838104687500004 0.52973934375 0.414293271875 0.5278040734375 0.40729426718750006 0.5254963078125 0.4001060515625 0.5208671703125 0.383198334375 0.5039784046875 0.37089079687500004 0.49457999375000006 0.363569540625 0.48657049687500004 0.3514021375 0.4792409796875 0.32994983125 0.4632355921875 0.3146965296875 0.4575539796875 0.30824388125 0.46614471562500004 0.30522008125 0.48428760937500004 0.303186075 0.4873031484375 0.30340308125000004 0.493811384375 0.3055630359375 0.4954876671875 0.305548846875 0.4981105921875 0.3011645078125 0.5159939125 0.301606196875 0.5182662078125 0.30614369531249996 0.5186942921875 0.30889256718749997 0.5234003015625001 0.3040742171875 0.5282671453125001 0.3038424375 0.53381455 0.3011491546875 0.5374822734375 0.30199055 0.5404629234375
5 0.5537569046875 0.443468840625 0.5298346578124999 0.48549601718749996 0.5255789656250001 0.506333234375 0.5183021 0.521339409375 0.5173819546875 0.5302018515625 0.5108838 0.5356179812499999 0.5091346703124999 0.549927221875 0.5134082859375 0.566086134375 0.512346709375 0.5742209734375 0.523876746875 0.5791531562500001 0.54464325 0.5830450453125 0.6018533296874999 0.5995737171875 0.621274171875 0.594508690625 0.6343220296875 0.59197244375 0.6457198203125001 0.6053289203125 0.6529387734375 0.61790685 0.6542045843750001 0.6183805437500001 0.659439234375 0.6181181234374999 0.6667152609375 0.6167038078125 0.675411484375 0.52742250625 0.6810456421875 0.43986905312499996 0.6501233671875 0.4322880390625 0.6259718890625 0.422635821875 0.5833474796875 0.4150641890625 0.5761830578125 0.40928341718750005 0.5508387921875 0.40514871250000006 0.5506062 0.40783675312499995 0.5554762078125 0.42123690937499997 0.5537569046875 0.443468840625
6 0.5651563140625 0.5404190859375 0.5659424468750001 0.5524938890625 0.570134315625 0.5553213390625 0.578441725 0.5565683234375001 0.5921181265625 0.5559911953125 0.5989912546875 0.5538747078124999 0.5999112249999999 0.5412081125 0.5977389640624999 0.5353864703125 0.5958549296875 0.48554143749999995 0.588766328125 0.48119575625 0.5716918140625 0.480352115625 0.5680218796875 0.48288661250000003 0.5682274109375001 0.53748066875 0.5651563140625 0.5404190859375
1 0.6859895125000001 0.7027814234374999 0.6830185890625 0.685755803125 0.67438543125 0.655274390625 0.6457198203125001 0.6053289203125 0.6343220296875 0.59197244375 0.621274171875 0.594508690625 0.565213459375 0.609129525 0.561280771875 0.613279175 0.5288964234375 0.6243133546874999 0.5271294625 0.62567238125 0.52918595625 0.6310275015625 0.522543628125 0.642135759375 0.520540621875 0.6509881375 0.5350269828124999 0.683717015625 0.5385242406249999 0.687776515625 0.5439244359375001 0.6894349937500001 0.5491794875 0.69382985625 0.556953209375 0.7024744390625 0.5638744 0.7241485484375 0.5723180921875 0.74146445625 0.5777182875 0.7431229359375 0.595005190625 0.7641362375 0.6060951171875 0.7741673421875 0.6220145828125 0.7829211593750001 0.62891895 0.783610215625 0.6357232453125 0.790750628125 0.6438781578125 0.7891654734375 0.6531300578125 0.7775499671875 0.6622375671875 0.7564839296875 0.6670220328124999 0.7514916671874999 0.6699402234375 0.7421228734375 0.6761746171875 0.734140603125 0.6767185296875 0.729972621875 0.6847657125 0.712159384375 0.6859895125000001 0.7027814234374999