5 0.4468038609375 0.3912105125 0.45331446875000003 0.3963918703125 0.4465204265625 0.38066924375 0.4452694015625 0.384109559375 0.44484009999999996 0.3821228953125 0.3581232765625 0.45714168906249997 0.3919509796875 0.44905245625 0.4602082 0.41234519843750006 0.45150155156249994 0.41294982812500003 0.4468038609375 0.3912105125
5 0.43020721406250007 0.50811905 0.43022332656250006 0.5081117984375 0.42981500156249997 0.4985161515625 0.4268869203125 0.4938312234375 0.4157602140625 0.49090314218750003 0.409904053125 0.48504698125 0.41048966875000004 0.47392027499999995 0.420498421875 0.44222589375 0.3919509796875 0.44905245625 0.3272589921875 0.48384240624999997 0.40299796250000003 0.5135238953125 0.4085832625 0.5138842375 0.4108893375 0.50811905 0.4165237171875 0.502887125 0.43020721406250007 0.50811905
5 0.46420324375 0.405057521875 0.45863387656250004 0.4006252328125 0.4602082 0.41234519843750006 0.4642763671875 0.4120626875 0.46420324375 0.405057521875
6 0.45289274218750003 0.5991773671875 0.46228890624999996 0.5621892984375 0.4561677265625 0.5658620062499999 0.43859924375 0.5629339250000001 0.430986234375 0.526040109375 0.43022332656250006 0.5081117984375 0.43020721406250007 0.50811905 0.4165237171875 0.502887125 0.4108893375 0.50811905 0.40766969062499997 0.516168165625 0.40766969062499997 0.5282418375 0.41692617343749994 0.536290953125 0.41853599687500004 0.556413740625 0.4241703765625 0.57452425 0.43584159375000003 0.5882077453125001 0.449122634375 0.5962568609375001 0.45289274218750003 0.5991773671875
6 0.2526733109375 0.588658334375 0.23156082968749997 0.6116066828125 0.22421735781250002 0.6083939140625 0.2210045890625 0.6116066828125 0.2132021515625 0.6111477171875 0.2081535140625 0.6203270562500001 0.2081535140625 0.6313422640625 0.21916872187499997 0.6391447015625 0.2274301265625 0.63822676875 0.2430350046875 0.6708134234375 0.2655243859375 0.68825416875 0.396329975 0.708448715625 0.41744245625 0.7047769796875001 0.43258836718750004 0.6969745421875 0.43717803593750004 0.6914669375 0.4390139046875 0.680910696875 0.4339652671875 0.6698954890625 0.4339652671875 0.658421315625 0.438894759375 0.6542805421875 0.4449191296875 0.630565559375 0.433047334375 0.607934946875 0.4146886546875 0.59600180625 0.33299253281249996 0.57810209375 0.297652075 0.574889325 0.2714909578125 0.5776431265624999 0.2526733109375 0.588658334375
3 0.46420324375 0.405057521875 0.4642763671875 0.4120626875 0.467916390625 0.4118099078125 0.46420324375 0.405057521875
3 0.467931740625 0.4118088421875 0.467916390625 0.4118099078125 0.5490973343750001 0.5594380828125 0.547047203125 0.555166978125 0.54679310625 0.55438880625 0.546676825 0.5543953578124999 0.467931740625 0.4118088421875
3 0.46420324375 0.405057521875 0.467931740625 0.4118088421875 0.47230497031249996 0.4115051453125 0.46420324375 0.405057521875
6 0.5556166953125 0.7453490453125 0.5518698640624999 0.7630126796875001 0.556489534375 0.8051671796875001 0.5628415828125 0.8242233234375 0.57323584375 0.8432794671874999 0.5963342 0.865800365625 0.6136579671875 0.8738847890624999 0.630404275 0.8761946249999999 0.6638968921874999 0.8692651187499999 0.6658681 0.86750140625 0.6485766875000001 0.82957185625 0.64475190625 0.83119295625 0.6331293390625 0.8294710937499999 0.630546546875 0.8200008546875001 0.6184935125 0.8118220109375001 0.635044115625 0.8005912437499999 0.624884878125 0.78060585625 0.619279584375 0.7819094125 0.6202684015625 0.789819946875 0.60148163125 0.789819946875 0.603628690625 0.7844522984375 0.6024304593750001 0.7832540671875 0.5994384187499999 0.7832540671875 0.5964128734374999 0.780132471875 0.5912830984374999 0.781231709375 0.588062509375 0.7882096515625 0.5832316265624999 0.7849890625 0.5826948609375 0.7801581796875 0.5741066234375001 0.77210670625 0.57345404375 0.756444790625 0.5666337218749999 0.7494079499999999 0.5556166953125 0.7453490453125
1 0.866106703125 0.626106665625 0.8677169984375 0.6405993171875 0.8628861140625 0.652944909375 0.8596655249999999 0.6867610953125001 0.8618125843750001 0.7125258078125001 0.8582631796875001 0.7263684875 0.8510772875000001 0.754393465625 0.84678316875 0.7919670062499999 0.7372831390625 0.7919670062499999 0.72111425625 0.7916116453125001 0.719652896875 0.7954643234375001 0.709752190625 0.8036431671875001 0.6485766875000001 0.82957185625 0.6949095843750001 0.931205309375 0.7132180375 0.931205309375 0.76814339375 0.8829930515625 0.7766873375000001 0.8890958703124999 0.7925546625 0.916558546875 0.7998780437499999 0.916558546875 0.8792146687500001 0.8433247390625 0.899353965625 0.8213545968749999 0.895692275 0.8152517796875 0.8975231203125 0.796943328125 0.8877586125000001 0.7792451578125 0.89630255625 0.76948065 0.8969128390625001 0.7633778328124999 0.8865380500000001 0.7365254359375 0.9176624171875 0.710283321875 0.9207138265625 0.7054010671875 0.91888298125 0.6950262781250001 0.8683763703125 0.6087058890625 0.866106703125 0.626106665625
3 0.6455973015625001 0.306752571875 0.6474760328125 0.3027973484375 0.6397622468749999 0.2850221 0.6230818828125 0.2787669640625 0.612941528125 0.282656415625 0.6301817265625 0.29379947031250003 0.636711378125 0.29801985468750003 0.6455973015625001 0.306752571875
1 0.619279584375 0.7819094125 0.6198539859375 0.7865046265625 0.668826540625 0.77766745625 0.6653566484375 0.7753272953125 0.6588709296874999 0.7727021234375 0.6718585906250001 0.7696817375 0.689852409375 0.7222901765625 0.70842256875 0.70159855 0.6941214015625 0.7012120328125 0.6973318 0.685360684375 0.7046217328125 0.6676565625 0.7025388953125 0.6624494671875001 0.6884797390624999 0.6577630828125 0.64954445625 0.6305083828125 0.6538454484375 0.6283578875 0.669954896875 0.6159660031249999 0.687923128125 0.597997771875 0.6897819109375 0.58498629375 0.6847111703125 0.5502917546874999 0.5523161546875001 0.5657494953125 0.5523168921875 0.5657509421875 0.552314703125 0.5657496656250001 0.5803417671875 0.763551171875 0.5964128734374999 0.780132471875 0.5912830984374999 0.781231709375 0.5900360499999999 0.7839336484375 0.60148163125 0.789819946875 0.603628690625 0.7844522984375 0.6024304593750001 0.7832540671875 0.613497575 0.7832540671875 0.619279584375 0.7819094125
1 0.7889578359375 0.7110930921875 0.801441334375 0.7132454203124999 0.8044545921875 0.7360600890625 0.8126334359375 0.731755434375 0.8216732109375 0.7377819515625 0.8225341421874999 0.73304683125 0.8427660187500001 0.7429475359375 0.8212427453125001 0.76576220625 0.802302265625 0.75844429375 0.7751829406249999 0.7618880171875 0.7661431671875001 0.7765238421875 0.75021594375 0.77135825625 0.7243880171875 0.782980825 0.72111425625 0.7916116453125001 0.7372831390625 0.7919670062499999 0.84678316875 0.7919670062499999 0.8510772875000001 0.754393465625 0.8618125843750001 0.7125258078125001 0.8596655249999999 0.6867610953125001 0.8628861140625 0.652944909375 0.8677169984375 0.6405993171875 0.866106703125 0.626106665625 0.8741581765625 0.5643787078125 0.8741581765625 0.5251948734375 0.868790528125 0.52412134375 0.8628861140625 0.5294889921875 0.7145793859375 0.694738375 0.727831740625 0.6951658703125 0.7381629109375 0.6874174921875 0.753229203125 0.690000284375 0.76829549375 0.681821440625 0.7889578359375 0.7110930921875
7 0.20371453750000001 0.647657559375 0.19905946875 0.6480807468750001 0.1817087609375 0.6730488390625 0.179592821875 0.682358975 0.1673203703125 0.690822734375 0.15504791874999999 0.7047879375 0.1347348953125 0.7454139843750001 0.1351580828125 0.749645865625 0.1673203703125 0.747529925 0.195673965625 0.7619183171875 0.21387104843750002 0.7813849640625 0.21556380156250002 0.7911182875 0.22275799687500003 0.7945037921875 0.22614350156250002 0.8016979875000001 0.2324913203125 0.8084689953125 0.23756957656250002 0.8080458078125 0.25068840468750003 0.7974661078125 0.2616912921875 0.77503714375 0.25195796875 0.7598023765625 0.243917396875 0.7280632781249999 0.22825944062499998 0.6891299828124999 0.20371453750000001 0.647657559375
6 0.7070647171875 0.40744289531250005 0.7289660359375 0.41062854218749995 0.749396328125 0.40557588906250003 0.7521599359375 0.39258693437500003 0.7593043734375 0.37544028125 0.7745458421875 0.3563884453125 0.7878821281249999 0.34781511875 0.803123596875 0.34495734375 0.8092833374999999 0.34516266875 0.8125892468749999 0.3349694453125 0.8109964234374999 0.3266071234375 0.8038287203125 0.322625065625 0.802235896875 0.3154573625 0.8042269265625 0.30709504062500004 0.8002448687499999 0.3059004234375 0.7886969015624999 0.31187350937499997 0.7859094609375 0.32023583125 0.7807327859375001 0.3266071234375 0.7779453453125 0.33815509062500004 0.781927403125 0.345721 0.781130990625 0.350897675 0.7512655578125 0.3556761453125 0.7516637640625 0.33775688593750003 0.7616189078125 0.33058918125000003 0.7616189078125 0.323421478125 0.7584332625 0.3166519796875 0.755247615625 0.3162537734375 0.7492745296875001 0.3210322421875 0.7361337390625 0.3166519796875 0.71473280625 0.32902842187500003 0.717700015625 0.3841337359375 0.7073886296875 0.40181039687500003 0.7054420421875001 0.40338620625 0.7070647171875 0.40744289531250005
0 0.7889578359375 0.7110930921875 0.76829549375 0.681821440625 0.753229203125 0.690000284375 0.7381629109375 0.6874174921875 0.727831740625 0.6951658703125 0.7144873109375001 0.6947354046875 0.709321725 0.7016228515625 0.6941214015625 0.7012120328125 0.689852409375 0.7222901765625 0.6921031078125 0.7287421765625 0.687508853125 0.7338614875 0.6835074171875 0.7536185796875 0.6908117109374999 0.7627489484375001 0.6184935125 0.8118220109375001 0.630546546875 0.8200008546875001 0.6331293390625 0.8294710937499999 0.64475190625 0.83119295625 0.709752190625 0.8036431671875001 0.719652896875 0.7954643234375001 0.7243880171875 0.782980825 0.75021594375 0.77135825625 0.7661431671875001 0.7765238421875 0.7751829406249999 0.7618880171875 0.802302265625 0.75844429375 0.8212427453125001 0.76576220625 0.8427660187500001 0.7429475359375 0.8225341421874999 0.73304683125 0.8216732109375 0.7377819515625 0.8126334359375 0.731755434375 0.8044545921875 0.7360600890625 0.801441334375 0.7132454203124999 0.7889578359375 0.7110930921875
6 0.5150834828125 0.499988109375 0.5309955875 0.5060089062500001 0.5274482359375 0.49514513750000005 0.5216365296875 0.45076484531250005 0.47230497031249996 0.4115051453125 0.45150155156249994 0.41294982812500003 0.455374375 0.4308719328125 0.44968854687500004 0.435245646875 0.420498421875 0.44222589375 0.41048966875000004 0.47392027499999995 0.409904053125 0.48504698125 0.4157602140625 0.49090314218750003 0.4268869203125 0.4938312234375 0.42981500156249997 0.4985161515625 0.430986234375 0.526040109375 0.43859924375 0.5629339250000001 0.4561677265625 0.5658620062499999 0.46228890624999996 0.5621892984375 0.46445449375000003 0.5536644421875 0.47134388749999995 0.52654429375 0.48227878593750007 0.5104023 0.4947758140625 0.5031123671875 0.5150834828125 0.499988109375
3 0.7142628875 0.3203013515625 0.7108257578125 0.31440913125000003 0.6823466953125 0.29722348906249996 0.661723925 0.29084025156250004 0.648957446875 0.29967858125 0.6455973015625001 0.306752571875 0.667821965625 0.328594053125 0.66687459375 0.339015146875 0.66761614375 0.3399420859375 0.6705622546875001 0.3767684609375 0.6627059609375 0.4042654875 0.6661430890625 0.41015770781249994 0.6739993828124999 0.4135948359375 0.6970772453125 0.41015770781249994 0.7073886296875 0.40181039687500003 0.717700015625 0.3841337359375 0.7142628875 0.3203013515625
3 0.8717102062500001 0.4754624203125 0.8798072375 0.468794278125 0.887427971875 0.4583157671875 0.8926672265625 0.4435505953125 0.894572409375 0.42545135156249997 0.8883805625000001 0.401160259375 0.881236125 0.3883002703125 0.8736153906249999 0.38067953593750004 0.8631368796875 0.37544028125 0.83979838125 0.3530543734375 0.8174124734375001 0.3454336390625 0.803123596875 0.34495734375 0.7878821281249999 0.34781511875 0.7745458421875 0.3563884453125 0.7593043734375 0.37544028125 0.7521599359375 0.39258693437500003 0.7473969765625 0.41497284062500006 0.747873271875 0.43640615625 0.7535888234375 0.46260243125 0.761685853125 0.47927278749999996 0.7731169546875 0.4921327765625 0.78454805625 0.5002298078125 0.800265821875 0.504040175 0.8202702499999999 0.503563878125 0.8393220859375001 0.496419440625 0.857897625 0.48117797187500005 0.8717102062500001 0.4754624203125
3 0.547047203125 0.555166978125 0.5490973343750001 0.5594380828125 0.5523168921875 0.5657509421875 0.570799396875 0.576532403125 0.5749650734375 0.5744495656249999 0.5796514578124999 0.5645560859375001 0.58642068125 0.5640353765625 0.5942313234375 0.57392885625 0.5957934515625001 0.5806980796875 0.5916277765625 0.5874673031250001 0.5931899046875 0.593715815625 0.6056869328125 0.6015264578124999 0.61453899375 0.5957986546875 0.6213082171875 0.6103785187499999 0.629118859375 0.6161063234374999 0.6395330484375 0.6114199390625 0.6416158859375 0.6233962562500001 0.6468229812499999 0.6286033515625 0.64954445625 0.6305083828125 0.6538454484375 0.6283578875 0.669954896875 0.6159660031249999 0.687923128125 0.597997771875 0.6897819109375 0.58498629375 0.678009621875 0.5044390515625 0.6451711296875 0.41211951718749995 0.6377961921875 0.39795963749999996 0.631347484375 0.41066163749999995 0.62705636875 0.42675332031249996 0.591654665625 0.5018478421875 0.5723446453125 0.49112005312499996 0.5216365296875 0.45076484531250005 0.5274482359375 0.49514513750000005 0.5309955875 0.5060089062500001 0.534349734375 0.5072780421875 0.537473990625 0.5104023 0.538515409375 0.524982165625 0.53795246875 0.5273143515625 0.547047203125 0.555166978125
5 0.6667491875 0.3403946203125 0.667821965625 0.328594053125 0.636711378125 0.29801985468750003 0.5927274453125 0.269591215625 0.5471343421875 0.230971175 0.5187057015625001 0.2121975453125 0.4629212 0.335567115625 0.4452694015625 0.384109559375 0.4468038609375 0.3912105125 0.5723446453125 0.49112005312499996 0.591654665625 0.5018478421875 0.62705636875 0.42675332031249996 0.631347484375 0.41066163749999995 0.6490483359375 0.3757963234375 0.6565577874999999 0.352731578125 0.6667491875 0.3403946203125
5 0.6884797390624999 0.6577630828125 0.6468229812499999 0.6286033515625 0.6416158859375 0.6233962562500001 0.6395330484375 0.6114199390625 0.629118859375 0.6161063234374999 0.6213082171875 0.6103785187499999 0.61453899375 0.5957986546875 0.6056869328125 0.6015264578124999 0.5931899046875 0.593715815625 0.5916277765625 0.5874673031250001 0.5957934515625001 0.5806980796875 0.5942313234375 0.57392885625 0.58642068125 0.5640353765625 0.5796514578124999 0.5645560859375001 0.5749650734375 0.5744495656249999 0.570799396875 0.576532403125 0.5520538562499999 0.5655975046874999 0.5458053421875 0.5525797671875 0.536432571875 0.546331253125 0.53487044375 0.5400827390625 0.538515409375 0.524982165625 0.537473990625 0.5104023 0.534349734375 0.5072780421875 0.5150834828125 0.499988109375 0.4947758140625 0.5031123671875 0.48227878593750007 0.5104023 0.47134388749999995 0.52654429375 0.4385391890625 0.65568024375 0.4369770609375 0.672342946875 0.5468467609375 0.7421180171875 0.5666337218749999 0.7494079499999999 0.5994384187499999 0.7832540671875 0.613497575 0.7832540671875 0.680669096875 0.7676327828125 0.6973318 0.685360684375 0.7046217328125 0.6676565625 0.7025388953125 0.6624494671875001 0.6884797390624999 0.6577630828125
5 0.41426145937500003 0.2406153578125 0.405076659375 0.2401779859375 0.30666808749999996 0.27123135781249996 0.349093115625 0.45930107500000006 0.44968854687500004 0.435245646875 0.455374375 0.4308719328125 0.41426145937500003 0.2406153578125