5 0.42897159062499995 0.39094684218750003 0.35353928749999997 0.47730420625000003 0.385911978125 0.46458579218749996 0.4483962609375 0.418736196875 0.4398584921875 0.4205466734375 0.43218099218750006 0.399672715625 0.43934934375 0.40389754843750003 0.4304332546875 0.38927348125 0.42967320468750003 0.392854425 0.42897159062499995 0.39094684218750003
5 0.4153139921875 0.502715584375 0.40869980312500004 0.49773143593749997 0.40773118124999996 0.4866315109375 0.41323152500000004 0.45385262812500005 0.385911978125 0.46458579218749996 0.32669139375 0.5080405531250001 0.40582414218749996 0.5268923562500001 0.4114052359375 0.5264718671875 0.412886509375 0.52044184375 0.4177379125 0.51447668125 0.43201638593749997 0.5177533140625 0.43203133281249995 0.517743890625 0.430291525 0.50829845625 0.42673992343749995 0.50406663125 0.4153139921875 0.502715584375
5 0.45133817656249997 0.41096344062499995 0.4452061546875 0.40734939218750005 0.4483962609375 0.418736196875 0.45238551875 0.41789025625000004 0.45133817656249997 0.41096344062499995
6 0.4352819546875 0.5353915484375 0.43203133281249995 0.517743890625 0.43201638593749997 0.5177533140625 0.4177379125 0.51447668125 0.412886509375 0.52044184375 0.4108184171875 0.5288607140625 0.412498746875 0.5408168859375 0.4227853671875 0.5474994140625 0.4271800734375 0.5672023234375 0.435280115625 0.5843524296875 0.448742125 0.5962784375 0.4630141359375 0.60240085625 0.4671540078125 0.6047682437499999 0.4713109859375 0.566832446875 0.46576051874999996 0.571321315625 0.4479555015625 0.570866790625 0.4352819546875 0.5353915484375
6 0.23146202031250002 0.64998058125 0.22774003281250002 0.659773221875 0.2292730546875 0.67068123125 0.24126695156250003 0.6768747140625 0.24932020625 0.6748159499999999 0.2693084046875 0.70491369375 0.29400620312500003 0.719054790625 0.42634933906250005 0.7208481859375 0.44674534843749997 0.7142738937499999 0.4606579703125 0.7044394859375 0.4644364625 0.698346721875 0.46478532031249997 0.6876377109375 0.4582527953125 0.6774323359375 0.4566558984375 0.666069828125 0.4609611328125 0.6612833 0.4636263859375 0.6369606796875 0.4487205546875 0.6162025421874999 0.4288797671875 0.6069405671875 0.3454875484375 0.60058495625 0.310043890625 0.6023218953125 0.2845206265625 0.6086898203125 0.2674191328125 0.6222167390625 0.24970590937499998 0.6478800453125 0.2419867734375 0.6457205578125 0.2392524015625 0.649349190625 0.23146202031250002 0.64998058125
3 0.45238551875 0.41789025625000004 0.45595493749999993 0.41713334375000005 0.45133817656249997 0.41096344062499995 0.45238551875 0.41789025625000004
3 0.553907178125 0.5473471562500001 0.553792940625 0.547369828125 0.45596998906249997 0.4171301515625 0.45595493749999993 0.41713334375000005 0.5568917046874999 0.5520266078125 0.554267103125 0.5480823921875 0.553907178125 0.5473471562500001
3 0.45596998906249997 0.4171301515625 0.46025839375000005 0.41622077500000004 0.45133817656249997 0.41096344062499995 0.45596998906249997 0.4171301515625
6 0.6202983859375 0.8297462359375001 0.646306253125 0.8488332921874999 0.6645865609375 0.8544280359374999 0.6814913625 0.8543847578125 0.71369363125 0.8428614171875 0.7154001937500001 0.8408405296874999 0.6929982859375 0.8056866078124999 0.689436340625 0.8078242375 0.6776872468749999 0.80773668125 0.6738115875 0.7987180609375 0.660737578125 0.7922962703125 0.675564090625 0.7788714015625 0.66272229375 0.7604944031249999 0.6573529703125 0.7625653796874999 0.6594330984375001 0.7702613125 0.640829159375 0.772875925 0.6422082921875 0.7672617015625 0.640854959375 0.76624189375 0.6378920375 0.7666583046875 0.6344614953125001 0.7639881640625 0.6295346265624999 0.7657906296875 0.627316521875 0.7731488828125 0.6220844343749999 0.770631965625 0.6208805625 0.7659228 0.6112553562499999 0.759144934375 0.6084294109374999 0.7437262609374999 0.600696125 0.7377071078124999 0.5892214250000001 0.7352209765625 0.5879693609375 0.7532341687499999 0.5984108453125 0.794335490625 0.607353178125 0.8123221468749999 0.6202983859375 0.8297462359375001
1 0.8878693249999999 0.6601029421875 0.8862809921875 0.6743048875000001 0.8830653546875 0.7030572109375 0.8840422531250001 0.7408627140624999 0.77560786875 0.7561021734375 0.759546884375 0.7580005437499999 0.7586359359375 0.7620191109375 0.7499698578125 0.7714962703125 0.6929982859375 0.8056866078124999 0.7530249171875 0.8998826781249999 0.7711551937500001 0.8973346328125 0.818836171875 0.8419474421875 0.8281463140625 0.8468017812499999 0.8476812859375 0.8717888874999999 0.8549333953125 0.8707696703125001 0.9233057468749999 0.7872070453125 0.9401913953125 0.762647865625 0.9357159921875 0.75711405 0.9349809765625 0.7387289703125 0.9228483875 0.7225619953125 0.929950225 0.7117034265625 0.9297052203125 0.7055750671875 0.9156942671875001 0.6804278874999999 0.9428635375000001 0.6501094859375 0.945205771875 0.6448500703125 0.941948853125 0.634831053125 0.8799202921875 0.5563798890625 0.8800944328125 0.5739271984375 0.8837060453125 0.5880547 0.8806403484375 0.6009524749999999 0.8821574062499999 0.6348877828124999 0.8878693249999999 0.6601029421875
3 0.5815940078125 0.26905316562500003 0.6002172390625 0.2776884046875 0.607270709375 0.280958965625 0.6172855140625 0.28837001406249996 0.6185955015625 0.2841918140625 0.60848295 0.2676631046875 0.5910943703125 0.2637903015625 0.5815940078125 0.26905316562500003
1 0.6952776093749999 0.7479376453125 0.7077185187499999 0.7431391203125 0.7189415921875 0.693704515625 0.734451309375 0.6706297921875 0.720235528125 0.6722373734375 0.7212086015625 0.6560934890625 0.7259636515625 0.6375471 0.723176396875 0.6326805546875 0.7086018453125 0.6299964328125001 0.66625235625 0.6084257187500001 0.6702122 0.6056975687499999 0.68444025625 0.5911842796875 0.6997329265625 0.5708902203124999 0.6997627718749999 0.5577466765625 0.6899128328125 0.5240954921875 0.560957578125 0.557828625 0.5609585109374999 0.5578299546875 0.5609561656250001 0.5578289953125 0.6162391203124999 0.749804896875 0.6344614953125001 0.7639881640625 0.6295346265624999 0.7657906296875 0.6286757515625 0.7686398296875 0.640829159375 0.772875925 0.6422082921875 0.7672617015625 0.640854959375 0.76624189375 0.651814371875 0.7647016484375 0.6573529703125 0.7625653796874999 0.6585613125 0.7670359328125 0.7058273734375 0.751469103125 0.7020655625 0.74963463125 0.6952776093749999 0.7479376453125
1 0.8516355609374999 0.690699615625 0.8518291124999999 0.685890759375 0.8732420046874999 0.692879378125 0.8551033828125 0.718467478125 0.835328775 0.7138567874999999 0.808952646875 0.721041278125 0.8020377609375 0.7367927609375 0.7855466296875 0.7338940875 0.7615876078125 0.7489980984375 0.759546884375 0.7580005437499999 0.77560786875 0.7561021734375 0.8840422531250001 0.7408627140624999 0.8830653546875 0.7030572109375 0.8878693249999999 0.6601029421875 0.8821574062499999 0.6348877828124999 0.8806403484375 0.6009524749999999 0.8837060453125 0.5880547 0.8800944328125 0.5739271984375 0.8794766796875001 0.511679425 0.87402334375 0.472876925 0.8685585265625001 0.472560875 0.86345860625 0.478698021875 0.7395934578125 0.662979515625 0.7527763375000001 0.6615584796875 0.7619286 0.6524476875 0.7772077234375 0.6529085218749999 0.7909891140624999 0.6427124515625 0.8155241984374999 0.668823590625 0.8281857546875001 0.6692176046875 0.834344875 0.691390878125 0.8418450312499999 0.6859898421875 0.8516355609374999 0.690699615625
7 0.1971153765625 0.735265715625 0.18690594062500002 0.75080300625 0.1724446546875 0.793860709375 0.1734526890625 0.7979925109375 0.20500749218749997 0.7914210359375 0.23508762968750002 0.80172334375 0.255816853125 0.8184679984375001 0.25884775000000004 0.8278710125 0.26644310312499997 0.8302223312500001 0.2707968984375 0.8368753421875 0.2780252828125 0.842697009375 0.282995221875 0.8415711828125 0.29451396875 0.82926865625 0.30228826875000003 0.8055266624999999 0.29052939843750003 0.7917947765625 0.2781498484375 0.7614835921875 0.2572258078125 0.725108359375 0.227147928125 0.6874555328125 0.2225970578125 0.6885224625 0.20889009218750001 0.71566231875 0.2080904671875 0.7251763312499999 0.1971153765625 0.735265715625
6 0.739445478125 0.34056429375 0.751887115625 0.3195766671875 0.7639004375 0.3092307234375 0.7785958515625 0.3042795578125 0.784724221875 0.3036256140625 0.7865793359375 0.293071496875 0.783838203125 0.285012234375 0.7761860609375 0.28206648125 0.7736111875 0.2751902125 0.7744190296875 0.2666321734375 0.770309465625 0.266003378125 0.7597051765625 0.2735255 0.7581086734375 0.282194378125 0.7538690890625 0.28922411875 0.7527159421875 0.3010476390625 0.7577122187499999 0.307985721875 0.7576440109375 0.31322285625 0.7287342609375 0.32211128906250003 0.7266347125 0.3043109984375 0.7354954218749999 0.29582756093749996 0.7344978703125 0.28872961406250003 0.7304010953125 0.28246935156249997 0.7271910312500001 0.2825183765625 0.721941109375 0.288081634375 0.7083185890625 0.2855728453125 0.688848396875 0.30080727500000004 0.69945590625 0.35496335156250003 0.6917049859375 0.373903053125 0.6899966531249999 0.37573443906250004 0.69216811875 0.379525815625 0.7142996515625 0.37963238593750004 0.7338279234375 0.3717855578125 0.7347569234375 0.35853839062500004 0.739445478125 0.34056429375
0 0.7527763375000001 0.6615584796875 0.7395018656250001 0.6629893890624999 0.7353450984375 0.67052871875 0.720235528125 0.6722373734375 0.7189415921875 0.693704515625 0.72206833125 0.6997804875 0.7182312578125 0.705489375 0.7170184203125001 0.725611084375 0.7255223296875 0.7336360359375 0.660737578125 0.7922962703125 0.6738115875 0.7987180609375 0.6776872468749999 0.80773668125 0.689436340625 0.8078242375 0.7499698578125 0.7714962703125 0.7586359359375 0.7620191109375 0.7615876078125 0.7489980984375 0.7855466296875 0.7338940875 0.8020377609375 0.7367927609375 0.808952646875 0.721041278125 0.835328775 0.7138567874999999 0.8551033828125 0.718467478125 0.8732420046874999 0.692879378125 0.8518291124999999 0.685890759375 0.8516355609374999 0.690699615625 0.8418450312499999 0.6859898421875 0.834344875 0.691390878125 0.8281857546875001 0.6692176046875 0.8155241984374999 0.668823590625 0.7909891140624999 0.6427124515625 0.7772077234375 0.6529085218749999 0.7619286 0.6524476875 0.7527763375000001 0.6615584796875
6 0.46025839375000005 0.41622077500000004 0.4398584921875 0.4205466734375 0.4461879015625 0.43775536875 0.4411661109375 0.44287783281250004 0.41323152500000004 0.45385262812500005 0.40773118124999996 0.4866315109375 0.40869980312500004 0.49773143593749997 0.4153139921875 0.502715584375 0.42673992343749995 0.50406663125 0.430291525 0.50829845625 0.4352819546875 0.5353915484375 0.4479555015625 0.570866790625 0.46576051874999996 0.571321315625 0.4713109859375 0.566832446875 0.4722690671875 0.5580891625 0.47531701875000004 0.5302741265625001 0.4838989671875 0.51276738125 0.49525981249999995 0.5038091437500001 0.5149350359375 0.49788900937499997 0.5315302187500001 0.5016366765625 0.5265054453125 0.49137232812500004 0.5145737546875 0.44823277499999997 0.46025839375000005 0.41622077500000004
3 0.61962845 0.28089722500000003 0.6172855140625 0.28837001406249996 0.6423336359375 0.3069058609375 0.6428458203125 0.31735738593749996 0.643709159375 0.3181721 0.6517518390625 0.3542300640625 0.6477988484375 0.38255287656250003 0.652022565625 0.3879093984375 0.6602807578125 0.390219690625 0.6826556734375 0.3836041953125 0.6917049859375 0.373903053125 0.69945590625 0.35496335156250003 0.687168478125 0.29223053593750004 0.682944759375 0.2868740140625 0.6523510734375 0.273819140625 0.631040628125 0.270368159375 0.61962845 0.28089722500000003
3 0.880357290625 0.37126298750000003 0.8708450359375 0.348070034375 0.8619803640624999 0.3363295109375 0.8533731921875001 0.3298435421875 0.84226749375 0.3261136015625 0.8160406078125 0.30719364374999997 0.7928119578125 0.302762590625 0.7785958515625 0.3042795578125 0.7639004375 0.3092307234375 0.751887115625 0.3195766671875 0.739445478125 0.34056429375 0.7347569234375 0.35853839062500004 0.7331558328125001 0.38136931406249996 0.736610434375 0.4025277546875 0.745916178125 0.42767363906250006 0.7562544734375 0.443054871875 0.7693640937499999 0.45419880625 0.7818108375 0.4606261359375 0.7979059390625001 0.46221193125 0.8176493984375 0.45895619062500004 0.8355215093749999 0.44922977968750005 0.8517950703125001 0.431551425 0.8646777765625 0.42396915625 0.8717679828125 0.41623901874999997 0.877856225 0.40480188281249996 0.8809895781250001 0.3894512421875 0.880357290625 0.37126298750000003
3 0.5845968953125 0.56329190625 0.587860765625 0.552842490625 0.59449164375 0.5513847546874999 0.603603178125 0.5600949203125001 0.6060921984375 0.5665808593749999 0.6029091578125 0.5738639562500001 0.6053257078125001 0.5798342515625 0.618788146875 0.58582963125 0.6267569046875 0.5789256015625 0.6354893749999999 0.5924214812499999 0.6440211609375 0.5970065124999999 0.65368178125 0.5909163609375 0.6574111296875 0.60248625 0.6632922375 0.6069179828125 0.66625235625 0.6084257187500001 0.6702122 0.6056975687499999 0.68444025625 0.5911842796875 0.6997329265625 0.5708902203124999 0.6997627718749999 0.5577466765625 0.676895040625 0.47962170000000004 0.631527734375 0.3927708484375 0.6222538953125001 0.3797751640625 0.6176357234375 0.3932510359375 0.6156258968749999 0.4097833234375 0.591019859375 0.4890739953125 0.5704047421875 0.48113804375 0.5145737546875 0.44823277499999997 0.5265054453125 0.49137232812500004 0.5315302187500001 0.5016366765625 0.535028353125 0.502426653125 0.5385570171875 0.50508569375 0.541617425 0.51937873125 0.541384540625 0.5217665671875 0.554267103125 0.5480823921875 0.5568917046874999 0.5520266078125 0.5609585109374999 0.5578299546875 0.5807616343750001 0.5659342234375 0.5845968953125 0.56329190625
5 0.5092340578125001 0.2270295125 0.47846929843749997 0.21239508906250001 0.44039741406250005 0.3423277375 0.42967320468750003 0.392854425 0.43218099218750006 0.399672715625 0.5704047421875 0.48113804375 0.591019859375 0.4890739953125 0.6156258968749999 0.4097833234375 0.6176357234375 0.3932510359375 0.630311996875 0.3562615453125 0.634538375 0.3323761515625 0.6429136203125 0.3187408875 0.6423336359375 0.3069058609375 0.607270709375 0.280958965625 0.5597583234375 0.258928371875 0.5092340578125001 0.2270295125
5 0.6440211609375 0.5970065124999999 0.6354893749999999 0.5924214812499999 0.6267569046875 0.5789256015625 0.618788146875 0.58582963125 0.6053257078125001 0.5798342515625 0.6029091578125 0.5738639562500001 0.6060921984375 0.5665808593749999 0.603603178125 0.5600949203125001 0.59449164375 0.5513847546874999 0.587860765625 0.552842490625 0.5845968953125 0.56329190625 0.5807616343750001 0.5659342234375 0.5606766796875 0.5577146171875 0.55267725625 0.54569319375 0.5425260765625 0.5408099265625 0.5401095265625 0.5348396281250001 0.541617425 0.51937873125 0.5385570171875 0.50508569375 0.535028353125 0.502426653125 0.5149350359375 0.49788900937499997 0.49525981249999995 0.5038091437500001 0.4838989671875 0.51276738125 0.47531701875000004 0.5302741265625001 0.4608038234375 0.662718865625 0.46157589843749997 0.679436815625 0.5800871671875 0.7332419328124999 0.600696125 0.7377071078124999 0.6378920375 0.7666583046875 0.651814371875 0.7647016484375 0.716158121875 0.7398839203125 0.7212086015625 0.6560934890625 0.7259636515625 0.6375471 0.723176396875 0.6326805546875 0.7086018453125 0.6299964328125001 0.6632922375 0.6069179828125 0.6574111296875 0.60248625 0.65368178125 0.5909163609375 0.6440211609375 0.5970065124999999
5 0.4411661109375 0.44287783281250004 0.4461879015625 0.43775536875 0.3789964953125 0.25507217031249996 0.36984021093749997 0.25591733125 0.2767111390625 0.30036432031250004 0.3448975359375 0.48069933281250005 0.4411661109375 0.44287783281250004