3 0.47434020625000006 0.645151421875 0.4875281734375 0.6476348703125 0.4949293265625 0.6465775625 0.5016118374999999 0.6492505671875 0.5067761640625 0.649640328125 0.49543988125 0.567587234375 0.512513925 0.5613978921875 0.50985848125 0.5457307703125001 0.5074879250000001 0.5054313125000001 0.508309821875 0.49803423750000003 0.453026671875 0.49540170625 0.4400802578125 0.49954455937500003 0.42661598593749994 0.5140445437500001 0.4172945671875 0.5337230953125001 0.40952671875 0.5679016296875 0.4074552921875 0.5948301734375 0.41004457499999997 0.6274551390625 0.41347189375 0.6396649625 0.42721320625 0.64256805625 0.4653516609375 0.6460616546875 0.47434020625000006 0.645151421875
5 0.5151922328125 0.6399603843749999 0.515784871875 0.5806964765625 0.512513925 0.5613978921875 0.49543988125 0.567587234375 0.5067761640625 0.649640328125 0.520745790625 0.650694640625 0.5227834890625 0.640506146875 0.5230276593750001 0.6400306578125 0.5151922328125 0.6399603843749999
3 0.661813040625 0.792381978125 0.66494428125 0.7867216578125 0.6684235953125001 0.7693250859375 0.6642961578125 0.7716836203125 0.6612477359375 0.7861636296875 0.661813040625 0.792381978125
5 0.739367665625 0.6419709265625 0.6422860640625 0.6411002406249999 0.66510665 0.662748746875 0.6835272156250001 0.67361688125 0.694589746875 0.6757240296875 0.7125005109375 0.669929371875 0.7417600140625 0.65233776875 0.739367665625 0.6419709265625
0 0.6573761203124999 0.4087503625 0.6518758906250001 0.4092100828125 0.67825393125 0.67050564375 0.6835272156250001 0.67361688125 0.6942596265625001 0.67566115 0.8202774500000001 0.5264211265625 0.6573761203124999 0.4087503625
0 0.55545611875 0.40596742499999994 0.53732843125 0.4075669265625 0.53732843125 0.418763440625 0.53734610625 0.418782721875 0.579019740625 0.415299553125 0.55545611875 0.40596742499999994
3 0.3080375328125 0.8035249875 0.3109375 0.8056999625 0.3109375 0.7730452046875 0.2932978296875 0.7782569265625 0.2920344265625 0.78920641875 0.29582463593749997 0.8026827187500001 0.3080375328125 0.8035249875
5 0.86847481875 0.34660698125 0.8663182296875 0.3369023296875 0.8609267562499999 0.3331282984375 0.7822112484375 0.3600856640625 0.7735817015625 0.3619217375 0.773784053125 0.36399585156250003 0.7817861500000001 0.392403290625 0.7817861500000001 0.40154734531249997 0.8091412203124999 0.40053419375 0.8186234453125 0.40290475 0.8103264984375 0.4194986453125 0.8138823328125 0.44142629062500005 0.8144749718750001 0.48409630468750003 0.8204013625 0.51254298125 0.8202774500000001 0.5264211265625 0.892736446875 0.5056554390625 0.86847481875 0.34660698125
3 0.4653516609375 0.6460616546875 0.48557380937500005 0.647914065625 0.4875281734375 0.6476348703125 0.47434020625000006 0.645151421875 0.4653516609375 0.6460616546875
3 0.636470634375 0.66356158125 0.639119284375 0.664987778125 0.6384418328125 0.66053595 0.6325975609375 0.6567543625 0.636470634375 0.66356158125
5 0.8186234453125 0.40290475 0.8091412203124999 0.40053419375 0.7817861500000001 0.40154734531249997 0.7817861500000001 0.46122131250000004 0.778985415625 0.47802571406250005 0.7725837390625 0.48282697187499996 0.7565795484375 0.48282697187499996 0.7513781859375 0.4804263421875 0.7493776624999999 0.4756250859375 0.7490273515625 0.40276063281249996 0.7131336875 0.404090028125 0.5145995937500001 0.4206839234375 0.5122290375 0.42364711875000005 0.5116363984375 0.46809504999999996 0.5074879250000001 0.5054313125000001 0.50985848125 0.5457307703125001 0.515784871875 0.5806964765625 0.5151922328125 0.6399603843749999 0.5230276593750001 0.6400306578125 0.5303361328125 0.6257983703125001 0.54186385 0.6206307718749999 0.549814 0.6095005625 0.5565716265625 0.606718009375 0.568894359375 0.6134756375 0.57604949375 0.606718009375 0.58399964375 0.608705546875 0.594732346875 0.6174507124999999 0.5964263296875 0.6199471078125 0.6012514890625 0.6126044734375 0.600036503125 0.60531455625 0.6182612984375 0.588304746875 0.6291961765625 0.57291491875 0.6393210625 0.565625 0.642966021875 0.565625 0.6437760124999999 0.5757498859375 0.641346040625 0.5802048375 0.6356761046875 0.58182481875 0.6324361406250001 0.6020745921875 0.6275761953125001 0.6085545203125 0.6324361406250001 0.6235393515625 0.6364860953125 0.6235393515625 0.6417510359375 0.6154394421875 0.6425610265625 0.6093645109375 0.6405360499999999 0.604504565625 0.644991 0.6000496140625 0.6453959953124999 0.5919497046875 0.6478259671875 0.5891147375 0.679820609375 0.572104928125 0.6838705640625 0.5749398953125 0.685490546875 0.5802048375 0.6814405921875 0.603289578125 0.670910709375 0.6073395328125 0.6607858234374999 0.622324365625 0.6422860640625 0.6411002406249999 0.779509265625 0.642330940625 0.8038074671875 0.6405530234375 0.8144749718750001 0.63640455 0.8198087234375 0.578918559375 0.8204013625 0.51254298125 0.8144749718750001 0.48409630468750003 0.8138823328125 0.44142629062500005 0.8103264984375 0.4194986453125 0.8186234453125 0.40290475
1 0.5528652984375 0.8599225031250001 0.4645580921875 0.763400675 0.4537763984375 0.73978363125 0.45480322656250005 0.7238677984375 0.46045078124999994 0.7161665875 0.4609641953125 0.7100056203125 0.47020564687500005 0.6915227171875 0.491769034375 0.6658520171875 0.5040909703125 0.664311775 0.5128190078125 0.667392259375 0.5209072531250001 0.6760909374999999 0.5203984453125 0.652431371875 0.520745790625 0.650694640625 0.5016118374999999 0.6492505671875 0.4949293265625 0.6465775625 0.48557380937500005 0.647914065625 0.42721320625 0.64256805625 0.39558265000000004 0.63588554375 0.38043562343750004 0.63588554375 0.36350659375 0.6421225546875 0.3470230640625 0.64256805625 0.340786053125 0.6381130484375 0.3220750203125 0.6367765453125 0.3167290109375 0.6292030328125 0.31227400312500003 0.62875753125 0.3109375 0.6292030328125 0.3109375 0.8185408687500001 0.315838009375 0.820768371875 0.3220750203125 0.8305693890624999 0.326975528125 0.85373543125 0.3309850359375 0.8604179421874999 0.3318760375 0.88180198125 0.33900405 0.8884844921875 0.3398950515625 0.8920484984374999 0.34345905781249997 0.8951670046875 0.3465775625 0.88937549375 0.3523690734375 0.887593490625 0.35637858125 0.8916029984374999 0.354596578125 0.89605800625 0.3701891046875 0.89605800625 0.3675161 0.8742284671875 0.372416609375 0.8684369562500001 0.38088112343749997 0.8671004546875001 0.3889001390625 0.8760104703125 0.407611171875 0.8831384828125 0.42721320625 0.89605800625 0.5586359390625 0.8951670046875 0.5606342343749999 0.8711874609375 0.5528652984375 0.8599225031250001
6 0.7597803859375001 0.3443907171875 0.7569796531249999 0.3467913453125 0.7573797578125 0.361995328125 0.7525785 0.371997946875 0.7489775578125 0.392403290625 0.7493776624999999 0.4756250859375 0.7513781859375 0.4804263421875 0.7565795484375 0.48282697187499996 0.7725837390625 0.48282697187499996 0.778985415625 0.47802571406250005 0.7817861500000001 0.46122131250000004 0.7817861500000001 0.392403290625 0.773784053125 0.36399585156250003 0.7721836343749999 0.3475915546875 0.7693829015625 0.344790821875 0.7597803859375001 0.3443907171875
6 0.46045078124999994 0.7161665875 0.45480322656250005 0.7238677984375 0.4537763984375 0.73978363125 0.4645580921875 0.763400675 0.5528652984375 0.8599225031250001 0.563133578125 0.874811509375 0.5734018578125 0.8825127187499999 0.5811030671874999 0.8948346546874999 0.6730041703125 0.881485890625 0.6694102734375 0.8655700578125 0.661658075 0.8460460031249999 0.6450280890625 0.84038473125 0.6485904703125 0.8225728218749999 0.6470159765625 0.8248220984374999 0.6389160671874999 0.8248220984374999 0.6328411359375 0.8138872218750001 0.62879118125 0.8146972124999999 0.6255512171875 0.82198713125 0.6215012625 0.8187471671875001 0.606111434375 0.786752525 0.604029153125 0.7813237187500001 0.5684968515625 0.763733471875 0.5426588640625 0.73511293125 0.5323236703124999 0.7132500187499999 0.5247710265625 0.7029148234375 0.521193459375 0.6893995687500001 0.5209072531250001 0.6760909374999999 0.5128190078125 0.667392259375 0.5040909703125 0.664311775 0.491769034375 0.6658520171875 0.47020564687500005 0.6915227171875 0.4609641953125 0.7100056203125 0.46045078124999994 0.7161665875
5 0.7307783609375 0.807191078125 0.7374170921875 0.8110636703124999 0.7490348703125 0.795020071875 0.7523542359375 0.78340229375 0.7800156140625 0.7778700171875 0.7910801640625 0.7656990109375 0.7877608 0.7253134 0.7833349796875 0.7214408062500001 0.7617591046875 0.7175682140624999 0.747928415625 0.7092698000000001 0.7064363484375 0.6970987937500001 0.6666039640625 0.6893536078125 0.6616511734375 0.6897663406250001 0.6638986515624999 0.70132479375 0.6690662484375001 0.70927494375 0.68735159375 0.720007646875 0.69132666875 0.7247777359375001 0.6897366390624999 0.7307403484375 0.6778114140625 0.7466406484375 0.6797989515625 0.7545907984375 0.6782089203125 0.763733471875 0.6684235953125001 0.7693250859375 0.66494428125 0.7867216578125 0.661813040625 0.792381978125 0.662000809375 0.7944474390625 0.66119081875 0.804572325 0.6485904703125 0.8225728218749999 0.6450280890625 0.84038473125 0.671029784375 0.8492363734374999 0.6986911625000001 0.8237879046875 0.7208202640625 0.797786209375 0.7257993125 0.7966797546875 0.7307783609375 0.807191078125
5 0.594732346875 0.6174507124999999 0.58399964375 0.608705546875 0.57604949375 0.606718009375 0.568894359375 0.6134756375 0.5565716265625 0.606718009375 0.549814 0.6095005625 0.54186385 0.6206307718749999 0.5303361328125 0.6257983703125001 0.5227834890625 0.640506146875 0.5203984453125 0.652431371875 0.521193459375 0.6893995687500001 0.5247710265625 0.7029148234375 0.5323236703124999 0.7132500187499999 0.5426588640625 0.73511293125 0.5684968515625 0.763733471875 0.604029153125 0.7813237187500001 0.5947715625 0.7571878562500001 0.5789767390625 0.7296481640625 0.5716868203125001 0.709398390625 0.5664218796875 0.706563421875 0.5627769203125 0.6944135593749999 0.56633836875 0.6808800515625 0.5688518515625 0.6713288171875 0.581001715625 0.6478390796875 0.5826216984375 0.6409541562500001 0.5964263296875 0.6199471078125 0.594732346875 0.6174507124999999
5 0.69132666875 0.7247777359375001 0.68735159375 0.720007646875 0.6690662484375001 0.70927494375 0.6638986515624999 0.70132479375 0.6611160984375 0.6870145234375 0.652370934375 0.680256896875 0.64163823125 0.666344134375 0.636470634375 0.66356158125 0.6308228234375 0.653635128125 0.606921425 0.6855036578125 0.610566384375 0.6952235499999999 0.6528473609375001 0.761070971875 0.6599758312499999 0.7721726890625 0.6612477359375 0.7861636296875 0.6642961578125 0.7716836203125 0.6782089203125 0.763733471875 0.6797989515625 0.7545907984375 0.6778114140625 0.7466406484375 0.6897366390624999 0.7307403484375 0.69132666875 0.7247777359375001
1 0.6012514890625 0.6126044734375 0.5826216984375 0.6409541562500001 0.581001715625 0.6478390796875 0.5688518515625 0.6713288171875 0.5627769203125 0.6944135593749999 0.5664218796875 0.706563421875 0.5716868203125001 0.709398390625 0.5789767390625 0.7296481640625 0.5947715625 0.7571878562500001 0.606111434375 0.786752525 0.6215012625 0.8187471671875001 0.6255512171875 0.82198713125 0.62879118125 0.8146972124999999 0.6328411359375 0.8138872218750001 0.6389160671874999 0.8248220984374999 0.6470159765625 0.8248220984374999 0.66119081875 0.804572325 0.662000809375 0.7944474390625 0.6599758312499999 0.7721726890625 0.610566384375 0.6952235499999999 0.606921425 0.6855036578125 0.6336511265625 0.6498640578125 0.6607858234374999 0.622324365625 0.670910709375 0.6073395328125 0.6814405921875 0.603289578125 0.685490546875 0.5802048375 0.6838705640625 0.5749398953125 0.679820609375 0.572104928125 0.6478259671875 0.5891147375 0.6453959953124999 0.5919497046875 0.644991 0.6000496140625 0.6405360499999999 0.604504565625 0.6425610265625 0.6093645109375 0.6417510359375 0.6154394421875 0.6364860953125 0.6235393515625 0.6324361406250001 0.6235393515625 0.6275761953125001 0.6085545203125 0.6324361406250001 0.6020745921875 0.6356761046875 0.58182481875 0.641346040625 0.5802048375 0.6437760124999999 0.5757498859375 0.642966021875 0.565625 0.6393210625 0.565625 0.6291961765625 0.57291491875 0.6182612984375 0.588304746875 0.600036503125 0.60531455625 0.6012514890625 0.6126044734375