3 0.47037361093749996 0.6468346734375 0.4792245046875 0.5644764125 0.49728871406249997 0.5626015046874999 0.4985023671875 0.5467573531250001 0.5059515484375 0.5070814718750001 0.5085385453125 0.50010295625 0.4555344078125 0.48417441875 0.4419703109375 0.485062190625 0.425398121875 0.49587416093750003 0.4115929171875 0.5127131203124999 0.3957872703125 0.54399719375 0.3872627703125 0.5696247203125 0.381882446875 0.6019069890625001 0.3822541359375 0.6145832734375001 0.39488495 0.62072445625 0.4310453515625 0.6333408078125 0.4399871046875 0.6346321390624999 0.4521825328125 0.6402322765624999 0.45961962500000003 0.640996875 0.46545697812500003 0.6452071265625 0.47037361093749996 0.6468346734375
5 0.47037361093749996 0.6468346734375 0.48367321875 0.6512372265625 0.48811520937499997 0.6418443390624999 0.48846715781250005 0.6414420437499999 0.48088147656249997 0.639478296875 0.4957937484375 0.5821181531249999 0.49728871406249997 0.5626015046874999 0.4792245046875 0.5644764125 0.47037361093749996 0.6468346734375
3 0.587228740625 0.8166727046875 0.5862729 0.8228431015625001 0.590680484375 0.8181084328124999 0.598265059375 0.8020703359375 0.59368964375 0.80336029375 0.587228740625 0.8166727046875
5 0.646298109375 0.7175797953124999 0.6650787015625 0.7162902703125 0.6977248671875 0.7062997265625001 0.697911546875 0.6956620625000001 0.603924321875 0.671331075 0.6208297921875 0.6978573265625 0.6360739484375 0.7128589703125 0.646298109375 0.7175797953124999
0 0.6459930078125 0.7174389203125 0.8043719921875001 0.603118434375 0.6747766625 0.44953359531250003 0.669328596875 0.448649034375 0.6317099796875 0.7085644265625 0.6360739484375 0.7128589703125 0.6459930078125 0.7174389203125
0 0.597163409375 0.4369321234375 0.5765573734375 0.42217664375 0.5585812015625 0.4193431484375 0.5558725203125 0.43020707812500003 0.5558850046875 0.4302300625 0.597163409375 0.4369321234375
3 0.228246528125 0.7303043265625 0.2286639390625 0.7442972578125 0.2403102984375 0.748069075 0.24259795 0.750881009375 0.25049785 0.7191962375000001 0.232121325 0.7199857265625 0.228246528125 0.7303043265625
5 0.7988593109375 0.43220865625 0.798553878125 0.43427011249999997 0.799445896875 0.4637696125 0.79723375 0.47264205 0.8240213609374999 0.4782767828125 0.832648434375 0.48287088125000005 0.820583515625 0.49696465468750006 0.8187289484375 0.5191011890625 0.8089811734374999 0.56064709375 0.8078496515625 0.58968250625 0.8043719921875001 0.603118434375 0.8797023218750001 0.60049899375 0.894638671875 0.4403055359375 0.8948939109375 0.430367428125 0.8905756078125 0.4254011859375 0.807676709375 0.43251479843749996 0.7988593109375 0.43220865625
3 0.4310453515625 0.6333408078125 0.450218678125 0.640030375 0.4521825328125 0.6402322765624999 0.4399871046875 0.6346321390624999 0.4310453515625 0.6333408078125
3 0.5928477453125 0.6917183375 0.595072690625 0.6937429374999999 0.5954923578125 0.6892594562500001 0.5907365343750001 0.684176340625 0.5928477453125 0.6917183375
5 0.7760144171875 0.546171125 0.76864136875 0.5492810593749999 0.7531125703125 0.5454092953125 0.7486464765624999 0.5418216499999999 0.74786690625 0.5366790421875 0.76515450625 0.4658942265625 0.730005428125 0.45850067031249997 0.53335421875 0.4265719109375 0.5303372171875 0.42887359687500004 0.519009253125 0.4718578625 0.5059515484375 0.5070814718750001 0.4985023671875 0.5467573531250001 0.4957937484375 0.5821181531249999 0.48088147656249997 0.639478296875 0.48846715781250005 0.6414420437499999 0.49900163906249995 0.6294005953124999 0.5114370890625 0.6271753046875 0.521843728125 0.618299025 0.529073784375 0.61723394375 0.5393956609375 0.6267719796875 0.547973075 0.621946065625 0.55520624375 0.62579788125 0.5635044921875 0.636879753125 0.5645442234375 0.63971180625 0.5710024 0.6337545921875 0.57158709375 0.626387284375 0.59338558125 0.6142917156250001 0.6077187828125 0.60200441875 0.6193065078125 0.597380471875 0.6228431953125 0.59826226875 0.62117969375 0.6082823562499999 0.6177441531250001 0.6120171125 0.6118507296875 0.6122172921875 0.6038081421875 0.6310817421875 0.5975249218750001 0.6361934625 0.5986153468750001 0.6519089078125 0.6025450015625 0.6528886796875 0.6096130953125 0.6463030765625 0.611868684375 0.6406045515625001 0.6110795859375 0.63539908125 0.6164799546874999 0.6321542109375 0.6188324656249999 0.6243928796875 0.6218760984375 0.6222299875 0.6570354078125 0.613465646875 0.6602792203125001 0.617196175 0.660577378125 0.6226966359375 0.6510630203125001 0.6441158875 0.639866146875 0.6454981328125 0.6264168546875 0.6575884203125 0.603924321875 0.671331075 0.736773675 0.7057225140625001 0.7607802328125 0.7098756765625 0.7721344734375 0.7084311328124999 0.791216909375 0.6539430734375 0.8078496515625 0.58968250625 0.8089811734374999 0.56064709375 0.8187289484375 0.5191011890625 0.820583515625 0.49696465468750006 0.832648434375 0.48287088125000005 0.8240213609374999 0.4782767828125 0.79723375 0.47264205 0.7827973109374999 0.5305434453125 0.7760144171875 0.546171125
1 0.40933013125000006 0.7001776937499999 0.4113187671875 0.694323940625 0.424757128125 0.6786257671875 0.4518902953125 0.658934253125 0.464218834375 0.6604207078125001 0.4719423765625 0.6655211921874999 0.477685965625 0.67591820625 0.4829160375 0.6528383390625 0.48367321875 0.6512372265625 0.46545697812500003 0.6452071265625 0.45961962500000003 0.640996875 0.450218678125 0.640030375 0.39488495 0.62072445625 0.365810603125 0.60658831875 0.3511135078125 0.602923921875 0.33317847343749996 0.6048801640625 0.3170767984375 0.6013247046875 0.3121028171875 0.5954931609375 0.2942709109375 0.5896697484375 0.2909159 0.5810278859375 0.2867010015625 0.579517853125 0.285296421875 0.5796267921875 0.239491453125 0.7633404859375 0.243707515625 0.7666873625 0.24738817968750001 0.7777061171875 0.24653874843749998 0.80136956875 0.24881251093749998 0.8088235687499999 0.244503778125 0.8297879625 0.24980341250000002 0.8379963968749999 0.2498057375 0.841670090625 0.2525094421875 0.8455581750000001 0.25693640625 0.8406931312499999 0.26298699062500003 0.840365153125 0.26590741093750003 0.84522555 0.263100578125 0.8491171187500001 0.2782299390625 0.8528892921875 0.280917378125 0.8310615265625 0.28707341406250003 0.8266275890625 0.295609825 0.8273785374999999 0.3012351140625 0.8379638640625 0.31766592656250003 0.8494067515625 0.33356018125000003 0.866684671875 0.46129465 0.8976141734375 0.4690347640625 0.87483035625 0.4642218390625 0.8620205390625 0.40188847812499995 0.747002375 0.3971405265625 0.72147853125 0.40198724218750004 0.7062838796875 0.40933013125000006 0.7001776937499999
6 0.7676118609375 0.45583249531250003 0.74786690625 0.5366790421875 0.7486464765624999 0.5418216499999999 0.7531125703125 0.5454092953125 0.76864136875 0.5492810593749999 0.7760144171875 0.546171125 0.7827973109374999 0.5305434453125 0.799445896875 0.4637696125 0.798553878125 0.43427011249999997 0.8009695578124999 0.4179659171875 0.7989295765625 0.41457082031250003 0.7897090906249999 0.41185954062499996 0.7864107875 0.41351130156250004 0.78312083125 0.42836045624999997 0.7760423390625 0.436904425 0.7676118609375 0.45583249531250003
6 0.4642218390625 0.8620205390625 0.4705831296875 0.8789514 0.47868330625000005 0.8889079734375 0.4831748109375 0.9027269859375 0.5755754171875 0.9120076265625 0.5759386625 0.89569511875 0.5731400343749999 0.8748755859375 0.558373615625 0.8653593203125001 0.5661392703125 0.8489383187499999 0.5640673953124999 0.850739878125 0.5562080890625001 0.8487803328125001 0.5529589953125 0.836700609375 0.5488333859375001 0.8365067671874999 0.543926071875 0.8427963265624999 0.5407802375 0.8386728296875001 0.53358775625 0.803905428125 0.532880675 0.79813413125 0.5026593015625 0.7724703484375001 0.484512746875 0.7384491859375 0.47977367031249996 0.7147353859375001 0.4749456828125 0.7028800390625001 0.47474402031249996 0.6889007546875 0.477685965625 0.67591820625 0.4719423765625 0.6655211921874999 0.464218834375 0.6604207078125001 0.4518902953125 0.658934253125 0.424757128125 0.6786257671875 0.4113187671875 0.694323940625 0.40933013125000006 0.7001776937499999 0.40198724218750004 0.7062838796875 0.3971405265625 0.72147853125 0.40188847812499995 0.747002375 0.4642218390625 0.8620205390625
5 0.7044751125000001 0.8373579984375 0.71815543125 0.8282252796874999 0.7247048296874999 0.7882362671875 0.721347340625 0.783408003125 0.7013492265625 0.7744307671875 0.6899369359375 0.7630329046875 0.6526217921875 0.741185590625 0.61584633125 0.72403414375 0.610940809375 0.723236428125 0.6103252859375 0.734995259375 0.6134160671875 0.7439594109375001 0.628561784375 0.7587969328125 0.63126479375 0.7643869875 0.6282795078125 0.769787821875 0.61286188125 0.7823308421874999 0.6128670656249999 0.7905256671875 0.6091124515625 0.7990121 0.598265059375 0.8020703359375 0.590680484375 0.8181084328124999 0.5862729 0.8228431015625001 0.5859554109375 0.824892634375 0.5827200484375 0.8345208140624999 0.5661392703125 0.8489383187499999 0.558373615625 0.8653593203125001 0.5814615437499999 0.8802384109375 0.6144578015625 0.8622377625000001 0.6422199546875 0.84236194375 0.6473187796875 0.8424928953125 0.649607009375 0.853896528125 0.6551116765625 0.8592601421875001 0.6702656546875 0.846503703125 0.6762970171875 0.83603405 0.7044751125000001 0.8373579984375
5 0.529073784375 0.61723394375 0.521843728125 0.618299025 0.5114370890625 0.6271753046875 0.49900163906249995 0.6294005953124999 0.48811520937499997 0.6418443390624999 0.4829160375 0.6528383390625 0.47474402031249996 0.6889007546875 0.4749456828125 0.7028800390625001 0.47977367031249996 0.7147353859375001 0.484512746875 0.7384491859375 0.5026593015625 0.7724703484375001 0.532880675 0.79813413125 0.52973706875 0.7724755937500001 0.5210738734375 0.741932834375 0.518899359375 0.720520975 0.5144766515625 0.7164965125 0.51387928125 0.7038257578125 0.520608990625 0.6915558453124999 0.525358465625 0.6828963890625 0.5428301078125 0.663043715625 0.546067584375 0.6567552140624999 0.5645442234375 0.63971180625 0.5635044921875 0.636879753125 0.55520624375 0.62579788125 0.547973075 0.621946065625 0.5393956609375 0.6267719796875 0.529073784375 0.61723394375
5 0.6110873531250001 0.7204369046875 0.6042367765625001 0.7117643625000001 0.5971886828125 0.6956683921875 0.5928477453125 0.6917183375 0.589769125 0.6807204140625001 0.5588680046875 0.705860040625 0.5600532390625 0.71617300625 0.5851483562500001 0.7902931718749999 0.5893793328125 0.8027896531250001 0.587228740625 0.8166727046875 0.59368964375 0.80336029375 0.6091124515625 0.7990121 0.6128670656249999 0.7905256671875 0.61286188125 0.7823308421874999 0.6282795078125 0.769787821875 0.63126479375 0.7643869875 0.628561784375 0.7587969328125 0.6134160671875 0.7439594109375001 0.6103252859375 0.734995259375 0.6110873531250001 0.7204369046875
1 0.51387928125 0.7038257578125 0.5144766515625 0.7164965125 0.518899359375 0.720520975 0.5210738734375 0.741932834375 0.52973706875 0.7724755937500001 0.53358775625 0.803905428125 0.5407802375 0.8386728296875001 0.543926071875 0.8427963265624999 0.5488333859375001 0.8365067671874999 0.5529589953125 0.836700609375 0.5562080890625001 0.8487803328125001 0.5640673953124999 0.850739878125 0.5827200484375 0.8345208140624999 0.5859554109375 0.824892634375 0.5893793328125 0.8027896531250001 0.5600532390625 0.71617300625 0.5588680046875 0.705860040625 0.5934257203125 0.6777455890625 0.6264168546875 0.6575884203125 0.639866146875 0.6454981328125 0.6510630203125001 0.6441158875 0.660577378125 0.6226966359375 0.6602792203125001 0.617196175 0.6570354078125 0.613465646875 0.6218760984375 0.6222299875 0.6188324656249999 0.6243928796875 0.6164799546874999 0.6321542109375 0.6110795859375 0.63539908125 0.611868684375 0.6406045515625001 0.6096130953125 0.6463030765625 0.6025450015625 0.6528886796875 0.5986153468750001 0.6519089078125 0.5975249218750001 0.6361934625 0.6038081421875 0.6310817421875 0.6118507296875 0.6122172921875 0.6177441531250001 0.6120171125 0.62117969375 0.6082823562499999 0.6228431953125 0.59826226875 0.6193065078125 0.597380471875 0.6077187828125 0.60200441875 0.59338558125 0.6142917156250001 0.57158709375 0.626387284375 0.5710024 0.6337545921875 0.546067584375 0.6567552140624999 0.5428301078125 0.663043715625 0.525358465625 0.6828963890625 0.51387928125 0.7038257578125