3 0.4884890875 0.6493507390625 0.48723705937500006 0.5665277109375 0.5049381265624999 0.5624653046875 0.50421181875 0.546591346875 0.5067702 0.5063033765625 0.5084874484374999 0.49906160312500003 0.45393719531250004 0.489711371875 0.4405823953125 0.492245575 0.4254513796875 0.504996596875 0.4138012296875 0.523392471875 0.401925965625 0.55636958125 0.396588215625 0.5828449609375 0.395182215625 0.6155422984375 0.39709598437500004 0.628078796875 0.410381071875 0.632634896875 0.44780948593750003 0.6407503625000001 0.4568419625 0.64094234375 0.469628971875 0.6450144890625 0.4771038109375 0.6448670359374999 0.4834107546875 0.6483345093749999 0.4884890875 0.6493507390625
5 0.4884890875 0.6493507390625 0.5022260984375 0.6520996609374999 0.5054902718750001 0.64223544375 0.5057905703125 0.6417932562499999 0.4980221125 0.6407686078125 0.5058327874999999 0.58201866875 0.5049381265624999 0.5624653046875 0.48723705937500006 0.5665277109375 0.4884890875 0.6493507390625
3 0.625171246875 0.8036817656249999 0.6249745109375 0.80992265625 0.6287722312499999 0.8046861296875001 0.6343457203125 0.78784325 0.6299616140625 0.7896811968749999 0.625171246875 0.8036817656249999
5 0.6717239328125 0.698128734375 0.6902073828125 0.6945600421875 0.7213926671875 0.6806654 0.7202815515625 0.6700842765624999 0.6240296921875 0.657388809375 0.6440418875 0.68165708125 0.6610006562499999 0.694689109375 0.6717239328125 0.698128734375
0 0.6714039359374999 0.6980260921875 0.8146702250000001 0.565256190625 0.6673235953125001 0.42860984843749994 0.6618083390625 0.42839583281250004 0.6561458421874999 0.6909584093750001 0.6610006562499999 0.694689109375 0.6714039359374999 0.6980260921875
0 0.5887531265625 0.42556098125 0.5665024453124999 0.41342672968749994 0.5483149484375 0.41280510000000004 0.5469504374999999 0.42391815624999996 0.5469656296875 0.42393944843750003 0.5887531265625 0.42556098125
3 0.2583391734375 0.7617060906249999 0.26045878437500003 0.77554385 0.2724780015625 0.77786821875 0.2750912890625 0.7803803984375 0.279070903125 0.7479690437500001 0.2609275671875 0.750992184375 0.2583391734375 0.7617060906249999
5 0.788369971875 0.396292175 0.7883180453125 0.39837548906250003 0.7927984984374999 0.42754639375 0.79168411875 0.4366222890625 0.8189587609375 0.438950434375 0.828081409375 0.4424589140625 0.81782401875 0.4579179765625 0.818681040625 0.48011552343749997 0.8140690953125 0.52253970625 0.816484534375 0.5514965921874999 0.8146702250000001 0.565256190625 0.8891198250000001 0.5534758171874999 0.8844221703124999 0.392656134375 0.8834643546875001 0.382760996875 0.8785730078125 0.3783580421875 0.79715895625 0.3955214640625 0.788369971875 0.396292175
3 0.44780948593750003 0.6407503625000001 0.46765515 0.6450534265625001 0.469628971875 0.6450144890625 0.4568419625 0.64094234375 0.44780948593750003 0.6407503625000001
3 0.6155202609375 0.6789740046875 0.6179753578125 0.680712359375 0.617845496875 0.6762111546875 0.6125056468750001 0.6717455171875 0.6155202609375 0.6789740046875
5 0.7795838921875 0.5121892765625 0.77264480625 0.516174578125 0.756759909375 0.5142241578125 0.7518898796875 0.5112075359375 0.75048939375 0.5061982640625 0.7590216375 0.433834240625 0.7232335062499999 0.43077938906249996 0.5241569687500001 0.4230543765625 0.5214429593750001 0.42570658593750005 0.5154378984375 0.46975098437499996 0.5067702 0.5063033765625 0.50421181875 0.546591346875 0.5058327874999999 0.58201866875 0.4980221125 0.6407686078125 0.5057905703125 0.6417932562499999 0.514779046875 0.6285577328125 0.5268506109375 0.624833528125 0.5360979328125001 0.6147551609375 0.543144296875 0.612816896875 0.5545516296875 0.6210259171875 0.5624769781250001 0.6151906515625 0.57012565 0.618132253125 0.579712584375 0.6281202218749999 0.5810897078124999 0.630804453125 0.5867737421875 0.6241045890625 0.5864562296875 0.6167209406249999 0.6066181546875 0.6020589640625 0.6193470750000001 0.588116475 0.630284909375 0.5821148078125 0.6339026984375 0.5825590171874999 0.6334727390625 0.5927071453125 0.6305179578125 0.5968327515625 0.624692859375 0.5977496671875 0.61900921875 0.6174536484375001 0.61339579375 0.6232929984375 0.6163933218750001 0.6387584140625 0.6204130890624999 0.639251978125 0.626625915625 0.6318540796875001 0.6281702171875 0.62592314375 0.6267526125 0.620852640625 0.631717278125 0.6169738171875 0.6331063859375 0.608983640625 0.635863740625 0.60646594375 0.6696928734375 0.5934820890625 0.6733671453125 0.5967894890625 0.6743334171875001 0.6022126140624999 0.667500328125 0.62463171875 0.65655536875 0.627368215625 0.6446797609375 0.6410074406249999 0.6240296921875 0.657388809375 0.7600800671875 0.6753336375 0.784413828125 0.6765301796875 0.795507390625 0.67371266875 0.8078071640625 0.6173051921875 0.816484534375 0.5514965921874999 0.8140690953125 0.52253970625 0.818681040625 0.48011552343749997 0.81782401875 0.4579179765625 0.828081409375 0.4424589140625 0.8189587609375 0.438950434375 0.79168411875 0.4366222890625 0.7844116921875 0.49585145624999993 0.7795838921875 0.5121892765625
1 0.4344014953125 0.7097354765625 0.435661915625 0.703683003125 0.44708698125 0.6864641171875 0.47161811093750006 0.6636126796874999 0.484035909375 0.663585584375 0.492323471875 0.6677067875 0.49929132656249997 0.6773263359375 0.5016696875 0.6537811171875 0.5022260984375 0.6520996609374999 0.4834107546875 0.6483345093749999 0.4771038109375 0.6448670359374999 0.46765515 0.6450534265625001 0.410381071875 0.632634896875 0.37980067968750003 0.6221474 0.36476655625 0.6203014421875 0.3472036125 0.6244288328125001 0.33078865625 0.6228621765625 0.3251410625 0.617680275 0.306732378125 0.6140734328125 0.302349196875 0.6059048578125 0.2979816890625 0.6049197484375 0.29660085468749997 0.60519905 0.2735263765625 0.793125590625 0.27811889375 0.7959337125 0.283114971875 0.8064217749999999 0.285155721875 0.8300123625 0.28832095 0.8371336984375001 0.2865992515625 0.8584669296874999 0.29285973906249996 0.8659683171875001 0.29330975625 0.86961434375 0.29646714687500003 0.8731439484375001 0.30026821406250004 0.8677756562500001 0.306233728125 0.86671274375 0.3097247125 0.8711810015625 0.3074130640625 0.8753856296875 0.322889365625 0.8772858812500001 0.3228966375 0.8552932984374999 0.3284664265625 0.8501421796875 0.3370307265625 0.8498472046875 0.3439041109375 0.8596680781250001 0.3616069890625 0.8690232609375 0.37948841875 0.8842353718749999 0.5100401328124999 0.8993674125 0.514945903125 0.8758101406250001 0.5086077296875 0.8636823546875 0.432721803125 0.75711804375 0.42489866875000004 0.7323630796875 0.4278574953125 0.7166910203125 0.4344014953125 0.7097354765625
6 0.7602344578125 0.42354803125 0.75048939375 0.5061982640625 0.7518898796875 0.5112075359375 0.756759909375 0.5142241578125 0.77264480625 0.516174578125 0.7795838921875 0.5121892765625 0.7844116921875 0.49585145624999993 0.7927984984374999 0.42754639375 0.7883180453125 0.39837548906250003 0.7887287359374999 0.38189842500000004 0.786290203125 0.3787772453125 0.7768080234375 0.37720987031250003 0.7737356046875 0.37925128125 0.7722798265625 0.394390696875 0.76629534375 0.40373363125 0.7602344578125 0.42354803125
6 0.5086077296875 0.8636823546875 0.5169849578125 0.87971176875 0.5262381578124999 0.8886069624999999 0.532380296875 0.9017755953125001 0.6252231890625 0.8997262578124999 0.6235957328125 0.8834910734375001 0.6182807015625 0.8631677921875 0.6024646078125 0.8555220328124999 0.6081711609375 0.8382770359375 0.6063342859375 0.8403176640625001 0.5982947515625 0.839330534375 0.593597728125 0.827736815625 0.5894792484375 0.8280472031249999 0.5853750171875001 0.8348879328125 0.581750103125 0.8311785531250001 0.5703741531250001 0.7975468453125 0.5689689984374999 0.7919047390625 0.5358452609375 0.7701153093750001 0.5136878328125001 0.7385592421875 0.5060940953124999 0.71559975 0.49985729062499995 0.70442115625 0.4979534859375 0.6905706453125 0.49929132656249997 0.6773263359375 0.492323471875 0.6677067875 0.484035909375 0.663585584375 0.47161811093750006 0.6636126796874999 0.44708698125 0.6864641171875 0.435661915625 0.703683003125 0.4344014953125 0.7097354765625 0.4278574953125 0.7166910203125 0.42489866875000004 0.7323630796875 0.432721803125 0.75711804375 0.5086077296875 0.8636823546875
5 0.7440645828125 0.8099241359375 0.7565299328124999 0.7991922796875001 0.758157078125 0.7587031671875 0.7542361984375 0.75432006875 0.733293096875 0.747846903125 0.720576821875 0.7379248078125 0.680877303125 0.7207879109374999 0.6422857234375 0.7082461109375 0.63731955 0.7080521734375 0.6381416546875001 0.7197983703124999 0.6423018546875 0.7283190328125 0.659142915625 0.7412001593750001 0.662507034375 0.7464191328124999 0.660202196875 0.7521435249999999 0.6464281015625 0.7664719875 0.64743194375 0.774605096875 0.644739553125 0.783485846875 0.6343457203125 0.78784325 0.6287722312499999 0.8046861296875001 0.6249745109375 0.80992265625 0.6249091640625 0.8119956046875 0.622871296875 0.8219463078125001 0.6081711609375 0.8382770359375 0.6024646078125 0.8555220328124999 0.627193746875 0.8674765062500001 0.6577503296875 0.8455888 0.68288329375 0.8224777765625 0.687960071875 0.8219863625 0.6916209984374999 0.8330261296874999 0.6977382953125 0.8376789140625001 0.7112247 0.8231707531250001 0.715935175 0.8120441015625 0.7440645828125 0.8099241359375
5 0.543144296875 0.612816896875 0.5360979328125001 0.6147551609375 0.5268506109375 0.624833528125 0.514779046875 0.6285577328125 0.5054902718750001 0.64223544375 0.5016696875 0.6537811171875 0.4979534859375 0.6905706453125 0.49985729062499995 0.70442115625 0.5060940953124999 0.71559975 0.5136878328125001 0.7385592421875 0.5358452609375 0.7701153093750001 0.5689689984374999 0.7919047390625 0.562721834375 0.766820565625 0.5504009875 0.7375612453125 0.5456332328125 0.7165739921875 0.5407530328125 0.7131185203125 0.5386159375 0.7006150124999999 0.543800159375 0.6876164124999999 0.547458909375 0.6784426875 0.5623808890625 0.6566087359375 0.5648278578125 0.6499725578125 0.5810897078124999 0.630804453125 0.579712584375 0.6281202218749999 0.57012565 0.618132253125 0.5624769781250001 0.6151906515625 0.5545516296875 0.6210259171875 0.543144296875 0.612816896875
5 0.6371238265625 0.705255659375 0.6292673953125 0.697482634375 0.6203102312500001 0.6823655890625 0.6155202609375 0.6789740046875 0.6111242781249999 0.668433246875 0.583517240625 0.6971513859375 0.5859504734375001 0.7072430359374999 0.6198915125 0.7777523953125 0.6256138890625 0.7896401046875 0.625171246875 0.8036817656249999 0.6299616140625 0.7896811968749999 0.644739553125 0.783485846875 0.64743194375 0.774605096875 0.6464281015625 0.7664719875 0.660202196875 0.7521435249999999 0.662507034375 0.7464191328124999 0.659142915625 0.7412001593750001 0.6423018546875 0.7283190328125 0.6381416546875001 0.7197983703124999 0.6371238265625 0.705255659375
1 0.5386159375 0.7006150124999999 0.5407530328125 0.7131185203125 0.5456332328125 0.7165739921875 0.5504009875 0.7375612453125 0.562721834375 0.766820565625 0.5703741531250001 0.7975468453125 0.581750103125 0.8311785531250001 0.5853750171875001 0.8348879328125 0.5894792484375 0.8280472031249999 0.593597728125 0.827736815625 0.5982947515625 0.839330534375 0.6063342859375 0.8403176640625001 0.622871296875 0.8219463078125001 0.6249091640625 0.8119956046875 0.6256138890625 0.7896401046875 0.5859504734375001 0.7072430359374999 0.583517240625 0.6971513859375 0.6143910765625 0.66503496875 0.6446797609375 0.6410074406249999 0.65655536875 0.627368215625 0.667500328125 0.62463171875 0.6743334171875001 0.6022126140624999 0.6733671453125 0.5967894890625 0.6696928734375 0.5934820890625 0.635863740625 0.60646594375 0.6331063859375 0.608983640625 0.631717278125 0.6169738171875 0.6267526125 0.620852640625 0.6281702171875 0.62592314375 0.626625915625 0.6318540796875001 0.6204130890624999 0.639251978125 0.6163933218750001 0.6387584140625 0.61339579375 0.6232929984375 0.61900921875 0.6174536484375001 0.624692859375 0.5977496671875 0.6305179578125 0.5968327515625 0.6334727390625 0.5927071453125 0.6339026984375 0.5825590171874999 0.630284909375 0.5821148078125 0.6193470750000001 0.588116475 0.6066181546875 0.6020589640625 0.5864562296875 0.6167209406249999 0.5867737421875 0.6241045890625 0.5648278578125 0.6499725578125 0.5623808890625 0.6566087359375 0.547458909375 0.6784426875 0.5386159375 0.7006150124999999