1 0.3560269859375 0.5722013546875 0.37975749375 0.5763856828125 0.3865828375 0.5839328140625 0.43075867343749996 0.59302708125 0.43096040156250004 0.5715313484375 0.44427879375 0.5263340515625 0.4671607171875 0.4976810921875 0.48082305156249994 0.48760938749999994 0.50350451875 0.480316640625 0.5088104359375001 0.48022828124999994 0.5194555484375 0.4261981453125 0.41990571250000003 0.41807718749999995 0.391521659375 0.40944737656249997 0.389660884375 0.41229109218750004 0.3987875296875 0.4247751734375 0.3987365859375 0.43020359375000006 0.379408125 0.48071639062499993 0.3661236953125 0.49695178437500004 0.358088315625 0.5245344203125 0.35093398593749997 0.5676783859375 0.3560269859375 0.5722013546875
5 0.6135717171875 0.82809404375 0.6026148578125 0.8130362359375001 0.5981198078125 0.79717325625 0.5960914828125 0.770077834375 0.59866751875 0.7471972734375 0.60501884375 0.7247914921875 0.6004424125 0.7083801375000001 0.5980912843749999 0.710183540625 0.5956321921875001 0.7097499359375 0.592304690625 0.705613440625 0.5876507109375 0.703417971875 0.577491921875 0.7064396937499999 0.5477525328125 0.7231724078124999 0.5514302468750001 0.765898584375 0.5497033515624999 0.772625028125 0.5442426359375 0.77598889375 0.501078878125 0.7846032125 0.4962959921875 0.78105565 0.4937221796875 0.753572309375 0.4911531828125 0.7550177437500001 0.4772596078125 0.765142028125 0.4764632015625 0.769658671875 0.5229945687499999 0.849116625 0.5473888625 0.8850860921875 0.55483044375 0.9036294140625 0.5641310390625 0.9169120421875 0.564903471875 0.9310194624999999 0.5692357578125 0.94342604375 0.5813248796875 0.9488176328125 0.58881881875 0.9617817000000001 0.593787128125 0.9626577468749999 0.6289852671875 0.9320732515625 0.63854765625 0.917459603125 0.6603049875 0.9049962515625 0.669070971875 0.8948992499999999 0.6541561 0.8475746921875 0.646078821875 0.8436973828125 0.6437366531250001 0.8346844890625 0.6373952421875 0.83083635 0.6284928828125 0.83169733125 0.6135717171875 0.82809404375
3 0.795251534375 0.416825971875 0.82150794375 0.46486425468750003 0.83197560625 0.48900748906249997 0.8803192031249999 0.48798224531249995 0.8806619187500001 0.47044186562499996 0.827859321875 0.4171983453125 0.8002544171875 0.39578466093750003 0.78747714375 0.390086165625 0.795251534375 0.416825971875
5 0.604541940625 0.7052356484375 0.6161709453124999 0.6996795078125 0.616563609375 0.6984802828125 0.5678515843749999 0.6898910375 0.5643578015624999 0.6915603078125 0.5650800234375 0.6932063484375 0.567278953125 0.6951154093749999 0.570953340625 0.6972846328125 0.580384615625 0.698440509375 0.5828152015625 0.701911746875 0.5837121171875 0.7025770078125 0.5871548468750001 0.7031840546875 0.592304690625 0.705613440625 0.5956321921875001 0.7097499359375 0.5980912843749999 0.710183540625 0.604541940625 0.7052356484375
6 0.7927806640624999 0.6518881609375 0.8056954703124999 0.6483790125 0.8168739984375 0.6389342859375 0.8316539453124999 0.6113571421875 0.8356125656250001 0.5986882859375 0.8347014328125001 0.5916285984375 0.8369346265625 0.585534240625 0.8204302328124999 0.6011011515625 0.75971364375 0.6446558265625 0.7927806640624999 0.6518881609375
0 0.747547384375 0.85963075625 0.7682263703125 0.841534928125 0.7338543843750001 0.8434694281249999 0.7095789625 0.8467376328125 0.7244780125 0.8599691171874999 0.747547384375 0.85963075625
6 0.4041109953125 0.6746226515625 0.385845084375 0.67965656875 0.3705297015625 0.6925965187500001 0.360816128125 0.7082620484375 0.3567033359375 0.7192672015625 0.3528399140625 0.7411777609375 0.3563878984375 0.767870809375 0.3664780984375 0.7870282796875 0.3822677984375 0.798501578125 0.397015290625 0.8011019578124999 0.41485984374999996 0.79599374375 0.43337203906250005 0.7797073609375 0.44526566562500003 0.756606 0.44883190156249997 0.73638086875 0.44543250937499995 0.7088451078125 0.43749896718750003 0.6922402015625 0.42208075 0.67866011875 0.4041109953125 0.6746226515625
6 0.5514302468750001 0.765898584375 0.54579489375 0.7004293484375 0.5338131875000001 0.706154003125 0.49841610156250005 0.7046671124999999 0.48851386249999995 0.6979575015624999 0.4962959921875 0.78105565 0.501078878125 0.7846032125 0.5442426359375 0.77598889375 0.5497033515624999 0.772625028125 0.5514302468750001 0.765898584375
3 0.8466517781249999 0.5331469734375001 0.8891689375 0.5298121984375 0.8953259109375 0.52596680625 0.897512996875 0.5197777328125001 0.8954465140625001 0.4942102890625 0.8872564515624999 0.487835125 0.83197560625 0.48900748906249997 0.8369372640625 0.5004513453125 0.8408305531250001 0.5135402874999999 0.8402305984374999 0.523976578125 0.8466517781249999 0.5331469734375001
3 0.666629453125 0.8525199359375 0.7338543843750001 0.8434694281249999 0.8153627296874999 0.838882034375 0.8362445953125001 0.8279798312500001 0.8446185140625 0.8163305609375 0.8484415750000001 0.7863777640625 0.84559771875 0.678439078125 0.842045634375 0.66274236875 0.8358320765625 0.6538684875 0.8270675093750001 0.648433928125 0.8118138015625 0.6467165703125 0.7770926765625 0.6561508218750001 0.7324006203125 0.664248659375 0.7281409109375 0.667304334375 0.677946828125 0.7093038 0.640625990625 0.7027231296875 0.639762715625 0.70437090625 0.6141660265625 0.7144417609375 0.60509855 0.7245103109375 0.59866751875 0.7471972734375 0.5960914828125 0.770077834375 0.5981198078125 0.79717325625 0.6026148578125 0.8130362359375001 0.6135717171875 0.82809404375 0.6284928828125 0.83169733125 0.6373952421875 0.83083635 0.6452999796875 0.8356331578124999 0.6543982390624999 0.8474463953125 0.666629453125 0.8525199359375
6 0.50350451875 0.480316640625 0.48082305156249994 0.48760938749999994 0.4671607171875 0.4976810921875 0.44427879375 0.5263340515625 0.43096040156250004 0.5715313484375 0.43065971875000003 0.60357166875 0.44500853124999995 0.6536474390625 0.46284634062499996 0.6805655703125 0.49841610156250005 0.7046671124999999 0.5338131875000001 0.706154003125 0.5678515843749999 0.6898910375 0.5336052062500001 0.683852478125 0.52769588125 0.6686177296875 0.479903978125 0.6622808671875 0.479928640625 0.6431213546875 0.4890487046875 0.5805305374999999 0.5088104359375001 0.48022828124999994 0.50350451875 0.480316640625
5 0.5336052062500001 0.683852478125 0.677946828125 0.7093038 0.7281409109375 0.667304334375 0.8204302328124999 0.6011011515625 0.8464642687499999 0.576545903125 0.854669165625 0.5581487296875001 0.8515196734374999 0.551392165625 0.8526150046875 0.54166334375 0.8402305984374999 0.523976578125 0.8408305531250001 0.5135402874999999 0.8369372640625 0.5004513453125 0.82150794375 0.46486425468750003 0.795251534375 0.416825971875 0.7828990515625 0.374339940625 0.7608526062500001 0.3270439890625 0.6249309125 0.303077328125 0.534058003125 0.37883209687499997 0.5269295734375 0.41925943437499996 0.6492741265624999 0.43534967187499996 0.6606445843750001 0.438791878125 0.6612192296875 0.44368416875000005 0.6189970453125 0.6777038953125001 0.589451375 0.6768060640625 0.52769588125 0.6686177296875 0.5336052062500001 0.683852478125
5 0.6189970453125 0.6777038953125001 0.6612192296875 0.44368416875000005 0.6606445843750001 0.438791878125 0.6492741265624999 0.43534967187499996 0.5209768703125001 0.418476559375 0.4890487046875 0.5805305374999999 0.479928640625 0.6431213546875 0.479903978125 0.6622808671875 0.589451375 0.6768060640625 0.6189970453125 0.6777038953125001