1 0.3778916234375 0.5019499109375001 0.3676282609375 0.5202454703125 0.36450462968749997 0.5488043921875 0.36495086250000003 0.592535240625 0.37075189375 0.5961051046875 0.39484848281249996 0.5961051046875 0.4028806796875 0.60235236875 0.4479645875 0.603637421875 0.44443055625000005 0.5824332265625001 0.44969818437500003 0.5356098640625 0.4672569453125 0.503418803125 0.478962784375 0.4911276703125 0.5000332984375 0.48000712187500005 0.5052432625 0.4789987421875 0.5063444171875 0.423940940625 0.40689677812499997 0.43323000624999997 0.37744539062500004 0.42966014062499996 0.376106690625 0.43278377343749996 0.3872625203125 0.44349336875 0.38815498593750003 0.448848165625 0.3778916234375 0.5019499109375001
5 0.70354198125 0.8131095265624999 0.699670321875 0.8046402718750001 0.6927570296875001 0.8019517687500001 0.6841394249999999 0.8043455484375001 0.668819240625 0.8033880359375001 0.6554140796875 0.7904616296875 0.6482327421875 0.7756202015625 0.6415301609374999 0.749288634375 0.64009389375 0.72630835625 0.6424580046874999 0.7031400734375 0.6351012984375 0.6877727328125001 0.633099046875 0.6899570078124999 0.63060201875 0.6899570078124999 0.6266067734375 0.68646116875 0.621642259375 0.685107209375 0.612162521875 0.6898470796875 0.5857805468749999 0.7114897765625 0.5968217109375 0.7529282187499999 0.5962890859375001 0.7598523453125 0.591495459375 0.7641133484375 0.5504833171875 0.7800921046875 0.545157065625 0.777428978125 0.5378499234375 0.7508101078125 0.5355709515625 0.752679684375 0.5236465156250001 0.7650627531249999 0.5236465156250001 0.7696490734375 0.5832686953125 0.83981979375 0.6135384171875 0.8710067796875001 0.6240869578125 0.8879761703125 0.6355527609375 0.8994419734375001 0.6387631859375 0.9132009390625001 0.6451840359375 0.9246667421874999 0.6580257359374999 0.9278771671875001 0.6676570125 0.9393429718749999 0.6727019656250001 0.9393429718749999 0.7020544234375 0.9031110312499999 0.70893390625 0.8870589062500001 0.72819645625 0.8710067796875001 0.7350759390625 0.8595409765625 0.712169834375 0.8155253265625 0.70354198125 0.8131095265624999
3 0.8697460921875001 0.404789671875 0.8085000453125 0.36152411406249996 0.777596075 0.34522929375 0.7640233828125 0.341836121875 0.77632298125 0.36681968125000003 0.8105222578125 0.40956877656249996 0.8250233218749999 0.43152753125 0.8724544390625001 0.4221230859375 0.8697460921875001 0.404789671875
5 0.621113309375 0.6849629515625 0.6266067734375 0.68646116875 0.63060201875 0.6899570078124999 0.633099046875 0.6899570078124999 0.638592509375 0.683964140625 0.6490800296875 0.6764730546875 0.6492584859375 0.6752238625 0.5997949984375001 0.6752238625 0.5966441609375 0.6774744609375001 0.5976412421874999 0.6789700828125 0.6001382703125 0.6804683 0.6041335171875 0.6819665171875 0.6136222250000001 0.6814671109375 0.616618659375 0.6844635453125 0.6176174703124999 0.6849629515625 0.621113309375 0.6849629515625
6 0.8455277046875 0.5321162609375001 0.846668696875 0.5257267 0.8331182078125 0.543923071875 0.78088723125 0.597359378125 0.8147077703125 0.598739809375 0.8268170140625 0.5930413406249999 0.83618565625 0.5817989703124999 0.8459523421874999 0.5520742734375 0.8476508968750001 0.538910478125 0.8455277046875 0.5321162609375001
0 0.8234583265625 0.789769225 0.7899444515625 0.7976429671874999 0.7666053453125 0.8050769046875 0.78357566875 0.8155201796875 0.806235809375 0.8111810046875 0.8234583265625 0.789769225
6 0.49065636718750005 0.7416749593749999 0.482527084375 0.7151478265625 0.471830659375 0.70017283125 0.454288521875 0.6894764062500001 0.4358906703125 0.6886206921875 0.418776390625 0.696749975 0.40594068125 0.7121528265625 0.39909496875 0.72926710625 0.396955684375 0.7408192453125 0.396955684375 0.7630678093750001 0.4050849671875 0.7887392296875 0.418348534375 0.8058535093750001 0.4358906703125 0.8144106499999999 0.450865665625 0.8144106499999999 0.4675520890625 0.8062813671875 0.482954940625 0.7870278015625 0.49065636718750005 0.7622120953125 0.49065636718750005 0.7416749593749999
6 0.545157065625 0.777428978125 0.5504833171875 0.7800921046875 0.591495459375 0.7641133484375 0.5962890859375001 0.7598523453125 0.5968217109375 0.7529282187499999 0.5799033578125 0.6894321765625 0.5690977562499999 0.6971504625 0.5339802359375 0.7018328 0.523063321875 0.6969446296874999 0.545157065625 0.777428978125
3 0.8250233218749999 0.43152753125 0.8318968046874999 0.441935946875 0.8380038171875 0.454149975 0.8392252203125 0.46453189687499996 0.8471412703125001 0.472447946875 0.8884334203125 0.46178080781249997 0.8938291109375 0.45692468750000004 0.8949082484374999 0.4504498578125 0.8884334203125 0.42562968124999995 0.8792607468750001 0.420773559375 0.8250233218749999 0.43152753125
3 0.6841394249999999 0.8043455484375001 0.6927570296875001 0.8019517687500001 0.7013746328125 0.805303059375 0.712386015625 0.81535693125 0.725312421875 0.8182294656250001 0.7899444515625 0.7976429671874999 0.869417909375 0.7789714921875001 0.888089384375 0.76460881875 0.894313209375 0.7516824125 0.8928769421875 0.7215207984374999 0.8713329328125001 0.6157157734375 0.8651091078125001 0.6008743453125 0.8574490156250001 0.5932142515625001 0.8478739 0.58938420625 0.8325537140625 0.5903417171875 0.799998321875 0.6056619015625 0.7573914125 0.621397409375 0.75372703125 0.6251463515625 0.7115886390624999 0.6752238625 0.6736920671875 0.6752238625 0.6731280421875 0.6769965124999999 0.6496690093749999 0.6913591859375 0.6424876734375 0.7028493234375001 0.64009389375 0.72630835625 0.6415301609374999 0.749288634375 0.6482327421875 0.7756202015625 0.6554140796875 0.7904616296875 0.668819240625 0.8033880359375001 0.6841394249999999 0.8043455484375001
6 0.508389059375 0.66330509375 0.5050863328124999 0.644432375 0.5031990609375 0.5812087703125 0.5052432625 0.4789987421875 0.5000332984375 0.48000712187500005 0.478962784375 0.4911276703125 0.4672569453125 0.503418803125 0.44969818437500003 0.5356098640625 0.44443055625000005 0.5824332265625001 0.44969818437500003 0.6140389953125001 0.4725245734375 0.6608623578125 0.4947656703125 0.6842740390625 0.5339802359375 0.7018328 0.5690977562499999 0.6971504625 0.5997949984375001 0.6752238625 0.565020315625 0.6752238625 0.5565552796875 0.6612467078125001 0.508389059375 0.66330509375
5 0.6489908062499999 0.41654430781249996 0.6480471703124999 0.6543405531250001 0.6187944578125 0.6585869140625 0.5565552796875 0.6612467078125001 0.565020315625 0.6752238625 0.7115886390624999 0.6752238625 0.75372703125 0.6251463515625 0.8331182078125 0.543923071875 0.8544927546875 0.515220109375 0.859378365625 0.495677665625 0.85510345625 0.48957065312500003 0.8544927546875 0.47979943125 0.8392252203125 0.46453189687499996 0.8380038171875 0.454149975 0.8318968046874999 0.441935946875 0.8105222578125 0.40956877656249996 0.77632298125 0.36681968125000003 0.7567805390625 0.32712409375 0.7268561734375 0.284375 0.58883766875 0.284375 0.5125 0.3747588 0.5125 0.41580979375 0.6357799046875 0.41041067499999995 0.6475753531249999 0.41182612812499997 0.6489908062499999 0.41654430781249996
5 0.5031990609375 0.5812087703125 0.5050863328124999 0.644432375 0.508389059375 0.66330509375 0.6187944578125 0.6585869140625 0.6480471703124999 0.6543405531250001 0.6489908062499999 0.41654430781249996 0.6475753531249999 0.41182612812499997 0.6357799046875 0.41041067499999995 0.5065017875 0.41607248906249994 0.5031990609375 0.5812087703125