5 0.65805809375 0.436418546875 0.6649752984374999 0.45977278125 0.6613568625 0.4852580609375 0.6749197671875 0.4903480359375 0.6792410390625 0.51093734375 0.6731450265625 0.53269375625 0.65214146875 0.5403888234374999 0.6094065093750001 0.5258461249999999 0.609913490625 0.5097635484375 0.5949776671875 0.51293019375 0.599689103125 0.5256328640625 0.6045136203125 0.5523355328124999 0.6245493343749999 0.59080980625 0.63091651875 0.5964498859375 0.630744459375 0.5662475406249999 0.6564452046875 0.5405889640625 0.7292512421875 0.54451725 0.7391033984375001 0.5664810046875 0.7500854375 0.5704255875 0.763324940625 0.5918958437499999 0.765540284375 0.5901142187499999 0.7689635874999999 0.5842320640625001 0.76612355625 0.5780310453124999 0.7492939 0.5611087671874999 0.7460025156250001 0.551250909375 0.74718478125 0.5342893296875 0.7397930703125 0.5248283703125 0.7321599625 0.506334221875 0.727273696875 0.50213284375 0.7195625546875 0.47327503281250005 0.7003442171875001 0.4538085734375 0.6971058453125 0.44385188124999997 0.6503814765625 0.4176468390625 0.6489452453125 0.4177858609375 0.63694010625 0.4275662515625 0.623287425 0.4303277828125 0.65805809375 0.436418546875
0 0.6304848046875 0.40648792968749997 0.7064458609375001 0.4490901640625 0.7825596125 0.4615414609375 0.793264259375 0.4610811390625 0.7918224375 0.451143325 0.705264628125 0.43341661093750006 0.621267340625 0.387609290625 0.6062455375 0.38709586093750004 0.60511853125 0.3962745921875 0.6092824343750001 0.4021099171875 0.6304848046875 0.40648792968749997
5 0.3499354265625 0.5498586359375001 0.35072102968749996 0.546736790625 0.3506166828125 0.54431025 0.34982405625 0.5442129265625 0.3469038796875 0.5450612390625 0.34561761562500004 0.5457078828124999 0.3406255734375 0.550324684375 0.3357795140625 0.5537525453125001 0.326337725 0.5618458703125 0.3191694703125 0.5678046203125 0.3111514234375 0.57585773125 0.3333569875 0.5798593390625 0.3454218140625 0.582033509375 0.36524611875 0.583889990625 0.363913375 0.5704912078125 0.36389720312499996 0.5704804765625 0.3635982125 0.5696391890625 0.36284722187499996 0.565926384375 0.36080996875000004 0.5628602234375 0.3591690296875 0.5598427234375001 0.35777842187500003 0.5580628234375 0.35658948281249997 0.557916840625 0.35045013593749996 0.5587721765625 0.3493585171875 0.5578335671875 0.3490595265625 0.556992278125 0.34905250312499997 0.553773109375 0.3499354265625 0.5498586359375001
5 0.79668844375 0.7819359671874999 0.7970716265625 0.7814622796874999 0.798435215625 0.7781300765625 0.8103990421875 0.764987171875 0.8132187906249999 0.7519391703125 0.7847745203125001 0.7208703796875 0.7825007140625 0.75783416875 0.79668844375 0.7819359671874999
5 0.79668844375 0.7819359671874999 0.6848950046875 0.92013299375 0.7733089718749999 0.8220557359375 0.7759312671874999 0.823622675 0.7841130234375 0.8100708453125 0.8103990421875 0.764987171875 0.7970716265625 0.7814622796874999 0.796800140625 0.782125715625 0.79668844375 0.7819359671874999
5 0.7132694609375 0.9411890953125001 0.7164591812500001 0.9355004296875 0.69114224375 0.9132029562499999 0.6848950046875 0.92013299375 0.692476628125 0.9270683203125 0.7132694609375 0.9411890953125001
5 0.37453985 0.3840964234375 0.3547425015625 0.3831229453125 0.3488489140625 0.39551529687500003 0.34074001875 0.46155694687500004 0.3353837546875 0.4735294953125 0.32858332031250004 0.481438503125 0.3247802640625 0.49263020625 0.32976761718750003 0.503443903125 0.354267 0.521511153125 0.3653914625 0.521905509375 0.36320946875 0.5634144609375 0.36524611875 0.583889990625 0.44637099375 0.5914870718749999 0.4429315765625 0.6219928375 0.45181414374999995 0.61804479375 0.46699167187499996 0.6184349296875 0.4786548671875 0.6154467046875001 0.48010641249999997 0.6156249328125 0.4994045765625 0.6193274578125 0.501103375 0.6114354640624999 0.49837435 0.59409816875 0.500985240625 0.5847031968749999 0.49944838437500005 0.5655691703125 0.5036039999999999 0.551506090625 0.502512390625 0.5445711734375001 0.507414925 0.5165122546875 0.515617121875 0.4932304828125 0.5242560828125 0.47826055468749995 0.5423905734375001 0.45716987187499997 0.5541189875 0.43286373125 0.5176555359375 0.4133274796875 0.48551611406250006 0.4020945921875 0.4616467390625 0.3986780234375 0.43952381718750005 0.4008194453125 0.37453985 0.3840964234375
0 0.3269422671875 0.7428042328125 0.2954688953125 0.737876415625 0.28527266562500003 0.7481172375 0.2724624 0.7750531765625001 0.26711034218749996 0.80808829375 0.2746962171875 0.8483273656250001 0.2886721390625 0.868185384375 0.314428425 0.8765312828124999 0.335690178125 0.8722306640624999 0.3444470734375 0.86423488125 0.3547629921875 0.8255538265625001 0.351687584375 0.813504259375 0.3507786765625 0.78490636875 0.3573057234375 0.755748071875 0.35722058749999996 0.7444413296875 0.35540401250000003 0.743235996875 0.3559360921875 0.7397234 0.355491146875 0.73958630625 0.344263275 0.738627903125 0.3269422671875 0.7428042328125
0 0.630744459375 0.5662475406249999 0.6309944328125 0.6101259765625 0.6372203625 0.6244682171875 0.6489897671875 0.5935766 0.682024584375 0.5650826640625 0.7194875546875 0.5594352859375 0.7391033984375001 0.5664810046875 0.7292512421875 0.54451725 0.6564452046875 0.5405889640625 0.630744459375 0.5662475406249999
0 0.65805809375 0.436418546875 0.60202256875 0.4266028265625 0.5798946171875 0.4434553421875 0.5756929375000001 0.4776752765625 0.5840645953125 0.5051219921875 0.59383945625 0.5131715140625001 0.609913490625 0.5097635484375 0.6094065093750001 0.5258461249999999 0.65214146875 0.5403888234374999 0.6731450265625 0.53269375625 0.6792410390625 0.51093734375 0.6749197671875 0.4903480359375 0.6613568625 0.4852580609375 0.6649752984374999 0.45977278125 0.65805809375 0.436418546875
6 0.55987886875 0.6311186859375 0.5919011234375 0.6411390265625 0.6161106953125 0.6519698765624999 0.624597165625 0.6576008156250001 0.628889559375 0.6463344046875 0.6223458765625 0.6431470203125 0.5856040640625 0.630465253125 0.55987886875 0.6311186859375
3 0.7836364625 0.6733811671875001 0.7878338375 0.672475271875 0.7967892078125 0.66464100625 0.8026562515625001 0.6474936921875 0.7993726703124999 0.6282824171875 0.77144350625 0.6095777390625 0.7836364625 0.6733811671875001
1 0.395442134375 0.63715375625 0.4251008140625 0.6236053828125 0.43882679687500004 0.623817290625 0.4429315765625 0.6219928375 0.44637099375 0.5914870718749999 0.3454218140625 0.582033509375 0.2722444109375 0.5688464 0.2523196578125 0.731120496875 0.3269422671875 0.7428042328125 0.344263275 0.738627903125 0.355491146875 0.73958630625 0.3559360921875 0.7397234 0.36058975625 0.709001578125 0.3773535609375 0.660472190625 0.395442134375 0.63715375625
0 0.66559380625 0.763151796875 0.735828578125 0.685903534375 0.7404954421875 0.686476553125 0.7825007140625 0.75783416875 0.7867073078125 0.6894503234375 0.7701928812500001 0.6030334546875 0.7500854375 0.5704255875 0.7194875546875 0.5594352859375 0.682024584375 0.5650826640625 0.6489897671875 0.5935766 0.624597165625 0.6576008156250001 0.636093025 0.6652285421874999 0.6530620203125 0.683028646875 0.6621620484374999 0.69691570625 0.6687240171875 0.7114734171875 0.6618767359375 0.7672400453125 0.6647447453125 0.7640856421875 0.6652493453125 0.763409775 0.66559380625 0.763151796875
2 0.3573057234375 0.755748071875 0.3507786765625 0.78490636875 0.351687584375 0.813504259375 0.356993384375 0.834292590625 0.3595485953125 0.8414823328125 0.3839284390625 0.8749266625000001 0.409250253125 0.8966992218750001 0.43903694375 0.9141085703125 0.4795785421875 0.927927025 0.4959105703125 0.9309146328125 0.5508567609374999 0.9234180296875 0.5703576906250001 0.9158839656250001 0.55380536875 0.8903484671875 0.553723403125 0.8861933328125 0.6618767359375 0.7672400453125 0.6687240171875 0.7114734171875 0.6621620484374999 0.69691570625 0.6530620203125 0.683028646875 0.636093025 0.6652285421874999 0.6161106953125 0.6519698765624999 0.5919011234375 0.6411390265625 0.558320203125 0.63063095 0.48010641249999997 0.6156249328125 0.4786548671875 0.6154467046875001 0.46699167187499996 0.6184349296875 0.45181414374999995 0.61804479375 0.43882679687500004 0.623817290625 0.4251008140625 0.6236053828125 0.395442134375 0.63715375625 0.3773535609375 0.660472190625 0.36058975625 0.709001578125 0.35540401250000003 0.743235996875 0.35722058749999996 0.7444413296875 0.3573057234375 0.755748071875
5 0.7733089718749999 0.8220557359375 0.8017399546874999 0.7905173609375 0.7404954421875 0.686476553125 0.735828578125 0.685903534375 0.66559380625 0.763151796875 0.6770973171875 0.754536403125 0.6881124234375 0.7524461812500001 0.7005705625 0.756127540625 0.7194179578125001 0.7743642296875 0.7216047750000001 0.7810878125 0.728655709375 0.7832445734375 0.76655871875 0.8180221640625 0.7733089718749999 0.8220557359375
5 0.6317441374999999 0.825998303125 0.6409067515625 0.8004423515625 0.6487680109375 0.7854850718749999 0.6647447453125 0.7640856421875 0.553723403125 0.8861933328125 0.55380536875 0.8903484671875 0.6180279609375 0.9894255609375 0.6248746656249999 0.9867133140625001 0.69114224375 0.9132029562499999 0.6368100453125 0.865350771875 0.632711709375 0.8566711296875 0.6300263515625 0.83998855 0.6317441374999999 0.825998303125
6 0.7425306218750001 0.9506284734375001 0.7488527984375 0.9587204921874999 0.7832075281249999 0.9698241359375 0.8054014171875 0.9678154796875 0.8128392734375 0.9773355015625 0.8268445484375 0.9859405484374999 0.8343119171875 0.9847057328125001 0.843460046875 0.9767918765625 0.8546382859375001 0.9523440890625 0.8550246640625 0.9351779953125 0.8420084171875001 0.9185179578125 0.8323542312500001 0.9130291890625 0.8265225390625 0.8869231843750001 0.8055698937500001 0.850784128125 0.7996271234375001 0.846611740625 0.791839915625 0.8469466078125001 0.7874067140625 0.830479759375 0.76655871875 0.8180221640625 0.728655709375 0.7832445734375 0.7216047750000001 0.7810878125 0.7194179578125001 0.7743642296875 0.7005705625 0.756127540625 0.6881124234375 0.7524461812500001 0.6770973171875 0.754536403125 0.6652493453125 0.763409775 0.6487680109375 0.7854850718749999 0.6409067515625 0.8004423515625 0.6317441374999999 0.825998303125 0.6300263515625 0.83998855 0.632711709375 0.8566711296875 0.6368100453125 0.865350771875 0.7265172328125 0.9443588937499999 0.7412958078125 0.9431611046875 0.7425306218750001 0.9506284734375001