5 0.6646285828125 0.45615490937500003 0.6686480625 0.480178059375 0.6619507234374999 0.5050323999999999 0.6747922203125001 0.5117373375 0.6765720765625 0.53269980625 0.6678700640625 0.5535511328125 0.6460852703125 0.5586291531249999 0.605441159375 0.5389867703125 0.607904334375 0.5230858578124999 0.5926939234375 0.5244086796875 0.595822175 0.5375908453125 0.5973564953125 0.5646824374999999 0.61255403125 0.60531166875 0.618186403125 0.6116856734375 0.621696365625 0.5816874828125 0.6503325359375001 0.5593522937500001 0.72211715 0.5721241234375001 0.7292191625 0.5951248390625 0.73963861875 0.6003783953124999 0.7501628703125001 0.623302103125 0.7525788265625 0.6218037421875 0.7566934671875 0.6163826265625 0.7546303203125 0.6098817171875 0.739988415625 0.5910345546875 0.7379229359374999 0.5808490578125001 0.7411634859375 0.5641579890624999 0.734979871875 0.553866728125 0.7296575296875 0.5345801890625 0.7253197046875 0.5298146421875 0.721182921875 0.50023218125 0.7044802 0.4785686953125 0.7024793828125 0.46829156093749996 0.65929688125 0.436587578125 0.6578544125 0.4365505328125 0.644746828125 0.44479496249999995 0.630859365625 0.44587206718749994 0.6646285828125 0.45615490937500003
0 0.6409084453125 0.4230870515625 0.71111139375 0.4746290609375 0.7851403734375 0.4962634796875 0.795821328125 0.49711115625 0.79560136875 0.487071703125 0.711849090625 0.4589283796875 0.6340604140625 0.40322580468749997 0.619213153125 0.40088550625 0.6169759421875 0.40985847187499996 0.620397659375 0.416157753125 0.6409084453125 0.4230870515625
5 0.344977746875 0.5311987265625 0.34613795 0.5281958906249999 0.346330103125 0.5257747203124999 0.34555524531250004 0.5255815265625 0.3425534515625 0.5260676359375 0.34119796875 0.526552703125 0.335680490625 0.5305267140625001 0.3304528015625 0.5333384390625 0.3200950609375 0.540220771875 0.3122540484375 0.5452615171875 0.30331434062499996 0.5522774484374999 0.3248667140625 0.5589554062500001 0.336576646875 0.5625837015624999 0.3560269359375 0.5668423203125 0.3563370265625 0.5533809890625 0.3563222828125 0.5533683671875 0.3561280484375 0.5524969125 0.3558351328125 0.5487202609375 0.3541867359375 0.5454286749999999 0.3529257703125 0.5422336859375 0.35176244218749997 0.5402975828125001 0.3506001546875 0.5400077921875 0.34440233125 0.5401085546875 0.34343323593749997 0.5390439046875 0.3432390015625 0.53817245 0.3436243484375 0.5349764203125 0.344977746875 0.5311987265625
5 0.760117621875 0.815991684375 0.7605556765625 0.8155682265624999 0.7623151953125 0.812427040625 0.7757915625 0.800840125 0.7801804453125001 0.7882330234375 0.7557345265625 0.753929328125 0.748972915625 0.7903404890625 0.760117621875 0.815991684375
5 0.760117621875 0.815991684375 0.63231549375 0.9395344187499999 0.732023046875 0.8529631671875 0.734434834375 0.854838003125 0.7442071578125 0.8423842921875 0.7757915625 0.800840125 0.7605556765625 0.8155682265624999 0.7602053609375 0.81619363125 0.760117621875 0.815991684375
5 0.6579123578125 0.9638915484374999 0.6617715750000001 0.9586340140624999 0.639360725 0.933417384375 0.63231549375 0.9395344187499999 0.6389954 0.9473420171875 0.6579123578125 0.9638915484374999
5 0.3896001046875 0.3696706046875 0.3700689578125 0.36629169375 0.362709053125 0.3778734265625 0.3466121484375 0.4424345859375 0.33983672187499997 0.4536651296875 0.3321231109375 0.46068641875000005 0.32698447812500003 0.471331225 0.330616796875 0.482672125 0.352731721875 0.5035904265625 0.363725203125 0.505337575 0.35650080625 0.5462712078124999 0.3560269359375 0.5668423203125 0.43562126718750005 0.5842694093749999 0.42848976875 0.6141286296875 0.437787271875 0.6112925265625 0.45280412343750004 0.61352943125 0.46474455625 0.611984865625 0.46616356249999996 0.6123386625 0.4848666546875 0.6183654453125 0.48751458281250004 0.6107393078125 0.4869187859375 0.5931986578124999 0.490655175 0.5841919015625 0.4914616234375 0.565013203125 0.4973001234375 0.5515613890625 0.4970618046875 0.5445451296875 0.5053473187499999 0.517292828125 0.5163257109375 0.495184190625 0.5267246531249999 0.48137867031250003 0.5472942796875 0.46265523125 0.5618974453125001 0.4399596 0.5280866578125 0.41612519218750005 0.4975557421875 0.4010592234375 0.4742806609375 0.394759175 0.45206166562499994 0.3941885296875 0.3896001046875 0.3696706046875
0 0.298641821875 0.719903975 0.26800359687499997 0.7111772484375 0.256635325 0.72009913125 0.24063788125 0.7452731140625 0.23129974843749998 0.777409740625 0.23392517031249999 0.8182733624999999 0.24537683437500002 0.8396865984374999 0.2699240265625 0.851109190625 0.29155141093750003 0.8494317828125 0.30121747656250003 0.842562796875 0.3161705359375 0.8054272578124999 0.3145865234375 0.793092709375 0.317169596875 0.764597215625 0.3272014953125 0.73645170625 0.3284949390625 0.7252188687500001 0.32683879843749997 0.723801134375 0.3277949890625 0.7203795640624999 0.32737006874999997 0.7201892671875 0.3163426875 0.717869675 0.298641821875 0.719903975
0 0.621696365625 0.5816874828125 0.6165970390625 0.6252693203125 0.6210286828125 0.6402634046875 0.6364751015625 0.6110363796875 0.6727362203125 0.5867807640625 0.7106081890625 0.5857410671875 0.7292191625 0.5951248390625 0.72211715 0.5721241234375001 0.6503325359375001 0.5593522937500001 0.621696365625 0.5816874828125
0 0.6646285828125 0.45615490937500003 0.6102069734375 0.43958334218750006 0.5861901546875 0.45361352187500004 0.5778494328125 0.48706632968749997 0.5828137765625 0.5153287109375 0.5915347875 0.5245094890625001 0.607904334375 0.5230858578124999 0.605441159375 0.5389867703125 0.6460852703125 0.5586291531249999 0.6678700640625 0.5535511328125 0.6765720765625 0.53269980625 0.6747922203125001 0.5117373375 0.6619507234374999 0.5050323999999999 0.6686480625 0.480178059375 0.6646285828125 0.45615490937500003
6 0.5434531921875 0.6374387453125 0.5740155859375 0.651286928125 0.5967247546875 0.66498745 0.6044617296875 0.6716106578125001 0.6100951578125 0.6609513359375 0.6039886953125 0.6569902359375 0.56906626875 0.6399252953125 0.5434531921875 0.6374387453125
3 0.7603924296875 0.7066553984375 0.76466891875 0.7062677890625 0.77451229375 0.6995833015625 0.7824253390625 0.683278815625 0.7815074984375 0.6638105703125 0.756066040625 0.6418416062500001 0.7603924296875 0.7066553984375
1 0.3795066546875 0.6233890343749999 0.41059539375 0.61355613125 0.424193240625 0.6154392375 0.42848976875 0.6141286296875 0.43562126718750005 0.5842694093749999 0.336576646875 0.5625837015624999 0.26555180156249997 0.5405768046875 0.2259993265625 0.69921311875 0.298641821875 0.719903975 0.3163426875 0.717869675 0.32737006874999997 0.7201892671875 0.3277949890625 0.7203795640624999 0.3361580140625 0.6904538765625 0.3587111078125 0.6443292140625 0.3795066546875 0.6233890343749999
0 0.6322893578125 0.7813711125 0.71141480625 0.7132581124999999 0.7159770515625 0.7143956078125 0.748972915625 0.7903404890625 0.7614820484375 0.7229790203124999 0.755622284375 0.6351936874999999 0.73963861875 0.6003783953124999 0.7106081890625 0.5857410671875 0.6727362203125 0.5867807640625 0.6364751015625 0.6110363796875 0.6044617296875 0.6716106578125001 0.6149423140625 0.6805825203125 0.6296155375 0.700317946875 0.6369553296875 0.7152105078125001 0.641694246875 0.7304594109375 0.6281017624999999 0.784975890625 0.63133281875 0.7821945218749999 0.631916025 0.7815851875 0.6322893578125 0.7813711125
2 0.3272014953125 0.73645170625 0.317169596875 0.764597215625 0.3145865234375 0.793092709375 0.317319315625 0.8143727015625 0.318979271875 0.8218202546875 0.3391015515625 0.8579864515625 0.3615812140625 0.8826826734375001 0.38902421249999997 0.9035923406249999 0.42757957500000005 0.9222485734375001 0.44342576874999995 0.927204284375 0.4988760046875 0.9264598156250001 0.5191497484375 0.9213584750000001 0.5058328000000001 0.89399609375 0.5062578281250001 0.8898619421875 0.6281017624999999 0.784975890625 0.641694246875 0.7304594109375 0.6369553296875 0.7152105078125001 0.6296155375 0.700317946875 0.6149423140625 0.6805825203125 0.5967247546875 0.66498745 0.5740155859375 0.651286928125 0.5419655859375 0.636764690625 0.46616356249999996 0.6123386625 0.46474455625 0.611984865625 0.45280412343750004 0.61352943125 0.437787271875 0.6112925265625 0.424193240625 0.6154392375 0.41059539375 0.61355613125 0.3795066546875 0.6233890343749999 0.3587111078125 0.6443292140625 0.3361580140625 0.6904538765625 0.32683879843749997 0.723801134375 0.3284949390625 0.7252188687500001 0.3272014953125 0.73645170625
5 0.732023046875 0.8529631671875 0.7640856703125001 0.8251247390625001 0.7159770515625 0.7143956078125 0.71141480625 0.7132581124999999 0.6322893578125 0.7813711125 0.6447570765624999 0.7742218609375 0.6559448125 0.7734896234375 0.66786144375 0.7786618062499999 0.6843458609375 0.7990594828125 0.685696978125 0.8059994546875 0.6924325140625001 0.8089994328125 0.725814678125 0.8481370109374999 0.732023046875 0.8529631671875
5 0.5581215671875001 1 0.5646284359375 0.9983038203125 0.639360725 0.933417384375 0.591265225 0.8793004515625 0.5882552203125 0.870186046875 0.5876229734375 0.853300553125 0.5910329375 0.8396239328125 0.6032417421875 0.8153751124999999 0.6128672390625 0.8014873703125 0.63133281875 0.7821945218749999 0.5062578281250001 0.8898619421875 0.5058328000000001 0.89399609375 0.5574236515625001 1 0.5581215671875001 1
6 0.7920698234375 1 0.7968679890625 0.9921919203125 0.7993435078125 0.9752008671875 0.7884546296875 0.9570787296875001 0.7795413171875001 0.9504543249999999 0.776934615625 0.9238322046875 0.7605423906250001 0.8854090390625 0.755152403125 0.8805435109375 0.7473824296875 0.879926859375 0.7449890765625 0.8630424812499999 0.725814678125 0.8481370109374999 0.6924325140625001 0.8089994328125 0.685696978125 0.8059994546875 0.6843458609375 0.7990594828125 0.66786144375 0.7786618062499999 0.6559448125 0.7734896234375 0.6447570765624999 0.7742218609375 0.631916025 0.7815851875 0.6128672390625 0.8014873703125 0.6032417421875 0.8153751124999999 0.5910329375 0.8396239328125 0.5876229734375 0.853300553125 0.5882552203125 0.870186046875 0.591265225 0.8793004515625 0.67067508125 0.9686522156249999 0.685489471875 0.9692644109374999 0.6858050390625 0.9768266046875 0.6910939234375 0.9856287859374999 0.722038315625 1 0.7920698234375 1