3 0.48099445625000004 0.3218617328125 0.4567564734375 0.3351493 0.4287547015625 0.3577488375 0.41670997187500003 0.3724385125 0.40723312656250005 0.3918377703125 0.40222392500000004 0.40980736406249996 0.3985591515625 0.42984719218749995 0.39900141875 0.443803775 0.4073828421875 0.443135740625 0.44493332656250006 0.4533659265625 0.47592842031249993 0.40724898125 0.4978383875 0.3953026375 0.49894587343749996 0.370863928125 0.503809821875 0.3718977921875 0.506050940625 0.3882607328125 0.507834465625 0.3898523046875 0.5112754109375001 0.387976140625 0.5295362515625001 0.389785878125 0.5847685078125 0.38471905 0.577550778125 0.3489284640625 0.5634521640625 0.3257077328125 0.5472613625 0.3151283984375 0.5318953859375 0.311862259375 0.5082484671875 0.31397382500000004 0.48099445625000004 0.3218617328125
0 0.5810483718749999 0.8083139453125 0.5989078453125 0.8413444828125 0.646272115625 0.84531549375 0.6480354484374999 0.844322778125 0.6659691 0.827016153125 0.6796176843749999 0.8305046 0.69331665 0.8277178703124999 0.71042385625 0.8142585203125 0.5810483718749999 0.8083139453125
0 0.7174528421875 0.9132445468749999 0.7380558890625 0.931063578125 0.7437478328125 0.9183359531249999 0.7576073609375 0.9093354703125 0.751280290625 0.8875821484375 0.7340639546875 0.881931634375 0.732920521875 0.88965286875 0.726425578125 0.889765628125 0.7227052781250001 0.8815083421875001 0.7177817453124999 0.8859372546875001 0.7027326703125001 0.8747741984375 0.7086685046875 0.865582784375 0.7159250171875 0.8735961781249999 0.725093371875 0.8655896265624999 0.728764365625 0.8522316312499999 0.646272115625 0.84531549375 0.6311116343750001 0.853850496875 0.6207693625 0.8692987750000001 0.63566425 0.8694781781250001 0.65482233125 0.8566262640625 0.666328353125 0.884458078125 0.6783956390625 0.88154761875 0.6734007765625 0.8839702984375 0.6912176515625 0.9031881796875 0.7174528421875 0.9132445468749999
0 0.7611396578125 0.8173014765625 0.7528881000000001 0.8192370328124999 0.7768043375 0.83775528125 0.7890787703125001 0.8572883796875 0.7950974640624999 0.8570743921874999 0.7985392874999999 0.840881884375 0.794319678125 0.818580984375 0.7955623078125 0.7921335593750001 0.7611396578125 0.8173014765625
3 0.3237958390625 0.757030871875 0.33347800156249996 0.759985415625 0.33704560156249996 0.759344128125 0.333975684375 0.7571501484375001 0.320656959375 0.7423439875 0.3171593828125 0.743965275 0.3237958390625 0.757030871875
6 0.682021790625 0.8097201859375 0.5100087249999999 0.6866344703125 0.571491596875 0.755629096875 0.682021790625 0.8097201859375
6 0.506122478125 0.7467048578125 0.5166809859375 0.75256248125 0.52432726875 0.7621656953125 0.5847884984375 0.7966742625000001 0.571491596875 0.755629096875 0.506122478125 0.7467048578125
5 0.5810483718749999 0.8083139453125 0.5801255296875001 0.8155818890625 0.5989078453125 0.8413444828125 0.605862475 0.858372940625 0.6129665578125 0.8629930015625 0.61836000625 0.8610293734375001 0.6480354484374999 0.844322778125 0.669163575 0.82393336875 0.682021790625 0.8097201859375 0.6762118296875 0.8072168281250001 0.662578484375 0.8151317562499999 0.660876634375 0.82046095625 0.6519674484375 0.81685996875 0.6419956390625 0.8289677453125 0.6120880328125 0.8465126375 0.6001091734374999 0.8439664515624999 0.5861557265624999 0.8008946515625001 0.5810483718749999 0.8083139453125
1 0.5585299375 0.7156187671875001 0.689463078125 0.472333271875 0.6670707 0.480424165625 0.66381206875 0.48426650625 0.6489747703125001 0.482533059375 0.6493242609375 0.473725784375 0.641229221875 0.48162814374999996 0.62940518125 0.4802467359375 0.6516826953125 0.45180275156249994 0.651972075 0.45122321875000004 0.5761313109375 0.40851957343749995 0.5724012 0.41347774218750005 0.5702465734375 0.40720736718749995 0.5457068234375 0.3913884609375 0.4978383875 0.3953026375 0.5070073859375 0.6862465531249999 0.52730679375 0.6978189328125 0.5412675046875 0.6911394875 0.549727575 0.6828807875 0.5682188390625 0.68626236875 0.5565912578125001 0.6952883984375 0.5548894078125 0.700617596875 0.5585299375 0.7156187671875001
6 0.3473424203125 0.6639766828125 0.3651424984375 0.5596915625000001 0.3690878828125 0.5103164671875 0.372448309375 0.4869560703125 0.3658851109375 0.4850447625 0.3218588375 0.48390787656249995 0.3021256671875 0.49046424375 0.28090181406250003 0.5099841359374999 0.2613791859375 0.5393516171875 0.25618215312500003 0.5578513218750001 0.25450153124999997 0.5865844484375 0.25936263125000003 0.6261940421875 0.2686257609375 0.662944925 0.2945880578125 0.7133637078125 0.333975684375 0.7571501484375001 0.3553867359375 0.7724519921875 0.37082314375 0.7801598937499999 0.41015217968749995 0.7885195375 0.4418199921875 0.7882943515624999 0.46181038125 0.780527859375 0.47406357187500003 0.770484375 0.49182365 0.7464338421875001 0.507406053125 0.7118020453125 0.5068367578124999 0.6753088546875 0.5036551109375 0.6639486812500001 0.5019366921875 0.665570796875 0.46115760312500004 0.6736442312500001 0.435394978125 0.6672642578125 0.43412726093750004 0.6742363515625 0.3877744125 0.671479165625 0.3473424203125 0.6639766828125
3 0.6493242609375 0.473725784375 0.641229221875 0.48162814374999996 0.6489747703125001 0.482533059375 0.6493242609375 0.473725784375
5 0.667301009375 0.7983101984375 0.6377662 0.7928732140625 0.6321250468749999 0.78578830625 0.6321308265625001 0.7719157578125 0.639779240625 0.7596677015625 0.647386884375 0.7575009984375 0.6668053484375001 0.7591060171875 0.6910312656250001 0.7499612015625 0.7191630890625 0.7580428921875 0.7277909499999999 0.764921809375 0.7316618640625 0.778357121875 0.7318173484375 0.7855372671875 0.7285541640625001 0.7957556515624999 0.7423006703125 0.8041916234375 0.7509573796875 0.8196899203125 0.7611396578125 0.8173014765625 0.8932065296875 0.720741565625 0.906250478125 0.6620519875 0.865263103125 0.5389519515625001 0.8636638078125 0.5357665421875 0.8408305687500001 0.5309131875 0.8167837859375 0.5492974796875 0.845412990625 0.5612810406250001 0.8582498140625001 0.5802545546875 0.8555122531249999 0.6284075546875 0.8214699124999999 0.7180166 0.8158125421875001 0.7299350203125 0.80988656875 0.734298671875 0.788201259375 0.7334381546875 0.75561405625 0.7221378875 0.689787209375 0.691571734375 0.687920984375 0.6952568625 0.6627295109375 0.684802025 0.6484321390625001 0.7040765140625 0.628475065625 0.6801059140625 0.6120653078125 0.6866328562499999 0.5873745312499999 0.68976545625 0.5682188390625 0.68626236875 0.5565912578125001 0.6952883984375 0.5548894078125 0.700617596875 0.5585299375 0.7156187671875001 0.6001091734374999 0.8439664515624999 0.6120880328125 0.8465126375 0.6419956390625 0.8289677453125 0.6519674484375 0.81685996875 0.660876634375 0.82046095625 0.662578484375 0.8151317562499999 0.6762118296875 0.8072168281250001 0.691852225 0.8139558593749999 0.701918765625 0.8121119109375 0.709929125 0.8041326249999999 0.6857284703125 0.8085333374999999 0.675672371875 0.806395846875 0.667301009375 0.7983101984375
3 0.667301009375 0.7983101984375 0.675672371875 0.806395846875 0.6857284703125 0.8085333374999999 0.7198394875 0.8023304984375 0.7280456281250001 0.7973480890625 0.7318173484375 0.7855372671875 0.7316618640625 0.778357121875 0.7277909499999999 0.764921809375 0.7191630890625 0.7580428921875 0.6910312656250001 0.7499612015625 0.6668053484375001 0.7591060171875 0.647386884375 0.7575009984375 0.639779240625 0.7596677015625 0.6321308265625001 0.7719157578125 0.6321250468749999 0.78578830625 0.6377662 0.7928732140625 0.667301009375 0.7983101984375
6 0.3668645078125 0.8802229703125001 0.43968152812500005 0.90885105625 0.47335888437499996 0.9195161593750001 0.48024752187499997 0.9201036953124999 0.48383364687499997 0.9156058093749999 0.49637080625 0.8731211249999999 0.49949692343749996 0.8439781359375 0.42501246718749996 0.82113245625 0.31525206250000004 0.7807067062499999 0.29899489375 0.7829496234375 0.294150578125 0.787180071875 0.291638328125 0.8072482937500001 0.2837205546875 0.8362494734375 0.284008296875 0.8472692625 0.321202940625 0.8661338531249999 0.3668645078125 0.8802229703125001
6 0.3804374546875 0.6202138234375 0.3743991375 0.5882379609374999 0.382069896875 0.546899103125 0.44493332656250006 0.4533659265625 0.4073828421875 0.443135740625 0.38684016875 0.4447730765625 0.377087290625 0.45470766406249996 0.3690878828125 0.5103164671875 0.3651424984375 0.5596915625000001 0.3473424203125 0.6639766828125 0.3877744125 0.671479165625 0.43412726093750004 0.6742363515625 0.435394978125 0.6672642578125 0.42934934687500004 0.6657670921875 0.4063778390625 0.6530717421875 0.3804374546875 0.6202138234375
6 0.689463078125 0.472333271875 0.6670707 0.480424165625 0.66381206875 0.48426650625 0.776520434375 0.4974342703125 0.790129678125 0.4998562015625 0.7927083515625 0.5032291234375 0.7867602687499999 0.536730290625 0.8167837859375 0.5492974796875 0.8587065703125001 0.5172465921875 0.8752959312499999 0.43919978125 0.7635713875000001 0.4154519953125 0.7126844 0.4577139484375 0.689463078125 0.472333271875
6 0.537867546875 0.6345567703125 0.5358694859375001 0.6326535453125001 0.5347481640625 0.63459815 0.5036551109375 0.6639486812500001 0.5105363625 0.688518415625 0.519216003125 0.697626678125 0.52509624375 0.6988765625 0.5412675046875 0.6911394875 0.551012278125 0.6831157265625001 0.5873745312499999 0.68976545625 0.6120653078125 0.6866328562499999 0.628475065625 0.6801059140625 0.609786096875 0.65765844375 0.58826801875 0.6524396734375 0.56895949375 0.6477567875 0.5621918406249999 0.639727059375 0.537867546875 0.6345567703125
5 0.6627295109375 0.684802025 0.687920984375 0.6952568625 0.689787209375 0.691571734375 0.6243685343750001 0.661195115625 0.609786096875 0.65765844375 0.6484321390625001 0.7040765140625 0.6627295109375 0.684802025
0 0.5358694859375001 0.6326535453125001 0.5327776656250001 0.6297084734375 0.5417103328125 0.5854686375 0.5471671625 0.5689124249999999 0.5468796359375 0.5687073453125 0.516858034375 0.5882036015625001 0.47976698593749995 0.6210988687500001 0.44818225156249997 0.6143853265625 0.46178677500000004 0.5983438515625 0.478225265625 0.57125355 0.5089256484375 0.5044736296875 0.525097115625 0.47635563750000004 0.5724012 0.41347774218750005 0.5702465734375 0.40720736718749995 0.5457068234375 0.3913884609375 0.5112754109375001 0.387976140625 0.47592842031249993 0.40724898125 0.382069896875 0.546899103125 0.3743991375 0.5882379609374999 0.3804374546875 0.6202138234375 0.4063778390625 0.6530717421875 0.42934934687500004 0.6657670921875 0.46115760312500004 0.6736442312500001 0.5019366921875 0.665570796875 0.5347481640625 0.63459815 0.5358694859375001 0.6326535453125001
3 0.5870312984375 0.48964240312499996 0.5872793515625 0.4840455125 0.5783160109375001 0.4708410640625 0.5803375828124999 0.467975153125 0.60930130625 0.4778979921875 0.62940518125 0.4802467359375 0.6516826953125 0.45180275156249994 0.6575997375 0.439952853125 0.6583491593749999 0.43185921250000003 0.6477602453125 0.4063060625 0.6249669234375 0.381071584375 0.6079090015624999 0.3745330109375 0.5887015390625 0.3918108796875 0.525097115625 0.47635563750000004 0.5089256484375 0.5044736296875 0.478225265625 0.57125355 0.46178677500000004 0.5983438515625 0.44818225156249997 0.6143853265625 0.47976698593749995 0.6210988687500001 0.516858034375 0.5882036015625001 0.5468796359375 0.5687073453125 0.5350927515625 0.5603002859374999 0.5343909484375 0.5489046015625 0.5422084359375 0.5268236234375 0.55341058125 0.51233494375 0.5602780187499999 0.50942101875 0.574841759375 0.51439105625 0.5781572421875001 0.5106103171874999 0.5870312984375 0.48964240312499996
1 0.5872793515625 0.4840455125 0.5870312984375 0.48964240312499996 0.5781572421875001 0.5106103171874999 0.5979333812500001 0.48805902031250004 0.606123478125 0.48480142812500004 0.6549638125 0.4901843125 0.740742775 0.5202556484375 0.781725840625 0.5346229874999999 0.7867602687499999 0.536730290625 0.7927083515625 0.5032291234375 0.790129678125 0.4998562015625 0.776520434375 0.4974342703125 0.60930130625 0.4778979921875 0.5803375828124999 0.467975153125 0.5783160109375001 0.4708410640625 0.5872793515625 0.4840455125
1 0.6243685343750001 0.661195115625 0.5645381375 0.633413365625 0.55209698125 0.621396821875 0.5481751187499999 0.5986949859374999 0.5487374109375 0.583166215625 0.54907316875 0.5738936234375001 0.5475714390624999 0.5692007765625 0.5471671625 0.5689124249999999 0.5417103328125 0.5854686375 0.5327776656250001 0.6297084734375 0.537867546875 0.6345567703125 0.5621918406249999 0.639727059375 0.56895949375 0.6477567875 0.6243685343750001 0.661195115625
6 0.75561405625 0.7221378875 0.788201259375 0.7334381546875 0.80988656875 0.734298671875 0.8158125421875001 0.7299350203125 0.8214699124999999 0.7180166 0.8555122531249999 0.6284075546875 0.8582498140625001 0.5802545546875 0.845412990625 0.5612810406250001 0.781725840625 0.5346229874999999 0.6549638125 0.4901843125 0.606123478125 0.48480142812500004 0.5979333812500001 0.48805902031250004 0.574841759375 0.51439105625 0.5602780187499999 0.50942101875 0.55341058125 0.51233494375 0.5422084359375 0.5268236234375 0.5343909484375 0.5489046015625 0.5350927515625 0.5603002859374999 0.5475714390624999 0.5692007765625 0.54907316875 0.5738936234375001 0.5481751187499999 0.5986949859374999 0.55209698125 0.621396821875 0.5645381375 0.633413365625 0.75561405625 0.7221378875