3 0.40749064375 0.346583990625 0.3911391390625 0.3688700296875 0.3753118921875 0.401186228125 0.37060378437499997 0.41958991718750005 0.370213328125 0.441176703125 0.373267728125 0.459579665625 0.3784155125 0.47929071875 0.38471464843750003 0.49175276874999996 0.3920284734375 0.48760518125 0.43038423437500006 0.48100735781250004 0.43898546562499996 0.42611211875 0.453793896875 0.40602550156249995 0.444469375 0.383408465625 0.4493145390625 0.38228987187499996 0.458260959375 0.39617259374999997 0.460550009375 0.396861296875 0.4628756625 0.393706709375 0.48019043437500003 0.3876295234375 0.5281065234375 0.3596952578125 0.5064392843750001 0.330308315625 0.48384809687499997 0.3152215171875 0.46470322656249996 0.3124759125 0.44939659218749994 0.316009728125 0.428857590625 0.3279170765625 0.40749064375 0.346583990625
0 0.7037538734375001 0.7451748078125 0.7338993625 0.7675629015625 0.778504190625 0.7511448546875 0.7796827734375 0.74949993125 0.7886220859375 0.7262357140625 0.8024661859375 0.7236291796875001 0.8137039421875001 0.7153141125 0.82352016875 0.6958859796875 0.7037538734375001 0.7451748078125
0 0.871723896875 0.7826272078125001 0.897927246875 0.7900695109375 0.8977069734375 0.7761288453125 0.9064642015625 0.7621143499999999 0.891536578125 0.7450730796875 0.8735452671875 0.7472279140625 0.8757721 0.7547089625 0.8699333375 0.7575560390625 0.8630719203125 0.7516446640625001 0.8604814234375 0.7577393953125 0.84212461875 0.7539822453125 0.84361985 0.743143403125 0.8535830921875001 0.7473392703124999 0.8585087281250001 0.7362081546875 0.8561904453125001 0.722550271875 0.778504190625 0.7511448546875 0.768371178125 0.765287290625 0.7655266203125 0.7836590171875 0.7791017921875001 0.7775267593749999 0.79103345625 0.757782415625 0.8132236859375 0.77814395 0.8229303484375 0.7704063234375 0.819427334375 0.7747129375 0.843696734375 0.784600515625 0.871723896875 0.7826272078125001
0 0.870770303125 0.6772104109375 0.8641098546875 0.6824518796875 0.8936114765625 0.6891276734375 0.9129909359375 0.7016432734375 0.9183552890625 0.698905725 0.9146313906250001 0.6827757515624999 0.9013823578125001 0.66434755625 0.8913313984375 0.6398528906250001 0.870770303125 0.6772104109375
3 0.4489307359375 0.8074161765625 0.4589544 0.8060020453125001 0.4619167234375 0.8039131078124999 0.45820721875 0.8032220890625 0.439879 0.7954318875 0.43739430468749996 0.7983794125 0.4489307359375 0.8074161765625
6 0.795861171875 0.7037760828125 0.5879461203125 0.664918403125 0.6728269140625 0.7014649859375 0.795861171875 0.7037760828125
6 0.6098108265625 0.7210030625 0.621855625 0.7218496531249999 0.632844003125 0.7273216625 0.7022244375 0.7330450265625 0.6728269140625 0.7014649859375 0.6098108265625 0.7210030625
5 0.7037538734375001 0.7451748078125 0.7059890609374999 0.7521518109375 0.7338993625 0.7675629015625 0.7473989343749999 0.780056771875 0.7557899421875 0.781241653125 0.7598482 0.7771826328125 0.7796827734375 0.74949993125 0.7902144234375 0.72209171875 0.795861171875 0.7037760828125 0.7895375953125 0.703962665625 0.78052658125 0.716897728125 0.7812363984374999 0.72244685625 0.7716400921875 0.7229484390625001 0.76771953125 0.7381360796875 0.748028825 0.7666766515625 0.7360962265625 0.769431509375 0.7052471796875001 0.7362921828125 0.7037538734375001 0.7451748078125
1 0.6441705671875 0.670681146875 0.6600193984375 0.394854871875 0.6431443703124999 0.4116511390625 0.6418148921875 0.416510640625 0.627635146875 0.4212101171875 0.6242297781249999 0.4130803140625 0.6202328609375 0.42366339531249997 0.6089328328125 0.4274084703125 0.6171021718749999 0.39221458125 0.6171195171875 0.3915670484375 0.5303371015625 0.38491609375 0.5290518843750001 0.39098613437499996 0.5244491546875001 0.3862138296875 0.49552322968749996 0.382247978125 0.453793896875 0.40602550156249995 0.58506204375 0.6658352515625 0.608350253125 0.6677444890625 0.6181801 0.6557908046875001 0.6223572500000001 0.6447305 0.64054514375 0.6399805078125 0.633821540625 0.653074896875 0.6345313578125 0.6586240250000001 0.6441705671875 0.670681146875
6 0.4309447859375 0.7131292250000001 0.4030043390625 0.6110921703125001 0.38571325624999997 0.564675746875 0.37888630624999997 0.5420838578125 0.3721302765625 0.543125353125 0.3317484515625 0.560701290625 0.3166349671875 0.574982975 0.3056490859375 0.6016435953125 0.300366809375 0.6365101906249999 0.3034750125 0.6554729781249999 0.31409499531249996 0.6822242953125001 0.3352403859375 0.7160683890625 0.3591672265625 0.7454612328125 0.40400495625 0.780184028125 0.45820721875 0.8032220890625 0.4840790609375 0.8080415671875001 0.5013266953125 0.8085035921875001 0.5405038453125 0.799458834375 0.5691094640625 0.7858713484375001 0.583944646875 0.7703842140625 0.5908052500000001 0.7561033046875 0.5967371531250001 0.7268003843749999 0.5962235765624999 0.6888279093749999 0.5802849296875 0.6559944421874999 0.5726003625 0.6470432500000001 0.57172848125 0.649239621875 0.5381820562499999 0.673790625 0.5121368953125 0.6788961609374999 0.5139344875 0.6857507843749999 0.47075930312500003 0.702841484375 0.4309447859375 0.7131292250000001
3 0.6242297781249999 0.4130803140625 0.6202328609375 0.42366339531249997 0.627635146875 0.4212101171875 0.6242297781249999 0.4130803140625
5 0.7776975453125 0.69965639375 0.7486321484375 0.7072107625 0.7405253171874999 0.703173709375 0.7346677625 0.69059846875 0.7364233265625 0.6762656015624999 0.74240250625 0.671086771875 0.760679921875 0.6643348140625001 0.7787712921875001 0.64580848125 0.807682853125 0.6412439578125 0.8184095062500001 0.643832084375 0.8275957546875 0.6543726921874999 0.83077113125 0.6608144046875 0.8321321578124999 0.6714544874999999 0.8481559187500001 0.6732905484375 0.8625514265625001 0.6836782921875 0.870770303125 0.6772104109375 0.94965555625 0.533883540625 0.9366741 0.47518010781250003 0.8475026 0.38093560000000004 0.844706934375 0.37872452968750003 0.8219618750000001 0.3839756390625 0.8079376265624999 0.410800078125 0.8389489703124999 0.409561646875 0.8586016359374999 0.4213324140625 0.8764708999999999 0.4661307953125 0.88348848125 0.5617310859375 0.8833981046874999 0.5749237515625001 0.8798715093749999 0.5813829875 0.8598542734375 0.5897677015625 0.8255445375000001 0.593298128125 0.7529673390625 0.5934154140625 0.7528333671875 0.5975439765624999 0.725583734375 0.59871505 0.720771665625 0.6222260000000001 0.6925540015625 0.608935484375 0.6804401140625 0.621785965625 0.659386565625 0.6350598375 0.64054514375 0.6399805078125 0.633821540625 0.653074896875 0.6345313578125 0.6586240250000001 0.6441705671875 0.670681146875 0.7360962265625 0.769431509375 0.748028825 0.7666766515625 0.76771953125 0.7381360796875 0.7716400921875 0.7229484390625001 0.7812363984374999 0.72244685625 0.78052658125 0.716897728125 0.7895375953125 0.703962665625 0.8065606453124999 0.7034603859375 0.81490474375 0.6975348984374999 0.8187924015625001 0.686917884375 0.79871898125 0.7011339234375 0.78870171875 0.703446590625 0.7776975453125 0.69965639375
3 0.7776975453125 0.69965639375 0.78870171875 0.703446590625 0.79871898125 0.7011339234375 0.8270126296875 0.681096303125 0.8323442609375 0.673112640625 0.83077113125 0.6608144046875 0.8275957546875 0.6543726921874999 0.8184095062500001 0.643832084375 0.807682853125 0.6412439578125 0.7787712921875001 0.64580848125 0.760679921875 0.6643348140625001 0.74240250625 0.671086771875 0.7364233265625 0.6762656015624999 0.7346677625 0.69059846875 0.7405253171874999 0.703173709375 0.7486321484375 0.7072107625 0.7776975453125 0.69965639375
6 0.5400274359375 0.9008645281250001 0.6181208218750001 0.8960365843749999 0.6531501390625001 0.891469784375 0.6596416671875 0.8890910078125 0.6609909125 0.8834989765625 0.654398634375 0.83969634375 0.6449155 0.8119626734375001 0.56775465625 0.8227359468750001 0.4511932859375 0.8324845249999999 0.43740718437500004 0.841387875 0.434804609375 0.8472692609375001 0.44100893281250003 0.86651896875 0.4460894234375 0.8961491593750001 0.45100736875 0.9060148734375 0.49268968593749995 0.9073928640625001 0.5400274359375 0.9008645281250001
6 0.442444090625 0.6594800390625 0.423457934375 0.63305196875 0.412939446875 0.5923444375 0.43038423437500006 0.48100735781250004 0.3920284734375 0.48760518125 0.3741024578125 0.49777082031250003 0.36946188593749996 0.510896359375 0.38571325624999997 0.564675746875 0.4030043390625 0.6110921703125001 0.4309447859375 0.7131292250000001 0.47075930312500003 0.702841484375 0.5139344875 0.6857507843749999 0.5121368953125 0.6788961609374999 0.5060249640625 0.6800942625 0.4798404203125 0.678296546875 0.442444090625 0.6594800390625
6 0.6600193984375 0.394854871875 0.6431443703124999 0.4116511390625 0.6418148921875 0.416510640625 0.7495282984375 0.3808120734375 0.762886015625 0.377255575 0.76664854375 0.37922268593749997 0.7754159546875 0.412098821875 0.8079376265624999 0.410800078125 0.8323872828125 0.3640347734375 0.8144383421875 0.2862893734375 0.7031452703125 0.31198340468749997 0.6748866687499999 0.37179151093749996 0.6600193984375 0.394854871875
6 0.5911858 0.6059463328125 0.58857060625 0.605065840625 0.58837616875 0.6073021421875 0.5726003625 0.6470432500000001 0.5892205125000001 0.6664028484375 0.60093625625 0.6709895640625 0.6067937875 0.669637246875 0.6181801 0.6557908046875001 0.6236208750000001 0.6444004890625 0.659386565625 0.6350598375 0.6804401140625 0.621785965625 0.6925540015625 0.608935484375 0.66612933125 0.596489465625 0.6444217828125 0.6008535875 0.6249432421875001 0.6047695859375 0.61541615625 0.6003523140625 0.5911858 0.6059463328125
5 0.725583734375 0.59871505 0.7528333671875 0.5975439765624999 0.7529673390625 0.5934154140625 0.6808401703125 0.593531975 0.66612933125 0.596489465625 0.720771665625 0.6222260000000001 0.725583734375 0.59871505
0 0.58857060625 0.605065840625 0.5845238234375 0.6037033593750001 0.57392300625 0.55983334375 0.571871615625 0.5425221640625 0.5715243578125 0.5424578109375 0.552555021875 0.5728150984375 0.53284125625 0.6183036890625 0.5013785000000001 0.6255674390625 0.5069289640625 0.6052794046875001 0.510378440625 0.5737800484375 0.5099800218749999 0.50028234375 0.512753171875 0.46796443125 0.5290518843750001 0.39098613437499996 0.5244491546875001 0.3862138296875 0.49552322968749996 0.382247978125 0.4628756625 0.393706709375 0.43898546562499996 0.42611211875 0.412939446875 0.5923444375 0.423457934375 0.63305196875 0.442444090625 0.6594800390625 0.4798404203125 0.678296546875 0.5060249640625 0.6800942625 0.5381820562499999 0.673790625 0.57172848125 0.649239621875 0.58837616875 0.6073021421875 0.58857060625 0.605065840625
3 0.574499834375 0.4538318140625 0.5723592984375 0.4486544765625 0.5586553109375 0.44047525312499997 0.559276290625 0.4370235015625 0.5897199140625 0.43377604999999997 0.6089328328125 0.4274084703125 0.6171021718749999 0.39221458125 0.6174568484375 0.3789742765625 0.6147155359375 0.37132222656249997 0.5943194921875 0.3526382765625 0.5629971765625 0.339400946875 0.5447741265625 0.3406839765625 0.534668196875 0.36446046718749997 0.512753171875 0.46796443125 0.5099800218749999 0.50028234375 0.510378440625 0.5737800484375 0.5069289640625 0.6052794046875001 0.5013785000000001 0.6255674390625 0.53284125625 0.6183036890625 0.552555021875 0.5728150984375 0.5715243578125 0.5424578109375 0.5572888359375 0.5398197812500001 0.5518367625 0.529788378125 0.5495899875 0.506472403125 0.5536193984375 0.48860696875 0.5586119328125 0.4830637515625 0.5739115921875 0.48141323125 0.5753186312499999 0.476585534375 0.574499834375 0.4538318140625
1 0.5723592984375 0.4486544765625 0.574499834375 0.4538318140625 0.5753186312499999 0.476585534375 0.583711309375 0.4477893609375 0.5897573421875 0.44137569687499995 0.6362966203125 0.42561342812499997 0.7267474578125 0.416615559375 0.7699626312500001 0.4123165984375 0.7754159546875 0.412098821875 0.76664854375 0.37922268593749997 0.762886015625 0.377255575 0.7495282984375 0.3808120734375 0.5897199140625 0.43377604999999997 0.559276290625 0.4370235015625 0.5586553109375 0.44047525312499997 0.5723592984375 0.4486544765625
1 0.6808401703125 0.593531975 0.614874340625 0.5936385765625001 0.5985204140625 0.58800575 0.5853717890625 0.56908835 0.57931865625 0.55477686875 0.5757041890625 0.5462311484375 0.5723598765625 0.54261264375 0.571871615625 0.5425221640625 0.57392300625 0.55983334375 0.5845238234375 0.6037033593750001 0.5911858 0.6059463328125 0.61541615625 0.6003523140625 0.6249432421875001 0.6047695859375 0.6808401703125 0.593531975
6 0.8255445375000001 0.593298128125 0.8598542734375 0.5897677015625 0.8798715093749999 0.5813829875 0.8833981046874999 0.5749237515625001 0.88348848125 0.5617310859375 0.8764708999999999 0.4661307953125 0.8586016359374999 0.4213324140625 0.8389489703124999 0.409561646875 0.7699626312500001 0.4123165984375 0.6362966203125 0.42561342812499997 0.5897573421875 0.44137569687499995 0.583711309375 0.4477893609375 0.5739115921875 0.48141323125 0.5586119328125 0.4830637515625 0.5536193984375 0.48860696875 0.5495899875 0.506472403125 0.5518367625 0.529788378125 0.5572888359375 0.5398197812500001 0.5723598765625 0.54261264375 0.5757041890625 0.5462311484375 0.5853717890625 0.56908835 0.5985204140625 0.58800575 0.614874340625 0.5936385765625001 0.8255445375000001 0.593298128125