3 0.5258281828125 0.316323990625 0.507791621875 0.30934209687499997 0.492082359375 0.30934209687499997 0.4693912015625 0.316323990625 0.4443727453125 0.32970595625 0.4234270609375 0.34774251718750004 0.400735903125 0.375670096875 0.392008534375 0.3925430078125 0.3867721140625 0.4134886921875 0.3856084640625 0.43210707812500004 0.3861902890625 0.45247093749999995 0.389524628125 0.4660305828125 0.3975840046875 0.4636345515625 0.43644089687500004 0.4658339984375 0.4571704203125 0.4142805765625 0.47611781875 0.39803995 0.47212000937500004 0.3739050265625 0.47709262187499996 0.3739050265625 0.4826868125 0.38944444218749996 0.4847622703125 0.39063041875 0.48773794531250003 0.388079840625 0.505976009375 0.38605338906250003 0.5589478546875 0.3696138515625 0.54444656875 0.3361060265625 0.5258281828125 0.316323990625
0 0.7303327578125 0.78536315 0.7444083781249999 0.785937665625 0.7572285937500001 0.7803636578125001 0.7711636109375 0.7636416374999999 0.64337934375 0.7847256421875 0.6677159796875001 0.8133211890625001 0.714870846875 0.8073578390625 0.71638925 0.8060201984375001 0.7303327578125 0.78536315
0 0.7426270078125 0.8414751375 0.7538254765625 0.8361193484375 0.7494434671875 0.839527578125 0.7708666234375 0.854621165625 0.7986193484374999 0.8590031734375 0.8224769546875 0.8721492015625 0.82539829375 0.858516284375 0.8370836515625 0.8468309265625 0.8263720734375 0.8268684390625 0.8083571468749999 0.8249208796874999 0.8088440359375 0.83271111875 0.8025144671875 0.8341717890625 0.797158678125 0.8268684390625 0.7932635593749999 0.8322242281250001 0.7762224125 0.824433990625 0.7801175312499999 0.8142093015625 0.7888815499999999 0.8205388703125 0.7961848984375 0.8108010718750001 0.7969983890625 0.7969717390625 0.714870846875 0.8073578390625 0.7018161859375 0.8188583734374999 0.6949117953124999 0.8361193484375 0.70951849375 0.833198009375 0.7255858609375 0.8166437515625 0.7426270078125 0.8414751375
0 0.8628888171875 0.787917246875 0.8628888171875 0.7713629890625 0.8541247984375 0.7504267234374999 0.8498415453125 0.72429888125 0.821403815625 0.756073690625 0.813735 0.7596825453125 0.8409787703125 0.772823659375 0.8570461375 0.789377915625 0.8628888171875 0.787917246875
3 0.394527221875 0.7875569609374999 0.3910682359375 0.786049196875 0.3749621828125 0.7743357046875 0.37187812187499997 0.77664875 0.3810860453125 0.7880490359375 0.39117091406250004 0.78892598125 0.394527221875 0.7875569609374999
6 0.6230776109375 0.7351790484375 0.742438625 0.7651075984375 0.5485934984374999 0.680475128125 0.6230776109375 0.7351790484375
6 0.568827159375 0.7435752124999999 0.578302971875 0.751378821875 0.6446177140625 0.7725626984375 0.6230776109375 0.7351790484375 0.5572815109375 0.7400408296875 0.568827159375 0.7435752124999999
5 0.707288934375 0.7922564578125 0.6816826687499999 0.8156360921875001 0.66943619375 0.8156360921875001 0.6468325328125 0.7764065984374999 0.64337934375 0.7847256421875 0.6439877593750001 0.7920266328125 0.6677159796875001 0.8133211890625001 0.67805905 0.8285315859375 0.68596845625 0.8315736656249999 0.6908357828125 0.8285315859375 0.71638925 0.8060201984375001 0.7328164796875 0.7816835625 0.742438625 0.7651075984375 0.7362351484375 0.763866903125 0.72454533125 0.774443403125 0.7239886734375001 0.7800099828125 0.7145254875 0.778340009375 0.707288934375 0.7922564578125
1 0.5866639625000001 0.668545459375 0.6054542171875 0.6680085953125 0.59595734375 0.67925489375 0.5954006859375001 0.6848214718750001 0.60208058125 0.6987379218750001 0.67957061875 0.4335462671875 0.6593497593750001 0.4461159921875 0.6569612046875 0.4505518765625 0.6420877328125 0.4519411578125 0.6405984515625 0.44325367968749996 0.6343232999999999 0.45266640625 0.6224704328125 0.45377354218750005 0.63834729375 0.421319371875 0.6385098578124999 0.42069233749999996 0.555447809375 0.39469005 0.5528300703125 0.40031540468750004 0.54941884375 0.394630025 0.5221264109375 0.38425889999999996 0.47611781875 0.39803995 0.54557709375 0.6807197015625001 0.56783894375 0.6878187125 0.5801058453125 0.678382634375 0.5866639625000001 0.668545459375
6 0.49810906875 0.6779254765625 0.471582946875 0.6770412718750001 0.4717925125 0.6841245812500001 0.425879334375 0.6910649453125 0.3847710234375 0.69213269375 0.38050003125 0.586425609375 0.374093540625 0.5373091875 0.37252363437499997 0.5137605984375 0.365706475 0.5132556234375001 0.3224059078125 0.5212971578125 0.3044671015625 0.531813009375 0.287765453125 0.5553190328125 0.274775284375 0.588103746875 0.273538125 0.6072797125 0.27786818125 0.635734371875 0.2908583515625 0.673467721875 0.30755999843750004 0.707489596875 0.3434376109375 0.75140874375 0.3910682359375 0.786049196875 0.41519283749999997 0.79656505 0.431894484375 0.8008951062499999 0.4721021546875 0.8008951062499999 0.50303113125 0.7940907312500001 0.5209699375 0.7823377203125 0.530867209375 0.7699661296875 0.5432388 0.7427486296875 0.551280334375 0.7056338578125 0.54313611875 0.67005649375 0.5376620859375 0.6596060687499999 0.5363184750000001 0.6615500171875001 0.49810906875 0.6779254765625
3 0.6420877328125 0.4519411578125 0.6405984515625 0.44325367968749996 0.6343232999999999 0.45266640625 0.6420877328125 0.4519411578125
5 0.7623980718750001 0.7633102453125 0.7685743984375 0.753839878125 0.7458175453125 0.7631760234375 0.7355367875 0.7631760234375 0.725667259375 0.75700756875 0.69564744375 0.757830028125 0.688656528125 0.7520728046875 0.685777915625 0.738502203125 0.6907126796874999 0.7249316015625 0.6977035953125 0.721230528125 0.717031421875 0.718763146875 0.7388266296875 0.704781315625 0.768023984375 0.7068374671875 0.7778935125 0.71177223125 0.784473196875 0.724109140625 0.7861181187499999 0.7311000562500001 0.7850507640625 0.7417735984375 0.8002508140625 0.7471671640624999 0.81194063125 0.7605269546875 0.821403815625 0.756073690625 0.9305087750000001 0.6341655984375001 0.9310654328125001 0.5740465390625 0.8653797937500001 0.46215828906249995 0.8631531625 0.459375 0.839809815625 0.459375 0.8201108218750001 0.48235715937499996 0.8506059328125 0.48812650468749996 0.8671070562500001 0.504016475 0.8744408890625 0.5516863875 0.8597732234375 0.6464150609375 0.856717459375 0.65924926875 0.8518282375 0.66474964375 0.8304378921875 0.668416559375 0.7962133390624999 0.664138490625 0.7254699062500001 0.647926453125 0.72441064375 0.6519190625 0.6975959828125 0.6469302890625 0.687618434375 0.6687561750000001 0.663113703125 0.6494587 0.6484195640625 0.65925479375 0.6249196453125 0.6674524390625 0.6054542171875 0.6680085953125 0.59595734375 0.67925489375 0.5954006859375001 0.6848214718750001 0.60208058125 0.6987379218750001 0.66943619375 0.8156360921875001 0.6816826687499999 0.8156360921875001 0.707288934375 0.7922564578125 0.7145254875 0.778340009375 0.7239886734375001 0.7800099828125 0.72454533125 0.774443403125 0.7362351484375 0.763866903125 0.7529348875 0.76720685 0.7623980718750001 0.7633102453125
3 0.6907126796874999 0.7249316015625 0.685777915625 0.738502203125 0.688656528125 0.7520728046875 0.69564744375 0.757830028125 0.725667259375 0.75700756875 0.7355367875 0.7631760234375 0.7458175453125 0.7631760234375 0.7778935125 0.7500166515625 0.784884428125 0.7434369671875001 0.7861181187499999 0.7311000562500001 0.784473196875 0.724109140625 0.7778935125 0.71177223125 0.768023984375 0.7068374671875 0.7388266296875 0.704781315625 0.717031421875 0.718763146875 0.6977035953125 0.721230528125 0.6907126796874999 0.7249316015625
6 0.3600720421875 0.8438550093750001 0.3583569765625 0.873868640625 0.3609295734375 0.8845877953124999 0.40123359374999995 0.8953069484375 0.4488266375 0.8995946109374999 0.5260045453125 0.9124575953124999 0.5611633703125001 0.9158877249999999 0.5680236296875 0.9150301921875 0.5705962265625 0.9098849984375 0.57402635625 0.865722084375 0.5710249921874999 0.8365659843750001 0.49341831718750007 0.8297057265625 0.3776514546875 0.812983846875 0.36221587187500004 0.81855780625 0.3583569765625 0.8237030000000001 0.3600720421875 0.8438550093750001
6 0.4717925125 0.6841245812500001 0.471582946875 0.6770412718750001 0.46535814999999997 0.6768337796874999 0.4402491125 0.6691918984375 0.4080440421875 0.6424453140625 0.39548952187499997 0.6124236375 0.394397825 0.5703932921875 0.43644089687500004 0.4658339984375 0.3975840046875 0.4636345515625 0.377830659375 0.46950716875 0.370356421875 0.48125239999999997 0.374093540625 0.5373091875 0.38050003125 0.586425609375 0.3847710234375 0.69213269375 0.425879334375 0.6910649453125 0.4717925125 0.6841245812500001
6 0.8544537390625001 0.4422904234375 0.8544537390625001 0.3625 0.7402332015625 0.3625 0.6992449703125 0.41441842656250005 0.67957061875 0.4335462671875 0.6593497593750001 0.4461159921875 0.6569612046875 0.4505518765625 0.7699443546875 0.43999850625 0.7837597515625 0.43953799218749995 0.78698334375 0.44230107187499995 0.7881305249999999 0.47630683281249997 0.8201108218750001 0.48235715937499996 0.8544537390625001 0.4422904234375
6 0.640166040625 0.631387415625 0.6180331406249999 0.6307565484375 0.5981729265625 0.6301904625 0.5898836890625 0.6237432765625 0.565015975 0.6237432765625 0.562665875 0.6222970609375 0.5619733625000001 0.6244323078125 0.5376620859375 0.6596060687499999 0.5495013 0.682208203125 0.559884984375 0.6893128296875 0.5658965921875 0.6893128296875 0.5801058453125 0.678382634375 0.5879694375 0.668508159375 0.6249196453125 0.6674524390625 0.6484195640625 0.65925479375 0.663113703125 0.6494587 0.640166040625 0.631387415625
5 0.7254699062500001 0.647926453125 0.6551651328125 0.63181494375 0.640166040625 0.631387415625 0.687618434375 0.6687561750000001 0.6975959828125 0.6469302890625 0.72441064375 0.6519190625 0.7254699062500001 0.647926453125
0 0.46535814999999997 0.6768337796874999 0.49810906875 0.6779254765625 0.5363184750000001 0.6615500171875001 0.5619733625000001 0.6244323078125 0.562665875 0.6222970609375 0.559029303125 0.620059171875 0.558568790625 0.5749288765625 0.5604641453125 0.55759991875 0.5601402640625001 0.5574591 0.53482820625 0.582771159375 0.505386996875 0.6226592484375 0.473096640625 0.6226592484375 0.4830686625 0.604139778125 0.4935155421875 0.5742237109375 0.509660721875 0.5025201234375001 0.51963274375 0.47165434062499995 0.5528300703125 0.40031540468750004 0.54941884375 0.394630025 0.5221264109375 0.38425889999999996 0.48773794531250003 0.388079840625 0.4571704203125 0.4142805765625 0.394397825 0.5703932921875 0.39548952187499997 0.6124236375 0.4080440421875 0.6424453140625 0.4402491125 0.6691918984375 0.46535814999999997 0.6768337796874999
3 0.5548080109375 0.5009607109374999 0.5609195390624999 0.4966826421875 0.57619835625 0.49851609999999996 0.578655328125 0.4941286515625 0.5829759906249999 0.47177391718750006 0.5820549640625 0.466247759375 0.570542134375 0.4551954421875 0.5719236734375001 0.45197184999999995 0.6023175453125 0.45565595468750003 0.6224704328125 0.45377354218750005 0.63834729375 0.421319371875 0.6416713015625 0.40849820000000003 0.640721584375 0.40042561093750006 0.6250512640625 0.37763241718749996 0.5975094890625 0.357688371875 0.5794648765625 0.3548392234375 0.5642694140625 0.375732984375 0.51963274375 0.47165434062499995 0.509660721875 0.5025201234375001 0.4935155421875 0.5742237109375 0.4830686625 0.604139778125 0.473096640625 0.6226592484375 0.505386996875 0.6226592484375 0.53482820625 0.582771159375 0.5601402640625001 0.5574591 0.5468630250000001 0.5516863875 0.5438072625 0.5406856390625 0.5468630250000001 0.5174618359375 0.5548080109375 0.5009607109374999
1 0.7699443546875 0.43999850625 0.6023175453125 0.45565595468750003 0.5719236734375001 0.45197184999999995 0.570542134375 0.4551954421875 0.5820549640625 0.466247759375 0.5829759906249999 0.47177391718750006 0.578655328125 0.4941286515625 0.5933106328125 0.4679584640625 0.6006444656250001 0.46306924218749995 0.649536684375 0.4581800203125 0.7396933531250001 0.4697597765625 0.7827679796875 0.475292296875 0.7881305249999999 0.47630683281249997 0.78698334375 0.44230107187499995 0.7837597515625 0.43953799218749995 0.7699443546875 0.43999850625
1 0.559029303125 0.620059171875 0.565015975 0.6237432765625 0.5898836890625 0.6237432765625 0.5981729265625 0.6301904625 0.6551651328125 0.63181494375 0.5908660218749999 0.6170797296874999 0.57619835625 0.6079124390625 0.56764221875 0.58652209375 0.564963609375 0.57121575625 0.5633641500000001 0.5620759843750001 0.5609195390624999 0.5577979156249999 0.5604641453125 0.55759991875 0.558568790625 0.5749288765625 0.559029303125 0.620059171875
6 0.5633641500000001 0.5620759843750001 0.56764221875 0.58652209375 0.57619835625 0.6079124390625 0.5908660218749999 0.6170797296874999 0.7962133390624999 0.664138490625 0.8304378921875 0.668416559375 0.8518282375 0.66474964375 0.856717459375 0.65924926875 0.8597732234375 0.6464150609375 0.8744408890625 0.5516863875 0.8671070562500001 0.504016475 0.8506059328125 0.48812650468749996 0.7827679796875 0.475292296875 0.649536684375 0.4581800203125 0.6006444656250001 0.46306924218749995 0.5933106328125 0.4679584640625 0.57619835625 0.49851609999999996 0.5609195390624999 0.4966826421875 0.5548080109375 0.5009607109374999 0.5468630250000001 0.5174618359375 0.5438072625 0.5406856390625 0.5468630250000001 0.5516863875 0.5609195390624999 0.5577979156249999 0.5633641500000001 0.5620759843750001