3 0.6101219984374999 0.5993436671875 0.6020182734375 0.6489384671875 0.6021796671875 0.6487950062500001 0.606647228125 0.6398598828125001 0.6101219984374999 0.620996846875 0.6101219984374999 0.5993436671875
5 0.6779968765625 0.6057225046875 0.676668990625 0.5998242140625 0.6589611984375 0.5456985109375 0.6506041875 0.59803978125 0.6516986499999999 0.6018703984375 0.670304503125 0.6029648609375 0.6779968765625 0.6057225046875
1 0.6013933359375 0.7704601421875 0.600876828125 0.7711918640625 0.6115913328125 0.8210143140625 0.6190078 0.837701365625 0.64001971875 0.8343836937500001 0.629355196875 0.8127812000000001 0.6276118421875 0.803192753125 0.6286741328125001 0.798146871875 0.62147995625 0.798146871875 0.6112969921875 0.7656583703125001 0.6013933359375 0.7704601421875
1 0.846967234375 0.706992865625 0.8438843468749999 0.7175627640625 0.8348108562500001 0.7266362546875 0.77212299375 0.7384890015625001 0.7840372343750001 0.7428956375 0.8011299093750001 0.757358671875 0.8056352312499999 0.7597388406250001 0.84881976875 0.7162390875 0.8502217421875 0.71250049375 0.846967234375 0.706992865625
7 0.572105 0.8493343921875001 0.5851325890625 0.7522788499999999 0.573435728125 0.8238636421875001 0.5263467703125 0.8238636421875001 0.430135821875 0.806730184375 0.42278109218750004 0.8228016312499999 0.42463221406249996 0.827737959375 0.4598035484375 0.8443980640625 0.554827853125 0.88327164375 0.5684027546875 0.884505725 0.5708709187500001 0.882654603125 0.572105 0.8493343921875001
3 0.5930655203125 0.703729309375 0.5862298140625 0.7455638328124999 0.6122078921874999 0.7441783359375 0.6601592984375 0.750080046875 0.6643885015625 0.7336918890625 0.67096260625 0.7205436765625 0.68016635625 0.7117782015625 0.6937528421875 0.70608064375 0.700486053125 0.705616284375 0.7003550921875 0.7050345734375 0.6881287796875 0.650727 0.6829811171875 0.6522336328125 0.5934560109375 0.703650078125 0.5930655203125 0.703729309375
3 0.8348108562500001 0.7266362546875 0.8438843468749999 0.7175627640625 0.8481186421875 0.7030451796875 0.8486305171874999 0.687177084375 0.7549854859375 0.687177084375 0.7198853671875 0.7052721765625 0.7117761046875 0.707299490625 0.7375802171875 0.7174757609375 0.75204325 0.731062246875 0.77212299375 0.7384890015625001 0.8348108562500001 0.7266362546875
1 0.6555055046875 0.869440203125 0.6620216421875 0.8667985249999999 0.6601060000000001 0.8572203109375 0.6796101593749999 0.84532753125 0.673153975 0.8423837781250001 0.6657033218749999 0.8362479468749999 0.6556230265625 0.8160873546875 0.6529933828125001 0.801186046875 0.6534316578125 0.7819020015625 0.656468709375 0.7657043859375 0.62238178125 0.7739915749999999 0.6219459421875 0.780964990625 0.629355196875 0.794911821875 0.6276118421875 0.803192753125 0.629355196875 0.8127812000000001 0.6463528968750001 0.847212440625 0.6498396046875 0.8681326874999999 0.6555055046875 0.869440203125
0 0.6764121921874999 0.9061388906250001 0.7198475796875 0.8636741265625 0.6796101593749999 0.84532753125 0.6601060000000001 0.8572203109375 0.66709436875 0.892162153125 0.6764121921874999 0.9061388906250001
1 0.4078125 0.8027547984375 0.5263467703125 0.8238636421875001 0.573435728125 0.8238636421875001 0.6140296562499999 0.5754288 0.561934571875 0.5663687859375 0.561056078125 0.5760322203125 0.4255921984375 0.580799278125 0.4078125 0.6825967703125 0.4078125 0.8027547984375
6 0.7241991703124999 0.6302989906249999 0.7185113609375 0.5997916515624999 0.723682096875 0.5775574875 0.67973084375 0.540328190625 0.67260903125 0.525609778125 0.6626182203125001 0.53046245625 0.6545474671875 0.532207484375 0.676668990625 0.5998242140625 0.700486053125 0.705616284375 0.7064627812500001 0.7052040953125001 0.7117761046875 0.707299490625 0.7198853671875 0.7052721765625 0.7549854859375 0.687177084375 0.705584521875 0.687177084375 0.7133406250000001 0.6514990078125 0.7241991703124999 0.6302989906249999
4 0.5538777859375 0.359822440625 0.5408664265625001 0.3538589 0.5153858453125 0.3663281203125 0.4812310234375 0.3999408015625 0.46821966406250004 0.41999998281249995 0.462742878125 0.43538714062499995 0.47704820937500003 0.4307589453125 0.4988624078125 0.431687209375 0.5658202609375 0.42560013124999996 0.5682567749999999 0.4253786296875 0.571839834375 0.40360464843750005 0.5685155671875 0.381508040625 0.5538777859375 0.359822440625
3 0.7375802171875 0.7174757609375 0.7064627812500001 0.7052040953125001 0.6937528421875 0.70608064375 0.68016635625 0.7117782015625 0.67096260625 0.7205436765625 0.6643885015625 0.7336918890625 0.6573761203124999 0.7608648625 0.6534316578125 0.7819020015625 0.6529933828125001 0.801186046875 0.6556230265625 0.8160873546875 0.6657033218749999 0.8362479468749999 0.673153975 0.8423837781250001 0.757740809375 0.8809518687500001 0.7800927703125 0.8835815109375 0.8090188375 0.894976628125 0.8545993078125 0.888402521875 0.8633647828125 0.8638591921875 0.8664326984375 0.8485196109375 0.8664326984375 0.79767985625 0.8638030562499999 0.7884761078125 0.8528462125 0.7775192640624999 0.8243584187499999 0.7696303359375001 0.8011299093750001 0.757358671875 0.7840372343750001 0.7428956375 0.75204325 0.731062246875 0.7375802171875 0.7174757609375
5 0.5712113265625 0.46432448125 0.5674373187499999 0.4303584046875 0.5682567749999999 0.4253786296875 0.4988624078125 0.431687209375 0.47704820937500003 0.4307589453125 0.461267725 0.4358643953125 0.45152095625 0.43261547343749995 0.4357404734375 0.43261547343749995 0.40742842812499996 0.4358643953125 0.40139471406249994 0.43911331875000004 0.3967533953125 0.46649710000000005 0.39071968125 0.572783296875 0.3921120765625 0.5788170125 0.402787109375 0.581601803125 0.561056078125 0.5760322203125 0.5712113265625 0.46432448125
3 0.6626182203125001 0.53046245625 0.67260903125 0.525609778125 0.6719747390624999 0.524298909375 0.65697960625 0.470006184375 0.64767228125 0.44415250625 0.64767228125 0.43381103593750003 0.655945459375 0.4214012703125 0.674043034375 0.4058890625 0.7230523843750001 0.3699738125 0.710208671875 0.34666485156250004 0.6806697703125 0.3220491015625 0.652224903125 0.3154849015625 0.6380024703125 0.31767296875 0.6188568859375 0.32587821875 0.5915060515625 0.35213501875 0.5745485343750001 0.3871440859375 0.5674373187499999 0.4303584046875 0.571266434375 0.4648204546875 0.5783776515625 0.48451305624999996 0.5898650015625 0.5052996890625 0.6046344515625 0.5217101890625 0.616121803125 0.5293684234375 0.642378603125 0.5348385906249999 0.6626182203125001 0.53046245625
5 0.64767228125 0.44415250625 0.65697960625 0.470006184375 0.6719747390624999 0.524298909375 0.67973084375 0.540328190625 0.723682096875 0.5775574875 0.7185113609375 0.5997916515624999 0.7241991703124999 0.6302989906249999 0.7133406250000001 0.6514990078125 0.705584521875 0.687177084375 0.8596724453125001 0.687177084375 0.86897976875 0.6794209796875 0.87828709375 0.6768356125 0.911896875 0.6499477875 0.9165505375 0.6437429046875 0.911896875 0.6085819015625 0.9139651703125 0.59306969375 0.8865602703125001 0.49741108437500003 0.87828709375 0.4751769203125 0.8596724453125001 0.4405329921875 0.8508821937500001 0.431742740625 0.8446773109375 0.41312809218749996 0.8338187671874999 0.395547590625 0.8270968109375 0.37176220781249997 0.8234772953125 0.37072805937500003 0.81934070625 0.3769329421875 0.8079650875000001 0.35625 0.741779671875 0.35625 0.674043034375 0.4058890625 0.655945459375 0.4214012703125 0.64767228125 0.43381103593750003 0.64767228125 0.44415250625