3 0.632872228125 0.595457125 0.628370278125 0.57427711875 0.6307549781249999 0.6244730125 0.6308830171875 0.62429913125 0.633395234375 0.614630403125 0.632872228125 0.595457125
5 0.6695637171875 0.5681043625 0.6879905390625 0.565306534375 0.6960881624999999 0.5664045828125001 0.6935629703124999 0.5609112671875 0.6649887703124999 0.511649996875 0.6676967406250001 0.56458500625 0.6695637171875 0.5681043625
1 0.70648223125 0.797964871875 0.69155934375 0.7790517218749999 0.6878605359375001 0.7700352703125 0.6878505140625 0.764878790625 0.6808135484375 0.76637454375 0.6640983671875 0.7367131515625001 0.6554094734375 0.7434690796875 0.6550563859375 0.7442922000000001 0.6758954234375001 0.7907982390625 0.68661925625 0.8055786671874999 0.70648223125 0.797964871875
1 0.8283311812499999 0.6785331234374999 0.848057375 0.6891263390625 0.852959109375 0.6905177859375 0.8861558546875001 0.6389900359375 0.88674989375 0.6350416531249999 0.8824214046875 0.63033103125 0.881603490625 0.6413109203125 0.8746147625 0.6520726171875 0.8157611046875 0.6766998921875 0.8283311812499999 0.6785331234374999
7 0.4954353125 0.8145529734375 0.49158274375 0.8318023546875001 0.494419734375 0.8362459421875 0.532286321875 0.8452294515625001 0.6333163890625 0.8634968875 0.6468512265624999 0.8618816203125 0.648880584375 0.8595577890625 0.6431600375000001 0.826709125 0.635723959375 0.729065890625 0.63916601875 0.8015182984375 0.5931060671874999 0.81130864375 0.4954353125 0.8145529734375
3 0.70938349375 0.69440686875 0.713080271875 0.68017914375 0.7202604531250001 0.6696916484375001 0.732365453125 0.66129380625 0.73885498125 0.6594396812500001 0.7386059375 0.658897909375 0.7153556203125 0.60831908125 0.7106336921875 0.6108630500000001 0.6337550046875 0.6797692375 0.6333895203125001 0.679927925 0.635401078125 0.7222694875 0.6605234109375 0.7155131203125 0.7086539984375 0.7113162078124999 0.70938349375 0.69440686875
3 0.7883297453125 0.630072353125 0.7577588296875 0.6550697484375 0.7502482765625 0.658738771875 0.777604271875 0.6633276890625 0.7945760421875 0.67361024375 0.8157611046875 0.6766998921875 0.8746147625 0.6520726171875 0.881603490625 0.6413109203125 0.88272688125 0.6262302203125001 0.8799284078125 0.61060245625 0.7883297453125 0.630072353125
1 0.7405557359375 0.7989011359375 0.7319921859375 0.7944484640625 0.717940546875 0.776824240625 0.7122702109375 0.762795296875 0.7086895296875 0.74384153125 0.708292540625 0.727366434375 0.676673496875 0.7425595984375 0.6776970375 0.74947124375 0.687844090625 0.7615728328125 0.6878605359375001 0.7700352703125 0.69155934375 0.7790517218749999 0.7153442609375 0.8091965374999999 0.7231043390624999 0.8289346999999999 0.7289182734375 0.8290356359375 0.7347427828125 0.825096903125 0.730877578125 0.8161262812500001 0.747482878125 0.8004382437500001 0.7405557359375 0.7989011359375
0 0.7449780515625 0.8488515968750001 0.7569981859375 0.860585625 0.7906554859375 0.8100180921875 0.747482878125 0.8004382437500001 0.730877578125 0.8161262812500001 0.7449780515625 0.8488515968750001
1 0.57438 0.5520415468750001 0.5755298437499999 0.5616764609375 0.44401730156249997 0.594503871875 0.447791021875 0.6977734515625 0.47277327968750005 0.8153057390624999 0.5931060671874999 0.81130864375 0.63916601875 0.8015182984375 0.6272203640625 0.5500724015625 0.57438 0.5520415468750001
6 0.6741616828125 0.48916270781250004 0.6653981234375 0.49598655 0.657866546875 0.49937144843750003 0.6935629703124999 0.5609112671875 0.73885498125 0.6594396812500001 0.7446154046875 0.6577938671875 0.7502482765625 0.658738771875 0.7577588296875 0.6550697484375 0.7883297453125 0.630072353125 0.7400083109375 0.640343390625 0.7401770359375 0.6038323812499999 0.7463905640624999 0.5808380171875 0.7344842140625001 0.5521798984374999 0.7349192140625 0.529356546875 0.6841879953125 0.5020787796875 0.6741616828125 0.48916270781250004
4 0.4522812015625 0.428355678125 0.4501232671875 0.444545278125 0.4631537359375 0.4370439734375 0.4846842390625 0.43341652656249996 0.548913328125 0.4135411453125 0.5512505453125 0.4128179046875 0.550228240625 0.3907747765625 0.5423824734375 0.3698521875 0.5235558734375 0.351683834375 0.509588953125 0.3485558265625 0.48725768125 0.366050275 0.46083769375 0.40602962500000006 0.4522812015625 0.428355678125
3 0.713080271875 0.68017914375 0.70938349375 0.69440686875 0.7081739296875 0.7224440046875 0.7086895296875 0.74384153125 0.7122702109375 0.762795296875 0.717940546875 0.776824240625 0.7319921859375 0.7944484640625 0.7405557359375 0.7989011359375 0.8313129015625 0.8190398296874999 0.8537231515625001 0.8169647734375 0.8843862937500001 0.8220968125000001 0.9276038874999999 0.8061896531249999 0.9310749703125 0.7803602093750001 0.9308865656249999 0.7647179796875 0.9203163875 0.7149891953124999 0.9158306421875 0.7065333046875 0.9028351750000001 0.69809395 0.8733297078125 0.696300359375 0.848057375 0.6891263390625 0.8283311812499999 0.6785331234374999 0.7945760421875 0.67361024375 0.777604271875 0.6633276890625 0.7446154046875 0.6577938671875 0.732365453125 0.66129380625 0.7202604531250001 0.6696916484375001 0.713080271875 0.68017914375
5 0.4631537359375 0.4370439734375 0.4487795765625 0.44531880468749996 0.438570309375 0.44416734687500004 0.42313466718750004 0.44744829375000006 0.396116796875 0.4565126234375 0.3908904234375 0.46094503124999997 0.3920439375 0.48869539531250006 0.4082402171875 0.5939134625 0.410856665625 0.5995258328124999 0.42187741250000005 0.6000303046875 0.5755298437499999 0.5616764609375 0.56223783125 0.45029840937500004 0.55148435 0.417859234375 0.5512505453125 0.4128179046875 0.4846842390625 0.43341652656249996 0.4631537359375 0.4370439734375
3 0.632833940625 0.4146701140625 0.630683828125 0.4045546296875 0.6361960828125001 0.39069595625 0.6506730125 0.37176003125 0.691144190625 0.3264399984375 0.6737349375 0.3063107515625 0.6397236296875 0.2883743984375 0.610535578125 0.2878676625 0.5970788640625 0.29296492500000004 0.5800576234375 0.3049714609375 0.5587635671875 0.33634104531250003 0.54945540625 0.374110746875 0.55148435 0.417859234375 0.562394853125 0.45077208750000003 0.5734449953125 0.468555853125 0.589003103125 0.48649989375 0.606861740625 0.49948104375 0.6196903015624999 0.504583571875 0.6465106390625001 0.5044751078124999 0.6653981234375 0.49598655 0.6741616828125 0.48916270781250004 0.67326870625 0.48801236093749994 0.6473131609375 0.43802372656250005 0.632833940625 0.4146701140625
5 0.7349192140625 0.529356546875 0.7344842140625001 0.5521798984374999 0.7463905640624999 0.5808380171875 0.7401770359375 0.6038323812499999 0.7400083109375 0.640343390625 0.8907290437500001 0.6083067093750001 0.8982203953125 0.59878499375 0.9067868046875001 0.5943210203125 0.9340718375 0.5610328921875001 0.9373337390625001 0.5539960500000001 0.9254713875 0.52057095 0.924269315625 0.5049676984375 0.877574734375 0.41709725937500003 0.8648596046874999 0.3970690546875 0.839448853125 0.36705238281249997 0.82902309375 0.360281815625 0.8190835999999999 0.343364009375 0.8048071484375001 0.3284253015625 0.793286825 0.3065572609375 0.7895313921875 0.30629825 0.786775265625 0.3132275859375 0.77134800625 0.295361740625 0.7066089 0.30912246250000003 0.6506730125 0.37176003125 0.6361960828125001 0.39069595625 0.630683828125 0.4045546296875 0.632833940625 0.4146701140625 0.6473131609375 0.43802372656250005 0.67326870625 0.48801236093749994 0.6841879953125 0.5020787796875 0.7349192140625 0.529356546875