5 0.576465196875 0.4563815703125 0.571503171875 0.457296734375 0.570095796875 0.46104794218749995 0.571455203125 0.472022946875 0.5740727703124999 0.4596316296875 0.576465196875 0.4563815703125
1 0.5684549718749999 0.8584729234375 0.568395984375 0.8583897875 0.5426412093749999 0.8586502421875 0.5166225484375 0.856472575 0.4975088875 0.8498849093749999 0.37761075 0.8483637359375 0.3735822421875 0.8472654015625001 0.3837618875 0.9115965140625001 0.5195160921875 0.8973281734375 0.628523471875 0.8797122078124999 0.62158855625 0.8694587765625 0.5844926171875 0.860054934375 0.5684549718749999 0.8584729234375
6 0.6319022140625 0.7342702140624999 0.637184309375 0.742742309375 0.6313801078125 0.709188709375 0.6348833578125 0.6873757125 0.6873806874999999 0.6854884125 0.6865627265625001 0.6809524765625 0.683263609375 0.6786377031249999 0.6767096796875001 0.6715773984375 0.620227621875 0.6507497546875001 0.6243340296875 0.7069921156250001 0.6306471640625 0.73313965625 0.6319022140625 0.7342702140624999
6 0.6382371250000001 0.80676031875 0.6383405718749999 0.8136740437500001 0.66750668125 0.8858032 0.6306471640625 0.73313965625 0.62706215625 0.72991025 0.6243340296875 0.7069921156250001 0.6364877843750001 0.809092009375 0.6382371250000001 0.80676031875
2 0.620227621875 0.6507497546875001 0.6767096796875001 0.6715773984375 0.67237675 0.666909696875 0.6640269296875 0.6530761421875 0.6564199296875 0.63318810625 0.652881165625 0.6070778453125001 0.6394043625 0.6108456390625 0.626747034375 0.6072636390625 0.61734886875 0.6113216375 0.620227621875 0.6507497546875001
6 0.667562228125 0.3356107015625 0.689813746875 0.34070129374999997 0.6991512531249999 0.3642937890625 0.7078369640625 0.37081020468750003 0.7176243062500001 0.37149597343749996 0.7221333640625 0.375147334375 0.7221409859375 0.375039975 0.70798505625 0.3604694515625 0.7058834093749999 0.354037465625 0.70687425625 0.345379621875 0.7219191671875 0.31969807499999997 0.7338697203125 0.2992985734375 0.7482838187499999 0.2799987453125 0.7262659671875 0.2797213890625 0.715346434375 0.29001285781249997 0.6949077531250001 0.2967329390625 0.688240253125 0.3202931703125 0.6673262984375 0.322491315625 0.667562228125 0.3356107015625
6 0.8770954124999999 0.3117584953125 0.8882273156249999 0.3267860984375 0.8992716265625 0.3488834046875 0.9024756984375 0.36150286249999997 0.9001737546875 0.31401967656249996 0.8950899890624999 0.29283752500000004 0.886494246875 0.2817397640625 0.8765874531250001 0.28161496874999997 0.8649558984375 0.300090853125 0.8770954124999999 0.3117584953125
6 0.6319022140625 0.7342702140624999 0.62706215625 0.72991025 0.6364877843750001 0.809092009375 0.6382371250000001 0.80676031875 0.6372882328125 0.743343078125 0.637184309375 0.742742309375 0.6319022140625 0.7342702140624999
1 0.692752309375 0.6852953 0.8323412703124999 0.616318834375 0.8369415515625 0.5792755265625 0.8303900734375 0.5431862265625 0.82053910625 0.52437860625 0.82898305625 0.5240212046875 0.6362087203125 0.4292430828125 0.692752309375 0.6852953
1 0.8754956875 0.6718141375 0.877579390625 0.6719292625 0.9118314796875 0.6451634140625 0.9122546484375 0.6381691953125 0.899809234375 0.602411965625 0.9020712671875 0.5963827640625 0.9215195484375001 0.57754345625 0.924294190625 0.5708812328125 0.8323412703124999 0.616318834375 0.83121474375 0.625390075 0.8212795843749999 0.648960759375 0.813284765625 0.660374690625 0.786252896875 0.68193391875 0.8206515781249999 0.680697271875 0.823459515625 0.68014156875 0.8567792421875 0.66799030625 0.8733053609375 0.6703235609375 0.8754956875 0.6718141375
3 0.8303900734375 0.5431862265625 0.82053910625 0.52437860625 0.8163964328125 0.5245539499999999 0.800447271875 0.5212266765625 0.8034757718750001 0.5444430109375 0.8007493921875 0.5537183234375 0.79485848125 0.5580387375 0.68357721875 0.5750090328125 0.6845111875 0.578472815625 0.6818556874999999 0.5941029796875 0.6745986890625 0.60100614375 0.652881165625 0.6070778453125001 0.6564199296875 0.63318810625 0.6640269296875 0.6530761421875 0.67237675 0.666909696875 0.683263609375 0.6786377031249999 0.692752309375 0.6852953 0.786252896875 0.68193391875 0.813284765625 0.660374690625 0.8212795843749999 0.648960759375 0.83121474375 0.625390075 0.8369415515625 0.5792755265625 0.8303900734375 0.5431862265625
1 0.4975088875 0.8498849093749999 0.5166225484375 0.856472575 0.5426412093749999 0.8586502421875 0.568395984375 0.8583897875 0.5635231984375 0.85152239375 0.5643773015625 0.828559184375 0.5687281453125 0.8210998171874999 0.6371555921875001 0.8147020546875 0.6243340296875 0.7069921156250001 0.61734886875 0.6113216375 0.626747034375 0.6072636390625 0.6394043625 0.6108456390625 0.6745986890625 0.60100614375 0.6818556874999999 0.5941029796875 0.6845111875 0.578472815625 0.68357721875 0.5750090328125 0.6163581109375 0.5852598890625 0.59486281875 0.576944125 0.5889326687499999 0.5703008609375 0.519829059375 0.5890271390625 0.48639473593749993 0.5864008046875 0.44998574375 0.5963679671875 0.3959969234375 0.6026564640625 0.3478224328125 0.6292112890625 0.3453602671875 0.6349964531250001 0.3469889328125 0.6446499515624999 0.3574722625 0.6509166171875 0.37753975624999997 0.689948275 0.3965239171875 0.7069882734374999 0.3969707515625 0.7112396046875 0.39476391875 0.7194541015625 0.3810159203125 0.7405484296875 0.341309428125 0.7834064171875 0.3456209265625 0.8069009125 0.3592010875 0.8367897390625 0.36623191875 0.8452614046875 0.37761075 0.8483637359375 0.4975088875 0.8498849093749999
6 0.8772173765625 0.4986412109375 0.8936093421875 0.4728295875 0.8999894828125001 0.45845333593750004 0.9058737265625 0.43540741250000004 0.9089490953125001 0.40144298125000005 0.906358578125 0.376795853125 0.8992716265625 0.3488834046875 0.8882273156249999 0.3267860984375 0.8770954124999999 0.3117584953125 0.8649558984375 0.300090853125 0.8023758484375 0.399494759375 0.7873755203125 0.42101930625 0.800447271875 0.5212266765625 0.8163964328125 0.5245539499999999 0.8296279203125 0.5239939109375 0.8467945609375 0.521358978125 0.8579943265625 0.5172745703125 0.8597892046875 0.51459398125 0.8653452921874999 0.5160866296875 0.8663617718750001 0.5139031765625 0.8640919671875 0.5120651265625 0.8772173765625 0.4986412109375
3 0.5961207796875 0.4376133203125 0.5884160734375 0.4401465703125 0.5740727703124999 0.4596316296875 0.56630509375 0.49640308125 0.5318155499999999 0.5053155828125 0.5284562640625 0.513599915625 0.530270165625 0.530858034375 0.539598865625 0.5441538125000001 0.5709772640625 0.5408558109375 0.58407513125 0.56485919375 0.59486281875 0.576944125 0.6163581109375 0.5852598890625 0.79485848125 0.5580387375 0.8007493921875 0.5537183234375 0.8034757718750001 0.5444430109375 0.7873755203125 0.42101930625 0.783794065625 0.426158475 0.7745913984375 0.42902653593749995 0.756423915625 0.410326971875 0.74613571875 0.4114083046875 0.7256954515625 0.414724575 0.7131671328125 0.4360195796875 0.6331764765625 0.5325490281249999 0.623951290625 0.52143331875 0.6160062421875 0.4959402671875 0.614833809375 0.49217831562500003 0.6339452890625 0.477580746875 0.6432019125 0.4554585359375 0.6686994296875 0.423971725 0.6362087203125 0.4292430828125 0.630014234375 0.4384313234375 0.6225425859375 0.44497630781249997 0.59845684375 0.44414800468750004 0.5961207796875 0.4376133203125
5 0.6358493453125 0.3523827109375 0.6127358578125001 0.36537145625 0.59911839375 0.36824263125 0.592945478125 0.3780109296875 0.589444153125 0.39949777656249996 0.592338125 0.42703208281249994 0.59845684375 0.44414800468750004 0.6225425859375 0.44497630781249997 0.630014234375 0.4384313234375 0.6408104203125 0.42241741250000003 0.6398866265625001 0.41819474375 0.631191809375 0.417668684375 0.63366668125 0.4092490140625 0.621573196875 0.41291995937500003 0.61827575625 0.40894676875 0.61962725 0.3944055109375 0.6426138453125 0.3939094171875 0.6447380125 0.3912862890625 0.646490109375 0.371423215625 0.64047118125 0.3552567515625 0.6358493453125 0.3523827109375
1 0.8707255953124999 0.9071762921875001 0.9134206015625 0.8970923125000001 0.9181445609375001 0.8355424906250001 0.910144925 0.7898615062500001 0.9051950718749999 0.8108171140625 0.89843476875 0.82369901875 0.853020096875 0.8713618750000001 0.838445953125 0.8815875140625 0.8054983484375 0.8879483921875 0.7871523453125 0.8843853390625 0.7888723765625001 0.8992583953125 0.7724456609375 0.8966768109375 0.753273996875 0.8936638374999999 0.7489700140625 0.8934922984375 0.75458788125 0.9204004125 0.7593797796875 0.9321074250000001 0.768013071875 0.9367965843749999 0.7952654515625001 0.9395287968750001 0.8048009203125 0.933438803125 0.816798071875 0.9362480718749999 0.8219103531249999 0.9316405296875001 0.8209855312500001 0.9180007375000001 0.8267597015625 0.9148499578125 0.849378853125 0.9073848140624999 0.8707255953124999 0.9071762921875001
0 0.711100159375 0.41156264218749994 0.6864038984375 0.435307625 0.6961854984375 0.40859824375000003 0.69513855 0.3986371859375 0.68910956875 0.39876730312499997 0.6432019125 0.4554585359375 0.6339452890625 0.477580746875 0.614833809375 0.49217831562500003 0.623951290625 0.52143331875 0.6331764765625 0.5325490281249999 0.7131671328125 0.4360195796875 0.727692946875 0.41132933437499997 0.7248377546875 0.3985370015625 0.7146149578125 0.3970936875 0.711100159375 0.41156264218749994
1 0.911461409375 0.6774326234375 0.6348833578125 0.6873757125 0.6313801078125 0.709188709375 0.6372882328125 0.743343078125 0.638354278125 0.8145899812499999 0.6491617859375001 0.8135795109374999 0.6693561640625 0.8058553375 0.7786317640625 0.8107081812500001 0.7871523453125 0.8843853390625 0.8009096046874999 0.8870571937499999 0.8054983484375 0.8879483921875 0.838445953125 0.8815875140625 0.853020096875 0.8713618750000001 0.89843476875 0.82369901875 0.9051950718749999 0.8108171140625 0.9108105921874999 0.7870433390625 0.915164290625 0.729206440625 0.9152607265625001 0.6915230218749999 0.9139954421875001 0.6794846406249999 0.911461409375 0.6774326234375
3 0.6693561640625 0.8058553375 0.6491617859375001 0.8135795109374999 0.5687281453125 0.8210998171874999 0.5643773015625 0.828559184375 0.5635231984375 0.85152239375 0.5684549718749999 0.8584729234375 0.5844926171875 0.860054934375 0.6391650703125 0.8739144328125 0.679208559375 0.890711915625 0.753273996875 0.8936638374999999 0.7888723765625001 0.8992583953125 0.7786317640625 0.8107081812500001 0.6693561640625 0.8058553375
6 0.8846043437500001 0.22785666875000002 0.8483216046875001 0.18557519375 0.8358570921874999 0.16645142500000001 0.827892275 0.1630117109375 0.8187629984375 0.1710993203125 0.8090634890624999 0.187325359375 0.8074050265625001 0.19415255 0.793846609375 0.209833765625 0.7542821562500001 0.2719672421875 0.7338697203125 0.2992985734375 0.70687425625 0.345379621875 0.7058834093749999 0.354037465625 0.70798505625 0.3604694515625 0.7745913984375 0.42902653593749995 0.783794065625 0.426158475 0.8023758484375 0.399494759375 0.8940003546874999 0.253955828125 0.8948924 0.2443579578125 0.8846043437500001 0.22785666875000002