5 0.5755751765625 0.46500478437500004 0.573783403125 0.46858833125 0.5739881625 0.4796453109375 0.5778866359375 0.467595484375 0.5806056796875 0.46461330624999997 0.5755751765625 0.46500478437500004
1 0.477877078125 0.8971915546875 0.5881286734375 0.891066465625 0.5823035234375 0.8801443078125001 0.54639376875 0.8669143984375 0.5306093453125 0.8636646640625001 0.5305593703125 0.8635758171875001 0.5049184578125 0.8611427390624999 0.47926995781250004 0.8562573109375 0.4609496015625 0.8477078109375 0.341867284375 0.8336622031250001 0.337975653125 0.8321487921875 0.3413751015625 0.8971915546875 0.477877078125 0.8971915546875
6 0.6578069234374999 0.6891086703125 0.6038113625 0.662491140625 0.6020163468749999 0.7188546359375 0.6055617359375 0.745518840625 0.606691734375 0.74677439375 0.61105931875 0.7557522062500001 0.6087942187500001 0.7217757125 0.6145583578125 0.7004483984375 0.666965378125 0.704058903125 0.6666260328125 0.699462315625 0.663586946875 0.6968153703125 0.6578069234374999 0.6891086703125
6 0.6055617359375 0.745518840625 0.60233393125 0.7419323890625 0.6020163468749999 0.7188546359375 0.6034311765625 0.8216656296875 0.6054146625 0.8195295671875 0.6047948625 0.82641623125 0.626261646875 0.9011989453125 0.6055617359375 0.745518840625
2 0.640850984375 0.6224716953125 0.6270541671875 0.6248101390625 0.6148405968749999 0.6199247109375 0.6050697390625001 0.622978103125 0.6038113625 0.662491140625 0.6578069234374999 0.6891086703125 0.6539856375 0.684013625 0.647127559375 0.6693830578125 0.641641096875 0.6488088234375 0.640850984375 0.6224716953125
6 0.7361163765625001 0.313673021875 0.715087221875 0.31821986562500004 0.7059935328125 0.3409540875 0.684964378125 0.3409540875 0.683827665625 0.354026265625 0.7054251765624999 0.3614148875 0.71224544375 0.3858541765625 0.720202421875 0.3932427984375 0.729864465625 0.394947865625 0.7339671515624999 0.39905055 0.733985953125 0.39894457499999997 0.72143060625 0.3829741734375 0.7200127984375 0.376357740625 0.7219032078125001 0.367850896875 0.7395501531249999 0.3438826578125 0.7535675687500001 0.3248440796875 0.7699200875 0.3071566609375 0.74805184375 0.3045793328125 0.7361163765625001 0.313673021875
6 0.9145800203125001 0.33527053281249997 0.9071913984375 0.323335065625 0.8973519187500001 0.3221754125 0.883852828125 0.33933425625 0.8947062390625 0.35220690625 0.9042063484374999 0.3683157875 0.9128803609375 0.3914464875 0.9147477875 0.40433173125 0.9174217984374999 0.35686804375 0.9145800203125001 0.33527053281249997
6 0.6034311765625 0.8216656296875 0.6054146625 0.8195295671875 0.6110998750000001 0.756360546875 0.61105931875 0.7557522062500001 0.606691734375 0.74677439375 0.60233393125 0.7419323890625 0.6034311765625 0.8216656296875
1 0.8240659718750001 0.5774848140625 0.8162349015625001 0.5577505171875 0.824669953125 0.5582777078125 0.6428586671875001 0.443868384375 0.672327759375 0.7044283359375 0.8183620406250001 0.65042075 0.8268092015624999 0.6140612296875 0.8240659718750001 0.5774848140625
1 0.8000070078125001 0.713224609375 0.8028576484375 0.7129654609375 0.837265 0.7043636234374999 0.8534566953124999 0.7084115468750001 0.8554792156250001 0.710122909375 0.8575394703124999 0.710455209375 0.894401715625 0.6874163046875 0.8955536609375001 0.680504634375 0.8869140718749999 0.6436423875 0.8897939359375 0.6378826609375 0.911104921875 0.6211794562499999 0.91456075625 0.6148437578125 0.8183620406250001 0.65042075 0.8162934828124999 0.65932454375 0.8039489421875 0.6817275984375 0.7948048390625 0.6922433171875 0.7656675 0.710858840625 0.8000070078125001 0.713224609375
3 0.7948048390625 0.6922433171875 0.8039489421875 0.6817275984375 0.8162934828124999 0.65932454375 0.8268092015624999 0.6140612296875 0.8240659718750001 0.5774848140625 0.8162349015625001 0.5577505171875 0.81209659375 0.5574918734375001 0.7965825984375 0.5525156859375 0.7971677406250001 0.575921403125 0.7934867624999999 0.5848609203125 0.787176515625 0.5885418984374999 0.674730984375 0.5937871703125001 0.6752977734375001 0.5973296046875001 0.6710230234375001 0.61259656875 0.6630842015625 0.6187033546875 0.640850984375 0.6224716953125 0.641641096875 0.6488088234375 0.647127559375 0.6693830578125 0.6539856375 0.684013625 0.663586946875 0.6968153703125 0.672327759375 0.7044283359375 0.7656675 0.710858840625 0.7948048390625 0.6922433171875
1 0.31438675 0.7890826703125 0.324768284375 0.820227275 0.33087507031249996 0.8293874546875 0.341867284375 0.8336622031250001 0.4609496015625 0.8477078109375 0.47926995781250004 0.8562573109375 0.5049184578125 0.8611427390624999 0.5305593703125 0.8635758171875001 0.526431115625 0.8562367 0.52968085 0.8334885625 0.534787575 0.826524846875 0.6035089171875 0.8273147468750001 0.6020163468749999 0.7188546359375 0.6050697390625001 0.622978103125 0.6148405968749999 0.6199247109375 0.6270541671875 0.6248101390625 0.6630842015625 0.6187033546875 0.6710230234375001 0.61259656875 0.6752977734375001 0.5973296046875001 0.674730984375 0.5937871703125001 0.606808603125 0.5969555609375 0.5863002984375 0.58643848125 0.5810970453125 0.579211740625 0.5104145640625 0.590612140625 0.4774379234375 0.5845053546875 0.44018653125 0.590612140625 0.385836140625 0.59122281875 0.33514982031249996 0.61259656875 0.332096428125 0.618092675 0.33270710625 0.6278635328125 0.3424779625 0.635191675 0.3583556046875 0.6761071375000001 0.37545460468749997 0.6950381734375 0.37545460468749997 0.6993129234375 0.37240121249999997 0.70725174375 0.3565235703125 0.7267934578124999 0.3125547140625 0.76526620625 0.31438675 0.7890826703125
6 0.8562927546875001 0.552122246875 0.86166238125 0.5541874875 0.8629015265625 0.552122246875 0.8608362843749999 0.55005700625 0.875292971875 0.5380786078125 0.8942931906249999 0.514121809375 0.9021411078125 0.50049121875 0.910402071875 0.47818661406249996 0.91701084375 0.4447297078125 0.91701084375 0.419946815625 0.9128803609375 0.3914464875 0.9042063484374999 0.3683157875 0.8947062390625 0.35220690625 0.883852828125 0.33933425625 0.8112250609375 0.43165222031250006 0.794056978125 0.45149089218749994 0.7965825984375 0.5525156859375 0.81209659375 0.5574918734375001 0.8253141375 0.5583179703125001 0.8426621624999999 0.5574918734375001 0.8542275125 0.5546005359375 0.8562927546875001 0.552122246875
3 0.6428586671875001 0.443868384375 0.63573768125 0.45235879062500006 0.6276228265625 0.458086921875 0.6037556093750001 0.4547455109375 0.602115403125 0.44800243906250004 0.5941881078125 0.44971645000000005 0.5778866359375 0.467595484375 0.5663178484375 0.5033535546875 0.5310856312500001 0.5086120937499999 0.5268788 0.5164999031249999 0.5268788 0.533853084375 0.534766609375 0.5480511421875 0.5663178484375 0.5480511421875 0.5768349265625 0.5732921328125 0.5863002984375 0.58643848125 0.606808603125 0.5969555609375 0.787176515625 0.5885418984374999 0.7934867624999999 0.5848609203125 0.7971677406250001 0.575921403125 0.794056978125 0.45149089218749994 0.789957953125 0.45622754375 0.7805059046875 0.45811795312500003 0.7643925828125 0.43762180781250004 0.754047715625 0.43762180781250004 0.733372778125 0.438783321875 0.71868715625 0.4586521046875 0.629044621875 0.546291453125 0.62103188125 0.5342723421875 0.61579510625 0.5080884609375 0.6150223265625 0.5042245656250001 0.6355549734375 0.49170465781250006 0.6470732875 0.4706712140625 0.6757223953125 0.44202210781250006 0.6428586671875001 0.443868384375
5 0.652922078125 0.4093977984375 0.6553088 0.4070110765625 0.6591275546875 0.38743995937500003 0.6548314546875 0.37073290625 0.65053535625 0.367391496875 0.62619079375 0.377893071875 0.6123478078125 0.3793251046875 0.60518764375 0.388394646875 0.5994595109375 0.4093977984375 0.5994595109375 0.4370837703125 0.6037556093750001 0.4547455109375 0.6276228265625 0.458086921875 0.63573768125 0.45235879062500006 0.648148634375 0.437561115625 0.6476712906250001 0.43326501562499997 0.6390790921875 0.4318329828125 0.6424205015625 0.4237181296875 0.6300095484375 0.4261048515625 0.6271454828125 0.42180875156250003 0.6300095484375 0.407488421875 0.652922078125 0.4093977984375
1 0.7750281734375 0.9629247515625 0.7755341640625 0.949263009375 0.7816060484375 0.94673305625 0.8048816109375 0.9416731515625001 0.8261332093749999 0.9436971140624999 0.869648390625 0.93813121875 0.8807801796874999 0.8774123625 0.8775993296875001 0.8311454328125001 0.8704861359375 0.85146884375 0.862416340625 0.8635735359375 0.8122683296875 0.9062281640625001 0.7967051546875 0.9148743734375 0.763273146875 0.9177564437499999 0.7454000859375001 0.9122952296875001 0.7455560375 0.9272666015625 0.7294891578125 0.9229820999999999 0.710737459375 0.917981646875 0.706474984375 0.917361159375 0.7092494125 0.9447090953125 0.7127913453125 0.956852865625 0.7208871921875 0.9624187609374999 0.7477046875 0.96798465625 0.757824496875 0.9629247515625 0.769462278125 0.9669726750000001 0.7750281734375 0.9629247515625
0 0.71868715625 0.4586521046875 0.7357142296875 0.435615475 0.734211840625 0.42259477187499994 0.7241959140625001 0.42009079062500004 0.7191879515624999 0.43411308593750003 0.692144953125 0.45514652968749997 0.704664859375 0.4296059203125 0.704664859375 0.4195899953125 0.6986553046874999 0.4190891984375 0.6470732875 0.4706712140625 0.6355549734375 0.49170465781250006 0.6150223265625 0.5042245656250001 0.62103188125 0.5342723421875 0.629044621875 0.546291453125 0.71868715625 0.4586521046875
1 0.8785559296875001 0.8284122859374999 0.8889313796874999 0.7713473093750001 0.8929662781250001 0.7338804046875 0.8929662781250001 0.7217757125 0.890660621875 0.7194700578125001 0.6145583578125 0.7004483984375 0.6087942187500001 0.7217757125 0.6110998750000001 0.756360546875 0.6047127515625 0.8273285843749999 0.615566678125 0.8274533421875001 0.636457825 0.8218823703125 0.7446275421874999 0.8381310390625 0.7454000859375001 0.9122952296875001 0.758802696875 0.916390471875 0.763273146875 0.9177564437499999 0.7967051546875 0.9148743734375 0.8122683296875 0.9062281640625001 0.862416340625 0.8635735359375 0.8704861359375 0.85146884375 0.8785559296875001 0.8284122859374999
3 0.6373863203125001 0.90730395 0.710737459375 0.917981646875 0.7455560375 0.9272666015625 0.7446275421874999 0.8381310390625 0.636457825 0.8218823703125 0.615566678125 0.8274533421875001 0.534787575 0.826524846875 0.52968085 0.8334885625 0.526431115625 0.8562367 0.5306093453125 0.8636646640625001 0.54639376875 0.8669143984375 0.5993180078125 0.8864128015625001 0.6373863203125001 0.90730395
6 0.789957953125 0.45622754375 0.8112250609375 0.43165222031250006 0.9175605984375 0.2964879359375 0.9194510078125001 0.2870358875 0.910944165625 0.2695496 0.8792798046874999 0.2237071671875 0.8688825515625 0.20338526406250002 0.8613209140625001 0.19913184374999998 0.8513962640624999 0.20622087968749997 0.84005380625 0.2213441546875 0.83769079375 0.2279605890625 0.8225675171875 0.24213866093749997 0.7767250859375 0.299796153125 0.7535675687500001 0.3248440796875 0.7219032078125001 0.367850896875 0.7200127984375 0.376357740625 0.72143060625 0.3829741734375 0.7805059046875 0.45811795312500003 0.789957953125 0.45622754375