3 0.37016759062500004 0.7067184796875 0.3715867 0.75402213125 0.3772631390625 0.775308775 0.3843586859375 0.79044594375 0.394292453125 0.803690965625 0.4089565859375 0.8164629531250001 0.42456679062499997 0.8240315375 0.44112306874999996 0.8273427921875 0.45359696875 0.8250328109374999 0.4537143140625 0.8033238781250001 0.47624551718749997 0.7990322203125 0.47478543125000006 0.7971341078124999 0.46261870156249996 0.7699929437499999 0.45887509375 0.740044071875 0.459842034375 0.7313416015625 0.45134074999999996 0.7055720828125 0.4423276953125 0.6886063328125 0.4391899578125 0.672499278125 0.422645625 0.6739305953125 0.39167178593749996 0.67509941875 0.38056795781249997 0.668086475 0.3805487296875 0.667971103125 0.375844028125 0.6807014703125 0.37016759062500004 0.7067184796875
5 0.708862903125 0.21724485468750002 0.7456288671875 0.216163503125 0.750007071875 0.214766203125 0.7541914375000001 0.21343076718749998 0.747014621875 0.19774191562500001 0.7407539 0.1967787265625 0.724861296875 0.20448423125 0.708862903125 0.21724485468750002
5 0.83714795 0.4023934859375 0.8438150234374999 0.397121846875 0.8515205281249999 0.385081996875 0.8274408265625001 0.3374041859375 0.82145484375 0.32794247187500003 0.8306371531250001 0.37150505 0.83714795 0.4023934859375
5 0.5146552875 0.3774519390625 0.5115572171875 0.40533456250000005 0.5121588890625 0.410147934375 0.6131639468750001 0.3910751703125 0.627170046875 0.3928259328125 0.61623760625 0.33003447656249996 0.5171337421875 0.323545534375 0.51217683125 0.32788283125 0.5146552875 0.3774519390625
1 0.4391899578125 0.672499278125 0.434375 0.6477824984375 0.434375 0.5645442875 0.44497859375 0.5438672812500001 0.46459524218750003 0.525841171875 0.48376300937499994 0.514460309375 0.476606421875 0.5129796359375 0.460190359375 0.49969044374999994 0.44572859062500003 0.5028173125000001 0.44103828749999996 0.499299584375 0.4297033859375 0.4985178671875 0.426185659375 0.486010390625 0.42735823437500003 0.47584806718749995 0.4445560140625 0.4707669046875 0.448855459375 0.47311205625 0.4597995 0.47037604687499995 0.46800753124999994 0.4609954390625 0.47543384531250005 0.4563051359375 0.4871596046875 0.4543508421875 0.5016213734375 0.45591427656250005 0.5215551640625 0.4543508421875 0.52588211875 0.45457085781249995 0.5273848531249999 0.44435225625 0.536671815625 0.4327435546875 0.5540848671874999 0.42229572343750005 0.5889109718750001 0.410687021875 0.6063240249999999 0.4089457171875 0.6302723125 0.4089457171875 0.6292715609374999 0.40489616718750004 0.627170046875 0.3928259328125 0.6131639468750001 0.3910751703125 0.39342502343749997 0.43256842500000003 0.364204421875 0.506204340625 0.35134735625 0.5833467296875 0.3571914765625 0.6143205671875 0.378814721875 0.6575670578125 0.38056795781249997 0.668086475 0.39167178593749996 0.67509941875 0.422645625 0.6739305953125 0.4391899578125 0.672499278125
3 0.544978096875 0.8397176578125001 0.5098817640625 0.829890684375 0.48882396406249995 0.8153841999999999 0.47624551718749997 0.7990322203125 0.4537143140625 0.8033238781250001 0.453125 0.91234691875 0.519717453125 0.8858278 0.5474151984375 0.881113290625 0.56921980625 0.884059859375 0.5951496109375001 0.89466750625 0.6310977484375 0.8940781937500001 0.659974121875 0.8799346640625 0.688776015625 0.8563106375 0.6895093203125 0.8552514203125 0.64660775625 0.8401209578125 0.6199046796875 0.8259840359374999 0.6181490375 0.8238382515625 0.56977950625 0.8383138046875 0.544978096875 0.8397176578125001
6 0.64660775625 0.8401209578125 0.6895093203125 0.8552514203125 0.695406121875 0.8467338171875 0.7314678234375 0.775853921875 0.73451965 0.7717053453125 0.7330630953124999 0.7662614453125001 0.6915121453124999 0.79729316875 0.6628824421874999 0.8073665828125 0.646585840625 0.8099468765625 0.6338888078125 0.8191278093750001 0.6181490375 0.8238382515625 0.6199046796875 0.8259840359374999 0.64660775625 0.8401209578125
6 0.7330630953124999 0.7662614453125001 0.7360228171875 0.7696619765625 0.73451965 0.7717053453125 0.76221206875 0.87520630625 0.7724837421874999 0.8750406328125001 0.8812770750000001 0.7934456328125 0.883387109375 0.7882145078125 0.7330630953124999 0.7662614453125001
0 0.59926088125 0.8174399953125 0.5626784828125 0.8174399953125 0.5626784828125 0.816909815625 0.538820396875 0.8100174796875 0.49693620312500003 0.7882801140625 0.4683065 0.7569995125 0.459842034375 0.7313416015625 0.45887509375 0.740044071875 0.46261870156249996 0.7699929437499999 0.47478543125000006 0.7971341078124999 0.48882396406249995 0.8153841999999999 0.5098817640625 0.829890684375 0.544978096875 0.8397176578125001 0.56977950625 0.8383138046875 0.6338888078125 0.8191278093750001 0.646585840625 0.8099468765625 0.59926088125 0.8174399953125
3 0.756724246875 0.7400337625 0.7333963406249999 0.7660125671875 0.7330630953124999 0.7662614453125001 0.7360228171875 0.7696619765625 0.757995971875 0.7397922218749999 0.7679440265624999 0.7443517468749999 0.7803790953124999 0.75720131875 0.8127102765625001 0.7945065265625 0.8334353921875 0.8231071859375 0.865766571875 0.8268377062500001 0.867562040625 0.8274474890624999 0.891053009375 0.7692094640625 0.8951348749999999 0.7482170140625 0.891053009375 0.7383039109375 0.8770580421874999 0.732472675 0.87064368125 0.7254751921875 0.813543884375 0.701517234375 0.7684930249999999 0.699883265625 0.7683881984375 0.7076928015624999 0.756724246875 0.7400337625
3 0.5889109718750001 0.410687021875 0.5540848671874999 0.42229572343750005 0.536671815625 0.4327435546875 0.5273848531249999 0.44435225625 0.52588211875 0.45457085781249995 0.590737140625 0.4578685703125 0.595818303125 0.4598228640625 0.6008994640624999 0.46803089375000007 0.603302265625 0.47860321875 0.6474081078125 0.4782859109375 0.6302723125 0.4089457171875 0.6063240249999999 0.4089457171875 0.5889109718750001 0.410687021875
4 0.6474081078125 0.4782859109375 0.6570789687499999 0.4782163375 0.6578928890625 0.47116235156249997 0.6612403265625 0.46614119687500005 0.67184054375 0.46279375937499995 0.6684931062499999 0.45219354218749996 0.6735142625 0.44661447968749995 0.7393471921875 0.43155101250000005 0.77672690625 0.4304352015625 0.7817480609375 0.432666825 0.77170575 0.49068906874999996 0.77672690625 0.5012892859375 0.7728215625 0.5247213453125 0.773314965625 0.5293264390625 0.8213446265625001 0.527934275 0.8430572328125001 0.5229236734375 0.8497380359375001 0.5162428703125 0.8553053703125 0.49564373125000005 0.8536351703125 0.480611925 0.8057560875 0.2534646484375 0.79963201875 0.23119530781250003 0.791281015625 0.2172769703125 0.7818165453125 0.210039434375 0.7723520765624999 0.2078125 0.7717953421875 0.2078125 0.7456288671875 0.216163503125 0.6888420484375 0.217833703125 0.6253744265625001 0.2334222421875 0.6147964890625001 0.24121651093750002 0.6092291546874999 0.250124246875 0.6064454875 0.262372384375 0.6075589531250001 0.2801878578125 0.6292715609374999 0.40489616718750004 0.6474081078125 0.4782859109375
3 0.5960798031250001 0.4786551796875 0.603302265625 0.47860321875 0.6008994640624999 0.46803089375000007 0.595818303125 0.4598228640625 0.590737140625 0.4578685703125 0.5215551640625 0.4543508421875 0.5016213734375 0.45591427656250005 0.4871596046875 0.4543508421875 0.47543384531250005 0.4563051359375 0.46800753124999994 0.4609954390625 0.4597995 0.47037604687499995 0.448855459375 0.47311205625 0.4445560140625 0.4707669046875 0.42735823437500003 0.47584806718749995 0.426185659375 0.486010390625 0.4297033859375 0.4985178671875 0.44103828749999996 0.499299584375 0.44572859062500003 0.5028173125000001 0.460190359375 0.49969044374999994 0.476606421875 0.5129796359375 0.48376300937499994 0.514460309375 0.49852674218750004 0.50569434375 0.5446523734375 0.48766823437499995 0.5960798031250001 0.4786551796875
5 0.7817480609375 0.432666825 0.77672690625 0.4304352015625 0.7393471921875 0.43155101250000005 0.6735142625 0.44661447968749995 0.6684931062499999 0.45219354218749996 0.67184054375 0.46279375937499995 0.6612403265625 0.46614119687500005 0.6578928890625 0.47116235156249997 0.6570789687499999 0.4782163375 0.6697747781250001 0.478125 0.6862103484375 0.478125 0.71961166875 0.4881984140625 0.7376377781250001 0.5046339843750001 0.7561940671875 0.5327335078125001 0.7598729375 0.55285909375 0.7683583140625 0.5526166546875 0.77449528125 0.5403427187500001 0.7728215625 0.5247213453125 0.77672690625 0.5012892859375 0.77170575 0.49068906874999996 0.7817480609375 0.432666825
3 0.9189880796875001 0.5915706328125 0.9151078265624999 0.5804841921875 0.9056843515624999 0.570506396875 0.8907176578125 0.5660718203124999 0.7622881671874999 0.5660718203124999 0.765207121875 0.5820402171875 0.7694485578125 0.6286960296874999 0.7684930249999999 0.699883265625 0.8541324046875 0.7029893578124999 0.88628308125 0.69855478125 0.8995868093749999 0.68913130625 0.9101189281250001 0.673610290625 0.9200967234374999 0.622612665625 0.9189880796875001 0.5915706328125
2 0.44497859375 0.5438672812500001 0.434375 0.5645442875 0.434375 0.6477824984375 0.4423276953125 0.6886063328125 0.45134074999999996 0.7055720828125 0.4683065 0.7569995125 0.49693620312500003 0.7882801140625 0.538820396875 0.8100174796875 0.5626784828125 0.816909815625 0.5626784828125 0.8174399953125 0.59926088125 0.8174399953125 0.6628824421874999 0.8073665828125 0.6915121453124999 0.79729316875 0.7333963406249999 0.7660125671875 0.756724246875 0.7400337625 0.7683881984375 0.7076928015624999 0.7694485578125 0.6286960296874999 0.765207121875 0.5820402171875 0.7561940671875 0.5327335078125001 0.7376377781250001 0.5046339843750001 0.71961166875 0.4881984140625 0.6862103484375 0.478125 0.6697747781250001 0.478125 0.5960798031250001 0.4786551796875 0.5446523734375 0.48766823437499995 0.49852674218750004 0.50569434375 0.46459524218750003 0.525841171875 0.44497859375 0.5438672812500001
5 0.7915706578124999 0.8952305875000001 0.8006897093750001 0.9060076484374999 0.8114667687500001 0.9072511546875001 0.8263888515625 0.895645090625 0.8305338750000001 0.88859855 0.867010078125 0.8832100203125 0.8753001250000001 0.8749199750000001 0.8902222078124999 0.8529513515625 0.8914657140625 0.8392727765625001 0.88773519375 0.8342987484375 0.865766571875 0.8268377062500001 0.8334353921875 0.8231071859375 0.8127102765625001 0.7945065265625 0.7803790953124999 0.75720131875 0.7679440265624999 0.7443517468749999 0.757995971875 0.7397922218749999 0.7314678234375 0.775853921875 0.695406121875 0.8467338171875 0.684214559375 0.8628994078125001 0.6854580671875 0.868702440625 0.7041106703125 0.868702440625 0.7144732281249999 0.876577984375 0.727737303125 0.8819665140625 0.75426545 0.8753344765625 0.77996459375 0.8749199750000001 0.78452411875 0.8778214906249999 0.7915706578124999 0.8952305875000001