5 0.6335178796875 0.7002711015624999 0.6421994703125 0.6975560359374999 0.64474564375 0.697848659375 0.6593793359375 0.699530459375 0.65125170625 0.6798553296875001 0.62062825 0.687490615625 0.6166381265624999 0.6850931078125 0.615928475 0.6860993203125 0.6196513390625 0.7166747890625 0.6258630234375 0.71726634375 0.6265133953124999 0.7141285578125001 0.6335178796875 0.7002711015624999
5 0.794263409375 0.8064648234374999 0.7688442875 0.812802521875 0.7797338234375 0.8188612828125 0.7839277015625 0.8229671546875 0.8405705875 0.808844496875 0.8239301484375 0.7884707453125 0.8195827687499999 0.772938465625 0.8192556546875001 0.7602018125 0.822397128125 0.74647103125 0.8106406625 0.7480956375 0.7983071984375 0.7543268703125 0.7989037812500001 0.7640571656249999 0.7993364203125 0.771113496875 0.7930876125 0.786558584375 0.79575471875 0.7972557625000001 0.794263409375 0.8064648234374999
5 0.537982575 0.37769743125 0.5477064125 0.3983764421875 0.582488084375 0.37587122968750003 0.5877289265625001 0.37335137343749997 0.5883922640625 0.3691962734375 0.584669403125 0.3377269375 0.5365658984375 0.3408847921875 0.522251540625 0.3442433234375 0.5294455578124999 0.35954234218750003 0.5318639359375 0.359691340625 0.537602321875 0.37535907812499997 0.537982575 0.37769743125
5 0.5477064125 0.3983764421875 0.5992134140625 0.56438328125 0.6340646296875 0.6401079515625 0.5477064125 0.3983764421875
5 0.62062825 0.687490615625 0.65125170625 0.6798553296875001 0.6346881296875 0.6397587015624999 0.6340646296875 0.6401079515625 0.6189583187500001 0.6413068390625 0.60385850625 0.63223395625 0.5921901968750001 0.6111795046874999 0.5902903328125 0.5898291203125 0.592463196875 0.578668271875 0.547237971875 0.5882674765625 0.552308440625 0.5905045109375 0.590683534375 0.6227147453125 0.6148660484375 0.6773737265625 0.6157402703125 0.6845536203125 0.62062825 0.687490615625
1 0.4026764703125 0.350987175 0.4007975484375 0.36794346093749997 0.402287815625 0.380760871875 0.4127557765625 0.3741087421875 0.42238975625 0.3694786859375 0.4427986609375 0.3596702390625 0.4026764703125 0.350987175
3 0.599365615625 0.577203209375 0.592463196875 0.578668271875 0.5902903328125 0.5898291203125 0.5921901968750001 0.6111795046874999 0.60385850625 0.63223395625 0.6189583187500001 0.6413068390625 0.6340646296875 0.6401079515625 0.6346881296875 0.6397587015624999 0.6139142890625 0.5894699796875 0.6013385046875 0.5628776359375001 0.5992134140625 0.56438328125 0.602112521875 0.57601096875 0.599365615625 0.577203209375
5 1 0.705995471875 0.992132265625 0.6957351421875 0.9870376265624999 0.6910027890625 0.9917454140625 0.7098846921875 0.9883278593749999 0.711368015625 0.903198159375 0.7294370781249999 0.8844757046874999 0.7378924984374999 0.822397128125 0.74647103125 0.8192556546875001 0.7602018125 0.8195827687499999 0.772938465625 0.8239301484375 0.7884707453125 0.8464807750000001 0.8160806468749999 0.8482590171875 0.8308292375 0.845454984375 0.8481445624999999 1 0.8096121640625 1 0.705995471875
5 0.6858421890625 0.23067748125 0.685732221875 0.254496990625 0.663307078125 0.300413784375 0.6603512328125001 0.322523315625 0.653982575 0.3390316640625 0.6539557328125001 0.3415087609375 0.675810709375 0.331000634375 0.69265348125 0.3297223640625 0.6974709265625 0.307223396875 0.710814871875 0.3071059515625 0.73158080625 0.31530165 0.7878351484375 0.34139554843750003 0.8192918015625 0.359944528125 0.8200585671875 0.3339172890625 0.8195477656250001 0.2412958171875 0.7862419890625 0.2354859265625 0.7599603390625 0.227118215625 0.7144119718749999 0.22234446718749998 0.7066336421875 0.21702521875 0.679684278125 0.2140663109375 0.6795875796875 0.2169132109375 0.6858421890625 0.23067748125
1 0.3567380953125 0.40583314843749996 0.33931159843750003 0.3969866796875 0.3080430328125 0.37535588125 0.2607475875 0.3972951765625 0.266583278125 0.42070085625000003 0.2855477484375 0.4519951015625 0.35631088125 0.47143187031249995 0.3593208328125 0.46767430781249997 0.5030637484375 0.44931577031250003 0.511757875 0.45778241093750005 0.512644159375 0.44699997343750003 0.5222776765625 0.42241156249999995 0.5457874046875 0.399618121875 0.5477064125 0.3983764421875 0.5130812375 0.324741475 0.45611207499999995 0.3506147828125 0.45443831562500003 0.3540762625 0.4127557765625 0.3741087421875 0.364141290625 0.40500204531249995 0.3567380953125 0.40583314843749996
1 0.3542814234375 0.551566321875 0.540219028125 0.5375941203125 0.539526584375 0.5217564 0.35631088125 0.47143187031249995 0.3508373515625 0.47826491875 0.333379721875 0.486855315625 0.33037403906249996 0.5087933171875 0.3255804 0.50998850625 0.3542814234375 0.551566321875
1 0.38182424843749996 0.5621797203125001 0.3631325703125 0.550948628125 0.3542814234375 0.551566321875 0.345682984375 0.5468238578125 0.334351678125 0.5268713218750001 0.3175127484375 0.5254318359375 0.3419390953125 0.5845624375 0.3640307265625 0.6311157578125 0.38836442656250003 0.639869275 0.40481293906250004 0.6215622515625 0.4627919734375 0.5842383765625 0.46432582499999997 0.5838559437499999 0.456358784375 0.5829500421875 0.4217219375 0.584065815625 0.4174362578125 0.5647224859375 0.4186387359375 0.561871646875 0.38182424843749996 0.5621797203125001
6 0.5239935984375 0.5007600546875 0.5363001109375001 0.5028571328125 0.53932489375 0.51714329375 0.53950798125 0.52133086875 0.565900028125 0.5341449265625 0.5849494749999999 0.534232871875 0.57429790625 0.516656171875 0.567037453125 0.48753608125000003 0.6258799109375001 0.46024038437500003 0.6647825859375 0.48715226562499997 0.675188171875 0.4924346046875 0.6789798234375 0.49031224218749997 0.675579975 0.4854635140625 0.680253028125 0.46129644062499997 0.6858551390625001 0.361472728125 0.69265348125 0.3297223640625 0.675810709375 0.331000634375 0.582488084375 0.37587122968750003 0.5457874046875 0.399618121875 0.5222776765625 0.42241156249999995 0.512644159375 0.44699997343750003 0.511757875 0.45778241093750005 0.5121582203124999 0.45817227968749996 0.5193768203125 0.476501653125 0.5239935984375 0.5007600546875
6 0.33037403906249996 0.5087933171875 0.3119216640625 0.5133940109374999 0.3137841296875 0.5251130921875 0.334351678125 0.5268713218750001 0.345682984375 0.5468238578125 0.3542814234375 0.551566321875 0.3631325703125 0.550948628125 0.38182424843749996 0.5621797203125001 0.4186387359375 0.561871646875 0.4204746375 0.5575190796875 0.4207662375 0.49621076718749996 0.4240622328125 0.4814229671875 0.4599545359375 0.4939601890625 0.49534791875 0.4958787171875 0.5166671765624999 0.49951160312500004 0.5239935984375 0.5007600546875 0.5193768203125 0.476501653125 0.5121582203124999 0.45817227968749996 0.5030637484375 0.44931577031250003 0.3593208328125 0.46767430781249997 0.3508373515625 0.47826491875 0.333379721875 0.486855315625 0.33037403906249996 0.5087933171875
6 0.7652089656250001 0.8136141546875001 0.769462015625 0.8326279953125001 0.7757855578124999 0.8712379984374999 0.7558309609375 0.8773142406250001 0.713627309375 0.8833760749999999 0.707599578125 0.8842418562500001 0.70821526875 0.884650065625 0.7210222468749999 0.8959439984375 0.7321875390625 0.9006534921875 0.7420566156249999 0.91018215625 0.82319455 0.8769637875 0.8162671687499999 0.863204796875 0.795594703125 0.8343893343750001 0.7797338234375 0.8188612828125 0.7688442875 0.812802521875 0.7669261796875 0.8132807609375 0.7652089656250001 0.8136141546875001
5 0.38144356562500004 0.8498827203125 0.42695884531250006 0.8385344859374999 0.41047473281249997 0.8329996375000001 0.387510946875 0.8149775343749999 0.36651965937500003 0.7872284453125 0.3586675078125 0.766318128125 0.3540310640625 0.733611778125 0.3579849625 0.7000829265624999 0.36648765625 0.6742153484375 0.380371659375 0.648765140625 0.38836442656250003 0.639869275 0.3383033359375 0.6218608921875 0.29213020156249997 0.6149328749999999 0.2423934359375 0.612675990625 0.24054221875 0.72472484375 0.23640090468750002 0.7631107625 0.2326093125 0.776349628125 0.288772703125 0.8214499625 0.31346861875 0.8313687140624999 0.337500990625 0.8348333203125 0.35073746250000004 0.84240813125 0.377218784375 0.8443164921875 0.38144356562500004 0.8498827203125
1 0.6593793359375 0.699530459375 0.673936996875 0.7012035203125 0.6780958 0.680348546875 0.7021938750000001 0.6776432328124999 0.7259001031250001 0.6799901359375 0.7406537578125 0.70383673125 0.7652089656250001 0.8136141546875001 0.7669261796875 0.8132807609375 0.794263409375 0.8064648234374999 0.79575471875 0.7972557625000001 0.7930876125 0.786558584375 0.7993364203125 0.771113496875 0.7983071984375 0.7543268703125 0.8106406625 0.7480956375 0.8844757046874999 0.7378924984374999 0.903198159375 0.7294370781249999 0.9883278593749999 0.711368015625 0.9917454140625 0.7098846921875 0.95084979375 0.54586131875 0.8909283234375 0.418430465625 0.8563801671875 0.44038496250000003 0.8551150203125 0.45032912343750003 0.844275646875 0.4712192703125 0.8308034281250001 0.47511320156250003 0.8150723578125 0.4678018875 0.7980883249999999 0.4511742484375 0.7914170281249999 0.4501629453125 0.7622029078125 0.463865990625 0.7353759156249999 0.484997796875 0.7173738078125 0.48574172187500003 0.71466399375 0.48505711093750004 0.6956743578125 0.49712455312500003 0.6864637 0.4981585671875 0.6647825859375 0.48715226562499997 0.6258799109375001 0.46024038437500003 0.567037453125 0.48753608125000003 0.57429790625 0.516656171875 0.597892484375 0.5555907953125 0.6139142890625 0.5894699796875 0.6593793359375 0.699530459375
0 0.3586675078125 0.766318128125 0.36651965937500003 0.7872284453125 0.387510946875 0.8149775343749999 0.41047473281249997 0.8329996375000001 0.4503106265625 0.8463752828125 0.48639674531250005 0.8440648156250001 0.47617925000000005 0.80225724375 0.47076304999999996 0.7628705140625 0.5142988328125 0.752015825 0.5176697625 0.7478723453125 0.5172862734375 0.7397104328124999 0.520918434375 0.7321988078125 0.55603664375 0.71628633125 0.568979790625 0.73507931875 0.57558406875 0.7394882078125 0.5827108109375 0.737160809375 0.5860873125 0.7242079109375 0.5936031125000001 0.7212330078125 0.6070770828125001 0.7200755765625 0.6178234453125 0.7300577515625 0.6184764078125 0.7300270734375001 0.620322765625 0.7221891421875 0.6148660484375 0.6773737265625 0.590683534375 0.6227147453125 0.552308440625 0.5905045109375 0.523649203125 0.5778603796875 0.518439228125 0.57764296875 0.518429071875 0.5776801171875 0.5066660578125 0.588670284375 0.46432582499999997 0.5838559437499999 0.4627919734375 0.5842383765625 0.40481293906250004 0.6215622515625 0.380371659375 0.648765140625 0.36648765625 0.6742153484375 0.3579849625 0.7000829265624999 0.3540310640625 0.733611778125 0.3586675078125 0.766318128125
1 0.4204746375 0.5575190796875 0.4174362578125 0.5647224859375 0.4217219375 0.584065815625 0.456358784375 0.5829500421875 0.5066660578125 0.588670284375 0.518429071875 0.5776801171875 0.5248908953125 0.5540456703125 0.5300768703125 0.5489925812500001 0.5406955671875 0.5484936609375 0.53932489375 0.51714329375 0.5363001109375001 0.5028571328125 0.49534791875 0.4958787171875 0.4599545359375 0.4939601890625 0.4240622328125 0.4814229671875 0.4207662375 0.49621076718749996 0.4204746375 0.5575190796875
5 0.568979790625 0.73507931875 0.55603664375 0.71628633125 0.520918434375 0.7321988078125 0.5172862734375 0.7397104328124999 0.5176697625 0.7478723453125 0.5142988328125 0.752015825 0.47076304999999996 0.7628705140625 0.47617925000000005 0.80225724375 0.5034438031249999 0.9138173359374999 0.5096604140625 0.9166713765625 0.5485288609375 0.9113844 0.5995790515625 0.8997571609374999 0.7558309609375 0.8773142406250001 0.7757855578124999 0.8712379984374999 0.769462015625 0.8326279953125001 0.7406537578125 0.70383673125 0.7259001031250001 0.6799901359375 0.7021938750000001 0.6776432328124999 0.6780958 0.680348546875 0.673936996875 0.7012035203125 0.6421994703125 0.6975560359374999 0.6335178796875 0.7002711015624999 0.6265133953124999 0.7141285578125001 0.623264721875 0.7298020937499999 0.6178234453125 0.7300577515625 0.6070770828125001 0.7200755765625 0.5936031125000001 0.7212330078125 0.5860873125 0.7242079109375 0.5827108109375 0.737160809375 0.57558406875 0.7394882078125 0.568979790625 0.73507931875
5 0.8150723578125 0.4678018875 0.8308034281250001 0.47511320156250003 0.844275646875 0.4712192703125 0.8551150203125 0.45032912343750003 0.8563801671875 0.44038496250000003 0.8951685140625001 0.415735928125 0.900212853125 0.401639934375 0.90602413125 0.369165134375 0.9008731781250001 0.352796753125 0.8940776687499999 0.3491417734375 0.8652483734375 0.3515153609375 0.8260900921875001 0.36395326250000004 0.7878351484375 0.34139554843750003 0.73158080625 0.31530165 0.710814871875 0.3071059515625 0.6974709265625 0.307223396875 0.6858551390625001 0.361472728125 0.680253028125 0.46129644062499997 0.675579975 0.4854635140625 0.6797304546875 0.4913827609375 0.7013888953125 0.481703271875 0.7173738078125 0.48574172187500003 0.7353759156249999 0.484997796875 0.7622029078125 0.463865990625 0.7914170281249999 0.4501629453125 0.7980883249999999 0.4511742484375 0.8150723578125 0.4678018875