5 0.71878058125 0.3149866703125 0.6589200609375 0.36234836875 0.6531058453125 0.3711183640625 0.655669490625 0.3730901484375 0.65670426875 0.3753568046875 0.6631730499999999 0.36518238125 0.6938517046875 0.3776125125 0.7038411953125 0.3595374046875 0.722195075 0.345885453125 0.7410106765625 0.3454911671875 0.8727347249999999 0.36349885312499997 0.8790960609375 0.364735371875 0.8664239281249999 0.3556042953125 0.836785540625 0.3271977078125 0.7788818015625 0.290913159375 0.7718148015625 0.278216740625 0.7371683109375 0.2571797421875 0.7352384953125 0.260976159375 0.73444234375 0.2834668703125 0.71878058125 0.3149866703125
5 0.9070915625 0.385200484375 0.722195075 0.345885453125 0.7674049859375 0.4936004203125 0.9070915625 0.385200484375
3 0.687379409375 0.388137659375 0.68742809375 0.388059859375 0.6884639625 0.38736115781249997 0.6938517046875 0.3776125125 0.6631730499999999 0.36518238125 0.65670426875 0.3753568046875 0.6574840656250001 0.37706493750000003 0.6623042515625001 0.38421115625 0.6649583156250001 0.389684303125 0.6812022046874999 0.39039666875 0.687379409375 0.388137659375
5 0.87473925625 0.8136458765624999 0.873917615625 0.8112246875 0.87275630625 0.8160920046875001 0.873150028125 0.8161117421874999 0.8749621718749999 0.8153540749999999 0.87473925625 0.8136458765624999
1 0.6812022046874999 0.39039666875 0.68583853125 0.390599990625 0.687379409375 0.388137659375 0.6812022046874999 0.39039666875
3 0.8811590328125 0.7678456828125 0.8761454015625001 0.7872764 0.8774168203125001 0.79563018125 0.9217006359375001 0.6679631171875 0.9018972937499999 0.66101105 0.8841521671875 0.726998615625 0.8781296624999999 0.7579817125 0.8811590328125 0.7678456828125
5 0.65296864375 0.3710128375 0.6512790078124999 0.371719284375 0.6478028171875 0.3736307765625 0.644811215625 0.37304926875 0.64301065 0.371664396875 0.6406694578125001 0.3624128484375 0.6378436734374999 0.3556543015625 0.6368324609375 0.3528705484375 0.6325248875 0.348411165625 0.624727109375 0.34327335937500003 0.6089377218750001 0.33399494218750003 0.5960570265625 0.328386553125 0.5785920109375 0.322404503125 0.5770962109375 0.32211375000000003 0.5749079734375 0.3227232765625 0.5742155375 0.3236235609375 0.5741186203125 0.324122159375 0.57256908125 0.35072779375 0.569164090625 0.3842169125 0.5693719374999999 0.38580963125 0.570978665625 0.38819170468749997 0.57838876875 0.3953239125 0.5829870984375 0.39828749375 0.5822117546875 0.40227629531250003 0.5821148359375 0.4027748953125 0.5775585359375001 0.40758107031249996 0.5752873921874999 0.41127911875 0.572019046875 0.4147833296875 0.56530253125 0.42537886875 0.55768573125 0.435281975 0.5554145859374999 0.43898002187499996 0.5533372765625 0.44168086874999996 0.5476039515625 0.4498803265625 0.5409154546875 0.46565570625 0.537467284375 0.4727470359375 0.5355149124999999 0.48012912031250005 0.5328701062500001 0.48841148749999996 0.5309317453125 0.4983834890625 0.5293950656249999 0.5089510109375001 0.5275956515625 0.5261941703125 0.5273609375 0.538049646875 0.5279155765625 0.5485062390625 0.52845620625 0.5563729140625 0.5289139281249999 0.56732810625 0.530132984375 0.57170458125 0.5318065109375001 0.5720298828125 0.5322825078125 0.552274871875 0.5361178953125 0.5236577734375001 0.5441257953124999 0.4980107453125 0.5506077390625 0.46688546249999996 0.552676459375 0.465128565625 0.694328565625 0.4805724546875 0.70384805625 0.48205957499999996 0.6902108421875 0.4713475265625 0.68379803125 0.45743954374999996 0.6785909890624999 0.43211739375 0.6493098374999999 0.42642571562500003 0.6445508046875 0.411826275 0.647681228125 0.3957216421875 0.6530083015625 0.38916024375 0.6649583156250001 0.389684303125 0.6623042515625001 0.38421115625 0.6574840656250001 0.37706493750000003 0.655669490625 0.3730901484375 0.65296864375 0.3710128375
3 0.47388197187500003 0.8201822984374999 0.47189535625 0.8211965859375001 0.46514339375 0.8203609921874999 0.4535035734375 0.8205990109375 0.45287672968750003 0.817313425 0.44059853125000004 0.8067357640624999 0.438377565625 0.8036377328125001 0.43472962031250006 0.811595628125 0.43301089218750005 0.8273238265625 0.43636775625 0.844484796875 0.439485 0.8491062984375001 0.44583830312500006 0.8485565578125 0.45097231249999997 0.829030475 0.4763140375 0.8294946609375 0.4902641 0.8518379609375 0.5028277265625001 0.8560647828124999 0.517074834375 0.8539262187500001 0.5218745640625 0.8361198578125 0.5213894953125 0.8150598546875001 0.5149577562500001 0.8114461859375 0.51378991875 0.8082312546875 0.520117453125 0.796919275 0.50359250625 0.79290223125 0.487174465625 0.8133956843749999 0.47764317968750003 0.8182619765625001 0.4763492859375 0.820131846875 0.47388197187500003 0.8201822984374999
7 0.58121289375 0.774467909375 0.591602975 0.7146533953125 0.6021437328125 0.68269353125 0.6000886515625 0.666945496875 0.56232950625 0.7214551578124999 0.51378991875 0.8082312546875 0.5149577562500001 0.8114461859375 0.5505098484375 0.8314211078125 0.56050121875 0.80660911875 0.572535934375 0.7926396203125 0.58442376875 0.782147496875 0.58121289375 0.774467909375
7 0.59932846875 0.8588498250000001 0.6027735796875 0.860785459375 0.6326545953125 0.8976681781250001 0.6478675015625 0.92393109375 0.67723475 0.9296395078125 0.7031605484375001 0.89464075625 0.7462802984375 0.8480445375000001 0.7492223390625 0.8436716140625 0.738695859375 0.8390882749999999 0.7324724515625001 0.8329318375 0.6514233421875 0.8082147453124999 0.6446794515625001 0.8187838453125 0.6415085890625 0.823753253125 0.59932846875 0.8588498250000001
1 0.618094340625 0.757228503125 0.6303666921875 0.7540224140625 0.6379997093750001 0.755506121875 0.6452089609375 0.76156711875 0.6541784390625 0.7945303328125 0.6515601296875 0.8080003671875 0.6514233421875 0.8082147453124999 0.7324724515625001 0.8329318375 0.738695859375 0.8390882749999999 0.75921915625 0.8480243328125001 0.7902217484375 0.901662915625 0.8150316640625 0.9108138640625001 0.8148488796875 0.899029846875 0.8425207468749999 0.8870951546875 0.8541052390624999 0.872033390625 0.8840613453125 0.86425275625 0.8885461156250001 0.8570860687499999 0.898277528125 0.8515575671875 0.9012231875 0.84594673125 0.8946523296875 0.8415777796875 0.8741959984375001 0.84502156875 0.8684693453125 0.8426717359375001 0.8674925796874999 0.8381534828125 0.8775031015625 0.7961970890625001 0.8761454015625001 0.7872764 0.8811590328125 0.7678456828125 0.8781296624999999 0.7579817125 0.8841521671875 0.726998615625 0.9220774296875 0.5859685953125 0.9279171500000001 0.5432014828125 0.9225212062500001 0.5359692015624999 0.898009753125 0.5312046578125 0.8916771953125 0.54559135625 0.85387240625 0.579244 0.83675286875 0.5882166453125001 0.8342423140624999 0.5878667796875 0.8390499828125 0.609853971875 0.8939067140624999 0.6251433328125 0.894764465625 0.636671825 0.8824341546875001 0.63634083125 0.8427941046875 0.626977178125 0.855045253125 0.6830060578125 0.7116507109375 0.7337376984375 0.694718034375 0.738022678125 0.675566996875 0.736667703125 0.671649609375 0.720280003125 0.6671210328125 0.65831535 0.6645887312500001 0.6479678875 0.6042975953124999 0.6356863390624999 0.59990834375 0.6655637984375 0.6021437328125 0.68269353125 0.591602975 0.7146533953125 0.58121289375 0.774467909375 0.58442376875 0.782147496875 0.60065899375 0.767818396875 0.618094340625 0.757228503125
3 0.8822350296874999 0.47815414375 0.8906889390625 0.48251009843750003 0.9076423765625 0.38193275625 0.9047679828125 0.37327069687500003 0.9000638015625 0.3688110875 0.8727347249999999 0.36349885312499997 0.7410106765625 0.3454911671875 0.722195075 0.345885453125 0.7038411953125 0.3595374046875 0.6866542015625 0.3906357609375 0.6530083015625 0.38916024375 0.647681228125 0.3957216421875 0.6445508046875 0.411826275 0.6493098374999999 0.42642571562500003 0.6785909890624999 0.43211739375 0.68379803125 0.45743954374999996 0.6902108421875 0.4713475265625 0.70384805625 0.48205957499999996 0.762219140625 0.4911782265625 0.7674049859375 0.4936004203125 0.7998969265625 0.49835742187500004 0.8021090953125001 0.49486764687499996 0.8137002343749999 0.4853329046875 0.8632904343750001 0.4780592875 0.8822350296874999 0.47815414375
5 0.7453642875 0.61787475625 0.733774365625 0.6575068203125001 0.725718740625 0.6589635890625 0.7084167390625 0.6568958296875 0.6645887312500001 0.6479678875 0.6671210328125 0.65831535 0.671649609375 0.720280003125 0.675566996875 0.736667703125 0.694718034375 0.738022678125 0.7116507109375 0.7337376984375 0.855045253125 0.6830060578125 0.8427941046875 0.626977178125 0.8131122187500001 0.6199658140625 0.7952835390625 0.626916328125 0.7748228562499999 0.62720970625 0.7641802531249999 0.6355800734375 0.7562671125 0.625026346875 0.7547551640625 0.615716884375 0.7594666515624999 0.60856614375 0.7598301125 0.60612109375 0.7470933343749999 0.6117897484375 0.7464895359375 0.612349690625 0.7453642875 0.61787475625
6 0.8088090187500001 0.584322453125 0.788755128125 0.593247675 0.7959262218750001 0.5978347546875 0.8198429812500001 0.604500703125 0.8323121656250001 0.5875977984375 0.8088090187500001 0.584322453125
6 0.7952835390625 0.626916328125 0.8065868187499999 0.6224704109375 0.8091286140625 0.61902481875 0.7960241031249999 0.6159293109374999 0.772497165625 0.6004834734375 0.7598301125 0.60612109375 0.7594666515624999 0.60856614375 0.7547551640625 0.615716884375 0.7562671125 0.625026346875 0.7641802531249999 0.6355800734375 0.7748228562499999 0.62720970625 0.7952835390625 0.626916328125
3 0.42805525624999996 0.7665995875 0.42972906406250005 0.7782452328125 0.4365353984375 0.7826882375 0.437271875 0.794326525 0.43519461562500006 0.799197825 0.44059853125000004 0.8067357640624999 0.4549499375 0.8190994937499999 0.47189535625 0.8211965859375001 0.487174465625 0.8133956843749999 0.5037661140624999 0.792685528125 0.5087623859375 0.7792955578125 0.5101708046875 0.7628146546875 0.506501946875 0.7447484484375 0.49847688593750006 0.73062253125 0.48295608906250004 0.715039590625 0.46541787343749996 0.7098353640624999 0.4502346421875 0.714064615625 0.4359169703125 0.7292329765625001 0.43045618281250003 0.741934271875 0.42805525624999996 0.7665995875
6 0.40142534531249996 0.8733222421875 0.4159125859375 0.8656427234375 0.4152291265625 0.8460181312499999 0.437271875 0.794326525 0.4365353984375 0.7826882375 0.4103681640625 0.7656069249999999 0.3833899328125 0.8298334546874999 0.3751633859375 0.838729928125 0.37310392187499997 0.8493249515624999 0.3730915015625 0.8648159718749999 0.39240930625 0.8785667390624999 0.3983756328125 0.878726896875 0.40142534531249996 0.8733222421875
6 0.6541784390625 0.7945303328125 0.6452089609375 0.76156711875 0.6379997093750001 0.755506121875 0.6303666921875 0.7540224140625 0.618094340625 0.757228503125 0.60065899375 0.767818396875 0.572535934375 0.7926396203125 0.56050121875 0.80660911875 0.545187825 0.8446375078124999 0.5384906593750001 0.8503252015625 0.538092121875 0.8595670546875 0.5431814921875 0.8717395124999999 0.5554412265625001 0.8662011406250001 0.575022721875 0.8709393296875 0.58703324375 0.86908024375 0.6415085890625 0.823753253125 0.6515601296875 0.8080003671875 0.6541784390625 0.7945303328125
5 0.69382640625 0.6142485640625 0.6861560718749999 0.5825192546875 0.6892279328125 0.566715903125 0.6961654578124999 0.556404259375 0.688213190625 0.5541739406249999 0.6838999203125 0.5471382015625 0.685931284375 0.536687740625 0.7031412718750001 0.5384836921875 0.715186259375 0.5461884203125 0.715263465625 0.5461509796875 0.7277879484375 0.5449978921875 0.758176196875 0.53048465 0.7599672046875 0.52053491875 0.760463203125 0.5046546109375 0.7685529421874999 0.49413660468750004 0.762219140625 0.4911782265625 0.694328565625 0.4805724546875 0.552676459375 0.465128565625 0.5506077390625 0.46688546249999996 0.5441257953124999 0.4980107453125 0.5361178953125 0.5236577734375001 0.5322825078125 0.552274871875 0.531671515625 0.5776324984375 0.5231676171874999 0.6191598359375 0.7084167390625 0.6568958296875 0.725718740625 0.6589635890625 0.733774365625 0.6575068203125001 0.7453642875 0.61787475625 0.7464895359375 0.612349690625 0.735214209375 0.6228060531249999 0.71602325625 0.6318885703125 0.7058442984375 0.628884953125 0.69382640625 0.6142485640625
0 0.8824341546875001 0.63634083125 0.894764465625 0.636671825 0.8939067140624999 0.6251433328125 0.7959262218750001 0.5978347546875 0.788755128125 0.593247675 0.7757585828125 0.599031940625 0.772497165625 0.6004834734375 0.7960241031249999 0.6159293109374999 0.8824341546875001 0.63634083125
3 0.83675286875 0.5882166453125001 0.85387240625 0.579244 0.8916771953125 0.54559135625 0.9026912203125 0.520569003125 0.8995893265625 0.4943403375 0.8934155734375 0.483915021875 0.8822350296874999 0.47815414375 0.8632904343750001 0.4780592875 0.8137002343749999 0.4853329046875 0.8021090953125001 0.49486764687499996 0.7888039109375 0.515857040625 0.7277879484375 0.5449978921875 0.715263465625 0.5461509796875 0.6971562203125 0.5549316328125 0.6892279328125 0.566715903125 0.6861560718749999 0.5825192546875 0.69382640625 0.6142485640625 0.7058442984375 0.628884953125 0.71602325625 0.6318885703125 0.735214209375 0.6228060531249999 0.7470933343749999 0.6117897484375 0.8088090187500001 0.584322453125 0.83675286875 0.5882166453125001