5 0.7245025578125001 0.2304268140625 0.686478571875 0.2163871875 0.685308603125 0.2204820796875 0.688818509375 0.2427114859375 0.6794587578125 0.2766405828125 0.6297350828125 0.33455403906250003 0.6257010843749999 0.34427230937500003 0.6285938625 0.3457187 0.6300421265625 0.3477462671875 0.6344506875 0.336524475 0.66693746875 0.3428724671875 0.67329453125 0.3232233640625 0.688706284375 0.3063201515625 0.7071009562499999 0.302342925 0.8398408921874999 0.294885625 0.846321290625 0.294885625 0.8321396890624999 0.2883402703125 0.797625609375 0.2661108625 0.7338623078125 0.2415415171875 0.7245025578125001 0.2304268140625
5 0.7612709062499999 0.442694721875 0.8777073640624999 0.30963294218750004 0.688706284375 0.3063201515625 0.7612709062499999 0.442694721875
3 0.6311335234375 0.349274225 0.6372287125 0.3553694125 0.6408783390624999 0.3602355828125 0.6569597078125 0.3578353796875 0.66259238125 0.354439209375 0.6626253265625001 0.3543535484375 0.6635088437500001 0.35347003125 0.66693746875 0.3428724671875 0.6344506875 0.336524475 0.6300421265625 0.3477462671875 0.6311335234375 0.349274225
5 0.9264321656250001 0.73415976875 0.9262209203125 0.7391592484375 0.926611175 0.739103496875 0.9282454546875 0.7380139765625 0.9277006953125 0.736379696875 0.9264321656250001 0.73415976875
1 0.66259238125 0.354439209375 0.6569597078125 0.3578353796875 0.6615496484375 0.3571503140625 0.66259238125 0.354439209375
3 0.94600168125 0.5844128875 0.925235665625 0.5813672046875 0.9204075875 0.649528321875 0.9204075875 0.6810913203125 0.9252634328125 0.69019603125 0.924049471875 0.710226396875 0.9268915078125 0.7181840984375001 0.94600168125 0.5844128875
5 0.6408783390624999 0.3602355828125 0.6372287125 0.3553694125 0.6311335234375 0.349274225 0.6285938625 0.3457187 0.62554626875 0.3441949015625 0.624022471875 0.3452107671875 0.620974878125 0.347750428125 0.617927284375 0.347750428125 0.6158955546875 0.34673456406250003 0.611832096875 0.3380997140625 0.6077686390625 0.3320045265625 0.606244840625 0.329464865625 0.60116551875 0.32590933906249997 0.59253066875 0.3223538140625 0.5752609703125 0.316258625 0.5615467984375 0.31321103125 0.5432612359375 0.31067137031250003 0.5417374390624999 0.31067137031250003 0.539705709375 0.311687234375 0.5391977781249999 0.3127031 0.5391977781249999 0.31321103125 0.542753303125 0.3396235109375 0.545800896875 0.37314704375 0.5463088296875 0.374670840625 0.5483405593749999 0.3767025703125 0.5569754078125 0.382289825 0.56205473125 0.3843215546875 0.56205473125 0.3883850125 0.56205473125 0.38889294531249996 0.5584992046874999 0.3944802 0.5569754078125 0.39854365937499997 0.5544357468750001 0.40260711718750003 0.54986435625 0.41428955937499995 0.5442771 0.4254640703125 0.542753303125 0.4295275296875 0.54122950625 0.4325751234375 0.5371660484375 0.4417179046875 0.533610521875 0.4584796703125 0.53157879375 0.4660986546875 0.5310708609375 0.4737176390625 0.530054996875 0.48235248906250006 0.530054996875 0.49251113437500005 0.5305629281249999 0.5031777125 0.532086725 0.5204474109375 0.5341184546875 0.5321298546875 0.536658115625 0.5422885 0.5386898453125 0.549907484375 0.54122950625 0.5605740625 0.5432612359375 0.564637521875 0.5449660859375001 0.564637521875 0.541663903125 0.5451546421875 0.5399684234375 0.51633149375 0.5429355124999999 0.48962769531249994 0.5433593812499999 0.45783745781249996 0.5450548609375 0.45571810937499996 0.6870512515625 0.44384975468750004 0.6966795984374999 0.44349314843750004 0.681248984375 0.4355800140625 0.6723002250000001 0.42315118125 0.6623571578125 0.399287821875 0.6325279593750001 0.399287821875 0.6250706593750001 0.38586468125 0.6250706593750001 0.369458621875 0.6290478859374999 0.362001321875 0.6408783390624999 0.3602355828125
3 0.5594148828125001 0.786835309375 0.547208821875 0.81008495 0.5387811859375 0.816680490625 0.5378678515625 0.8187628921875 0.5354554968749999 0.8192832031249999 0.5336989156249999 0.8206579187499999 0.5269115671875 0.8211260125000001 0.51553101875 0.8235806406249999 0.5142887734375 0.820475028125 0.500217846875 0.8124344984375 0.4974465546875 0.8098171671875001 0.4953840703125 0.8183249140625 0.49669800156250005 0.834092090625 0.5032676578124999 0.8502972453125001 0.507209453125 0.8542390390625 0.5133411328124999 0.85248713125 0.5146550640625 0.8323401828125 0.5396197609375 0.8279604109375001 0.5575768234375 0.8472314046875 0.5707161375 0.8489833140625 0.584293428125 0.8441655656249999 0.585607359375 0.825770525 0.5811127640625 0.805190009375 0.5741096734375 0.8028699671874999 0.5723498546875 0.7999369375 0.5764027078125 0.7876254406250001 0.5594148828125001 0.786835309375
7 0.61281996875 0.8156942359375 0.61789341875 0.78943166875 0.6270415171875 0.7734224968750001 0.636708946875 0.7608548374999999 0.6320917296874999 0.7539290109375 0.63087776875 0.6932309359375 0.6351266343749999 0.65984699375 0.63010444375 0.6447804234375 0.6034399734375 0.705493371875 0.5723498546875 0.7999369375 0.5741096734375 0.8028699671874999 0.61281996875 0.8156942359375
7 0.7917276671875 0.78245710625 0.7074514140625 0.7736590359375 0.7028481078125 0.785320746875 0.7006837109374999 0.7908038828125 0.6659753 0.8333039781249999 0.66972645 0.834546690625 0.706096021875 0.8650502031249999 0.726040625 0.8879278359375 0.75595753125 0.8879278359375 0.7747289234375 0.8486252343749999 0.8081654640625 0.7946574828124999 0.8102190578125 0.7898035343750001 0.7990114375 0.7873129515625 0.7917276671875 0.78245710625
1 0.63087776875 0.6932309359375 0.6320917296874999 0.7539290109375 0.636708946875 0.7608548374999999 0.6499117640625001 0.7436911765625001 0.6650061265625 0.729969028125 0.67644125 0.72448016875 0.6842171328125 0.72448016875 0.692450421875 0.72905421875 0.707544784375 0.7597003484375 0.707544784375 0.7734224968750001 0.7074514140625 0.7736590359375 0.7917276671875 0.78245710625 0.7990114375 0.7873129515625 0.82086274375 0.7921687984375 0.8615304546875 0.838906315625 0.8876306265625 0.84315518125 0.8852027031249999 0.831622546875 0.9100889140625 0.8146270859375001 0.9185866453125 0.797631625 0.946507759375 0.7842780484375 0.9495426625000001 0.7763872984375 0.9580403937499999 0.7691035296875001 0.9598613359374999 0.7630337218750001 0.9525775671875 0.75999881875 0.9331541828125 0.7672825875 0.927084375 0.7660686250000001 0.9252634328125 0.7618197609374999 0.927084375 0.7187241265625001 0.924049471875 0.710226396875 0.9252634328125 0.69019603125 0.9204075875 0.6810913203125 0.9204075875 0.649528321875 0.930726259375 0.5038529406250001 0.9282983375 0.4607573078125 0.9216215484375001 0.4546875 0.8966513218750001 0.4546875 0.8931802234375 0.4700181828125 0.8624912421875001 0.5102660265625001 0.8473983 0.5223403796875 0.8448671140625 0.5224759796875 0.85378180625 0.5431418578125 0.9105480125 0.547683153125 0.91358974375 0.5588361671875 0.9014228187500001 0.5608639890625 0.8607244 0.5592360515625 0.8834412734375 0.6118978937499999 0.752361346875 0.68905841875 0.736557384375 0.696495578125 0.7174996640625 0.6988196890625 0.710527328125 0.68348055 0.6942585421875 0.6235184546875 0.6897983765625 0.613844290625 0.628271528125 0.6132924796875 0.6296638078125001 0.6434585140625 0.6351266343749999 0.65984699375 0.63087776875 0.6932309359375
3 0.79407355625 0.44116456875 0.7955792015625 0.43731680937500006 0.8051380640625 0.42574555312499995 0.8524292812500001 0.40914331718749997 0.8710439093750001 0.40562163125 0.8801736531250001 0.40828447343749996 0.8776245453125 0.3063201515625 0.8731501640625 0.2983656984375 0.867681478125 0.294885625 0.8398408921874999 0.294885625 0.7071009562499999 0.302342925 0.688706284375 0.3063201515625 0.67329453125 0.3232233640625 0.6623571578125 0.3570297890625 0.6290478859374999 0.362001321875 0.6250706593750001 0.369458621875 0.6250706593750001 0.38586468125 0.6325279593750001 0.399287821875 0.6623571578125 0.399287821875 0.6723002250000001 0.42315118125 0.681248984375 0.4355800140625 0.6966795984374999 0.44349314843750004 0.7557181625 0.4413065359375 0.7612709062499999 0.442694721875 0.79407355625 0.44116456875
5 0.775414915625 0.55706290625 0.7753051609375 0.554593428125 0.7638840234375001 0.562588225 0.7633981609375 0.5632530890624999 0.76334781875 0.5688913515625 0.759532990625 0.6100067250000001 0.751903334375 0.6129738140625001 0.734524671875 0.6142454234375 0.6897983765625 0.613844290625 0.6942585421875 0.6235184546875 0.710527328125 0.68348055 0.7174996640625 0.6988196890625 0.736557384375 0.696495578125 0.752361346875 0.68905841875 0.8834412734375 0.6118978937499999 0.8607244 0.5592360515625 0.830250021875 0.5580170765625 0.8140751265624999 0.5682417625 0.7940463421875 0.5724338328125 0.785196415625 0.5826811171874999 0.775414915625 0.573831190625 0.7721544171875 0.5649812625 0.775414915625 0.55706290625
6 0.801242378125 0.5364373765625 0.809156975 0.5395718703125 0.8339062390624999 0.5415518125000001 0.842921103125 0.5225802296875 0.8192248093750001 0.5238496734375 0.801242378125 0.5364373765625
6 0.7721544171875 0.5649812625 0.775414915625 0.573831190625 0.785196415625 0.5826811171874999 0.7940463421875 0.5724338328125 0.8140751265624999 0.5682417625 0.8243224109374999 0.5617207625 0.82616005625 0.557853478125 0.8127056625 0.5573153015625001 0.786663775 0.5466423984375 0.7753051609375 0.554593428125 0.775414915625 0.55706290625 0.7721544171875 0.5649812625
3 0.50609171875 0.7125786781250001 0.49199442656250003 0.7196273234375 0.48083407031250003 0.7372489390625 0.47789713437500003 0.75075884375 0.48024668281249994 0.77542910625 0.4841118328125 0.7865414109375 0.49164088125000005 0.789604075 0.494584515625 0.8008880078124999 0.493474909375 0.8060661687499999 0.500217846875 0.8124344984375 0.5166646874999999 0.82183269375 0.5336989156249999 0.8206579187499999 0.547208821875 0.81008495 0.5595439515625 0.7865894625000001 0.5618935015625001 0.7724921703125001 0.5601313390625 0.756045328125 0.55308269375 0.7390111 0.5425097234375 0.7266759703125001 0.524300721875 0.7143408390625 0.50609171875 0.7125786781250001
6 0.442089703125 0.8671197812500001 0.44503333749999996 0.8823285578125001 0.4666199890625 0.8921406734374999 0.4725072578125 0.8911594609375 0.47446968125 0.8852721921875 0.4872254296875 0.874969471875 0.482809978125 0.8558358484375 0.494584515625 0.8008880078124999 0.49164088125000005 0.789604075 0.46269514375 0.7778295375 0.448467578125 0.846023734375 0.442089703125 0.8563264546875 0.442089703125 0.8671197812500001
6 0.6444229046875 0.84980911875 0.655858028125 0.8456924750000001 0.7006837109374999 0.7908038828125 0.707544784375 0.7734224968750001 0.707544784375 0.7597003484375 0.692450421875 0.72905421875 0.6842171328125 0.72448016875 0.67644125 0.72448016875 0.6650061265625 0.729969028125 0.6499117640625001 0.7436911765625001 0.6270415171875 0.7734224968750001 0.61789341875 0.78943166875 0.6101175343749999 0.8296833031249999 0.6046286765625 0.8365443765625 0.6060008906250001 0.8456924750000001 0.61331936875 0.85667019375 0.6242970875 0.8488943093750001 0.6444229046875 0.84980911875
5 0.7633981609375 0.5632530890624999 0.7543251609375 0.5756687734375 0.7372198265625001 0.588246225 0.7266547671875 0.5872400296875 0.7120649234374999 0.575165675 0.6984812765624999 0.545482890625 0.6984812765624999 0.5293837531250001 0.7033237859375 0.5179378203125 0.6950920593750001 0.5172658421875 0.689515553125 0.51118238125 0.689515553125 0.5005363218750001 0.7067520296875001 0.49901545625 0.720045846875 0.504280334375 0.7201144921875 0.50422885 0.7321888453125001 0.5007071640625 0.75924951875 0.48066222031250005 0.759109121875 0.47055355312499997 0.7565659015625 0.4548703703125 0.7625000796875 0.44300201406250006 0.7557181625 0.4413065359375 0.6870512515625 0.44384975468750004 0.5450548609375 0.45571810937499996 0.5433593812499999 0.45783745781249996 0.5429355124999999 0.48962769531249994 0.5399684234375 0.51633149375 0.541663903125 0.5451546421875 0.5459026 0.5701629609375 0.54547873125 0.61254994375 0.734524671875 0.6142454234375 0.751903334375 0.6129738140625001 0.759532990625 0.6100067250000001 0.76334781875 0.5688913515625 0.7633981609375 0.5632530890624999
0 0.801242378125 0.5364373765625 0.78958830625 0.5445952265625 0.786663775 0.5466423984375 0.8127056625 0.5573153015625001 0.9014228187500001 0.5608639890625 0.91358974375 0.5588361671875 0.9105480125 0.547683153125 0.809156975 0.5395718703125 0.801242378125 0.5364373765625
3 0.7372198265625001 0.588246225 0.7543251609375 0.5756687734375 0.7638840234375001 0.562588225 0.8192248093750001 0.5238496734375 0.8473983 0.5223403796875 0.8624912421875001 0.5102660265625001 0.8931802234375 0.4700181828125 0.8992174000000001 0.44335398593750003 0.89116783125 0.41819908281249996 0.8831182625 0.40914331718749997 0.8710439093750001 0.40562163125 0.8524292812500001 0.40914331718749997 0.8051380640625 0.42574555312499995 0.7955792015625 0.43731680937500006 0.7865234359375 0.46045931875 0.7321888453125001 0.5007071640625 0.7201144921875 0.50422885 0.7040153546875 0.516303203125 0.6984812765624999 0.5293837531250001 0.6984812765624999 0.545482890625 0.7120649234374999 0.575165675 0.7266547671875 0.5872400296875 0.7372198265625001 0.588246225