6 0.8611287765625001 0.8687065796875 0.859236775 0.8479814187500001 0.8114676109375001 0.8381657734375001 0.80999325625 0.8456585078125001 0.7969007703125001 0.8808124859375001 0.7708476 0.875847428125 0.7694236906249999 0.884934159375 0.7540462 0.9165990718750001 0.75629995625 0.9169615828125 0.7786340828125 0.9102139203125 0.8095101796874999 0.9099843796875 0.8339067218749999 0.8984501296875 0.8535480609375 0.8822476546875 0.8611287765625001 0.8687065796875
0 0.6468189109375 0.4451026609375 0.660496540625 0.4242946390625 0.6607577421874999 0.42394092031249997 0.6635991531250001 0.41057313281249996 0.6343930921875 0.41897438124999997 0.606189740625 0.44308260468749994 0.6060722640625 0.443276346875 0.6296501906249999 0.4488431734375 0.6454614656250001 0.45458851093749997 0.6450544218750001 0.45340393125 0.6468189109375 0.4451026609375
3 0.5880905671875001 0.77100468125 0.583740071875 0.770210946875 0.53932925625 0.7660711203125 0.539490496875 0.76794134375 0.54442670625 0.7816826796874999 0.55174856875 0.7898872390625 0.5648027296875 0.7938707593750001 0.5768958921875 0.7910017640625 0.5823164625 0.801365646875 0.5880905671875001 0.77100468125
5 0.5045027359375001 0.8044321703125 0.5065959484375 0.797173221875 0.5041507359375 0.7792463390625 0.5038314749999999 0.7794062203125 0.4864415796875 0.7844916296875 0.48515011250000006 0.783772728125 0.48511860625000003 0.7840585921875001 0.48022409843749997 0.7921743921875 0.48174906875 0.7955254015625 0.48100385156250003 0.8055895625 0.4780018640625 0.8142465578125 0.48106000312499997 0.8137564578125 0.5045027359375001 0.8044321703125
6 0.6749125234375 0.78690781875 0.67370834375 0.794668278125 0.670650590625 0.7973385546875 0.6715350875 0.7872670796875 0.6537351390625 0.797293175 0.6559668125 0.8007296500000001 0.65306149375 0.80506933125 0.6669849734375 0.808028859375 0.656316371875 0.8199196671875001 0.643658575 0.8503169578125 0.7708476 0.875847428125 0.6772636828125 0.7840403578124999 0.6749125234375 0.78690781875
6 0.5814395265625001 0.8059766859374999 0.5816842640625 0.8378769453125001 0.6537351390625 0.797293175 0.6526054953125 0.7955536765625 0.6460364171874999 0.7961402671875 0.641405775 0.8016003875 0.638317121875 0.797473815625 0.6381750484375 0.7934778359375 0.6320985609374999 0.784750396875 0.6330378624999999 0.7792051796874999 0.5880905671875001 0.77100468125 0.5814395265625001 0.8059766859374999
6 0.7744215546875 0.8530401140625001 0.7708476 0.875847428125 0.7969007703125001 0.8808124859375001 0.80999325625 0.8456585078125001 0.8114676109375001 0.8381657734375001 0.7751152640625001 0.830696065625 0.7798394 0.8359320984374999 0.7744215546875 0.8530401140625001
3 0.474516396875 0.7548067609375 0.459715609375 0.7351070359375 0.455386396875 0.733367234375 0.3811608640625 0.678865490625 0.37840703593749997 0.6814897296875 0.37361895624999997 0.6917603171875 0.391463203125 0.7233414359375 0.4215228203125 0.7334697515624999 0.432420309375 0.7390387171875 0.438382403125 0.7547105203125 0.4511355453125 0.7690378328125 0.4763647234375 0.7836936984375 0.48022409843749997 0.7921743921875 0.48511860625000003 0.7840585921875001 0.48515011250000006 0.783772728125 0.4791498625 0.7804326578125 0.474516396875 0.7548067609375
6 0.28882501875 0.8637136828124999 0.2945981171875 0.8802746390625 0.3477905140625 0.9120261562499999 0.374471453125 0.902363521875 0.41785089218750004 0.9125134296875 0.430032675 0.90766815625 0.4373520328125 0.8994660328125 0.473800515625 0.8263622203125 0.48100385156250003 0.8055895625 0.48174906875 0.7955254015625 0.4763647234375 0.7836936984375 0.4511355453125 0.7690378328125 0.438382403125 0.7547105203125 0.432420309375 0.7390387171875 0.4215228203125 0.7334697515624999 0.3729587890625 0.7171065421875 0.3579205578125 0.7222739828125 0.35053461406249997 0.7286033046875 0.3178488828125 0.792749015625 0.2905538859375 0.853393940625 0.28882501875 0.8637136828124999
5 0.47183509843750004 0.7399775453124999 0.4791498625 0.7804326578125 0.4864415796875 0.7844916296875 0.5038314749999999 0.7794062203125 0.53185171875 0.7653740875 0.5300796984375 0.76520890625 0.518619478125 0.7616086296875 0.510021003125 0.7517624609375 0.5036725953125 0.7527722109375 0.47183509843750004 0.7399775453124999
6 0.5046042921875 0.4208850203125 0.42663201875 0.41580172812500005 0.4183258296875 0.424607203125 0.41533479218749997 0.43867892968750005 0.41192097499999997 0.4439282171875 0.40827132187500004 0.43947558593749997 0.39504515156250003 0.4541294234375 0.3924386390625 0.47287897343749996 0.3937026484375 0.47774373593749997 0.3979293859375 0.48086496562500003 0.48241289531250003 0.45999363750000005 0.5117398390625 0.45733711250000003 0.5154055093750001 0.4535419125 0.5276460359375 0.44799339531250004 0.594459115625 0.445894309375 0.64567720625 0.45521635781249997 0.6454614656250001 0.45458851093749997 0.6296501906249999 0.4488431734375 0.5320552015625 0.425800671875 0.5046042921875 0.4208850203125
1 0.8644934875000001 0.338089053125 0.8558393171875001 0.3379848171875 0.8442309328125001 0.3436152859375 0.8173273609375 0.34772992343750003 0.777120403125 0.36000685468750004 0.7662525609374999 0.3594320875 0.75986815625 0.345928184375 0.7514839953125 0.3418323890625 0.74287796875 0.3469441828125 0.726323565625 0.34863123125 0.7203669953125 0.35488460625 0.7104883546874999 0.35509852343750004 0.707416509375 0.36138664375 0.707159896875 0.37347895625 0.7000270000000001 0.3852665125 0.693551221875 0.39237251562500003 0.6962287546875 0.39222637968749996 0.7746860437499999 0.42943535625000007 0.77589055 0.42454037343750006 0.78207318125 0.413004596875 0.7896237968750001 0.40673376406250006 0.7952010375 0.405846671875 0.8368933875 0.4105635140625 0.8770961578125 0.42124439375 0.8842189640625 0.41400613125 0.8922393312500001 0.36538821875 0.8806255000000001 0.34383170625 0.8644934875000001 0.338089053125
4 0.5117398390625 0.45733711250000003 0.48241289531250003 0.45999363750000005 0.3962235625 0.48128638281249997 0.3856182171875 0.48817357499999997 0.3757115171875 0.51471098125 0.35806153281249997 0.5920133515625 0.3500703734375 0.6439444875 0.35259148749999997 0.65788779375 0.455386396875 0.733367234375 0.5036725953125 0.7527722109375 0.510021003125 0.7517624609375 0.5036369234375 0.744452009375 0.498430103125 0.7223872953125 0.495079659375 0.620378278125 0.49987691874999995 0.49099281718750004 0.5025515296874999 0.4729320171875 0.5079412015625 0.461269978125 0.5117398390625 0.45733711250000003
4 0.5558444375 0.5083249859375 0.576018234375 0.5107868453125 0.6256741546875 0.5437850656250001 0.6280356 0.5368124171875001 0.64449349375 0.522125165625 0.6631381640625 0.5291075359375 0.666968446875 0.5110874671875 0.66849214375 0.510915615625 0.6731342671875 0.512398053125 0.6771119515625 0.521670821875 0.6967298546875 0.527327903125 0.7023618265625 0.5334822421875 0.7038055984375 0.5337485734375 0.7038353390625 0.5162156296875 0.6939632546875 0.51216581875 0.64496854375 0.480968353125 0.6457369859375001 0.46584984062499996 0.6493871234374999 0.45589158906250005 0.594459115625 0.445894309375 0.5276460359375 0.44799339531250004 0.5154055093750001 0.4535419125 0.5079412015625 0.461269978125 0.5025515296874999 0.4729320171875 0.49987691874999995 0.49099281718750004 0.495079659375 0.620378278125 0.498430103125 0.7223872953125 0.5036369234375 0.744452009375 0.518619478125 0.7616086296875 0.5300796984375 0.76520890625 0.583740071875 0.770210946875 0.6330378624999999 0.7792051796874999 0.635989059375 0.761782659375 0.633232628125 0.7537609234375 0.6332577374999999 0.72798868125 0.6288355359375 0.7161428140625 0.624122375 0.7126623890625 0.6273823125 0.6973255843749999 0.6503741984375 0.58915726875 0.62694584375 0.5790135796875 0.6211684234375 0.566268078125 0.6213427499999999 0.5612559828125 0.5862093265625 0.537302534375 0.558165765625 0.5289067421875 0.5532446796875 0.52055588125 0.5558444375 0.5083249859375
6 0.8890937546875 0.600616934375 0.8986582249999999 0.6045770015625 0.9086006796874999 0.6066903359375 0.914186396875 0.600542328125 0.9362240078124999 0.5428766140625 0.9440924953125001 0.5029824765625001 0.908616065625 0.48855120156250004 0.90042761875 0.5231369859375 0.8927372046875 0.547616721875 0.8821479203125 0.5486820140625001 0.78010401875 0.5236758 0.7703826234375 0.51870785625 0.7626595046875 0.506288890625 0.7606726234375001 0.48638440781250003 0.7746860437499999 0.42943535625000007 0.6962287546875 0.39222637968749996 0.6733461562499999 0.3934752734375 0.6660058875 0.3992503390625 0.660287453125 0.4261534546875 0.6457369859375001 0.46584984062499996 0.64496854375 0.480968353125 0.6939632546875 0.51216581875 0.7551525140625001 0.537267409375 0.7555720796875 0.537356590625 0.7877347343750001 0.5516288140625 0.8486574671874999 0.5705270140625001 0.858920084375 0.57122123125 0.86542960625 0.5755792093750001 0.890163928125 0.5828195421875 0.8943019812499999 0.5866734484375 0.8901571140625 0.5991769421875001 0.8890937546875 0.600616934375
6 0.8368933875 0.4105635140625 0.7952010375 0.405846671875 0.7896237968750001 0.40673376406250006 0.78207318125 0.413004596875 0.77589055 0.42454037343750006 0.7606726234375001 0.48638440781250003 0.7626595046875 0.506288890625 0.7703826234375 0.51870785625 0.78010401875 0.5236758 0.8821479203125 0.5486820140625001 0.8927372046875 0.547616721875 0.90042761875 0.5231369859375 0.9207034859375 0.43749720937500003 0.9186017078125 0.43373435000000005 0.9071253312499999 0.4292224015625 0.8368933875 0.4105635140625
3 0.7196506140625 1 0.72299310625 0.9944205484375 0.727713134375 0.9785002781250001 0.749623359375 0.9257064640625 0.7694236906249999 0.884934159375 0.7744215546875 0.8530401140625001 0.7798394 0.8359320984374999 0.7751152640625001 0.830696065625 0.7303714046875001 0.8215020609374999 0.7124260859375 0.8033117078125 0.6941187703125 0.7914888046875 0.6875977640625 0.7801882703125 0.6807204171875 0.7798245484375 0.6749125234375 0.78690781875 0.67370834375 0.794668278125 0.670650590625 0.7973385546875 0.6696617828125 0.8085978328125 0.6669849734375 0.808028859375 0.656316371875 0.8199196671875001 0.6081011125 0.9357070593750001 0.6033914015625 0.9578645109374999 0.60554255625 0.9707917343749999 0.6114380828125 0.9849602015625001 0.626504565625 1 0.7196506140625 1
1 0.8999368499999999 0.758399775 0.908760434375 0.7285490343750001 0.9153478078124999 0.718547603125 0.9161726187499999 0.705338409375 0.9344063765625 0.6522060078125 0.9408172328125 0.6173809218749999 0.936275921875 0.615424190625 0.9300505453125 0.6190581734375 0.8839844796874999 0.61422375625 0.8831962593749999 0.6086032640625 0.8901571140625 0.5991769421875001 0.8943019812499999 0.5866734484375 0.890163928125 0.5828195421875 0.86542960625 0.5755792093750001 0.858920084375 0.57122123125 0.8486574671874999 0.5705270140625001 0.7877347343750001 0.5516288140625 0.7555720796875 0.537356590625 0.7394460875 0.5339289046875 0.720011515625 0.5367380765624999 0.7023618265625 0.5334822421875 0.6967298546875 0.527327903125 0.6771119515625 0.521670821875 0.6731342671875 0.512398053125 0.66849214375 0.510915615625 0.666968446875 0.5110874671875 0.6631381640625 0.5291075359375 0.7118719875 0.547358196875 0.7406467640625001 0.5431693578125001 0.753493171875 0.5483246765625001 0.801637153125 0.5870485890625 0.80366576875 0.6117270984375 0.7986433109375 0.623066978125 0.799038890625 0.630022390625 0.7956296640625 0.6298712937500001 0.79434135625 0.6327800796874999 0.7821394203125 0.6417039515625 0.7678136703125 0.6435083828125 0.72079894375 0.6365460078125 0.7051759171875001 0.6301943171875 0.6874514515625 0.6052104671875 0.6842723625 0.6038340296875 0.6835079953125 0.6036393265625 0.6829604312499999 0.6032660078125 0.6503741984375 0.58915726875 0.624122375 0.7126623890625 0.6288355359375 0.7161428140625 0.6332577374999999 0.72798868125 0.633232628125 0.7537609234375 0.635989059375 0.761782659375 0.6320985609374999 0.784750396875 0.6381750484375 0.7934778359375 0.638317121875 0.797473815625 0.641405775 0.8016003875 0.6460364171874999 0.7961402671875 0.6526054953125 0.7955536765625 0.6559668125 0.8007296500000001 0.65306149375 0.80506933125 0.6696617828125 0.8085978328125 0.6717559171875 0.78475254375 0.6782837374999999 0.7796956796875001 0.6875977640625 0.7801882703125 0.6941187703125 0.7914888046875 0.7124260859375 0.8033117078125 0.7303714046875001 0.8215020609374999 0.87048974375 0.8502936875 0.880594134375 0.8167494109375 0.897469234375 0.78166995625 0.8999368499999999 0.758399775
3 0.7118719875 0.547358196875 0.64449349375 0.522125165625 0.6280356 0.5368124171875001 0.6256741546875 0.5437850656250001 0.68249385 0.5815438828125 0.80366576875 0.6117270984375 0.801637153125 0.5870485890625 0.753493171875 0.5483246765625001 0.7406467640625001 0.5431693578125001 0.7118719875 0.547358196875
0 0.7982679046875 0.6164662843750001 0.6837639578125 0.5823879171875 0.576018234375 0.5107868453125 0.5558444375 0.5083249859375 0.5532446796875 0.52055588125 0.558165765625 0.5289067421875 0.5862093265625 0.537302534375 0.6835079953125 0.6036393265625 0.7845655328125 0.6293809328125 0.799038890625 0.630022390625 0.7982679046875 0.6164662843750001