6 0.8578335296875 0.843318478125 0.8879871859374999 0.8366744531249999 0.9094524984374999 0.8203199281250001 0.9252959437499999 0.8003878515625 0.9298956546875001 0.7855665625 0.9237359953125001 0.7656876640625 0.8749699140624999 0.7660182828125001 0.8750856046875001 0.7736538187499999 0.86958814375 0.810761678125 0.8430720046875001 0.811321878125 0.8435684484375001 0.8205060890625001 0.8351104984375001 0.8546762078125001 0.837390375 0.8545622140625 0.8578335296875 0.843318478125
0 0.5919608203125 0.42246223125000004 0.6161809203125 0.42300528281250005 0.6328412046875 0.42533772187499996 0.6321967671875 0.42426365781250003 0.6321967671875 0.41577693125000004 0.6412492765625 0.39257987499999997 0.641431228125 0.3921795796875 0.641431228125 0.3785131484375 0.6146101078124999 0.392803090625 0.5920354484375 0.42224829843749995 0.5919608203125 0.42246223125000004
3 0.610888684375 0.772793375 0.6244858015625 0.7739757328125 0.6357182015625 0.768655121875 0.6431750921875 0.7776655296875 0.64251061875 0.7467675203125 0.638090165625 0.74689565 0.5937891140625 0.7520798156249999 0.5943356718749999 0.753875646875 0.6020209984375 0.76629040625 0.610888684375 0.772793375
5 0.54359108125 0.79286204375 0.5449546062499999 0.80286121875 0.543818109375 0.8119531859375 0.5467075234375 0.8108379734375 0.567699346875 0.7968434249999999 0.5682375984375 0.7893078984375 0.5621186109375 0.77228115 0.5618395671874999 0.772503915625 0.545887 0.781093759375 0.5444742859375 0.780659078125 0.5445029031249999 0.7809452453125 0.541402721875 0.7899013218750001 0.54359108125 0.79286204375
6 0.7194155234374999 0.780428653125 0.71335428125 0.8127933953124999 0.8430720046875001 0.811321878125 0.7324453578125001 0.740978203125 0.7307417546874999 0.7442718359375 0.7311773796875001 0.7521130734375 0.728741628125 0.755360740625 0.72751281875 0.7453254546875 0.712186384375 0.7588332734375001 0.7150837734375 0.7617306625 0.7131442140625001 0.7665795609375 0.7273787515625 0.7665795609375 0.7194155234374999 0.780428653125
6 0.696173065625 0.7583364328125 0.6884148265625 0.7510630828125 0.6881806874999999 0.74544375 0.64251061875 0.7467675203125 0.6432760078124999 0.78235813125 0.650147834375 0.813510409375 0.712186384375 0.7588332734375001 0.7107197640625 0.757366653125 0.7044161953125 0.7593062125000001 0.7010219656250001 0.76560978125 0.6971428453125 0.7622155515625 0.696173065625 0.7583364328125
6 0.8750856046875001 0.7736538187499999 0.8749699140624999 0.7660182828125001 0.8378589140624999 0.7662698828125001 0.8435684484375001 0.77040929375 0.8418259515625 0.788269890625 0.8430720046875001 0.811321878125 0.86958814375 0.810761678125 0.8750856046875001 0.7736538187499999
3 0.541402721875 0.7899013218750001 0.5445029031249999 0.7809452453125 0.5444742859375 0.780659078125 0.537910715625 0.77863951875 0.5280505796875 0.7545369609375 0.509477421875 0.738344978125 0.5048810875 0.737543290625 0.42094601093749995 0.699664896875 0.41879797031250005 0.7028043421875 0.41624989687499997 0.713845990625 0.4402702875 0.741026959375 0.471778825 0.7446842 0.48359603125 0.74786575625 0.492686190625 0.761955503125 0.5081394609375 0.7733182015625 0.535864446875 0.7824083609375 0.541402721875 0.7899013218750001
6 0.40723869375 0.7469567406250001 0.40133009062499997 0.754683375 0.3826952640625 0.82422309375 0.3686055171875 0.8892177312499999 0.369060025 0.8996714140625001 0.37815018437500003 0.914670178125 0.4367817109375 0.934668528125 0.46087063281249996 0.919669765625 0.5054124125 0.92057878125 0.5163206046875 0.913306653125 0.5217747 0.9037619859375001 0.5422275578125 0.8246776015625 0.5449546062499999 0.80286121875 0.54359108125 0.79286204375 0.535864446875 0.7824083609375 0.5081394609375 0.7733182015625 0.492686190625 0.761955503125 0.48359603125 0.74786575625 0.471778825 0.7446842 0.42087393281249996 0.7387755968749999 0.40723869375 0.7469567406250001
5 0.5845624171875 0.753159534375 0.572604090625 0.7520206468749999 0.5621463796875 0.7441773640625 0.5561466375 0.74648495625 0.52234470625 0.740589271875 0.537910715625 0.77863951875 0.545887 0.781093759375 0.5618395671874999 0.772503915625 0.5863300578125 0.7529526828125 0.5845624171875 0.753159534375
6 0.6331827671875 0.42590699374999996 0.6328412046875 0.42533772187499996 0.6161809203125 0.42300528281250005 0.5159278109375001 0.4207574546875 0.48805474843749996 0.4216565859375 0.4107294796875 0.43289572343750005 0.40443556249999996 0.44323573125 0.40443556249999996 0.457621828125 0.402187734375 0.46346617968750004 0.3976920796875 0.45986965468749996 0.3878016375 0.47695314531250005 0.389150334375 0.49583489687500004 0.3913981625 0.5003305515625 0.39618147656249997 0.5025047859375 0.474479425 0.4645244375 0.5026131828125 0.45582854843750004 0.5054096828125 0.451354146875 0.516229121875 0.4433819296875 0.5811457515625 0.42743749375 0.6331827671875 0.42590699374999996
1 0.852481490625 0.34456269375000004 0.8579437265625 0.3360016890625 0.8556805984375 0.2867786671875 0.8398387062499999 0.2681078671875 0.8228652515625001 0.2658447390625 0.8143785234375001 0.267542084375 0.80419445 0.27546303125 0.7787342671874999 0.285081321875 0.7419584453125 0.30544946875 0.731208590625 0.3071468140625 0.72215608125 0.2952653953125 0.713103571875 0.29300226875 0.7057484078125 0.29979165 0.6899065156249999 0.3048836875 0.6853802609375 0.3122388515625 0.67576196875 0.31450197812499997 0.6740646234375001 0.3212913609375 0.6763277515625 0.33317277968750003 0.671801496875 0.3461857625 0.6669446515625 0.354482871875 0.669533290625 0.35378323906250003 0.7540122796875 0.3738669234375 0.754172740625 0.3688284765625 0.7578218437500001 0.35625934375 0.76390368125 0.34855568125 0.769174609375 0.3465284015625 0.8109365671875001 0.3424738421875 0.852481490625 0.34456269375000004
4 0.52021523125 0.6187707203125 0.49800690937500003 0.4912152359375 0.496868021875 0.47299302499999996 0.49971524218749996 0.46046525312500003 0.5026131828125 0.45582854843750004 0.474479425 0.4645244375 0.394600546875 0.5032716546875 0.38565888125000003 0.5122133203125 0.381486103125 0.5402305390625 0.38029388124999997 0.61951330625 0.3832744375 0.6719710765625 0.3886394359375 0.6850855203124999 0.5048810875 0.737543290625 0.5561466375 0.74648495625 0.5621463796875 0.7441773640625 0.554381878125 0.7383539875 0.544701328125 0.7178539984375 0.52021523125 0.6187707203125
4 0.6314269546875 0.534688815625 0.5920810796875 0.5185634578125 0.562904753125 0.5161817171874999 0.5563549640625001 0.50903649375 0.5563549640625001 0.496532353125 0.5765997640625 0.494746046875 0.6320313 0.51669913125 0.632891446875 0.5093878796875 0.6459360453125 0.49159979062500003 0.665625 0.494553134375 0.665625 0.47613048750000003 0.6670796703125 0.475645596875 0.6719285687500001 0.47613048750000003 0.6777472484375 0.48437361718750005 0.6981126265625 0.48582828593749994 0.704901084375 0.4906771859375 0.7063686796875001 0.4906375203125 0.7027524671875 0.4734815296875 0.6922541078125 0.4715727375 0.63784373125 0.45124358593749997 0.635452065625 0.43629567968750005 0.6369520015625 0.42579613437499997 0.5811457515625 0.42743749375 0.516229121875 0.4433819296875 0.5054096828125 0.451354146875 0.49971524218749996 0.46046525312500003 0.496868021875 0.47299302499999996 0.49800690937500003 0.4912152359375 0.52021523125 0.6187707203125 0.544701328125 0.7178539984375 0.554381878125 0.7383539875 0.572604090625 0.7520206468749999 0.5845624171875 0.753159534375 0.638090165625 0.74689565 0.6881806874999999 0.74544375 0.687445046875 0.727788365625 0.6830810375 0.7205150171875 0.6777472484375 0.695300740625 0.6709587890625001 0.6846331609375 0.665625 0.6822087125 0.665625 0.666529275 0.665625 0.5559444140625 0.64059961875 0.5508934187500001 0.6322985109375 0.5396276296875 0.6314269546875 0.534688815625
6 0.87315789375 0.497950534375 0.8988570609375 0.4998900953125 0.9037059609375 0.502799434375 0.902251290625 0.5158914625000001 0.901510559375 0.517521071875 0.9116893671874999 0.5194060375 0.9218539421875 0.5194060375 0.9260393562499999 0.5122310421875 0.9356060156250001 0.45124358593749997 0.9350080999999999 0.41058528125000004 0.897306484375 0.40384532812499996 0.8964877640625 0.4393778046875 0.8940550281249999 0.4649215265625 0.88391863125 0.46816517500000004 0.77890555 0.4649215265625 0.7683636968750001 0.4620833359375 0.7582272984375 0.45154148125000004 0.7521454609375 0.4324850546875 0.7540122796875 0.3738669234375 0.669533290625 0.35378323906250003 0.6474103906249999 0.3597624015625 0.641431228125 0.366937396875 0.641431228125 0.39444154375 0.635452065625 0.43629567968750005 0.63784373125 0.45124358593749997 0.6922541078125 0.4715727375 0.75732515 0.48340383593749997 0.7577540890625001 0.48340383593749997 0.7921812734375 0.4906771859375 0.85570185625 0.49649586562500003 0.8658845453125 0.4950411953125 0.87315789375 0.497950534375
6 0.8964877640625 0.4393778046875 0.89851504375 0.351393871875 0.8956768531250001 0.34815022500000004 0.883513175 0.3461229453125 0.8109365671875001 0.3424738421875 0.769174609375 0.3465284015625 0.76390368125 0.34855568125 0.7578218437500001 0.35625934375 0.754172740625 0.3688284765625 0.7521454609375 0.4324850546875 0.7582272984375 0.45154148125000004 0.7683636968750001 0.4620833359375 0.77890555 0.4649215265625 0.88391863125 0.46816517500000004 0.8940550281249999 0.4649215265625 0.8964877640625 0.4393778046875
3 0.7638492015625 0.9751527140625 0.7939072781250001 0.9729745921875 0.8074116312499999 0.96426210625 0.81568849375 0.9525002515625 0.8209159843749999 0.9372534 0.8222228578124999 0.9206996765625 0.8326778406249999 0.8645041421874999 0.8435684484375001 0.8205060890625001 0.8418259515625 0.788269890625 0.8435684484375001 0.77040929375 0.8378589140624999 0.7662698828125001 0.7921812734375 0.7665795609375 0.7708461171875001 0.752517753125 0.7504807390625 0.7447595140625001 0.7417527203125001 0.735061715625 0.7349500375 0.7361358234375001 0.7307417546874999 0.7442718359375 0.7311773796875001 0.7521130734375 0.728741628125 0.755360740625 0.7301153625000001 0.7665795609375 0.7273787515625 0.7665795609375 0.7194155234374999 0.780428653125 0.6963274359375 0.9037103296875 0.6963274359375 0.9263627921875001 0.701119303125 0.9385602734375 0.7098317890625 0.951193378125 0.7333554999999999 0.966440228125 0.7638492015625 0.9751527140625
1 0.7921812734375 0.7665795609375 0.93522380625 0.76560978125 0.9381331453125 0.73069770625 0.9473460546875 0.692876290625 0.9449216046875 0.6696015734375 0.9473460546875 0.6385686171875 0.9517100640624999 0.6274161484375 0.9497705046875 0.6143241203125 0.9565589640625 0.5585617765625 0.9555891843750001 0.5231648109375 0.950740284375 0.52219503125 0.9454064953125 0.5270439312499999 0.8993419515625 0.53189283125 0.897402390625 0.526559040625 0.902251290625 0.5158914625000001 0.9037059609375 0.502799434375 0.8988570609375 0.4998900953125 0.87315789375 0.497950534375 0.8658845453125 0.4950411953125 0.85570185625 0.49649586562500003 0.7921812734375 0.4906771859375 0.7577540890625001 0.48340383593749997 0.74126783125 0.48340383593749997 0.7228420125 0.4901922953125 0.704901084375 0.4906771859375 0.6981126265625 0.48582828593749994 0.6777472484375 0.48437361718750005 0.6719285687500001 0.47613048750000003 0.6670796703125 0.475645596875 0.665625 0.47613048750000003 0.665625 0.494553134375 0.7170883984375 0.50227264375 0.74436346875 0.49219272812500003 0.758001003125 0.49456447187499997 0.8131440765625 0.522432478125 0.8202593125 0.5461499296875 0.8177043015625 0.5582862343749999 0.8195373484375 0.5650074078125 0.81617120625 0.56556843125 0.8155158218749999 0.5686815078125 0.8054359046874999 0.579947296875 0.7917983703125 0.5846907875 0.74436346875 0.58765546875 0.7277612515625 0.5846907875 0.7052296734375 0.5639380171874999 0.701833878125 0.563252628125 0.7010457328124999 0.5632211015624999 0.7004325171875 0.562969784375 0.665625 0.5559444140625 0.665625 0.6822087125 0.6709587890625001 0.6846331609375 0.6777472484375 0.695300740625 0.6830810375 0.7205150171875 0.687445046875 0.727788365625 0.6884148265625 0.7510630828125 0.696173065625 0.7583364328125 0.6971428453125 0.7622155515625 0.7010219656250001 0.76560978125 0.7044161953125 0.7593062125000001 0.7107197640625 0.757366653125 0.7150837734375 0.7617306625 0.7131442140625001 0.7665795609375 0.7301153625000001 0.7665795609375 0.727206021875 0.7428199546875 0.7325398109375 0.736516384375 0.7417527203125001 0.735061715625 0.7504807390625 0.7447595140625001 0.7708461171875001 0.752517753125 0.7921812734375 0.7665795609375
3 0.8202593125 0.5461499296875 0.8131440765625 0.522432478125 0.758001003125 0.49456447187499997 0.74436346875 0.49219272812500003 0.7170883984375 0.50227264375 0.6459360453125 0.49159979062500003 0.632891446875 0.5093878796875 0.6320313 0.51669913125 0.6954598484375001 0.5418193484375 0.8202593125 0.5461499296875
0 0.5920810796875 0.5185634578125 0.7010457328124999 0.5632211015624999 0.8052469015625 0.5673891484375 0.8195373484375 0.5650074078125 0.8159647375000001 0.5519078328125 0.6968776859375 0.54238086875 0.5765997640625 0.494746046875 0.5563549640625001 0.496532353125 0.5563549640625001 0.50903649375 0.562904753125 0.5161817171874999 0.5920810796875 0.5185634578125