6 0.9196676453125001 0.8003957453125 0.9142055015624999 0.7803139875 0.8654575890625 0.7789424921875 0.8653067328124999 0.7865774156249999 0.8585175749999999 0.8234708109375 0.8319980375 0.8231052703125 0.8321736546875 0.8323012109375 0.8225283375 0.8661553359375 0.824810803125 0.8661209781249999 0.8456339046875 0.8555975484375 0.8760010656249999 0.8500099171875 0.8980240671875 0.834414484375 0.9145534796874999 0.8150474781250001 0.9196676453125001 0.8003957453125
0 0.6350555796874999 0.42044183906250004 0.6449121390625 0.39757484062500004 0.64510795 0.3971811390625 0.6455849015624999 0.383523034375 0.618281409375 0.3968682265625 0.5946928781249999 0.42550765312500005 0.5946108296875 0.4257188515625 0.6187972234375 0.42710684218750006 0.6353659578124999 0.43001929531250005 0.634759396875 0.42892339531249996 0.6350555796874999 0.42044183906250004
3 0.6338117421875 0.7515907453125 0.6293895109375 0.751564525 0.584934521875 0.7551994484375 0.5854180734375001 0.7570132609375 0.5926654484375 0.7696886703125 0.6013007828125 0.77649715625 0.614848353125 0.7781533265625 0.626259596875 0.7732279609375 0.6333974859375 0.782493121875 0.6338117421875 0.7515907453125
5 0.5572984203125 0.79902526875 0.5580993296875 0.7915131171875001 0.5525782953125 0.7742831921875 0.552291646875 0.7744960828125 0.536049015625 0.7825239578125001 0.5346523328125 0.7820402390625001 0.5346709453125 0.7823272296875 0.531260090625 0.79116965625 0.5333437890625 0.794204946875 0.5343575171875 0.8042456171874999 0.5329044078125 0.8132923828124999 0.53583098125 0.8122786890624999 0.5572984203125 0.79902526875
6 0.7220762296875 0.752175803125 0.7222379328125 0.7600274671875 0.7196903234375001 0.7631881500000001 0.7188124890625 0.7531160921875 0.703023975 0.7660807968750001 0.70581848125 0.7690775390625 0.7037108796875 0.77385579375 0.7179367453125 0.774352571875 0.7094950421874999 0.7879153156250001 0.7023079796875 0.8200488078125 0.8319980375 0.8231052703125 0.723893740625 0.74894363125 0.7220762296875 0.752175803125
6 0.6333345718750001 0.7871863875 0.6391150125 0.8185595109375001 0.703023975 0.7660807968750001 0.7016094328125 0.7645638859375 0.6952420140625 0.766282271875 0.6916298609375 0.77246354375 0.6878715609375 0.768936003125 0.6870377515625 0.765025403125 0.6795380734375 0.757485725 0.6795001890625 0.7518616437500001 0.6338117421875 0.7515907453125 0.6333345718750001 0.7871863875
6 0.831557246875 0.8000238375000001 0.8319980375 0.8231052703125 0.8585175749999999 0.8234708109375 0.8653067328124999 0.7865774156249999 0.8654575890625 0.7789424921875 0.8283604140625 0.777898784375 0.8339220078125 0.782234934375 0.831557246875 0.8000238375000001
3 0.5191502796874999 0.7553608546875 0.5011535281249999 0.7385305421874999 0.4965879734375 0.7375689328125 0.4140259640625 0.696784321875 0.41176966718749997 0.6998468890625 0.40883779843749996 0.710792884375 0.43189495312500004 0.7387955953125 0.4632566609375 0.7435502406250001 0.474955634375 0.7471422734375001 0.48354853125 0.761540678125 0.498595834375 0.7734357671875001 0.5259866890625 0.7834879765625 0.531260090625 0.79116965625 0.5346709453125 0.7823272296875 0.5346523328125 0.7820402390625001 0.5281632421875 0.77979284375 0.5191502796874999 0.7553608546875
6 0.35519145937499996 0.89485820625 0.36375263125 0.9101650749999999 0.42165050937500004 0.9321974531249999 0.44624820625000006 0.91804851875 0.490731128125 0.9205114671875 0.50188646875 0.913624459375 0.5076703453125 0.9042759515625001 0.5308707484374999 0.8259535375 0.5343575171875 0.8042456171874999 0.5333437890625 0.794204946875 0.5259866890625 0.7834879765625 0.498595834375 0.7734357671875001 0.48354853125 0.761540678125 0.474955634375 0.7471422734375001 0.4632566609375 0.7435502406250001 0.41258898593750004 0.73586868125 0.3986765359375 0.743568978125 0.3925018765625 0.7510846984375 0.3714515 0.819931709375 0.35510205625 0.8843950296875001 0.35519145937499996 0.89485820625
5 0.51393465 0.7412225296875 0.5281632421875 0.77979284375 0.536049015625 0.7825239578125001 0.552291646875 0.7744960828125 0.5774495468749999 0.7558114671875 0.5756757640625 0.7559565015625 0.56376446875 0.75440096875 0.5535868546875 0.7461974953125 0.5475102328125 0.74829429375 0.51393465 0.7412225296875
6 0.4907961703125 0.42128742812500003 0.413125765625 0.4298211046875 0.406474821875 0.43993515937499994 0.4059727546875 0.45431249375 0.40352233125000003 0.46007483593750004 0.39915493125 0.45632360624999996 0.38867430937499997 0.47305151875 0.38936322031250004 0.49196883593749996 0.39145278437500003 0.4965402 0.3961573046875 0.4988800453125 0.47573305 0.46365539375000003 0.5041531531250001 0.4559466546875 0.507104103125 0.45157257656249994 0.518195178125 0.4439828078125 0.5836287140625 0.4303136421875 0.63568744375 0.430600140625 0.6353659578124999 0.43001929531250005 0.6187972234375 0.42710684218750006 0.5186836328125 0.4213616 0.4907961703125 0.42128742812500003
1 0.830840471875 0.277255215625 0.8222996765625 0.27865534375 0.8118453703125 0.286216046875 0.7860650234375 0.2949399296875 0.748600765625 0.3140122109375 0.7377982234375 0.3153333578125 0.729165884375 0.30314325000000003 0.7201978718750001 0.3005655734375 0.7126102421875 0.30709412812500003 0.696600290625 0.3116301890625 0.6918201015625 0.3188229078125 0.6821286875 0.32074898281249997 0.6801954296875 0.32747499375 0.6820425234374999 0.33942815625 0.6770648796875001 0.3522752484375 0.671921428125 0.3603978015625 0.67453290625 0.35978893749999996 0.7582595234375 0.3828086609375 0.7585957249999999 0.3777788828125 0.7626812625 0.365344759375 0.7690282484375001 0.3578580421875 0.7743667171874999 0.35601595 0.8162447359374999 0.3534213328125 0.8576914515625 0.3569588078125 0.8634491359375 0.34859364843749996 0.8629052453125 0.2993216296875 0.8477246046875001 0.2801093296875 0.830840471875 0.277255215625
4 0.5041531531250001 0.4559466546875 0.47573305 0.46365539375000003 0.394550575 0.4995912734375 0.3853022953125 0.5082154328125 0.38015427343749997 0.53606995625 0.3761958484375 0.61526281875 0.3773438390625 0.667792653125 0.3822478828125 0.68108634375 0.4965879734375 0.7375689328125 0.5475102328125 0.74829429375 0.5535868546875 0.7461974953125 0.546030315625 0.7401066890625 0.537071103125 0.7192813421875 0.516057878125 0.6194038703125 0.4983147078125 0.4911510296875 0.49781245937499996 0.472900171875 0.5010951578125 0.4604793984375 0.5041531531250001 0.4559466546875
4 0.556441653125 0.49850122499999994 0.5767364625 0.497422540625 0.6313680781250001 0.521296784375 0.6324828609375001 0.5140200046875 0.6461403078125 0.49669800156250005 0.6657141984375 0.5003366812500001 0.6663571390625 0.4819252578125 0.6678278468750001 0.4814914296875 0.6726568687500001 0.48214524843750006 0.678184321875 0.49058642656250007 0.698486528125 0.49275095 0.705101625 0.497833809375 0.7065697109375 0.49784538749999996 0.7035544375 0.48057364375 0.6931290890625 0.4782996265625 0.639461334375 0.45608396406249996 0.6375928 0.44106169531250006 0.6394582515625 0.43062089375 0.5836287140625 0.4303136421875 0.518195178125 0.4439828078125 0.507104103125 0.45157257656249994 0.5010951578125 0.4604793984375 0.49781245937499996 0.472900171875 0.4983147078125 0.4911510296875 0.516057878125 0.6194038703125 0.537071103125 0.7192813421875 0.546030315625 0.7401066890625 0.56376446875 0.75440096875 0.5756757640625 0.7559565015625 0.6293895109375 0.751564525 0.6795001890625 0.7518616437500001 0.6793811609375 0.734191340625 0.675273646875 0.726770121875 0.670823071875 0.7013850578125 0.664411040625 0.6904870625 0.6591651140625 0.6878779453125 0.6597123171875 0.672208059375 0.6635716734375 0.5616905640625001 0.6387378140625 0.555769271875 0.6308349343749999 0.5442206406250001 0.6301362703125 0.53925441875 0.59137713125 0.5217657328125 0.5623017 0.5183672046875001 0.556005265625 0.5109977484375 0.556441653125 0.49850122499999994
6 0.90065449375 0.531522915625 0.9107613156250001 0.5337619671875 0.9209197 0.5341167062500001 0.9253529671875 0.52709215 0.9370422312500001 0.4664757171875 0.9378636328125 0.4258213140625 0.90042020625 0.4177697 0.89836191875 0.4532519578125 0.8950392015625 0.47869521718749997 0.8847957781250001 0.481583134375 0.77995986875 0.47467655937500003 0.7695234890625 0.4714721921875 0.7597611718749999 0.460583003125 0.7543480984375 0.4413259328125 0.7582595234375 0.3828086609375 0.67453290625 0.35978893749999996 0.6522148140625 0.3649923796875 0.645988890625 0.371954334375 0.645029009375 0.3994417265625 0.6375928 0.44106169531250006 0.639461334375 0.45608396406249996 0.6931290890625 0.4782996265625 0.7577475921875 0.4923944640625 0.7581762703125 0.492409434375 0.7923286453125 0.5008798453125001 0.8556074640625001 0.508911815625 0.8658347187500001 0.507813403125 0.8730021015625 0.5109748062499999 0.8986179234374999 0.5138100734375 0.9033623359374999 0.5168868640625 0.9014516453124999 0.5299201499999999 0.90065449375 0.531522915625
6 0.8162447359374999 0.3534213328125 0.7743667171874999 0.35601595 0.7690282484375001 0.3578580421875 0.7626812625 0.365344759375 0.7585957249999999 0.3777788828125 0.7543480984375 0.4413259328125 0.7597611718749999 0.460583003125 0.7695234890625 0.4714721921875 0.77995986875 0.47467655937500003 0.8847957781250001 0.481583134375 0.8950392015625 0.47869521718749997 0.89836191875 0.4532519578125 0.9034585578125001 0.36539237343750003 0.9007352984375 0.36205165156249997 0.88864978125 0.3596011 0.8162447359374999 0.3534213328125
3 0.8054605671875 0.94818684375 0.8073443609375 0.9316888125 0.8197541718749999 0.8758923859375001 0.8321736546875 0.8323012109375 0.831557246875 0.8000238375000001 0.8339220078125 0.782234934375 0.8283604140625 0.777898784375 0.7826997921875 0.776614146875 0.7618683828124999 0.76181631875 0.74178616875 0.753352065625 0.733401915625 0.7433555703125 0.726565890625 0.7441916140625 0.7220762296875 0.752175803125 0.7222379328125 0.7600274671875 0.7196903234375001 0.7631881500000001 0.7206716906249999 0.774448078125 0.7179367453125 0.774352571875 0.7094950421874999 0.7879153156250001 0.6821185515625 0.9103161296875 0.6813279921875 0.9329547921874999 0.685691253125 0.9453120765625 0.6939575437500001 0.958241546875 0.7169348171875 0.974300075 0.74710588125 0.9840714687500001 0.7772216625 0.9829436843750001 0.79102185 0.9747078015625 0.799704153125 0.9632419703125 0.8054605671875 0.94818684375
1 0.9387315609375 0.685025796875 0.9422375687500001 0.6540963578125 0.946988134375 0.643102984375 0.9455066625 0.629951240625 0.9542370640625 0.5744597796875001 0.9545032109375 0.5390505328125 0.949691109375 0.5379121203125 0.9441913468750001 0.54257191875 0.8979856390625001 0.5458102359375 0.89623340625 0.5404120046875 0.9014516453124999 0.5299201499999999 0.9033623359374999 0.5168868640625 0.8986179234374999 0.5138100734375 0.8730021015625 0.5109748062499999 0.8658347187500001 0.507813403125 0.8556074640625001 0.508911815625 0.7923286453125 0.5008798453125001 0.7581762703125 0.492409434375 0.7417000546875 0.49183407187499995 0.7230485468750001 0.49797534375 0.705101625 0.497833809375 0.698486528125 0.49275095 0.678184321875 0.49058642656250007 0.6726568687500001 0.48214524843750006 0.6678278468750001 0.4814914296875 0.6663571390625 0.4819252578125 0.6657141984375 0.5003366812500001 0.716876840625 0.5098475359375 0.7444870796874999 0.500725646875 0.7580335328125 0.5035718874999999 0.8121704359375 0.5333473828125 0.8184536093749999 0.5572987046875 0.8154766046875 0.5693384484374999 0.8170739687499999 0.5761195 0.8136902984375001 0.5765627046875 0.81292666875 0.5796510125000001 0.8024597203124999 0.5905581546875001 0.7886649484375 0.5948228125 0.7411554781249999 0.5961302328125 0.7246668390625 0.5925879484375 0.7028732484375 0.5710614796875 0.6995034421875 0.570257996875 0.6987168765625 0.5701989843749999 0.6981128046875 0.5699264187499999 0.6635716734375 0.5616905640625001 0.6591651140625 0.6878779453125 0.664411040625 0.6904870625 0.670823071875 0.7013850578125 0.675273646875 0.726770121875 0.6793811609375 0.734191340625 0.6795380734375 0.757485725 0.6870377515625 0.765025403125 0.6878715609375 0.768936003125 0.6916298609375 0.77246354375 0.6952420140625 0.766282271875 0.7016094328125 0.7645638859375 0.70581848125 0.7690775390625 0.7037108796875 0.77385579375 0.7206716906249999 0.774448078125 0.7185933203125 0.7506014109375 0.7241438515625 0.744487828125 0.733401915625 0.7433555703125 0.74178616875 0.753352065625 0.7618683828124999 0.76181631875 0.7826997921875 0.776614146875 0.9256890312499999 0.7806370703125001 0.9298150125 0.7458477984375 0.9403422578124999 0.7083709484375 0.9387315609375 0.685025796875
3 0.716876840625 0.5098475359375 0.6461403078125 0.49669800156250005 0.6324828609375001 0.5140200046875 0.6313680781250001 0.521296784375 0.6938813046875 0.5486153234375 0.8184536093749999 0.5572987046875 0.8121704359375 0.5333473828125 0.7580335328125 0.5035718874999999 0.7444870796874999 0.500725646875 0.716876840625 0.5098475359375
0 0.813960703125 0.562903221875 0.6952786828125 0.549225984375 0.5767364625 0.497422540625 0.556441653125 0.49850122499999994 0.556005265625 0.5109977484375 0.5623017 0.5183672046875001 0.59137713125 0.5217657328125 0.6987168765625 0.5701989843749999 0.80270910625 0.578001059375 0.8170739687499999 0.5761195 0.813960703125 0.562903221875