3 0.4291035015625 0.63412313125 0.42821254218749993 0.6289657890625 0.42938981875 0.5891857203125 0.4274700359375 0.586762625 0.4062574984375 0.5860248265625 0.3745014109375 0.6443587171875 0.4291035015625 0.63412313125
3 0.44245398593749996 0.6963889125 0.4291035015625 0.63412313125 0.425521775 0.634823340625 0.3950236640625 0.644385071875 0.3725528921875 0.6479380203125 0.3745014109375 0.6443587171875 0.32560768906250004 0.6535242234374999 0.44245398593749996 0.6963889125
3 0.33472735 0.7015263109375 0.3370791265625 0.7041299609375 0.3624075046875 0.718375003125 0.3889727765625 0.724021625 0.41420084687500003 0.7258956078125001 0.4155820109375 0.7156032296875 0.423126815625 0.707724434375 0.440213821875 0.705937821875 0.47813816249999996 0.715127503125 0.4856666328125 0.7087131531249999 0.46839728437500006 0.6924857125 0.44245398593749996 0.6963889125 0.33472735 0.7015263109375
3 0.46001051718749997 0.5208870296875 0.44901813593749995 0.5219657390625 0.43683007656250006 0.5256480375 0.42958292656249997 0.54006869375 0.4349347203125 0.5345645046875 0.45309479531249996 0.542101209375 0.45258583124999996 0.5359095546875 0.46001051718749997 0.5208870296875
6 0.77974194375 0.8166723578124999 0.78389098125 0.8214234484375 0.78228900625 0.8255127921875 0.7877968359375 0.8446295625 0.7913402453125 0.82241878125 0.788465 0.8134337546875001 0.7775277046875 0.8089870921875001 0.77974194375 0.8166723578124999
5 0.49003516718749995 0.7641119875 0.49151807812500004 0.7786632625000001 0.4852059640625 0.78443961875 0.4825786765625 0.79201606875 0.477612340625 0.7936543390625 0.47761074375 0.8231612296874999 0.46679278750000003 0.8894133125 0.4756158390625 0.9058986203125 0.476651890625 0.90686353125 0.477909525 0.8941735874999999 0.498654703125 0.8363414296875 0.5077884203125 0.810879009375 0.52563451875 0.7466476484375 0.5237467921875 0.744495825 0.4856666328125 0.7087131531249999 0.47813816249999996 0.715127503125 0.4857333125 0.7169679312499999 0.48261832812499994 0.7438460390625 0.4831589546875 0.7438384499999999 0.49003516718749995 0.7641119875
5 0.5303299828125 0.9313241734375 0.5224085421875 0.9280130140624999 0.48059322031249996 0.910534221875 0.49816526093749997 0.9268996453125 0.5060538453125 0.9431636125 0.51577781875 0.95333450625 0.5312202828125 0.96201956875 0.5463530671875 0.9619945421875 0.5738342656250001 0.9521681203125001 0.5777710578125 0.9477346984375 0.5303299828125 0.9313241734375
3 0.7337750140625 0.43881158437499995 0.664407165625 0.4482904578125 0.6532274218749999 0.44804434843749996 0.7741753515625 0.5126384796875 0.8048460640625 0.5320020078125001 0.803341203125 0.525740484375 0.8110456921875 0.4621140578125 0.8157395703124999 0.4498095421875 0.8226007828125 0.44295404375 0.8283629859375001 0.44126897343750004 0.8699953828125 0.44097293125 0.94237176875 0.4505372796875 0.94416864375 0.45104622031249997 0.9441234234375001 0.44984599375 0.9371707734375001 0.44364163124999995 0.91325981875 0.433832671875 0.76187765 0.4205615171875 0.7337750140625 0.43881158437499995
5 0.6963103984375001 0.9887390999999999 0.716846290625 0.9936575062499999 0.72122764375 0.9912685859374999 0.742451184375 0.9312715546874999 0.727780246875 0.9289950859375 0.677804184375 0.9212403671875 0.508640253125 0.8852834640625 0.5298555015625 0.751459159375 0.52563451875 0.7466476484375 0.5077884203125 0.810879009375 0.477909525 0.8941735874999999 0.4764593546875 0.9088062671875001 0.5303299828125 0.9313241734375 0.6963103984375001 0.9887390999999999
6 0.477612340625 0.7936543390625 0.4825786765625 0.79201606875 0.4852059640625 0.78443961875 0.49151807812500004 0.7786632625000001 0.49003516718749995 0.7641119875 0.4831589546875 0.7438384499999999 0.48261832812499994 0.7438460390625 0.4776126984375 0.7870378609375 0.47761236875 0.7931423765625001 0.477612340625 0.7936543390625
6 0.42958292656249997 0.54006869375 0.4158053453125 0.56748385625 0.4155214 0.5716814203125 0.42938981875 0.5891857203125 0.42821254218749993 0.6289657890625 0.4291035015625 0.63412313125 0.4800614828125 0.6241611093749999 0.5041963468749999 0.6153170609374999 0.5141659656249999 0.6146294640625001 0.5155633078124999 0.6133881625 0.528617825 0.6097548640625 0.5516095140624999 0.6146418984375 0.559074903125 0.610600984375 0.5187656609375 0.5911151828125 0.45310731718749997 0.5422535328125 0.45309479531249996 0.542101209375 0.4349347203125 0.5345645046875 0.42958292656249997 0.54006869375
6 0.5202575765625 0.6885950796875 0.5123902390625 0.685866921875 0.46839728437500006 0.6924857125 0.5237467921875 0.744495825 0.5298555015625 0.751459159375 0.5335831140625 0.7279456375 0.5543515078125 0.71602495625 0.545096184375 0.7131173578125 0.5283515546875 0.6914018296875 0.5202575765625 0.6885950796875
5 0.24087748750000001 0.631805059375 0.23955225000000002 0.642909653125 0.3086845828125 0.690210353125 0.33108517656249997 0.701700003125 0.44245398593749996 0.6963889125 0.5123902390625 0.685866921875 0.504478690625 0.6831234328125 0.4947463515625 0.666102475 0.4942872109375 0.6531886375 0.49881636562500004 0.6343929593750001 0.5063469234375 0.621575353125 0.5141659656249999 0.6146294640625001 0.5041963468749999 0.6153170609374999 0.4800614828125 0.6241611093749999 0.425521775 0.634823340625 0.3950236640625 0.644385071875 0.3725528921875 0.6479380203125 0.358067878125 0.674546059375 0.3494157453125 0.672706990625 0.343543159375 0.67055443125 0.32560768906250004 0.6535242234374999 0.270916375 0.6438831625 0.24087748750000001 0.631805059375
6 0.41549736406250004 0.80577339375 0.405970071875 0.80934498125 0.393565925 0.8892847500000001 0.42753961093750004 0.8951514375 0.465639459375 0.8964766 0.47761074375 0.8231612296874999 0.4776126984375 0.7870378609375 0.4857333125 0.7169679312499999 0.440213821875 0.705937821875 0.423126815625 0.707724434375 0.4155820109375 0.7156032296875 0.40965690156249995 0.7597569109375 0.41256966874999995 0.759290109375 0.4184743828125 0.7626110046875 0.4219023328125 0.787303034375 0.41910472031249996 0.802408540625 0.41549736406250004 0.80577339375
6 0.80989705 0.5351908765625 0.8068825875 0.5404756984375 0.8079737124999999 0.5450157234375 0.8171656234375 0.5565305015625001 0.82756605 0.560403959375 0.9321235921875 0.573067371875 0.94228574375 0.5702390687500001 0.947213984375 0.54509783125 0.9571222031250001 0.45741383437499994 0.95413445 0.45386890468749996 0.94237176875 0.4505372796875 0.8699953828125 0.44097293125 0.8283629859375001 0.44126897343750004 0.8226007828125 0.44295404375 0.8157395703124999 0.4498095421875 0.8110456921875 0.4621140578125 0.803341203125 0.525740484375 0.8048460640625 0.5320020078125001 0.80989705 0.5351908765625
3 0.6670621234375 0.289407096875 0.6520304578125 0.28447360625 0.6391140453124999 0.283901153125 0.6301529218749999 0.28721164374999997 0.61929955 0.2953351609375 0.607038003125 0.295771109375 0.6029943296875 0.2923039828125 0.5835494140625 0.293820678125 0.5800039671875 0.3043667484375 0.5809180109375001 0.31846833124999996 0.592799915625 0.3218631140625 0.5969942500000001 0.326666075 0.6130865296875 0.3266097703125 0.62754574375 0.3444596734375 0.6506024765625 0.3545757703125 0.749229265625 0.3690204953125 0.761251765625 0.36766452968749996 0.7674688781250001 0.3568171328125 0.7702087984375 0.343926828125 0.7699395515624999 0.3247470640625 0.7663900140625 0.31486592343750003 0.761426325 0.3116378421875 0.6886222937500001 0.29225144062499997 0.6670621234375 0.289407096875
1 0.5543515078125 0.71602495625 0.5335831140625 0.7279456375 0.508640253125 0.8852834640625 0.677804184375 0.9212403671875 0.8160500390625 0.9426917906250001 0.735979459375 0.664779959375 0.7204769046874999 0.6919583578124999 0.6644412187500001 0.668204653125 0.65156305 0.66022729375 0.647198946875 0.662732209375 0.647834121875 0.671941775 0.6418807890625 0.689900721875 0.634490909375 0.6995441687499999 0.6158285718750001 0.7094616312500001 0.56655509375 0.7176785890625 0.5556084375 0.7164198265625 0.5543515078125 0.71602495625
5 0.5911433109375 0.607024759375 0.6388816984375 0.641202325 0.646525884375 0.65297334375 0.6468237046875001 0.657291515625 0.6644412187500001 0.668204653125 0.7204769046874999 0.6919583578124999 0.80989705 0.5351908765625 0.7741753515625 0.5126384796875 0.5357138765625 0.38528440625 0.5262382875 0.397606509375 0.4810211671875 0.4783757265625 0.45258583124999996 0.5359095546875 0.45310731718749997 0.5422535328125 0.5187656609375 0.5911151828125 0.559074903125 0.610600984375 0.5679023437499999 0.6058228109375 0.5911433109375 0.607024759375
3 0.41256966874999995 0.759290109375 0.36380816562499996 0.7671046609375 0.35031257656250003 0.7820020515625 0.3448967578125 0.7841561796875001 0.32286388593750004 0.7867880781250001 0.3133475328125 0.8272385468750001 0.3391086671875 0.8172183296875 0.3499154859375 0.8149706078125 0.3613296109375 0.821528375 0.37329751875 0.8215932609375001 0.41549736406250004 0.80577339375 0.41910472031249996 0.802408540625 0.4219023328125 0.787303034375 0.4184743828125 0.7626110046875 0.41256966874999995 0.759290109375
5 0.31476038125 0.4315782125 0.26888543125000003 0.4665902328125 0.25449455468750004 0.48749541093750004 0.2395038546875 0.5005865078125 0.23436067968750002 0.5098927875 0.224697059375 0.51281239375 0.2161035046875 0.5277153984375 0.21326342187499997 0.5474585578125 0.20830415468750002 0.5558996234375 0.21867002656249998 0.5666938453125 0.239667159375 0.5806521140625 0.303663825 0.632687940625 0.343543159375 0.67055443125 0.3494157453125 0.672706990625 0.358067878125 0.674546059375 0.409250921875 0.5805260999999999 0.4562646453125 0.48697638125 0.42583164843750004 0.46423017812499995 0.403802084375 0.442365875 0.36051000312500003 0.41417347656250003 0.35533540937499997 0.404482696875 0.32942285781249997 0.3881231671875 0.32791397187500004 0.3909675078125 0.32701538281250003 0.40795828125 0.31476038125 0.4315782125
6 0.6418807890625 0.689900721875 0.647834121875 0.671941775 0.646525884375 0.65297334375 0.6388816984375 0.641202325 0.5911433109375 0.607024759375 0.5679023437499999 0.6058228109375 0.5516095140624999 0.6146418984375 0.528617825 0.6097548640625 0.5155633078124999 0.6133881625 0.5063469234375 0.621575353125 0.49881636562500004 0.6343929593750001 0.4942872109375 0.6531886375 0.4947463515625 0.666102475 0.504478690625 0.6831234328125 0.5283515546875 0.6914018296875 0.545096184375 0.7131173578125 0.5556084375 0.7164198265625 0.56655509375 0.7176785890625 0.6158285718750001 0.7094616312500001 0.634490909375 0.6995441687499999 0.6418807890625 0.689900721875
5 0.2649197546875 0.7531143078125 0.25364542343749996 0.7527451593750001 0.20109703125 0.8015832890624999 0.19200414999999998 0.8138415328124999 0.18510768125 0.831026665625 0.1786516703125 0.8633073281250001 0.17625865937500002 0.9069934906249999 0.1898118609375 0.9119015984375001 0.1914029015625 0.902508815625 0.1938372953125 0.9005935203125001 0.196858278125 0.9016411078125 0.1939966359375 0.91319655625 0.2030595890625 0.9163393171875001 0.20413153125 0.9112962234375 0.20728368437500003 0.9079116656249999 0.23089489843750002 0.897928475 0.2629226171875 0.918927171875 0.293462290625 0.927851321875 0.29948723125 0.886153521875 0.3330998046875 0.7432790046875 0.3334539890625 0.739705175 0.328187878125 0.7377749140625001 0.2702064 0.73396516875 0.26655950625 0.739677309375 0.2649197546875 0.7531143078125