3 0.449475575 0.6019174796875 0.447093953125 0.59994648125 0.42619156406250003 0.6036351390625 0.40725772187500003 0.6672967562500001 0.4585385265625 0.6459324296875 0.45659476562499995 0.641073028125 0.449475575 0.6019174796875
3 0.42733699375 0.66305571875 0.4060959609375 0.6712029640625 0.40725772187500003 0.6672967562500001 0.3613380609375 0.6864275515625 0.4845430546875 0.7040618328125 0.4585385265625 0.6459324296875 0.4551806515625 0.6473620203125 0.42733699375 0.66305571875
3 0.52334341875 0.7149717828125 0.5293737562499999 0.70713234375 0.5091079093750001 0.6948500125 0.4845430546875 0.7040618328125 0.3802386296875 0.7314845937500001 0.38308034375 0.7335423859375 0.410816946875 0.7422100734375 0.43797570312499995 0.7422100734375 0.46304210156250003 0.7387978937499999 0.462253178125 0.72844326875 0.46799501718750003 0.719167990625 0.48433717343750005 0.71386783125 0.52334341875 0.7149717828125
3 0.4394524578125 0.5538336296875 0.44354291718749994 0.5473370203125001 0.46287312031249994 0.5509333375 0.4610879609375 0.5449828046875 0.46522704062500003 0.5287448796875001 0.4546991453125 0.5320854609375 0.4435430171875 0.5382213328125001 0.4394524578125 0.5538336296875
6 0.8531603000000001 0.777262253125 0.8520083953125 0.7548001140625 0.8473278890625 0.7466092296875 0.8357050875 0.744533728125 0.8394687968750001 0.7515906859375 0.8445149750000001 0.7553753203125 0.8437982296875 0.7597083718750001 0.8531603000000001 0.777262253125
5 0.52334341875 0.7149717828125 0.53115524375 0.715192871875 0.5336966015625 0.7421312703125 0.5342238359375 0.7420114453125 0.5451648921875 0.7604123125 0.549640778125 0.7743372921875 0.544667571875 0.7812997828125 0.5436729296875 0.7892569140625 0.539155734375 0.7918919437499999 0.545289 0.8207543703125 0.548482025 0.887807865625 0.560539759375 0.9020985140625 0.5617537875 0.9028269312500001 0.5603455515625 0.8901528171875001 0.5686134171874999 0.829271265625 0.5722536046875 0.802466253125 0.576355271875 0.7359280890625 0.5740614078124999 0.73421576875 0.5293737562499999 0.70713234375 0.52334341875 0.7149717828125
5 0.6265973140625001 0.9454322703125 0.6413942078125 0.9422615078125001 0.6662318484374999 0.9269361546875 0.6691608515625 0.9217811093750001 0.6193445375 0.915592746875 0.610907771875 0.9140009046875001 0.56637216875 0.9055979609374999 0.58696278125 0.917952328125 0.59806045 0.932220759375 0.6096865796875 0.9401476671875001 0.6265973140625001 0.9454322703125
3 0.92399065625 0.3586035265625 0.9158999796874999 0.3539802828125 0.8904721390624999 0.3493570390625 0.73963880625 0.3678500140625 0.7159446828125 0.39154413906249996 0.6500634562500001 0.41523826406250003 0.639076846875 0.41732193124999994 0.77081165 0.45535803750000003 0.8048380375 0.46792162656249997 0.8020642171875 0.4621098109375 0.7963716671875 0.39827192031249997 0.7984047203125 0.3852603765625 0.8036906609375001 0.3771281609375 0.8089765999999999 0.374281884375 0.8496376781249999 0.3653364484375 0.9224210062499999 0.359643896875 0.9242844296875001 0.359768125 0.92399065625 0.3586035265625
5 0.5722536046875 0.802466253125 0.5603455515625 0.8901528171875001 0.5619693765625 0.9047672453125 0.6193445375 0.915592746875 0.7936351171875 0.9372437515625001 0.8147448453124999 0.9377850265625 0.8185337718750001 0.934537375 0.8268194421875 0.8714388015625 0.8119957953125001 0.8722623374999999 0.7614995328124999 0.8750676859375 0.5885563796875 0.8750676859375 0.5814843859375001 0.739756865625 0.576355271875 0.7359280890625 0.5722536046875 0.802466253125
6 0.5342238359375 0.7420114453125 0.5336966015625 0.7421312703125 0.5377804421875 0.7854199765625001 0.53904931875 0.7913911625 0.539155734375 0.7918919437499999 0.5436729296875 0.7892569140625 0.544667571875 0.7812997828125 0.549640778125 0.7743372921875 0.5451648921875 0.7604123125 0.5342238359375 0.7420114453125
6 0.5372994984374999 0.5852224968749999 0.4629170375 0.5510797281250001 0.46287312031249994 0.5509333375 0.44354291718749994 0.5473370203125001 0.4394524578125 0.5538336296875 0.43167588281249997 0.5835142249999999 0.43227086562499994 0.5876790984375 0.449475575 0.6019174796875 0.45659476562499995 0.641073028125 0.4585385265625 0.6459324296875 0.5063117328125 0.6255933421875 0.5280804125 0.6119246375 0.5376892109375 0.609179265625 0.5387979374999999 0.607674565625 0.5508117765625 0.6014064765625 0.5743171125 0.6014064765625 0.5807792125 0.5959017249999999 0.5372994984374999 0.5852224968749999
6 0.5802418046875 0.7159821562500001 0.5980779109375 0.700003978125 0.5884203140625 0.6990842078124999 0.5675266828125001 0.6813246203125 0.5590260218750001 0.6802620375 0.5507633890625 0.6792292078125 0.5091079093750001 0.6948500125 0.5740614078124999 0.73421576875 0.5814843859375001 0.739756865625 0.5802418046875 0.7159821562500001
5 0.388614175 0.7002411562499999 0.3824223765625 0.6993566140625 0.3613380609375 0.6864275515625 0.30583739374999996 0.688368134375 0.27394374843749997 0.682799403125 0.27495624531249996 0.6939368671875 0.352412240625 0.7258305125 0.376712159375 0.732411740625 0.4845430546875 0.7040618328125 0.5507633890625 0.6792292078125 0.5424543234375 0.678190575 0.529395803125 0.6635650328125 0.5262617578125 0.6510288531249999 0.5267840984375 0.6317022421875 0.531485165625 0.617599040625 0.5376892109375 0.609179265625 0.5280804125 0.6119246375 0.5063117328125 0.6255933421875 0.4551806515625 0.6473620203125 0.42733699375 0.66305571875 0.4060959609375 0.6712029640625 0.3974596015625 0.7002411562499999 0.388614175 0.7002411562499999
6 0.46838967656249997 0.7718017859375 0.47485581093749996 0.773822453125 0.4833426140625 0.7972621921874999 0.48374674687499997 0.8126192624999999 0.4809178125 0.816660596875 0.4723412890625 0.8221349734375 0.476828615625 0.9029068328125 0.5112796484375 0.9015817921875 0.548822440625 0.8949565937499999 0.545289 0.8207543703125 0.5377804421875 0.7854199765625001 0.53115524375 0.715192871875 0.48433717343750005 0.71386783125 0.46799501718750003 0.719167990625 0.462253178125 0.72844326875 0.46563761406250004 0.7728639859374999 0.46838967656249997 0.7718017859375
6 0.7984047203125 0.3852603765625 0.7963716671875 0.39827192031249997 0.8020642171875 0.4621098109375 0.8048380375 0.46792162656249997 0.8104416499999999 0.4699906515625 0.8085918375000001 0.4757867296875 0.8106030437499999 0.4800006859375 0.8219881453125 0.48935273281249997 0.8329666359375001 0.4909791765625 0.9378722156249999 0.48162712812499997 0.9472242625 0.47674779999999994 0.9468176515625 0.4511313203125 0.938278825 0.36330339375 0.934619328125 0.36045711874999997 0.9224210062499999 0.359643896875 0.8496376781249999 0.3653364484375 0.8089765999999999 0.374281884375 0.8036906609375001 0.3771281609375 0.7984047203125 0.3852603765625
3 0.727603590625 0.272453171875 0.7220772140625 0.2635259484375 0.7165508375 0.26140041875 0.641307090625 0.25757446562499997 0.6196266890625 0.25927488906249996 0.6038977703125 0.25757446562499997 0.59114459375 0.2596999953125 0.58306758125 0.264801265625 0.57414035625 0.2750038078125 0.5622373921875 0.2779795484375 0.5575612265625 0.27542891406250003 0.5388565671875 0.280955290625 0.5375812484375 0.29200804375 0.5414072015625 0.30561143281250003 0.5537352734375001 0.30646164531250003 0.55883654375 0.3102875984375 0.5745654625000001 0.3068867515625 0.5924199109375 0.3213403515625 0.617076053125 0.3264416234375 0.7165508375 0.320065034375 0.7280286968749999 0.31623908125 0.73185465 0.304336115625 0.73185465 0.2911578328125 0.727603590625 0.272453171875
1 0.673039525 0.6672214171874999 0.6568469609375 0.680802278125 0.610358628125 0.6990842078124999 0.599389471875 0.7001288890625 0.5980779109375 0.700003978125 0.5802418046875 0.7159821562500001 0.5885563796875 0.8750676859375 0.7614995328124999 0.8750676859375 0.9011843859375 0.8673074156249999 0.7650824218750001 0.6121162328125 0.7555693421874999 0.64192388125 0.695819496875 0.6303397265624999 0.6815641609374999 0.6252142125 0.677816225 0.6285717390625 0.680352296875 0.6374479921875 0.678262934375 0.6562522609375 0.673039525 0.6672214171874999
5 0.4629170375 0.5510797281250001 0.5372994984374999 0.5852224968749999 0.5807792125 0.5959017249999999 0.5884203140625 0.5893926375 0.611403309375 0.5857362515625 0.6652044140625 0.6092415875 0.6751288890625 0.6191660640625 0.676318 0.623327953125 0.695819496875 0.6303397265624999 0.7555693421874999 0.64192388125 0.8104416499999999 0.4699906515625 0.77081165 0.45535803750000003 0.5110827296875 0.380365884375 0.5043761140624999 0.39438880625 0.4769399609375 0.48279419062500006 0.4610879609375 0.5449828046875 0.4629170375 0.5510797281250001
3 0.4809178125 0.816660596875 0.48374674687499997 0.8126192624999999 0.4833426140625 0.7972621921874999 0.47485581093749996 0.773822453125 0.46838967656249997 0.7718017859375 0.422318465625 0.7895836578125001 0.41221512968749996 0.8069613953125 0.407365528125 0.8101944624999999 0.38636132968750003 0.8173497390625 0.38546305625 0.8588948296875 0.408577928125 0.8437375375 0.4186812640625 0.8392920687500001 0.4312094 0.843333403125 0.4429292703125 0.840908603125 0.4809178125 0.816660596875
5 0.3386375140625 0.43664743906250003 0.3098898765625 0.42603292656249997 0.309005334375 0.4291288265625 0.3116589625 0.44593513749999997 0.30458262187499996 0.471586875 0.2669895578125 0.5153717375 0.2572595875 0.53881211875 0.24531826250000002 0.5547338859375001 0.2422223625 0.5649061265624999 0.23337693593750003 0.5697711125 0.2280696796875 0.5861351515625 0.22939649375 0.6060373609374999 0.22630059375 0.615325059375 0.23868419218749998 0.623728215625 0.2621245734375 0.6330159125 0.335541615625 0.6706089765625001 0.3824223765625 0.6993566140625 0.388614175 0.7002411562499999 0.3974596015625 0.7002411562499999 0.42797632500000005 0.59763420625 0.4545126046875 0.4963540703125 0.420015440625 0.4804323015625 0.39392143125 0.46362599062500004 0.34571385625 0.44505059375 0.3386375140625 0.43664743906250003
6 0.599389471875 0.7001288890625 0.610358628125 0.6990842078124999 0.6568469609375 0.680802278125 0.673039525 0.6672214171874999 0.678262934375 0.6562522609375 0.680352296875 0.6374479921875 0.6751288890625 0.6191660640625 0.6652044140625 0.6092415875 0.611403309375 0.5857362515625 0.5884203140625 0.5893926375 0.5743171125 0.6014064765625 0.5508117765625 0.6014064765625 0.5387979374999999 0.607674565625 0.531485165625 0.617599040625 0.5267840984375 0.6317022421875 0.5262617578125 0.6510288531249999 0.529395803125 0.6635650328125 0.5424543234375 0.678190575 0.5675266828125001 0.6813246203125 0.5884203140625 0.6990842078124999 0.599389471875 0.7001288890625
5 0.3869309265625 0.7690939046875 0.3813785703125 0.7683007109375 0.32387203593749997 0.77662924375 0.32149245625 0.7829747921875 0.3226822453125 0.796459084375 0.31157753593750004 0.7984420671875 0.27033147031250004 0.8571383921875 0.263985921875 0.8710192796875 0.260813146875 0.8892627328125 0.26120974375 0.922180265625 0.2679518890625 0.9654093156249999 0.2822293734375 0.9673923 0.2818327765625 0.9578739765625001 0.2838157609375 0.955494396875 0.286988534375 0.95589099375 0.2865919375 0.967788896875 0.29611026093750004 0.9689786874999999 0.29611026093750004 0.963822928125 0.2984898421875 0.9598569609375 0.319509471875 0.9451828796875 0.3552031828125 0.9590637671875 0.3869309265625 0.9614433484375 0.38415474843749997 0.9194040890625 0.3873275234375 0.7726632765625 0.3869309265625 0.7690939046875