4 0.44705686875 0.49866886250000003 0.4366701984375 0.48568552656249997 0.43043819687499996 0.484127525 0.41641619218750003 0.4997075296875 0.4127808578125 0.5142488671875001 0.4257641953125 0.5324255390625 0.433554196875 0.5583922140625 0.4801571453125 0.6153513734375 0.499420715625 0.6229400515625 0.5203125 0.6323656484375 0.5203125 0.6092711875 0.5203125 0.6039613046875 0.5302379859374999 0.601234521875 0.5302379859374999 0.5874130015625 0.5325184968750001 0.5788990921875 0.47354287656249994 0.5100941999999999 0.44705686875 0.49866886250000003
5 0.40914290312499996 0.8913731500000001 0.41211267031250004 0.921003321875 0.5436776578125 0.9058873453125 0.5520754234374999 0.9014085359375 0.5413290281250001 0.7850329359375 0.4984416546875 0.7766526453125 0.49528305625 0.7755386750000001 0.49758329999999995 0.7816726593750001 0.49981212812500003 0.8000604875 0.49646888593750005 0.8167766953125 0.48643916249999997 0.8357217296874999 0.47752385156250005 0.84185100625 0.4636786921875 0.8452890656250001 0.458789346875 0.8539812343750001 0.4223979296875 0.885490875 0.4095342484375 0.8908797156249999 0.40914290312499996 0.8913731500000001
1 0.2238330453125 0.6665392734375 0.22673761250000002 0.675252971875 0.226750896875 0.676036734375 0.2383935765625 0.65399880625 0.26738842812499997 0.6211744453125 0.269178653125 0.6200662109375 0.2549534 0.6200662109375 0.2362811875 0.621311025 0.2209284796875 0.6296097859375 0.2238330453125 0.6665392734375
0 0.42385121875 0.8728278828124999 0.4095342484375 0.8908797156249999 0.4223979296875 0.885490875 0.458789346875 0.8539812343750001 0.4636786921875 0.8452890656250001 0.4428156484375 0.8504698218750001 0.435133371875 0.8523775 0.4342456 0.8547744843749999 0.42385121875 0.8728278828124999
3 0.49981212812500003 0.8000604875 0.49758329999999995 0.7816726593750001 0.49528305625 0.7755386750000001 0.45394021718750005 0.7609579421875 0.45394021718750005 0.780919671875 0.445187053125 0.825232559375 0.435133371875 0.8523775 0.47752385156250005 0.84185100625 0.48643916249999997 0.8357217296874999 0.49646888593750005 0.8167766953125 0.49981212812500003 0.8000604875
6 0.33249007812500003 0.9313646609375 0.35546713125 0.930270515625 0.3707851671875 0.9264410078124999 0.37352053125 0.9231585718750001 0.3806324765625 0.9258939343750001 0.38227369375000003 0.9231585718750001 0.3795383296875 0.9204232078125001 0.398685875 0.9045581 0.42385121875 0.8728278828124999 0.4342456 0.8547744843749999 0.445187053125 0.825232559375 0.45394021718750005 0.780919671875 0.45394021718750005 0.7609579421875 0.44354401250000003 0.7572914234375 0.43865065156250005 0.7634081234375001 0.4336863421875 0.7644009859375 0.42425415468749994 0.7589402453125 0.4178005515625 0.7500044890625001 0.41763977499999994 0.7481555531249999 0.3887868109375 0.73797973125 0.363820753125 0.72476240625 0.355009203125 0.713992734375 0.3554987328125 0.7061602453125 0.3750799546875 0.6258772359375 0.38122290625 0.6164380671874999 0.3778971125 0.6140625 0.27887695468749996 0.6140625 0.26738842812499997 0.6211744453125 0.2383935765625 0.65399880625 0.223075540625 0.682993659375 0.2137753046875 0.7076119296875001 0.20775750468749998 0.7415304375 0.2072104328125 0.783655034375 0.2181518859375 0.8372681578125001 0.24058186718750002 0.8810339734375001 0.26520013750000004 0.9072934625 0.2859889 0.9209702796875 0.31498375312500004 0.930270515625 0.33249007812500003 0.9313646609375
6 0.5666881265625 0.510462703125 0.5562738015625001 0.516248440625 0.5555070875 0.5296659140625 0.57292861875 0.5330019515625 0.5800012 0.5213741484375001 0.579416746875 0.5150912937500001 0.5666881265625 0.510462703125
6 0.5302379859374999 0.5874130015625 0.5302379859374999 0.601234521875 0.5642397171875 0.5918933875 0.5647224343749999 0.5885143703125 0.558929834375 0.586583503125 0.54782735 0.566309403125 0.538131396875 0.557944265625 0.5302379859374999 0.5874130015625
3 0.75201650625 0.5537587687500001 0.7486374890625 0.5803081859375 0.73174240625 0.6261662718750001 0.7254670890625 0.636303321875 0.7240189390625 0.6483712390624999 0.7201572046875 0.6556119890625001 0.7124337390625 0.665266321875 0.6762299875 0.68360955625 0.6627139203125 0.6874712890625 0.6516114375 0.6850577062500001 0.6496805703125 0.6898848734375 0.649480503125 0.7020889375 0.7754714671875 0.644602565625 0.787528178125 0.6291699765625001 0.7846345671875 0.5987870671875 0.7749892 0.56840415625 0.7677551734375 0.5549006421875 0.7610034156250001 0.5471843468750001 0.7519115000000001 0.5460933171875 0.75201650625 0.5537587687500001
3 0.870366328125 0.5826533359375 0.9704141406250001 0.591395378125 0.9733281546875 0.5753683015625 0.9733281546875 0.47823450312500004 0.8650239687499999 0.4670641171875 0.7784574140625 0.48700615 0.764567140625 0.5064525343749999 0.7515337890625 0.5185204515625 0.7517884421875001 0.537110071875 0.768375840625 0.540400134375 0.845597209375 0.577796646875 0.870366328125 0.5826533359375
5 0.558929834375 0.586583503125 0.5647224343749999 0.5885143703125 0.5642397171875 0.5918933875 0.5203125 0.6039613046875 0.5203125 0.6092711875 0.5203125 0.6323656484375 0.604669784375 0.6704245156249999 0.6100546203125 0.6772779437499999 0.6139708640625 0.6900057375 0.6164185171875001 0.71595085625 0.6311718468749999 0.7292764453125 0.6467842703125 0.723675040625 0.649197853125 0.719330590625 0.6496805703125 0.6898848734375 0.6516114375 0.6850577062500001 0.6627139203125 0.6874712890625 0.6762299875 0.68360955625 0.7124337390625 0.665266321875 0.7201572046875 0.6556119890625001 0.7240189390625 0.6483712390624999 0.7254670890625 0.636303321875 0.73174240625 0.6261662718750001 0.7486374890625 0.5803081859375 0.75201650625 0.5537587687500001 0.7515337890625 0.5185204515625 0.764567140625 0.5064525343749999 0.7983573078124999 0.4591463 0.6641620703125 0.45625 0.61637311875 0.45625 0.6014089015625 0.486178434375 0.57292861875 0.5330019515625 0.52755325 0.5243130515625001 0.5212779328125 0.53927726875 0.5232088 0.54506986875 0.54782735 0.566309403125 0.558929834375 0.586583503125
6 0.632573025 0.740916915625 0.6315939640625 0.7296577125 0.6164185171875001 0.71595085625 0.6139708640625 0.6900057375 0.6100546203125 0.6772779437499999 0.604669784375 0.6704245156249999 0.499420715625 0.6229400515625 0.41864817499999996 0.591120565625 0.402983196875 0.58916244375 0.3951507078125 0.5950368109374999 0.3750799546875 0.6258772359375 0.3554987328125 0.7061602453125 0.355009203125 0.713992734375 0.363820753125 0.72476240625 0.3887868109375 0.73797973125 0.41763977499999994 0.7481555531249999 0.4168076890625 0.7385865765624999 0.4312041875 0.7048292703125 0.4401399453125 0.693411359375 0.4510614265625 0.6854684640625 0.47141509531250003 0.691922065625 0.48035085312500003 0.686461325 0.490775903125 0.6859648953125 0.49673307343750006 0.692914928125 0.499215228125 0.7083042875000001 0.49623664375 0.712772165625 0.478861559375 0.7167436140625 0.46893294062499996 0.7326294046874999 0.4485792703125 0.7415651624999999 0.44460782343750005 0.755961659375 0.44354401250000003 0.7572914234375 0.4984416546875 0.7766526453125 0.5836199703125 0.793296684375 0.595858234375 0.7923176234375 0.6056488453125 0.7693096875000001 0.6213138234375 0.76882015625 0.630614903125 0.7546237703124999 0.632573025 0.740916915625
6 0.49623664375 0.712772165625 0.499215228125 0.7083042875000001 0.49673307343750006 0.692914928125 0.490775903125 0.6859648953125 0.48035085312500003 0.686461325 0.47141509531250003 0.691922065625 0.4510614265625 0.6854684640625 0.4401399453125 0.693411359375 0.4312041875 0.7048292703125 0.4168076890625 0.7385865765624999 0.4178005515625 0.7500044890625001 0.42425415468749994 0.7589402453125 0.4336863421875 0.7644009859375 0.43865065156250005 0.7634081234375001 0.44460782343750005 0.755961659375 0.4485792703125 0.7415651624999999 0.46893294062499996 0.7326294046874999 0.478861559375 0.7167436140625 0.49623664375 0.712772165625
6 0.690214190625 0.811447534375 0.67798708125 0.8173346609375001 0.6766285140625 0.8218632187500001 0.6775342249999999 0.83726031875 0.6825156406249999 0.8454117234374999 0.6906670453125 0.84405315625 0.697007028125 0.8467702921875 0.704252721875 0.8422417328125 0.7273483703125 0.8635259578125 0.749085453125 0.8716773640625 0.7739925249999999 0.8694130843749999 0.8939993296875001 0.8377131734375001 0.9084907171875001 0.8241274984375 0.9089435734375 0.8100889656250001 0.9193592578124999 0.796503290625 0.92026496875 0.7833704703125 0.9157364109374999 0.7765776328125 0.9044150140625 0.77069050625 0.9039621578125001 0.7652562359374999 0.9080378609374999 0.7534819828125 0.9080378609374999 0.7457834328125 0.9053207265625 0.7403491625 0.8944521859375 0.7358206046875 0.8763379499999999 0.7344620374999999 0.8337695 0.744424865625 0.785766778125 0.7648033796875 0.755878290625 0.7629919562499999 0.733235496875 0.7693319390625 0.7173855421875001 0.7833704703125 0.70017701875 0.811447534375 0.690214190625 0.811447534375