4 0.41822157656250003 0.5335037078125 0.4349610140625 0.548293896875 0.44839258906249996 0.571842678125 0.5066141296875 0.616858596875 0.52709105625 0.6199194171875 0.549567684375 0.6244038078124999 0.5443725609375 0.60190125625 0.543178096875 0.596727465625 0.5522357999999999 0.5918378203125 0.5491266359375 0.5783705453125 0.549433484375 0.5695618437500001 0.476491671875 0.51578704375 0.44811435624999996 0.5106125921875 0.43507328125000005 0.5002985109375 0.42865053125 0.5001823359374999 0.41849264843749995 0.518517290625 0.41822157656250003 0.5335037078125
5 0.6043882265625 0.7684305515625 0.5607149 0.7699126078125 0.5573866671875 0.76953771875 0.5610078015625 0.774997046875 0.567315865625 0.79241221875 0.5678186390625 0.8094520562499999 0.5623076828125 0.8301677281250001 0.5549996578124999 0.8381454203125 0.54228274375 0.8446098453124999 0.539474025 0.8541790984375 0.5111034437499999 0.8930674359375 0.499781684375 0.9012118593749999 0.4995113671875 0.90178068125 0.5090703578125 0.9299833812499999 0.6338629890624999 0.8856591437500001 0.6410380078125 0.8794060390625 0.6043882265625 0.7684305515625
1 0.3006085671875 0.6703949703125 0.30210360937499997 0.6689124265624999 0.28824295 0.6721124125 0.2703293265625 0.67752565625 0.2572369234375 0.689065328125 0.268374371875 0.7243949296875 0.27316465 0.7322319125 0.27335390312499996 0.7329925984375001 0.2797407265625 0.7089004671875 0.3006085671875 0.6703949703125
0 0.54228274375 0.8446098453124999 0.5231198359375 0.8543509828125 0.5160635890624999 0.857937903125 0.5157377750000001 0.8604731593749999 0.5096709328125 0.8804020765624999 0.499781684375 0.9012118593749999 0.5111034437499999 0.8930674359375 0.539474025 0.8541790984375 0.54228274375 0.8446098453124999
3 0.5183139031249999 0.7840809156249999 0.5197533125 0.8292271 0.5160635890624999 0.857937903125 0.5549996578124999 0.8381454203125 0.5623076828125 0.8301677281250001 0.5678186390625 0.8094520562499999 0.567315865625 0.79241221875 0.5610078015625 0.774997046875 0.5573866671875 0.76953771875 0.513823490625 0.764630803125 0.5183139031249999 0.7840809156249999
6 0.4794971484375 0.94183015 0.480480978125 0.9387957015625 0.4772003984375 0.93674576875 0.4922883203125 0.9169800218749999 0.5096709328125 0.8804020765624999 0.5157377750000001 0.8604731593749999 0.5197533125 0.8292271 0.5183139031249999 0.7840809156249999 0.513823490625 0.764630803125 0.502868953125 0.7633968953125 0.4994769671875 0.770457590625 0.4948632375 0.7725417328125 0.484444396875 0.76934273125 0.4761460921875 0.7620877421875 0.475573515625 0.7603223625 0.44517098906249997 0.75689785 0.417871559375 0.749635425 0.4068631984375 0.7411239468749999 0.40557825625 0.733382084375 0.4065978640625 0.65075190625 0.41046002187499997 0.6401728 0.40668508125 0.638606259375 0.31020280312500004 0.6608809484375 0.3006085671875 0.6703949703125 0.2797407265625 0.7089004671875 0.2713377125 0.7405979921875 0.26781374687500004 0.766677396875 0.2695801875 0.8010802859374999 0.278523109375 0.8422482953125 0.30124446250000003 0.8920260265625 0.33294473125 0.9296244796875 0.3628391359375 0.9496730343750001 0.3861716984375 0.9583228609375001 0.4165155140625 0.960862309375 0.43381928125 0.9579903468750001 0.45596130468749996 0.9517555312500001 0.4700252890625 0.9445783656250001 0.47195215937499996 0.940764734375 0.4794971484375 0.94183015
6 0.5827589109375 0.5028299765625001 0.580776103125 0.4968396234375 0.5673325109375 0.4951929796875 0.5584866109375 0.50317314375 0.5607578234374999 0.5164192 0.5784832875 0.51575074375 0.5827589109375 0.5028299765625001
6 0.5768965171875 0.5711080453124999 0.5615179078125 0.553851084375 0.5501887156249999 0.547881459375 0.5491266359375 0.5783705453125 0.5522357999999999 0.5918378203125 0.5832647718749999 0.5750873734375 0.582975003125 0.5716863734375 0.5768965171875 0.5711080453124999
3 0.7516536140625 0.594175196875 0.7495196703125 0.6020990687500001 0.744165909375 0.6132433625 0.7130163875 0.639260534375 0.7007154375 0.64606374375 0.689354571875 0.6462095359375 0.68855906875 0.651347334375 0.691109446875 0.6632836140625 0.8009396515624999 0.5789288140625 0.809215771875 0.5611795921875 0.7995616562500001 0.532226315625 0.78332883125 0.5047918515625 0.7732425828125 0.493261734375 0.7649280828125 0.487262021875 0.755823765625 0.488244190625 0.75765043125 0.49568955625 0.7603303375 0.5223186265625 0.7541841 0.570801940625 0.7503499578125 0.5820908171875 0.7516536140625 0.594175196875
3 0.8482594671875001 0.385795734375 0.7683975890625 0.4246998921875 0.75923780625 0.4467724984375 0.7492531890625 0.46146298281250003 0.7536830703125 0.4795188671875 0.7705854375000001 0.47899325312499996 0.8542400125 0.4980602671875 0.8794668187499999 0.497220640625 0.97891694375 0.48323276406250004 0.9781509640625 0.46696095 0.9563006125 0.372316684375 0.8482594671875001 0.385795734375
5 0.5443725609375 0.60190125625 0.549567684375 0.6244038078124999 0.6403242796875 0.64251096875 0.6471127875 0.64797741875 0.6537917890625 0.6594980374999999 0.662013090625 0.6842275812499999 0.6793858984375001 0.693892859375 0.6933381359374999 0.6849229875 0.69471256875 0.680146946875 0.68855906875 0.651347334375 0.689354571875 0.6462095359375 0.7007154375 0.64606374375 0.7130163875 0.639260534375 0.744165909375 0.6132433625 0.7495196703125 0.6020990687500001 0.7516536140625 0.594175196875 0.7503499578125 0.5820908171875 0.7541841 0.570801940625 0.7603303375 0.5223186265625 0.75765043125 0.49568955625 0.7492531890625 0.46146298281250003 0.75923780625 0.4467724984375 0.781520346875 0.3930775875 0.6501129984375 0.420442878125 0.603548875 0.431193053125 0.5957006218750001 0.46372064062499996 0.5784832875 0.51575074375 0.5323163078125 0.5174917765625 0.52956804375 0.5334841015625 0.532752475 0.5386938875 0.5615179078125 0.553851084375 0.5768965171875 0.5711080453124999 0.582975003125 0.5716863734375 0.5832647718749999 0.5750873734375 0.543178096875 0.596727465625 0.5443725609375 0.60190125625
6 0.6471127875 0.64797741875 0.6403242796875 0.64251096875 0.52709105625 0.6199194171875 0.441230884375 0.6070853296875 0.42552691718749996 0.6087012484375001 0.41921661875 0.6161869828125 0.4065978640625 0.65075190625 0.40557825625 0.733382084375 0.4068631984375 0.7411239468749999 0.417871559375 0.749635425 0.44517098906249997 0.75689785 0.475573515625 0.7603223625 0.4726102046875 0.751185815625 0.4790439796875 0.7150552 0.48518224375 0.701919821875 0.49403704531250003 0.691723703125 0.5153207953125001 0.6934333203125 0.52279913125 0.6861024296875 0.532845315625 0.683273596875 0.5402132203125001 0.6887054296875 0.5460936109375 0.703141996875 0.544196421875 0.7081654000000001 0.528160040625 0.715943603125 0.5220594171874999 0.7336556953125 0.50423751875 0.7469410109375 0.5036063671875 0.7618619078125 0.502868953125 0.7633968953125 0.5607149 0.7699126078125 0.64745419375 0.766969109375 0.6591585515625 0.7632621312500001 0.6635225703125001 0.738641478125 0.6786759359375 0.734640640625 0.6845451375 0.71871581875 0.6833697015625 0.7049197890625 0.6798829640624999 0.6941694 0.662013090625 0.6842275812499999 0.6537917890625 0.6594980374999999 0.6471127875 0.64797741875
6 0.52279913125 0.6861024296875 0.5153207953125001 0.6934333203125 0.49403704531250003 0.691723703125 0.48518224375 0.701919821875 0.4790439796875 0.7150552 0.4726102046875 0.751185815625 0.4761460921875 0.7620877421875 0.484444396875 0.76934273125 0.4948632375 0.7725417328125 0.4994769671875 0.770457590625 0.5036063671875 0.7618619078125 0.50423751875 0.7469410109375 0.5220594171874999 0.7336556953125 0.528160040625 0.715943603125 0.544196421875 0.7081654000000001 0.5460936109375 0.703141996875 0.5402132203125001 0.6887054296875 0.532845315625 0.683273596875 0.52279913125 0.6861024296875
6 0.7555385078125 0.7955017578125 0.7631753812500001 0.79234434375 0.76996409375 0.793565653125 0.7760053765625 0.7875232343749999 0.8032969937500001 0.8030665546875 0.8263106234375 0.8061192625 0.8500699765625 0.79831014375 0.9598700875 0.7404270421875 0.9709339484375 0.7239297140625001 0.968217215625 0.7101491171875 0.9753098343750001 0.6945686234374999 0.973238090625 0.68156865625 0.96729754375 0.675968621875 0.9549419984374999 0.6727791421875 0.9532783031250001 0.6675860218749999 0.9546009156249999 0.655196709375 0.95286911875 0.647695471875 0.9489991796874999 0.6430117046875 0.9373904953125001 0.641044103125 0.919434915625 0.643795171875 0.880198640625 0.663078471875 0.83801039375 0.6937329484375 0.8084804640625001 0.6986913984374999 0.787844190625 0.7099624078125 0.7755584515625 0.727206596875 0.7651069453125 0.7584351234375 0.7553994640624999 0.760676271875 0.74481005 0.7691630125 0.7445050078125 0.7738811140624999 0.7488510984375 0.788679846875 0.7555385078125 0.7955017578125