4 0.41398727031250004 0.5202982578124999 0.42820692187500004 0.5375249796875 0.43778929062499994 0.5628849984375 0.48825198593749997 0.6164545515625 0.5079979906250001 0.622680984375 0.52949638125 0.630626284375 0.5278853921875 0.6075880796875001 0.52751499375 0.60229113125 0.537226090625 0.598878625 0.53626195 0.585090771875 0.53794300625 0.576438521875 0.4743114609375 0.5119151671875 0.44709297968749995 0.50236523125 0.4358259390625 0.490138059375 0.42950043750000005 0.48901857499999996 0.41659939687499997 0.505538753125 0.41398727031250004 0.5202982578124999
5 0.5611112453125 0.7814556421875001 0.5177437640625 0.7760874375 0.514515153125 0.7751965140625 0.517237678125 0.7811551 0.520743746875 0.7993426609375 0.5185747125 0.8162513609375001 0.5098909593750001 0.8358498843750001 0.5014249234375 0.84258613125 0.48785331718749997 0.8469816046875 0.4835822171875 0.8559936640625001 0.44947744843750004 0.8899650859375001 0.437021009375 0.8962381234375 0.43666503749999996 0.8967576546875 0.4416944671875 0.9261084890625 0.57188453125 0.9018518249999999 0.5799494140625 0.8967981265624999 0.5611112453125 0.7814556421875001
1 0.2764077609375 0.6371054328125 0.27811631718749996 0.63587501875 0.2639257171875 0.636867321875 0.24538582187500002 0.6394116125 0.23064940625000002 0.6487611078125 0.23612296718749998 0.685398025 0.23962829531250002 0.693887884375 0.2396962203125 0.6946688109375 0.24977325 0.6718724140625 0.2764077609375 0.6371054328125
0 0.48785331718749997 0.8469816046875 0.4674024859375 0.8536050734374999 0.4598719953125 0.85604399375 0.45915359218749996 0.8584970671875001 0.450043871875 0.8772315640624999 0.437021009375 0.8962381234375 0.44947744843750004 0.8899650859375001 0.4835822171875 0.8559936640625001 0.48785331718749997 0.8469816046875
3 0.47364838281250005 0.7834483343749999 0.4680076515625 0.8282638671875 0.4598719953125 0.85604399375 0.5014249234375 0.84258613125 0.5098909593750001 0.8358498843750001 0.5185747125 0.8162513609375001 0.520743746875 0.7993426609375 0.517237678125 0.7811551 0.514515153125 0.7751965140625 0.472255921875 0.7635352296875 0.47364838281250005 0.7834483343749999
6 0.410632109375 0.9331831359375 0.41207851875 0.9303399515624999 0.409159009375 0.927802059375 0.4271532171875 0.9106399328125001 0.450043871875 0.8772315640624999 0.45915359218749996 0.8584970671875001 0.4680076515625 0.8282638671875 0.47364838281250005 0.7834483343749999 0.472255921875 0.7635352296875 0.46162927812500004 0.7606028453125 0.4571745171875 0.7670459890625 0.452291559375 0.768382725 0.4425014265625 0.7635932421875 0.4354402171875 0.755129434375 0.43515085625000005 0.7532962171875 0.405658346875 0.7451578640625 0.3798311125 0.7337142796875 0.370289771875 0.72358550625 0.3702317421875 0.7157379484375 0.38416500625 0.6342845875 0.38963454999999997 0.6244399015625001 0.38615114687499996 0.6223021156249999 0.287372196875 0.6292094140625 0.2764077609375 0.6371054328125 0.24977325 0.6718724140625 0.2365151078125 0.7018651703125001 0.228954809375 0.7270722234375 0.22531770468749998 0.7613278875 0.22771042812500003 0.8033880328125 0.24236509062499997 0.8561073203125 0.2677933828125 0.8982018875 0.294183453125 0.9226801265625 0.31587562187499996 0.9348734765625 0.34544859687499996 0.9421284796875 0.3629886015625 0.9419987796875 0.38583335937499996 0.9393045015625001 0.4008469484375 0.934415790625 0.40334667812499997 0.930950540625 0.410632109375 0.9331831359375
6 0.58129730625 0.51574148125 0.5802760078125 0.5095147 0.56725551875 0.5057852875 0.5572701546875 0.5122833984375 0.5574412640624999 0.5257216703125 0.5750530687500001 0.5278343171875 0.58129730625 0.51574148125
6 0.56482604375 0.582261853125 0.5523363546875 0.562811609375 0.5420804984375 0.5551432046875 0.53626195 0.585090771875 0.537226090625 0.598878625 0.570493390625 0.587188403125 0.5707392234374999 0.5837839453125 0.56482604375 0.582261853125
3 0.7338230953125 0.6323830421875 0.73047585625 0.6398755359375 0.72344465625 0.6500451125 0.6886086546875 0.670869109375 0.67539489375 0.6756642687500001 0.6641510921875 0.6740310359375 0.6625616546875001 0.6789811343750001 0.6632133875 0.6911694265625 0.7848873968750001 0.625034403125 0.795838215625 0.6087983734375 0.7908322484375 0.5786913234375 0.7790909734375 0.54905525 0.7709326109375 0.5360892500000001 0.7636590375 0.5288627296875 0.7545131640625 0.528408578125 0.7551526281250001 0.5360480328125 0.7536338359375 0.562768484375 0.7399788078125 0.6096934046875 0.7344259015625 0.6202435046875 0.7338230953125 0.6323830421875
3 0.8618372984375 0.4416815625 0.7768727 0.46761359531249996 0.764372775 0.48798154531250004 0.7522129875 0.5009292265624999 0.753763765625 0.5194558 0.7705402609374999 0.52158076875 0.850182171875 0.5534994953125 0.8752297390624999 0.5566165468750001 0.9756436546874999 0.5583583125 0.9774325781250001 0.5421670046875 0.9706568671875001 0.4452698203125 0.8618372984375 0.4416815625
5 0.5278853921875 0.6075880796875001 0.52949638125 0.630626284375 0.6163030265625 0.662707975 0.6221528171874999 0.66916908125 0.6269473671875 0.6815926875 0.6311988984375 0.7073038656249999 0.6468458359375 0.7195678546875001 0.66202949375 0.7128910265624999 0.66413414375 0.708388796875 0.6625616546875001 0.6789811343750001 0.6641510921875 0.6740310359375 0.67539489375 0.6756642687500001 0.6886086546875 0.670869109375 0.72344465625 0.6500451125 0.73047585625 0.6398755359375 0.7338230953125 0.6323830421875 0.7344259015625 0.6202435046875 0.7399788078125 0.6096934046875 0.7536338359375 0.562768484375 0.7551526281250001 0.5360480328125 0.7522129875 0.5009292265624999 0.764372775 0.48798154531250004 0.7947807140625 0.4384334640625 0.660710334375 0.44490520624999996 0.61303779375 0.44823879375000003 0.60019773125 0.479138175 0.5750530687500001 0.5278343171875 0.529182125 0.522331809375 0.5239659453125001 0.5376973171875 0.5262961796875001 0.5433411171875 0.5523363546875 0.562811609375 0.56482604375 0.582261853125 0.5707392234374999 0.5837839453125 0.570493390625 0.587188403125 0.52751499375 0.60229113125 0.5278853921875 0.6075880796875001
6 0.6221528171874999 0.66916908125 0.6163030265625 0.662707975 0.5079979906250001 0.622680984375 0.42520259375 0.5965734171875 0.40943918281249997 0.5957127984375 0.4020355484375 0.6021192234375 0.38416500625 0.6342845875 0.3702317421875 0.7157379484375 0.370289771875 0.72358550625 0.3798311125 0.7337142796875 0.405658346875 0.7451578640625 0.43515085625000005 0.7532962171875 0.4336533 0.7438085937500001 0.4456599375 0.7091292703125001 0.45377745625 0.6971158453124999 0.4641182640625 0.6884304546875 0.4848725328125 0.6934485359375 0.4934056015625 0.6873777703124999 0.5037706281250001 0.686155334375 0.5101980968750001 0.6926728859375 0.5137477125000001 0.7078516109375 0.511088046875 0.71251638125 0.49403232187499996 0.71769018125 0.485236025 0.734229859375 0.4655552625 0.74456365 0.46259773906249996 0.7592021124999999 0.46162927812500004 0.7606028453125 0.5177437640625 0.7760874375 0.60387561875 0.78674919375 0.6160157749999999 0.7849188203125 0.624177584375 0.761283971875 0.6397702546875 0.7597029 0.6480583875 0.744892284375 0.6490555984374999 0.731082228125 0.6472935203125 0.719918746875 0.6311988984375 0.7073038656249999 0.6269473671875 0.6815926875 0.6221528171874999 0.66916908125
6 0.4934056015625 0.6873777703124999 0.4848725328125 0.6934485359375 0.4641182640625 0.6884304546875 0.45377745625 0.6971158453124999 0.4456599375 0.7091292703125001 0.4336533 0.7438085937500001 0.4354402171875 0.755129434375 0.4425014265625 0.7635932421875 0.452291559375 0.768382725 0.4571745171875 0.7670459890625 0.46259773906249996 0.7592021124999999 0.4655552625 0.74456365 0.485236025 0.734229859375 0.49403232187499996 0.71769018125 0.511088046875 0.71251638125 0.5137477125000001 0.7078516109375 0.5101980968750001 0.6926728859375 0.5037706281250001 0.686155334375 0.4934056015625 0.6873777703124999
6 0.7061657453125 0.8318386703125 0.7142025249999999 0.8299148000000001 0.7207166015625 0.8321830609375 0.7276287484374999 0.8271601000000001 0.75215285 0.8467814062500001 0.7744055953125 0.853396653125 0.799094046875 0.8494004609375001 0.9165972468750001 0.8094065171875 0.9301056453125 0.79484306875 0.9295781203125 0.7808071421875 0.9390207437500001 0.766528 0.9390081484374999 0.7533639921875 0.9340167781250001 0.746903596875 0.9223122953124999 0.741820553125 0.9214814656250001 0.736431109375 0.9247259109374999 0.72440123125 0.9241888875000001 0.716721434375 0.9210992953125 0.7114899390625 0.9099413343749999 0.7077305640625 0.8917764546875 0.7076388921875 0.8500066703125 0.7205468749999999 0.8035424140625 0.7442242484375 0.773600375 0.744502153125 0.75145499375 0.7524061734374999 0.7366229265625 0.7675161453125 0.7214148796875001 0.7967252203124999 0.7114763203125001 0.7974201921875 0.6996896609375 0.8041458984375 0.6986502984375 0.8087581937499999 0.7006278515625 0.8240546078125 0.7061657453125 0.8318386703125