3 0.7236869921875 0.366894371875 0.693480421875 0.3280573515625 0.665752190625 0.3151175109375 0.6558932640624999 0.3188146078125 0.644801971875 0.33483536406250003 0.63001358125 0.33791627812499997 0.615841375 0.353937034375 0.5967397046875 0.36256359531250004 0.579635596875 0.40632201874999996 0.5808963 0.4046875 0.59289360625 0.4046875 0.5999376515625 0.4132628609375 0.6125751328125 0.390996821875 0.6266653171875001 0.3769066375 0.6461748046875 0.365526103125 0.6857357078125 0.3590229421875 0.7215031 0.366068034375 0.7236869921875 0.366894371875
3 0.49833261249999994 0.6105363125000001 0.494818896875 0.623313459375 0.579635596875 0.40632201874999996 0.5242539234375 0.478125 0.5198080593750001 0.478125 0.5369699609375 0.4531424828125 0.5422893078125 0.4439476125 0.49306059218750004 0.517527071875 0.49350444375 0.517992059375 0.48780935625 0.52537580625 0.49341028593749997 0.6036322703125 0.49833261249999994 0.6105363125000001
1 0.8027968609375 0.703354109375 0.7931466 0.718337409375 0.7848403937499999 0.7250285203125 0.7963685968750001 0.7230190171875 0.815021259375 0.716518846875 0.8027968609375 0.703354109375
1 0.749722584375 0.725964834375 0.735415590625 0.7045043421875 0.7141507953125 0.732213015625 0.71804964375 0.73667094375 0.7528194625 0.73061015 0.749722584375 0.725964834375
1 0.544365621875 0.8076992531249999 0.5444267484374999 0.807745096875 0.62200143125 0.8157258046875 0.6228779062500001 0.8152249625 0.5079321171875 0.7009800328125 0.5417716078125 0.8074719421875001 0.544365621875 0.8076992531249999
1 0.45349756875 0.7362053656249999 0.454363153125 0.7578449765624999 0.4716748421875 0.7980946546875 0.47427159531249996 0.8015569921875001 0.544365621875 0.8076992531249999 0.5418550765625 0.8058163437499999 0.52535168125 0.783654640625 0.5192218484375 0.7666797203125 0.51544964375 0.7482902218749999 0.51544964375 0.728014621875 0.5163359187500001 0.7237605046875 0.5140962078125 0.7192810859375001 0.510315015625 0.7096180375000001 0.5088282359375 0.7042284640625 0.477301140625 0.7059099078125 0.45349756875 0.7362053656249999
5 0.5815347921875 0.478125 0.5843947640625 0.44952528125 0.5898140656249999 0.43109965624999996 0.5999376515625 0.4132628609375 0.59289360625 0.4046875 0.5808963 0.4046875 0.5242539234375 0.478125 0.5815347921875 0.478125
5 0.5815347921875 0.478125 0.49939156875 0.6066855609374999 0.6149280218750001 0.6209700687499999 0.5815347921875 0.478125
5 0.512415678125 0.559630715625 0.5136760765624999 0.555849521875 0.51535660625 0.5520683296875 0.518297534375 0.5428254124999999 0.518297534375 0.539464353125 0.5174572687500001 0.537783821875 0.51535660625 0.5352630265625 0.51115528125 0.5327422312500001 0.494349978125 0.5188778578125001 0.49350444375 0.517992059375 0.47771947499999995 0.538457453125 0.46872149687500003 0.5522543546875001 0.46812163125 0.5612523328125001 0.4867174546875 0.5942449234375 0.49833261249999994 0.6105363125000001 0.49939156875 0.6066855609374999 0.4998117015625 0.604164765625 0.49939156875 0.5903003921875001 0.5010721 0.5865191984375 0.5027526296875 0.5839984031250001 0.5048532921875 0.5793769453125 0.5098948828125 0.5650924390625 0.512415678125 0.559630715625
5 0.5834180796874999 0.6197096703125 0.5829979468750001 0.6209700687499999 0.5880395375 0.62727205625 0.5897200687499999 0.6318935140625 0.59182073125 0.635254575 0.59602205625 0.64113643125 0.5972824546875 0.64323709375 0.5977025859375 0.6440773578125001 0.5977025859375 0.64533775625 0.596862321875 0.6478585515625 0.594761659375 0.6507994796875 0.5941474859375 0.6520278265624999 0.6125839125 0.656342734375 0.634745615625 0.6747322328124999 0.6451191781250001 0.6926502046875 0.6540781640625 0.7256569953125 0.6526635875 0.7596068359375 0.652565428125 0.7599183843749999 0.653006765625 0.7597849562500001 0.658200384375 0.75242733125 0.6672892171875 0.7286232453125 0.6807060640625 0.741174490625 0.6942799374999999 0.7581053437499999 0.6978625828125 0.7534370499999999 0.6965556859375 0.7435046359374999 0.7013501921875 0.7395818578125 0.7095991328125 0.73814396875 0.735415590625 0.7045043421875 0.73481800625 0.7036079671875 0.7171426765625 0.69300276875 0.7030024109374999 0.6770949703125 0.692986390625 0.6735599046875 0.67472188125 0.6741490812500001 0.648208884375 0.6605979953125 0.635246975 0.6623655281249999 0.6340686203125 0.6594196390625 0.6381928640625001 0.6458685531249999 0.6340686203125 0.6281932218749999 0.6340686203125 0.616187290625 0.627934384375 0.6092241031250001 0.6237508046875 0.6134076828125 0.6195494796875 0.6167687421875 0.6166085515625 0.6197096703125 0.6149280218750001 0.6209700687499999 0.6136676234375 0.6213902 0.6124072265625 0.6213902 0.60022338125 0.6192895375 0.59392139375 0.6188694046875 0.585938875 0.6188694046875 0.5842583453125 0.6188694046875 0.5834180796874999 0.6197096703125
5 0.494349978125 0.5188778578125001 0.51115528125 0.5327422312500001 0.51535660625 0.5352630265625 0.5174572687500001 0.537783821875 0.518297534375 0.539464353125 0.518297534375 0.5428254124999999 0.51535660625 0.5520683296875 0.5136760765624999 0.555849521875 0.512415678125 0.559630715625 0.5098948828125 0.5650924390625 0.5048532921875 0.5793769453125 0.5027526296875 0.5839984031250001 0.5010721 0.5865191984375 0.49939156875 0.5903003921875001 0.4998117015625 0.604164765625 0.49939156875 0.6066855609374999 0.4947701109375 0.6234908640625 0.49140905 0.6318935140625 0.4846869296875 0.6407162984375 0.48426679687499996 0.6415565625 0.49098891875 0.6550008046875 0.5019123640625 0.678528228125 0.504433159375 0.6856704812500001 0.5069539546875 0.6974341921875 0.510315015625 0.7096180375000001 0.5140962078125 0.7192810859375001 0.5163359187500001 0.7237605046875 0.5201648999999999 0.7053813953125 0.52535168125 0.6912356281250001 0.538082871875 0.6728461296875 0.5578869453124999 0.6587003625000001 0.5904222109374999 0.651155953125 0.5941474859375 0.6520278265624999 0.594761659375 0.6507994796875 0.596862321875 0.6478585515625 0.5977025859375 0.64533775625 0.5977025859375 0.6440773578125001 0.5972824546875 0.64323709375 0.59602205625 0.64113643125 0.59182073125 0.635254575 0.5897200687499999 0.6318935140625 0.5880395375 0.62727205625 0.5829979468750001 0.6209700687499999 0.5834180796874999 0.6197096703125 0.5842583453125 0.6188694046875 0.585938875 0.6188694046875 0.59392139375 0.6188694046875 0.60022338125 0.6192895375 0.6124072265625 0.6213902 0.6136676234375 0.6213902 0.6149280218750001 0.6209700687499999 0.6166085515625 0.6197096703125 0.6195494796875 0.6167687421875 0.6237508046875 0.6134076828125 0.627934384375 0.6092241031250001 0.618536365625 0.59855608125 0.6131170625 0.596930290625 0.5876463453125 0.5443630640625 0.588188275 0.5356921812500001 0.5822270421875 0.511305321875 0.5811431828125 0.4820410921875 0.5815347921875 0.478125 0.48594732812499997 0.478125 0.4838466640625 0.48148606093749996 0.4830064 0.48484712031250005 0.48342653281250003 0.4945101703125 0.4830064 0.49871149531250003 0.48174600156249997 0.5016524234374999 0.482166134375 0.5050134828124999 0.4830064 0.5062738812500001 0.48552719531250005 0.5096349421874999 0.494349978125 0.5188778578125001
1 0.7030024109374999 0.6770949703125 0.7171426765625 0.69300276875 0.73481800625 0.7036079671875 0.7528194625 0.73061015 0.7848403937499999 0.7250285203125 0.7931466 0.718337409375 0.8379241046875 0.648814440625 0.8467617703125001 0.64115513125 0.8573669687500001 0.6399767749999999 0.8673829890625001 0.6181772 0.8667938124999999 0.59755598125 0.85206436875 0.56220531875 0.8426375265624999 0.552778475 0.8255513734375001 0.54570834375 0.814946175 0.5280330125 0.85206436875 0.49680659374999997 0.866204634375 0.47500701875000007 0.870328878125 0.4561533328125 0.8573669687500001 0.42669444843750004 0.8426375265624999 0.40548405 0.8167137078125 0.406073228125 0.77016866875 0.38250612031250003 0.7666336031250001 0.376025165625 0.7431487406249999 0.3750857703125 0.76268979375 0.39262261249999997 0.77840576875 0.4121321 0.7930378828125 0.438686678125 0.8033345562499999 0.46524125625 0.8098377187500001 0.4972151375 0.811463509375 0.51618269375 0.8060442078125 0.5541178062500001 0.795747534375 0.5839239671875001 0.7805734890625 0.6121043359375 0.7659413749999999 0.6283622421875 0.7458899578125 0.641910496875 0.704161334375 0.6505813796875 0.681942196875 0.6467878671875 0.66080691875 0.6375750546875001 0.63858778125 0.62131715 0.6340686203125 0.616187290625 0.6340686203125 0.6281932218749999 0.6381928640625001 0.6458685531249999 0.6340686203125 0.6594196390625 0.635246975 0.6623655281249999 0.648208884375 0.6605979953125 0.67472188125 0.6741490812500001 0.692986390625 0.6735599046875 0.7030024109374999 0.6770949703125
6 0.704161334375 0.6505813796875 0.7458899578125 0.641910496875 0.7659413749999999 0.6283622421875 0.7805734890625 0.6121043359375 0.795747534375 0.5839239671875001 0.8060442078125 0.5541178062500001 0.811463509375 0.51618269375 0.8098377187500001 0.4972151375 0.8033345562499999 0.46524125625 0.7930378828125 0.438686678125 0.77840576875 0.4121321 0.76268979375 0.39262261249999997 0.7415545156250001 0.37365505625 0.7215031 0.366068034375 0.6857357078125 0.3590229421875 0.6461748046875 0.365526103125 0.6266653171875001 0.3769066375 0.6125751328125 0.390996821875 0.5898140656249999 0.43109965624999996 0.5843947640625 0.44952528125 0.5811431828125 0.4820410921875 0.5822270421875 0.511305321875 0.588188275 0.5356921812500001 0.5876463453125 0.5443630640625 0.6131170625 0.596930290625 0.618536365625 0.59855608125 0.63858778125 0.62131715 0.66080691875 0.6375750546875001 0.681942196875 0.6467878671875 0.704161334375 0.6505813796875
1 0.6711630421875 0.7680293984375 0.6738907453125 0.7687847609375 0.69699155 0.7657337125 0.6979357015625001 0.7626652203125001 0.6807060640625 0.741174490625 0.6672892171875 0.7286232453125 0.658200384375 0.75242733125 0.653006765625 0.7597849562500001 0.652565428125 0.7599183843749999 0.651707403125 0.7626416828125 0.6711630421875 0.7680293984375
1 0.6418184984375 0.794028203125 0.6286157828125 0.8119461749999999 0.6231288984375001 0.8150815375 0.6543051703125 0.87577576875 0.6590659875 0.8788053796874999 0.670318828125 0.864522928125 0.6798404609375 0.8562996999999999 0.6867652859375 0.853702890625 0.7032117437500001 0.8545684937500001 0.7140317828125 0.85803090625 0.716392053125 0.8555020437499999 0.7122467984374999 0.8393947687500001 0.680428709375 0.8354719906250001 0.6778438125 0.8359889687500001 0.6651734609375 0.838523040625 0.663430003125 0.844189275 0.638149878125 0.8407023609375001 0.6427647140625 0.7910249968749999 0.6418184984375 0.794028203125
1 0.6427647140625 0.7910249968749999 0.638149878125 0.8407023609375001 0.663430003125 0.844189275 0.6651734609375 0.838523040625 0.680428709375 0.8354719906250001 0.7122467984374999 0.8393947687500001 0.727502046875 0.8986723046874999 0.73316828125 0.9287469375 0.737091059375 0.9387718156249999 0.7445007515625 0.9431304578124999 0.7680374203125 0.94618150625 0.776318840625 0.9409511359374999 0.78634371875 0.9431304578124999 0.7907023609375 0.9396435437499999 0.790266496875 0.927875209375 0.795061003125 0.9248241593750001 0.81467489375 0.9191579234375 0.8334170562500001 0.9191579234375 0.8704655171875 0.9113123671875 0.8752600234375001 0.85813693125 0.8643634171875 0.7892703812499999 0.845185390625 0.7195321031249999 0.8395191562500001 0.7151734609375 0.8251356359375001 0.7129941390625001 0.7963685968750001 0.7230190171875 0.7013501921875 0.7395818578125 0.6965556859375 0.7435046359374999 0.69873500625 0.7600674765625001 0.69699155 0.7657337125 0.6738907453125 0.7687847609375 0.651707403125 0.7626416828125 0.6427647140625 0.7910249968749999
3 0.5192218484375 0.7666797203125 0.52535168125 0.783654640625 0.5418550765625 0.8058163437499999 0.5512855875 0.8128892265625 0.5791055968750001 0.8232627890625001 0.599381196875 0.8246773656249999 0.6121123875000001 0.8213766874999999 0.6286157828125 0.8119461749999999 0.6418184984375 0.794028203125 0.6526635875 0.7596068359375 0.6540781640625 0.7256569953125 0.6451191781250001 0.6926502046875 0.634745615625 0.6747322328124999 0.6125839125 0.656342734375 0.5904222109374999 0.651155953125 0.5578869453124999 0.6587003625000001 0.538082871875 0.6728461296875 0.52535168125 0.6912356281250001 0.5201648999999999 0.7053813953125 0.51544964375 0.728014621875 0.51544964375 0.7482902218749999 0.5192218484375 0.7666797203125