3 0.6389496 0.3298824625 0.624277740625 0.33347760625 0.6106732828125 0.34998320625 0.5918843125000001 0.3592711515625 0.5763177703125 0.4035998421875 0.5775206625 0.401922321875 0.5895106593749999 0.401503621875 0.5968496890625 0.409827925 0.6087023984375 0.38713440781249997 0.622292259375 0.37256106718750004 0.6413926875 0.36050659375 0.6807025343750001 0.3526267390625 0.7166940078125 0.35841927500000004 0.718905409375 0.3591688921875 0.687361846875 0.321409725 0.6591989125 0.30944546875 0.64947501875 0.31348438437500004 0.6389496 0.3298824625
3 0.519032565625 0.477447034375 0.5353121359374999 0.45188079375 0.5403073468749999 0.4425058828125 0.49367650625000004 0.5177585765625 0.49413631406249997 0.518207790625 0.4887023859375 0.5257857953125 0.4970310140625 0.60379911875 0.502191290625 0.6105271671875 0.49912563125 0.6234191578125 0.5763177703125 0.4035998421875 0.523475721875 0.47729187656249994 0.519032565625 0.477447034375
1 0.8223857562499999 0.705392865625 0.8097093609374999 0.6926627734374999 0.8005878890625 0.7079737359375 0.792520259375 0.7149506531250001 0.8039713078125 0.7125400453124999 0.8223857562499999 0.705392865625
1 0.7607136296875 0.721646396875 0.75745651875 0.7171119906250001 0.7424092796874999 0.6961638781249999 0.7221244578125 0.724597803125 0.7261765109375 0.728916946875 0.7607136296875 0.721646396875
1 0.5149413875 0.7005807749999999 0.552476778125 0.8058268312499999 0.5550771453125 0.8059634734375001 0.555139834375 0.80600715625 0.6329457828125 0.8112756843750001 0.6338042453125 0.810744559375 0.5149413875 0.7005807749999999
1 0.5550771453125 0.8059634734375001 0.552502415625 0.804169328125 0.5352356421875 0.7825970843750001 0.5285171265625 0.7658464328125001 0.5241054359375 0.7475997859375 0.523397828125 0.7273365375 0.524135096875 0.72305408125 0.5217404203125 0.7186555546875 0.5176242953125 0.7091303546875001 0.515950328125 0.703795953125 0.4845011203125 0.7065766515624999 0.46176934531249997 0.7376843875 0.46338961406249995 0.7592806078125001 0.48209545 0.7989015968750001 0.48481145625 0.8022712000000001 0.5550771453125 0.8059634734375001
5 0.5895106593749999 0.401503621875 0.5775206625 0.401922321875 0.523475721875 0.47729187656249994 0.580721696875 0.475292803125 0.5825818109374999 0.44661069375 0.587354765625 0.4280071625 0.5968496890625 0.409827925 0.5895106593749999 0.401503621875
5 0.5031152125 0.6066418046875001 0.6190798046875 0.616885446875 0.580721696875 0.475292803125 0.5031152125 0.6066418046875001
5 0.5196636734375 0.5388017375 0.5187652703125 0.5371515546875 0.5165779140625 0.5347056078125 0.5122911734375 0.5323329718750001 0.4950122484375 0.519063540625 0.49413631406249997 0.518207790625 0.47907519374999996 0.5392116046875 0.4705642015625 0.5533141265625 0.4702787265625 0.5623275578125 0.490014646875 0.594651065625 0.502191290625 0.6105271671875 0.5031152125 0.6066418046875001 0.5034471140625 0.6041078828125 0.502543378125 0.5902666171875001 0.5040909234375001 0.586429078125 0.5056824546875001 0.58385116875 0.5076205515625001 0.5791592140625 0.5121605484375 0.564707459375 0.5144891968749999 0.5591610890625 0.515616865625 0.5553382109375 0.5171644093750001 0.5515006734375001 0.5197809734375001 0.5421607500000001 0.5196636734375 0.5388017375
5 0.5964851125 0.631967684375 0.600889153125 0.6376993328125 0.6022220953125 0.639754728125 0.6026712953125 0.64057981875 0.6027152828125 0.64183945 0.6019635046875 0.644388034375 0.599966759375 0.6474004828125001 0.599395828125 0.6486495156250001 0.6179716125 0.6523183734375 0.6407616 0.6699232359375 0.6517541703124999 0.6874682609375 0.66185961875 0.72014228125 0.6616307375 0.7541208078125 0.6615435109375001 0.7544355921875 0.661979921875 0.75428684375 0.6669136 0.7467524453125 0.6751661453125 0.7226456640625 0.6890128515625 0.7347210234375 0.703169334375 0.751167840625 0.706586875 0.7463773578125 0.7049341390625 0.7364966046875 0.7095888218749999 0.732408890625 0.7177825546875 0.73068399375 0.7424092796874999 0.6961638781249999 0.7417807765625 0.6952889046874999 0.7237460984374999 0.6853070265625 0.7090592734375 0.6699024062500001 0.69892598125 0.6667190484375001 0.6806931609375 0.6679452890625 0.6537233890625 0.6553277484375 0.6408310609375001 0.6575465687500001 0.6395506140625 0.654643596875 0.6431994203125 0.6409568328125 0.638460828125 0.623436203125 0.6380418265625 0.6114375843750001 0.6316683171874999 0.604692721875 0.6276332906250001 0.6090197578125001 0.6235518234375 0.61252539375 0.6207153234375 0.6155671671875 0.6190798046875 0.616885446875 0.6178348375 0.617349309375 0.6165752078125 0.617393296875 0.6043254734375 0.6157191234375 0.5980126625 0.6155191828125 0.59003500625 0.61579776875 0.5883555 0.61585641875 0.5875450703125 0.616725496875 0.58716918125 0.617999790625 0.5924276374999999 0.624121990625 0.59426843125 0.6286819828125 0.5964851125 0.631967684375
5 0.5196636734375 0.5388017375 0.5197809734375001 0.5421607500000001 0.5171644093750001 0.5515006734375001 0.515616865625 0.5553382109375 0.5144891968749999 0.5591610890625 0.5121605484375 0.564707459375 0.5076205515625001 0.5791592140625 0.5056824546875001 0.58385116875 0.5040909234375001 0.586429078125 0.502543378125 0.5902666171875001 0.5034471140625 0.6041078828125 0.5031152125 0.6066418046875001 0.499083065625 0.6235981578125 0.4960173 0.6321129875 0.48960718593749997 0.641164996875 0.48921663437499996 0.6420194109375 0.49640385781249996 0.6552208640625 0.50814174375 0.6783527328125001 0.510910265625 0.6854026609375 0.513840071875 0.69707123125 0.5176242953125 0.7091303546875001 0.5217404203125 0.7186555546875 0.524135096875 0.72305408125 0.5273203234375 0.7045525375 0.532010265625 0.690234371875 0.5440919156249999 0.6714117640625 0.5633902453124999 0.6565834609375 0.5956423953125001 0.6479081828125001 0.599395828125 0.6486495156250001 0.599966759375 0.6474004828125001 0.6019635046875 0.644388034375 0.6027152828125 0.64183945 0.6026712953125 0.64057981875 0.6022220953125 0.639754728125 0.600889153125 0.6376993328125 0.5964851125 0.631967684375 0.59426843125 0.6286819828125 0.5924276374999999 0.624121990625 0.58716918125 0.617999790625 0.5875450703125 0.616725496875 0.5883555 0.61585641875 0.59003500625 0.61579776875 0.5980126625 0.6155191828125 0.6043254734375 0.6157191234375 0.6165752078125 0.617393296875 0.6178348375 0.617349309375 0.6190798046875 0.616885446875 0.6207153234375 0.6155671671875 0.6235518234375 0.61252539375 0.6276332906250001 0.6090197578125001 0.6316683171874999 0.604692721875 0.6219037140625 0.594359184375 0.6164309734375 0.5929235140625 0.5891412015624999 0.5412772265625 0.5893801921875 0.5325927125 0.5825715015624999 0.508428753125 0.5804669953125 0.47922017656250004 0.580721696875 0.475292803125 0.4851924625 0.47862875625 0.4832103765625 0.4820610828125 0.4824879234375 0.48544941875000003 0.48324503593749996 0.49509192031250004 0.482971784375 0.4993053484375 0.481814790625 0.502288471875 0.48235196562500005 0.505632821875 0.48323570781249997 0.506863128125 0.485872265625 0.5101341671874999 0.4950122484375 0.519063540625 0.5122911734375 0.5323329718750001 0.5165779140625 0.5347056078125 0.5187652703125 0.5371515546875 0.5196636734375 0.5388017375
1 0.792520259375 0.7149506531250001 0.8005878890625 0.7079737359375 0.8429118000000001 0.6369304062500001 0.8514767750000001 0.6289673328125 0.8620343890625 0.627419578125 0.8712835140624999 0.6052837281250001 0.8699750265624999 0.5846956328124999 0.8540208343750001 0.54988055625 0.8442707437499999 0.5407884468749999 0.8269482546875 0.5343189203125001 0.81573265625 0.517024471875 0.8517384531250001 0.4845216703125 0.865109309375 0.46224188593750004 0.8685730578124999 0.44325575156249997 0.8545909437500001 0.4142671765625 0.8391302421875 0.39358375 0.8132427765625 0.395077296875 0.7659036125 0.37314894375 0.7621445171875 0.366795309375 0.7386411765625 0.3666760953125 0.758782353125 0.3835202828125 0.7751696265625 0.40246940625 0.7907195687499999 0.4284971546875 0.8019367109375001 0.45467620625 0.8095517843750001 0.486403653125 0.8118385421875001 0.505302915625 0.8077464578125 0.54340405 0.7984962765625 0.573551403125 0.78431495625 0.602244171875 0.7702591484375 0.6190028265625 0.7506927734375 0.6332426124999999 0.7092921796875 0.6433645218749999 0.6869541859375 0.64034875625 0.665510259375 0.6318791671875 0.6427372640625 0.616406603125 0.6380418265625 0.6114375843750001 0.638460828125 0.623436203125 0.6431994203125 0.6409568328125 0.6395506140625 0.654643596875 0.6408310609375001 0.6575465687500001 0.6537233890625 0.6553277484375 0.6806931609375 0.6679452890625 0.69892598125 0.6667190484375001 0.7090592734375 0.6699024062500001 0.7237460984374999 0.6853070265625 0.7417807765625 0.6952889046874999 0.7607136296875 0.721646396875 0.792520259375 0.7149506531250001
6 0.7984962765625 0.573551403125 0.8077464578125 0.54340405 0.8118385421875001 0.505302915625 0.8095517843750001 0.486403653125 0.8019367109375001 0.45467620625 0.7907195687499999 0.4284971546875 0.7751696265625 0.40246940625 0.758782353125 0.3835202828125 0.7369979921875001 0.36530189062499996 0.7166940078125 0.35841927500000004 0.6807025343750001 0.3526267390625 0.6413926875 0.36050659375 0.622292259375 0.37256106718750004 0.6087023984375 0.38713440781249997 0.587354765625 0.4280071625 0.5825818109374999 0.44661069375 0.5804669953125 0.47922017656250004 0.5825715015624999 0.508428753125 0.5893801921875 0.5325927125 0.5891412015624999 0.5412772265625 0.6164309734375 0.5929235140625 0.6219037140625 0.594359184375 0.6427372640625 0.616406603125 0.665510259375 0.6318791671875 0.6869541859375 0.64034875625 0.7092921796875 0.6433645218749999 0.7506927734375 0.6332426124999999 0.7702591484375 0.6190028265625 0.78431495625 0.602244171875 0.7984962765625 0.573551403125
1 0.6890128515625 0.7347210234375 0.6751661453125 0.7226456640625 0.6669136 0.7467524453125 0.661979921875 0.75428684375 0.6615435109375001 0.7544355921875 0.66078105 0.7571871765625 0.6804128656249999 0.7618926187499999 0.68316526875 0.7625523249999999 0.7061455203125 0.758696928125 0.7069820078125 0.7555973546875 0.6890128515625 0.7347210234375
1 0.67218920625 0.8730232984375 0.682936740625 0.8583568296875 0.6921655875 0.8498063109375 0.6989955671875 0.846969409375 0.7154622140625 0.8472605124999999 0.7263964984375 0.8503432015625 0.7286670749999999 0.8477335078125 0.723962209375 0.8317807125 0.6920265999999999 0.828970759375 0.6894613203125 0.8295776343749999 0.676887125 0.8325523515625 0.6753424781249999 0.8382759796875 0.6499560625 0.835673453125 0.652834371875 0.7858652953124999 0.6519935421875 0.7888996953125 0.6394241984375 0.8072675203124999 0.634050078125 0.8105924625 0.66732555625 0.8701616828125 0.67218920625 0.8730232984375
1 0.6920265999999999 0.828970759375 0.723962209375 0.8317807125 0.741276921875 0.8904897374999999 0.74798929375 0.9203483015625 0.7522595453124999 0.93023016875 0.7598168375000001 0.9343275609375 0.7834456484375 0.9365553328124999 0.7915394874999999 0.93103913125 0.8016343156250001 0.9328672625 0.8058686109375 0.9292303593750001 0.8050223031250001 0.9174844046875 0.8097074093750001 0.9142678875 0.8291116031250001 0.9079205890625 0.8478423484375 0.907266496875 0.8845944343750001 0.8981327468750001 0.8875302234375001 0.844822378125 0.8742368468749999 0.776378065625 0.8526366734374999 0.7073515734375 0.8468217765625001 0.7031933359375 0.8323709609375 0.70151731875 0.8039713078125 0.7125400453124999 0.7095888218749999 0.732408890625 0.7049341390625 0.7364966046875 0.707690165625 0.7529732984375 0.7061455203125 0.758696928125 0.68316526875 0.7625523249999999 0.66078105 0.7571871765625 0.652834371875 0.7858652953124999 0.6499560625 0.835673453125 0.6753424781249999 0.8382759796875 0.676887125 0.8325523515625 0.6920265999999999 0.828970759375
3 0.5903391171875 0.8203051203125 0.6106517328125001 0.8210112265625 0.6232599765625 0.8172682468750001 0.6394241984375 0.8072675203124999 0.6519935421875 0.7888996953125 0.6616307375 0.7541208078125 0.66185961875 0.72014228125 0.6517541703124999 0.6874682609375 0.6407616 0.6699232359375 0.6179716125 0.6523183734375 0.5956423953125001 0.6479081828125001 0.5633902453124999 0.6565834609375 0.5440919156249999 0.6714117640625 0.532010265625 0.690234371875 0.5273203234375 0.7045525375 0.523397828125 0.7273365375 0.5241054359375 0.7475997859375 0.5285171265625 0.7658464328125001 0.5352356421875 0.7825970843750001 0.552502415625 0.804169328125 0.562174021875 0.81090878125 0.5903391171875 0.8203051203125