5 0.7246203953125 0.8505253515625 0.74516258125 0.763444346875 0.7607711265625 0.7070801546875 0.6639695265625 0.714744796875 0.6380910109375 0.7076870203125 0.619270271875 0.6871018359375001 0.5469280546874999 0.6900425765625 0.5416347218750001 0.6876899843750001 0.540060165625 0.6840160203125001 0.5339353234375 0.7210202671875 0.5313600843749999 0.7314532890625001 0.5417244484375 0.74080649375 0.5419758531250001 0.77600311875 0.5437903859375 0.778492828125 0.542019940625 0.7821753578124999 0.54222990625 0.8115707265625 0.56251575625 0.8174792265624999 0.704078209375 0.85007878125 0.721047840625 0.8527581968750001 0.7246203953125 0.8505253515625
6 0.76559779375 0.39343063749999996 0.771018259375 0.398851103125 0.7833375 0.3958944859375 0.8089615203125 0.40131495156249997 0.8198024515625001 0.3958944859375 0.8227590687499999 0.4003294125 0.828179534375 0.39983664218750004 0.84789031875 0.3889957109375 0.9011094375 0.3682993875 0.92673345625 0.3490813734375 0.9311683828125 0.33971874999999996 0.9311683828125 0.3318344359375 0.9218057609375 0.2993116421875 0.9094865203125 0.28551409375 0.8897757359374999 0.2869924015625 0.792207353125 0.33084889687499996 0.7848158093750001 0.337254903125 0.7779170343749999 0.34612475468750004 0.7720038 0.36287892187500004 0.7591917890625 0.37125600625 0.76559779375 0.39343063749999996
3 0.6169176796875 0.639461840625 0.540458425 0.65181295 0.5369295375 0.65769443125 0.5363413890625 0.675338875 0.5416347218750001 0.6876899843750001 0.5469280546874999 0.6900425765625 0.619270271875 0.6871018359375001 0.6380910109375 0.7076870203125 0.6639695265625 0.714744796875 0.8645280312500001 0.6988647984374999 0.875114696875 0.6929833171875 0.8815843265625001 0.68122035625 0.8830549156249999 0.673867409375 0.8320257265625 0.660585840625 0.7995685124999999 0.658450496875 0.76497595625 0.65119033125 0.68981188125 0.641367753125 0.6868224015625 0.6345346562499999 0.6872494703124999 0.6191601859375 0.6877879390625 0.601159921875 0.658088046875 0.604172953125 0.6369147140625 0.6153477671875 0.6169176796875 0.639461840625
0 0.548737775 0.8520440015625 0.5482678187500001 0.8450573218749999 0.542287553125 0.8196411921875001 0.5422479 0.8140897718750001 0.5466762921874999 0.82139661875 0.5437903859375 0.778492828125 0.504721025 0.9065309140625001 0.5499258359375 0.869706515625 0.54721374375 0.870332384375 0.548737775 0.8520440015625
1 0.44503444375 0.8841708671875 0.448249021875 0.886650684375 0.49048189531249997 0.9063593593749999 0.5372196078125 0.9069224640625 0.5529865484375 0.903543834375 0.5546758625 0.89903899375 0.5462292875 0.8821458453125001 0.5490448125 0.8483595453125 0.542287553125 0.8196411921875001 0.5417244484375 0.74080649375 0.51863714375 0.719971609375 0.484287740625 0.7194085046875001 0.46532463125 0.720251309375 0.4671601015625 0.7208223453125 0.4736789375 0.7300573625 0.4736789375 0.7420085609375 0.4568386109375 0.8528287656250001 0.44503444375 0.8841708671875
6 0.40896681875 0.61121981875 0.41936437031249996 0.6273360234375 0.4234708203125 0.6061193640625 0.4195116546875 0.58896298125 0.40235527343750005 0.5753258578125 0.3913575921875 0.5722465078125001 0.3854925421875 0.560725871875 0.3393435078125 0.560725871875 0.3393435078125 0.584530384375 0.37497923437499997 0.58799496875 0.38857426875 0.5942260265625 0.40896681875 0.61121981875
4 0.781839934375 0.444339934375 0.7836804625 0.42409411874999997 0.7008566703125 0.3234785484375 0.6695676828125 0.30936782812499997 0.657911 0.2940300890625 0.6499353765625 0.2921895609375 0.6333706171875 0.310594846875 0.628462540625 0.32715960625 0.6438002796875 0.34924594999999997 0.6523894140625 0.3799214296875 0.7333726781250001 0.48237752812499995 0.746256378125 0.48728560468750004 0.7579130609375 0.4805369984375 0.781839934375 0.444339934375
6 0.40118367343749994 0.24699805000000002 0.398529671875 0.264691390625 0.3994143390625 0.286808065625 0.408261009375 0.29830873750000003 0.42153101406250004 0.3049437390625 0.4701877 0.31688674375 0.48599952812499997 0.3185609375 0.549184353125 0.22924704999999998 0.4865540390625 0.21338070468749998 0.42993535156249996 0.2080727015625 0.420646346875 0.21072670312500003 0.4087033421875 0.22532370937500001 0.40428000781250006 0.242574715625 0.40118367343749994 0.24699805000000002
3 0.147555715625 0.8812215515625 0.1568593875 0.8830822859374999 0.203186334375 0.8681724624999999 0.21530706406250003 0.7958809687499999 0.217318203125 0.78798725 0.20523847812499998 0.804311203125 0.1618213453125 0.80679218125 0.14383424843749998 0.816716096875 0.1332900875 0.8390449078125 0.132049596875 0.8526902921874999 0.13577106562500002 0.8700571453125001 0.147555715625 0.8812215515625
5 0.6936554984375001 0.5094035546875 0.69023895 0.5192261328125001 0.6872494703124999 0.6191601859375 0.6868224015625 0.6345346562499999 0.68981188125 0.641367753125 0.76497595625 0.65119033125 0.7995685124999999 0.658450496875 0.8320257265625 0.660585840625 0.8943777421875 0.676814446875 0.9268349562499999 0.6806580640625 0.9285432312499999 0.5444231796875 0.919574790625 0.5055599375 0.9153041046875 0.496591496875 0.8422753734375 0.488050125 0.8392858921874999 0.49061253593750004 0.8320257265625 0.511965965625 0.8307445203125001 0.5222156124999999 0.8273279718750001 0.5243509562499999 0.6936554984375001 0.5094035546875
7 0.266785421875 0.8032496734375 0.2582885265625 0.786822340625 0.246392871875 0.7386732625 0.2446934921875 0.7143154921875 0.24488390937500001 0.7128873546875 0.23709549375 0.7103613828124999 0.21530706406250003 0.7958809687499999 0.20005516406249998 0.8868476609375 0.20223400625000001 0.8895712140625 0.29483483125 0.9042784046874999 0.332419871875 0.9271562546875 0.3640130953125 0.9533023703125 0.377086153125 0.9533023703125 0.3928827640625 0.9020995609375 0.395154946875 0.8967437015625 0.395452909375 0.8946579609375 0.3900928140625 0.8367689171875 0.38574196875 0.8400695562499999 0.36648233750000003 0.848566453125 0.3245643171875 0.848566453125 0.30077300625 0.8378037171875 0.28491213437499996 0.8259080624999999 0.266785421875 0.8032496734375
6 0.30077300625 0.8378037171875 0.3245643171875 0.848566453125 0.36648233750000003 0.848566453125 0.38574196875 0.8400695562499999 0.3900928140625 0.8367689171875 0.390020546875 0.835988440625 0.392736728125 0.802307790625 0.4057744 0.7219088171875 0.4177255984375 0.7137602734375 0.4427144671875 0.7132170375 0.4444447546875 0.7137553484375 0.44522024218749995 0.6990210796875 0.43955564531249997 0.6689987125 0.43162520937500004 0.6463403234375 0.40896681875 0.61121981875 0.38857426875 0.5942260265625 0.37497923437499997 0.58799496875 0.3393435078125 0.584530384375 0.3393435078125 0.5905582218750001 0.3361392359375 0.6047485703125 0.331561703125 0.6111571140625001 0.2869674984375 0.6077432046875 0.28321275468749996 0.61121981875 0.2662189625 0.6338782078125 0.2531903875 0.663334115625 0.2492251703125 0.6803279078125 0.2446934921875 0.7143154921875 0.246392871875 0.7386732625 0.2582885265625 0.786822340625 0.266785421875 0.8032496734375 0.28491213437499996 0.8259080624999999 0.30077300625 0.8378037171875
3 0.4736789375 0.7300573625 0.4671601015625 0.7208223453125 0.4427144671875 0.7132170375 0.4177255984375 0.7137602734375 0.4057744 0.7219088171875 0.392736728125 0.802307790625 0.390020546875 0.835988440625 0.395452909375 0.8946579609375 0.39165025625 0.9212765390625 0.39816909218749996 0.9299683203125 0.41989854375 0.9343142109375 0.42913356093750005 0.9321412656250001 0.4372821046875 0.9223630125 0.43673886875 0.9114982859375 0.44108475937499997 0.8946579609375 0.4568386109375 0.8528287656250001 0.4736789375 0.7420085609375 0.4736789375 0.7300573625
5 0.3411745203125 0.3566463609375 0.3457520515625 0.3694634484375 0.3393435078125 0.5136556921875 0.3393435078125 0.560725871875 0.40233548125 0.560725871875 0.41946225000000004 0.5350357203125 0.4579974765625 0.4931702875 0.46085193750000003 0.48793710937499996 0.45894896406249996 0.4817524421875 0.432307325 0.42085726875 0.41375332656249997 0.38707947656249997 0.321934821875 0.25625 0.262942621875 0.25625 0.2267861109375 0.2985911765625 0.1996687296875 0.33617491718750003 0.1830177046875 0.3509229671875 0.1822756640625 0.3639616859375 0.21941218125 0.3598506328125 0.322406640625 0.35389984218750004 0.3411745203125 0.3566463609375
6 0.5982407375000001 0.5167588890625 0.61501539375 0.508813 0.6216369687500001 0.5008671109375 0.62207840625 0.49203834375 0.626934228125 0.48453389218750004 0.6273756671874999 0.47570512656249997 0.62207840625 0.466434921875 0.6300242968750001 0.4492188265625 0.6295828578125 0.4408314984375 0.60795238125 0.4214082125 0.5783760124999999 0.4134623234375 0.56091598125 0.412130625 0.515029596875 0.477580971875 0.5088186078125 0.480968784375 0.48242903593750003 0.44946495468750003 0.4799352671875 0.4540746484375 0.46316061093750005 0.456723278125 0.46183629687499994 0.47217361875 0.46316061093750005 0.47526368750000003 0.479052390625 0.4779123171875 0.48920547187499996 0.49910135625 0.502007184375 0.5149931359375 0.526286290625 0.5251462171875 0.56160135625 0.5273534093750001 0.5982407375000001 0.5167588890625
5 0.6607055500000001 0.26979511718750004 0.5901261156250001 0.177759534375 0.58560903125 0.177759534375 0.4354159953125 0.3900624734375 0.43598063125 0.394014921875 0.5088186078125 0.480968784375 0.515029596875 0.477580971875 0.6607055500000001 0.26979511718750004
6 0.3361392359375 0.6047485703125 0.3393435078125 0.5905582218750001 0.3393435078125 0.5136556921875 0.3457520515625 0.3694634484375 0.3411745203125 0.3566463609375 0.322406640625 0.35389984218750004 0.21941218125 0.3598506328125 0.09536107499999999 0.3735832265625 0.084375 0.47932420625 0.084375 0.5937624953125 0.09215680312499999 0.5951357546875 0.140220884375 0.5965090140625 0.331561703125 0.6111571140625001 0.3361392359375 0.6047485703125