5 0.6416946171875 0.70524536875 0.622517484375 0.6849917859375 0.5502376078125 0.6891946250000001 0.5449040218750001 0.6869347718750001 0.5432655859375 0.683288846875 0.537787490625 0.7203943515625 0.535394725 0.730870728125 0.545920746875 0.740041625 0.546786378125 0.7752285031249999 0.5486440859374999 0.7776861640625 0.5469381796875 0.7813990328125 0.5476611328125001 0.8107862593749999 0.5680470109375 0.816339821875 0.71015684375 0.8464638062500001 0.7271706531250001 0.848846653125 0.7307036953125 0.8465517984375 0.7497229796875 0.7591255453125 0.7643454562499999 0.7024975312499999 0.6676923671874999 0.711850428125 0.6416946171875 0.70524536875
6 0.8179368531250001 0.39032901875000003 0.82097041875 0.3947116703125 0.8263814593750001 0.39412437499999997 0.845900040625 0.38294109375 0.8987498546875001 0.361319121875 0.92403456875 0.3416568328125 0.9283054203125 0.3322182359375 0.9281678203125001 0.324335121875 0.9182390234375 0.2919806828125 0.9056808578125001 0.2784002359375 0.8859988765625 0.28022231875000003 0.7892107546875 0.3257749375 0.7819321375 0.33230896875 0.7751892125000001 0.3412978703125 0.7695692796875 0.3581526859375 0.7569054203125 0.36675209375 0.76369745 0.3888115484375 0.7692116906249999 0.39413658749999997 0.7814774546875001 0.39096542031250003 0.8071921718749999 0.395937859375 0.8179368531250001 0.39032901875000003
3 0.5449040218750001 0.6869347718750001 0.5502376078125 0.6891946250000001 0.622517484375 0.6849917859375 0.6416946171875 0.70524536875 0.6676923671874999 0.711850428125 0.86794318125 0.69247261875 0.8784255890624999 0.6864072703125 0.884688940625 0.674533190625 0.8860309796875001 0.6671556984375 0.8347777671875001 0.654766734375 0.8022882296875 0.6531981734375 0.7675742343749999 0.6465428359375001 0.6922501796875 0.6380335484375 0.6891419015625 0.631253665625 0.6893005828125001 0.6158740828125 0.689524821875 0.5978671640625 0.6598820375 0.6013980703125 0.6389069578125001 0.6129407078125 0.6193338171875 0.6374001046875 0.5431017640625 0.65108373125 0.5396760609375 0.6570259046875 0.5393959390624999 0.674677925 0.5449040218750001 0.6869347718750001
0 0.552278328125 0.8205330546875 0.5486440859374999 0.7776861640625 0.5118152484375 0.9063866046875001 0.5563705 0.8687788812499999 0.55366974375 0.8694519875 0.5548743671875 0.8511397921875 0.5542825484375 0.844162378125 0.5478596203125 0.8188544890625 0.5477230875 0.81330460625 0.552278328125 0.8205330546875
1 0.5600212890625 0.9025576296875 0.5616317265624999 0.8980239921875001 0.5528916109375 0.8812808296875 0.5551170546875001 0.8474505390625 0.5478596203125 0.8188544890625 0.545920746875 0.740041625 0.5224733390625 0.71961284375 0.48811934062500006 0.7196493046875 0.469173828125 0.7208229328125 0.471018984375 0.7213618484375 0.4776980015625 0.7304816890625 0.477906578125 0.7424310671875001 0.46300289531249994 0.8535282984375 0.45174752187499995 0.8850716375 0.4550048890625 0.8874949750000001 0.49757529375000004 0.9064635828125001 0.544315715625 0.9062109156249999 0.5600212890625 0.9025576296875
6 0.4036847625 0.5770185203125 0.3926350140625 0.574131575 0.3865697953125 0.562715053125 0.3404277890625 0.563520465625 0.3408432359375 0.587321353125 0.37653400000000004 0.5901634796875 0.3902357109375 0.596156321875 0.4109217375 0.612791628125 0.42159897187500006 0.628723915625 0.4253345140625 0.6074388203125001 0.42107653125000005 0.590354146875 0.4036847625 0.5770185203125
4 0.654292278125 0.2913055328125 0.6462857484375 0.289604478125 0.630044728125 0.30829605625 0.62542649375 0.32494395 0.6411473578125 0.34675924999999996 0.65027054375 0.37728015625 0.7330295796875 0.478307296875 0.745996975 0.48298977499999995 0.757534103125 0.476038759375 0.78082560625 0.4394296265625 0.7823125156249999 0.41915477343749996 0.6977453546875 0.3200000015625 0.6662148671875 0.3064374984375 0.654292278125 0.2913055328125
6 0.4181387640625 0.3063429203125 0.4669964734375 0.3174349296875 0.4828351125 0.31883291406250003 0.544451571875 0.22842990156249998 0.481553890625 0.213659021875 0.4248511890625 0.2093399609375 0.41560991718749996 0.2121556734375 0.40392348437500003 0.22695889062500002 0.3998018953125 0.24428446718750002 0.39678323125000003 0.248761165625 0.39443842500000004 0.26649813125 0.395708946875 0.288595996875 0.40475498437499996 0.29994052187500003 0.4181387640625 0.3063429203125
3 0.222387328125 0.792876865625 0.210594334375 0.809409153125 0.1672271140625 0.8126474859374999 0.1494159515625 0.8228838093749999 0.1392630890625 0.8453932406250001 0.13826093125 0.8590581953124999 0.1422849265625 0.8763574546875 0.154262628125 0.8873144906249999 0.1635973578125 0.8890125703124999 0.20965703593749999 0.8732965 0.22051425937500002 0.8008044812499999 0.222387328125 0.792876865625
5 0.6922501796875 0.6380335484375 0.7675742343749999 0.6465428359375001 0.8022882296875 0.6531981734375 0.8347777671875001 0.654766734375 0.8974035140625001 0.6699046765625 0.9299228656249999 0.6731812515625 0.929253253125 0.536937303125 0.9196079218750001 0.4982365015625 0.9151813656250001 0.489343959375 0.8420146890625 0.48207841562500003 0.8390703828125 0.48469261093749993 0.8321839921875 0.5061694953125 0.8310818624999999 0.516439940625 0.8277031015625 0.5186345859375 0.69379011875 0.50602236875 0.69054551875 0.5159030765625 0.6893005828125001 0.6158740828125 0.6891419015625 0.631253665625 0.6922501796875 0.6380335484375
7 0.2486381609375 0.7173073203125 0.24080684843750003 0.714917659375 0.22051425937500002 0.8008044812499999 0.20685227031250003 0.8920235015625 0.20907831250000003 0.8947086140625 0.301921709375 0.9077974578125 0.3399003 0.9300158734374999 0.3719450234375 0.9556066281250001 0.38501609062500003 0.955378471875 0.3999166828125 0.9039077734375001 0.402095046875 0.8985130734375 0.4023565640625 0.8964224515625 0.39598698125 0.8386357703125 0.391694403125 0.8420118390625 0.372585996875 0.85084356875 0.33067436093749997 0.8515751390625 0.30669883750000004 0.8412292578124999 0.2906327734375 0.8296122265625 0.27211337812499997 0.8072736421875 0.2633310796875 0.7909971031249999 0.25059692031249997 0.743062965625 0.2484726984375 0.7187385640625 0.2486381609375 0.7173073203125
6 0.39598698125 0.8386357703125 0.3959011046875 0.8378566734374999 0.3980290625 0.8041337499999999 0.40966159375 0.7235194828125 0.42146876093749996 0.7151636031249999 0.4464443421875 0.714184334375 0.4481837609375 0.714692365625 0.44870198281249996 0.69994680625 0.4425142859375 0.670027871875 0.4341896140625 0.6475113390625 0.4109217375 0.612791628125 0.3902357109375 0.596156321875 0.37653400000000004 0.5901634796875 0.3408432359375 0.587321353125 0.3409484359375 0.5933482718749999 0.3379923078125 0.60759238125 0.333527315625 0.6140798375000001 0.288880321875 0.6114447249999999 0.2851868265625 0.6149863390625 0.268591065625 0.637937859375 0.25607855156250003 0.6676166609374999 0.2524105203125 0.6846770671875 0.2484726984375 0.7187385640625 0.25059692031249997 0.743062965625 0.2633310796875 0.7909971031249999 0.27211337812499997 0.8072736421875 0.2906327734375 0.8296122265625 0.30669883750000004 0.8412292578124999 0.33067436093749997 0.8515751390625 0.372585996875 0.85084356875 0.391694403125 0.8420118390625 0.39598698125 0.8386357703125
3 0.40966159375 0.7235194828125 0.3980290625 0.8041337499999999 0.3959011046875 0.8378566734374999 0.4023565640625 0.8964224515625 0.39901904843749997 0.9231033406250001 0.4056885828125 0.931680028125 0.42749057187500006 0.9356460265625 0.43668625937499994 0.9333122390625 0.44466290781250006 0.9233932625 0.4439301390625 0.9125396718750001 0.44798146406250006 0.895626065625 0.46300289531249994 0.8535282984375 0.477906578125 0.7424310671875001 0.4776980015625 0.7304816890625 0.471018984375 0.7213618484375 0.4464443421875 0.714184334375 0.42146876093749996 0.7151636031249999 0.40966159375 0.7235194828125
5 0.40341016874999996 0.5624211046875 0.42008597343750004 0.5364359624999999 0.457884678125 0.4939043734375 0.4606473734375 0.488622175 0.45863675312499996 0.4824716609375 0.43093640312500003 0.422050721875 0.411795728125 0.3886018875 0.31770791875 0.259394790625 0.258724703125 0.2604243453125 0.2233126546875 0.3033900921875 0.1968553296875 0.341441371875 0.1804642296875 0.3564777765625 0.17994985937500002 0.369527459375 0.21700897187499998 0.36476891093749997 0.3198838890625 0.357021525 0.33869684375000003 0.35944008125 0.3434973671875 0.372175328125 0.3396063015625 0.5164574546875 0.3404277890625 0.563520465625 0.40341016874999996 0.5624211046875
6 0.6266449749999999 0.482320940625 0.6269322625 0.473485815625 0.621474021875 0.46430947187499994 0.629118240625 0.4469573234375 0.6285304890625001 0.43857897812499996 0.6065643234375 0.419536153125 0.576853784375 0.412107653125 0.559373171875 0.41108087812500005 0.5146360421875 0.477322084375 0.5084851234375 0.4808177765625 0.4815497546875 0.44977930625000007 0.479136815625 0.4544318203125 0.46241093906249997 0.45737280468749997 0.461356471875 0.4728439046875 0.4627345140625 0.475910390625 0.47867009843749997 0.47828126718749997 0.4891914328125 0.499289884375 0.5022685453125 0.514955821875 0.5267211484375001 0.524683628125 0.56206935625 0.5262741515625 0.5985182578125 0.5150418 0.615151684375 0.5068043624999999 0.6216335765625 0.4987441203125 0.6219208625 0.48990899375 0.6266449749999999 0.482320940625
5 0.43414068749999996 0.39514835625 0.5084851234375 0.4808177765625 0.5146360421875 0.477322084375 0.6566634453125 0.2670254796875 0.5844885171875001 0.1762356953125 0.5799721203125 0.1763145296875 0.43350715781250004 0.3912063640625 0.43414068749999996 0.39514835625
6 0.33869684375000003 0.35944008125 0.3198838890625 0.357021525 0.21700897187499998 0.36476891093749997 0.0932164265625 0.380664403125 0.084077459375 0.48658101093750006 0.0860746828125 0.601001871875 0.0938792671875 0.6022391109375 0.1419599953125 0.6027733265624999 0.333527315625 0.6140798375000001 0.3379923078125 0.60759238125 0.3409484359375 0.5933482718749999 0.3396063015625 0.5164574546875 0.3434973671875 0.372175328125 0.33869684375000003 0.35944008125