5 0.6232671140625 0.7168138468749999 0.605928171875 0.6949659390625 0.533557040625 0.692853178125 0.5284407109375 0.690137071875 0.527126271875 0.686362221875 0.5184350640625001 0.7228490812499999 0.515138328125 0.73307705 0.5248249984375 0.7431304515625 0.5226205984375001 0.7782588765625 0.5242570375 0.780869096875 0.522234025 0.78441915625 0.5203929609375 0.813757565625 0.5402172390625 0.8210667421875 0.6791608234375001 0.8634617828125 0.6959022109374999 0.8673184140625001 0.6996218187500001 0.865340215625 0.7261884281250001 0.7799042875 0.7456907203124999 0.7247661921875 0.648590265625 0.725659625 0.6232671140625 0.7168138468749999
6 0.8262854624999999 0.4184563734375 0.8289255125 0.4230867390625 0.8343671484374999 0.4229732828125 0.85478614375 0.41353371406250006 0.909319325 0.3966001828125 0.9362215062500001 0.37921642499999997 0.9412987328125 0.37018597343750004 0.941848715625 0.3623208640625 0.934777575 0.3292241921875 0.9234508124999999 0.31460090625000003 0.9036849203124999 0.3147006578125 0.8032949359374999 0.35164429531249997 0.7954745359375 0.3575190890625 0.7879738374999999 0.3658861 0.7809062953125 0.3821869671875 0.7675411375000001 0.389649925 0.7723847140625 0.4122174 0.7774138625 0.418002775 0.7899093374999999 0.41591270625 0.8150928265624999 0.423107409375 0.8262854624999999 0.4184563734375
3 0.5284407109375 0.690137071875 0.533557040625 0.692853178125 0.605928171875 0.6949659390625 0.6232671140625 0.7168138468749999 0.648590265625 0.725659625 0.8497679515625001 0.7238085640625 0.8607391 0.7186798984375 0.8680135140624999 0.7073968890625 0.8699934359375 0.7001644375 0.8200150265625 0.6833556046875 0.78778583125 0.6789613625 0.7537839843749999 0.669305828125 0.6794881937499999 0.6542639953125 0.6769826484375 0.6472390078125 0.6784811453125 0.6319317812499999 0.6802739375 0.6140129265625001 0.6504362140625 0.6149468578125 0.62853494375 0.6246174734375 0.6069045078124999 0.647277884375 0.529769934375 0.6542653781250001 0.525839371875 0.6598863703125 0.5240218421875 0.6774468046875 0.5284407109375 0.690137071875
0 0.5241430968749999 0.8238696859375001 0.5242570375 0.780869096875 0.4763513625 0.905869946875 0.524014796875 0.8722885796875 0.5212656515625 0.8727237375 0.5240617046875 0.8545862156249999 0.524080259375 0.847583771875 0.5198875000000001 0.8218123921875 0.520235190625 0.8162717296875 0.5241430968749999 0.8238696859375001
1 0.52470768125 0.9062569765624999 0.526707121875 0.90188095 0.519459528125 0.88443975 0.5246250078125 0.8509321515625 0.5198875000000001 0.8218123921875 0.5248249984375 0.7431304515625 0.5032473015625001 0.7207358312500001 0.46902085156249995 0.7177780046875 0.45004514375 0.71729595625 0.45183630937499997 0.7179936375 0.45769506406250005 0.7276608890625 0.45686139062500003 0.739582975 0.43233165937500007 0.84895850625 0.4183699328125 0.8794008421875 0.421403696875 0.8820988562500001 0.46215888437499997 0.9047055390625 0.5087434671875 0.9085275296875001 0.52470768125 0.9062569765624999
6 0.39733866562500003 0.568331015625 0.38658257812499996 0.5644920078125 0.3815354546875 0.5525903109375 0.3354988359375 0.549371115625 0.3338383171875 0.5731176421875 0.36914555937500004 0.579059609375 0.3822728203125 0.58622383125 0.40143026875 0.6045987390625001 0.41067828281249996 0.6214009828125 0.4162547296875 0.60052245625 0.4135019765625 0.5831316890625 0.39733866562500003 0.568331015625
4 0.6718940718749999 0.3055471359375 0.664066265625 0.30315474062500003 0.64625796875 0.3203596921875 0.6402063484375 0.33654173125 0.6539660609375 0.3596441796875 0.660394459375 0.3908440828125 0.734033475 0.49869971093750004 0.746543421875 0.504494553125 0.75864246875 0.49857551562499997 0.7850360359375 0.46413567968749997 0.7882843578125 0.4440675703125 0.7126809078125 0.33791959843749997 0.682452453125 0.3216606421875 0.6718940718749999 0.3055471359375
6 0.435328596875 0.29994516718750003 0.48303365625000005 0.315253196875 0.49869018125000003 0.318026290625 0.5679513140625 0.2333375171875 0.5065803437499999 0.21314095156250001 0.45046984375 0.203896359375 0.4410183328125 0.2058959265625 0.42808618593750003 0.21962427343750002 0.42247025625 0.2365247015625 0.41907290937499997 0.24072127187499998 0.415191146875 0.258186378125 0.414530878125 0.2803108890625 0.42255375156249997 0.29240065937500004 0.435328596875 0.29994516718750003
3 0.1979178265625 0.7675668421874999 0.1847288265625 0.7830083921875 0.141244390625 0.7824547 0.12260885156250001 0.791099725 0.11053279687499999 0.8126386203125 0.108343475 0.826164234375 0.11084442812499999 0.843748378125 0.12182158125 0.8557076453124999 0.130972790625 0.8582128375 0.1782269453125 0.8465709374999999 0.19536094843750001 0.7753010421875 0.1979178265625 0.7675668421874999
5 0.6794881937499999 0.6542639953125 0.7537839843749999 0.669305828125 0.78778583125 0.6789613625 0.8200150265625 0.6833556046875 0.88108310625 0.7038941359375 0.9131931375000001 0.7099924921875 0.9244005171874999 0.57420863125 0.9181648859375 0.5348144515625 0.9145302093750001 0.5255699500000001 0.8422751890625 0.5119551578125 0.8391142453124999 0.5143027906250001 0.8303822249999999 0.5350977609374999 0.8283891609375 0.5452330671875 0.82483198125 0.547124884375 0.6925278046875001 0.5228893734375 0.688434390625 0.532449696875 0.6784811453125 0.6319317812499999 0.6769826484375 0.6472390078125 0.6794881937499999 0.6542639953125
7 0.23065508750000002 0.6945727734375 0.223061846875 0.6915096625 0.19536094843750001 0.7753010421875 0.1738006859375 0.864982225 0.175784234375 0.8678511328124999 0.26713356718750003 0.8889820046875 0.303031175 0.914425925 0.33272357812500003 0.9427121812499999 0.345764790625 0.9436241125 0.3650946484375 0.8936479453124999 0.367734903125 0.8884636328125 0.36817763281250004 0.8864037578125 0.3668687296875 0.8282818265625 0.3622982421875 0.8312709265624999 0.3424928125 0.8384036421875001 0.300676903125 0.8354795875000001 0.27769431718750004 0.823083471875 0.2627018796875 0.8101103953125 0.24619989375 0.7862427453125 0.23886960781250002 0.769262715625 0.23036164062500003 0.720401128125 0.2303655125 0.6959841484375 0.23065508750000002 0.6945727734375
6 0.3668687296875 0.8282818265625 0.3668510828125 0.8274982109375 0.371910090625 0.7940890765625 0.3905243515625 0.7147954125 0.4030148515625 0.7075003921875 0.42798074374999995 0.7087016140625 0.429669265625 0.7093593125 0.4314706734375 0.69471503125 0.42791413125 0.6643706546875 0.42158358125 0.6412142609375 0.40143026875 0.6045987390625001 0.3822728203125 0.58622383125 0.36914555937500004 0.579059609375 0.3338383171875 0.5731176421875 0.3334178375 0.579130796875 0.3292315015625 0.593063059375 0.3242180828125 0.5991366796875 0.2799706484375 0.5926203515624999 0.27598253437500003 0.5958265796875 0.25744957031250004 0.617244346875 0.242397990625 0.6457196734374999 0.23725700624999999 0.6623954703125 0.2303655125 0.6959841484375 0.23036164062500003 0.720401128125 0.23886960781250002 0.769262715625 0.24619989375 0.7862427453125 0.2627018796875 0.8101103953125 0.27769431718750004 0.823083471875 0.300676903125 0.8354795875000001 0.3424928125 0.8384036421875001 0.3622982421875 0.8312709265624999 0.3668687296875 0.8282818265625
3 0.3905243515625 0.7147954125 0.371910090625 0.7940890765625 0.3668510828125 0.8274982109375 0.36817763281250004 0.8864037578125 0.362527425 0.9126922343749999 0.3684240734375 0.9218175734375 0.3897974390625 0.9276686484375001 0.3991615375 0.9261451984375 0.40797232812499995 0.916959178125 0.40818830000000006 0.9060830234375 0.4136983265625 0.889586875 0.43233165937500007 0.84895850625 0.45686139062500003 0.739582975 0.45769506406250005 0.7276608890625 0.45183630937499997 0.7179936375 0.42798074374999995 0.7087016140625 0.4030148515625 0.7075003921875 0.3905243515625 0.7147954125
5 0.3983373640625 0.5537652140625 0.41721446718750005 0.5293323453125 0.458576209375 0.49025697656249995 0.461788765625 0.48523566249999994 0.460321846875 0.4789333171875 0.4379929390625 0.4163280546875 0.42184035625 0.38133828125 0.3393717203125 0.24442256406250001 0.280523221875 0.2403074765625 0.241501215625 0.2800233609375 0.21182818124999997 0.31562393593750004 0.1941889453125 0.32917454375 0.19253917812500002 0.3421297390625 0.22987200468750002 0.3406192125 0.33303068125 0.3418674484375 0.35156125625 0.34591645781249997 0.3552335609375 0.35902163593749997 0.3387822859375 0.5024155968749999 0.3354988359375 0.549371115625 0.3983373640625 0.5537652140625
6 0.627703884375 0.49342605156249997 0.6287601109375001 0.48464958437499994 0.6241224109375 0.47503244375 0.6332498796875 0.4584125640625 0.6333945859375001 0.4500148734375 0.6131717 0.4291300359375 0.58422165625 0.41914035937499994 0.56689705 0.41659395468750005 0.5165568578124999 0.4786839953125 0.5101246765624999 0.48163029843749994 0.485996984375 0.4483623671875 0.48318773437500007 0.452786875 0.46626918125000005 0.4542589125 0.46387033125 0.46957923749999997 0.46497586718750006 0.47275415781249996 0.4806441765625 0.47650489062499995 0.48929445312500003 0.49835055781250004 0.5009564265625001 0.515096628125 0.524468146875 0.5269186015625 0.5595432203125 0.531583871875 0.5968323875 0.5235709921875 0.6141204578125 0.5168146 0.6212801812500001 0.5093499640625 0.62233640625 0.500573496875 0.627703884375 0.49342605156249997
5 0.443529725 0.38980733125 0.5101246765624999 0.48163029843749994 0.5165568578124999 0.4786839953125 0.6763723609375 0.2815661375 0.61238493125 0.18483137656249998 0.60787885 0.1845162796875 0.44324217343749994 0.3858251234375 0.443529725 0.38980733125
6 0.35156125625 0.34591645781249997 0.33303068125 0.3418674484375 0.22987200468750002 0.3406192125 0.10516514375 0.3456649875 0.0868297125 0.4503820375 0.0788469 0.5645415609375 0.086513953125 0.56645430625 0.134365159375 0.5711769999999999 0.3242180828125 0.5991366796875 0.3292315015625 0.593063059375 0.3334178375 0.579130796875 0.3387822859375 0.5024155968749999 0.3552335609375 0.35902163593749997 0.35156125625 0.34591645781249997