1 0.5629617046875001 0.46296697968749995 0.5590213296875 0.47712928125 0.5590249828125 0.48290376406249996 0.5475438328125 0.484727434375 0.5168649750000001 0.4963788046875 0.5146490140625 0.495826303125 0.511534540625 0.4849156375 0.4403391046875 0.548849275 0.5983565171875 0.570076784375 0.6070558890625 0.3991372890625 0.5997239249999999 0.42390617031250005 0.6016605125 0.4488752625 0.5862610671875 0.4450357484375 0.576244771875 0.447450215625 0.569024159375 0.4534269484375 0.5629617046875001 0.46296697968749995
3 0.686609640625 0.6155801000000001 0.68605908125 0.6220257078125 0.682250796875 0.666610753125 0.682852909375 0.6940925796874999 0.7041965546875 0.7098530703125 0.7170404015625 0.7130554015625 0.7871043656250001 0.7008671859375 0.7996637437499999 0.6956945953125 0.8102663734375 0.686475278125 0.8189122531249999 0.6732092328125 0.8237853640624999 0.6536642500000001 0.8223780359375 0.6355190875 0.8159478578125 0.6208667296875 0.8086852890625 0.614310828125 0.7938861937499999 0.609434715625 0.7321806390625001 0.5952360765625 0.7158514953124999 0.598875615625 0.697435375 0.6132645218749999 0.686113253125 0.614696690625 0.686609640625 0.6155801000000001
5 0.42297130625 0.572493971875 0.4167957875 0.5697266359375 0.47201801874999993 0.7236143187499999 0.48490938906250003 0.7342273015624999 0.5437028640625 0.7140824578125 0.5615231453125 0.692986125 0.580665896875 0.6577457828125 0.5865236031250001 0.636139859375 0.5866591624999999 0.6317223125 0.426487365625 0.573263809375 0.42297130625 0.572493971875
5 0.64611111875 0.7444625125 0.674725103125 0.7380848515625 0.6795663625 0.7315708125 0.683342234375 0.716426615625 0.682250796875 0.666610753125 0.5437028640625 0.7140824578125 0.5414868609375 0.7167058468749999 0.532960471875 0.7225826109375 0.5168165734375 0.747532909375 0.520739959375 0.7492357796875 0.58418966875 0.7579778921875 0.6259990531249999 0.7864180468749999 0.6378058265625 0.7803538546875 0.6480908546874999 0.7623285937500001 0.64611111875 0.7444625125
5 0.3369311390625 0.42122836093749993 0.30266465625 0.3784807703125 0.279703946875 0.355909278125 0.20780559843750002 0.45795225000000006 0.1803221890625 0.5026611171875001 0.2427044640625 0.575574671875 0.254875571875 0.5267590249999999 0.34717167031249996 0.555356775 0.36919531875 0.52729015 0.38023558281250003 0.5075804703125 0.39128230625 0.49808255 0.394879921875 0.487748371875 0.37143212187499997 0.45484528593749995 0.3369311390625 0.42122836093749993
6 0.5376379250000001 0.9124422546875 0.6152858140624999 0.9596976375 0.6454192875 0.98033809375 0.6520792484375 0.9783065437499999 0.6572885484375 0.9722212421875 0.6642384328125 0.9706722078125001 0.667228784375 0.9669052656250001 0.67214400625 0.9537727437499999 0.6678893578125 0.9428664375 0.6681761671875 0.9384254265624999 0.6753113765625 0.924615721875 0.6758860359375001 0.917374871875 0.6638189921875 0.918058284375 0.58308238125 0.8716737140624999 0.5571020718749999 0.8541199046875001 0.5526641734375 0.8587566234375 0.542642175 0.8874352812499999 0.5359884453125 0.8993138859375 0.5352201562500001 0.9056859984375001 0.5376379250000001 0.9124422546875
0 0.88149639375 0.501188971875 0.8579071078125 0.491263075 0.8523922781250001 0.4665202671875 0.8527983000000001 0.439658646875 0.8476101640625 0.42982686093750005 0.8404166625 0.426235796875 0.82297284375 0.4349186109375 0.8026831828125 0.45862020625 0.8059623406249999 0.45988717343749996 0.8131512937500001 0.456287009375 0.8178063140624999 0.459245159375 0.824590384375 0.48430442500000004 0.8207997203125 0.510322159375 0.823553721875 0.517300140625 0.8538045343749999 0.5257412765625 0.8714627359374999 0.521605725 0.8794967124999999 0.5164187265625 0.88149639375 0.501188971875
6 0.6016605125 0.4488752625 0.60360234375 0.44935941562500004 0.6162169828125 0.4430902953125 0.6338454671875 0.44462034843750003 0.66921405625 0.4718580140625 0.67252668125 0.4773711484375 0.6763627328124999 0.47597145625000004 0.695129078125 0.45867904218750005 0.7092662109375001 0.43676326718749997 0.7161895421875 0.4113143078125 0.71467610625 0.384918215625 0.7041859328125 0.36437869375 0.6854005671875 0.351600253125 0.6607717984375 0.3506633609375 0.6369661453125001 0.360339196875 0.6209201125 0.3759970828125 0.6070558890625 0.3991372890625 0.5997239249999999 0.42390617031250005 0.6016605125 0.4488752625
1 0.2295514453125 0.6671570421874999 0.2448814171875 0.6624062265624999 0.28329438125 0.6576749765625001 0.363781615625 0.57274365625 0.364303303125 0.5717703515625 0.37414857343749996 0.5618042890625 0.353122803125 0.5572007203125 0.254875571875 0.5267590249999999 0.2175964046875 0.6762776015624999 0.2295514453125 0.6671570421874999
1 0.2569484359375 0.7618611937499999 0.25480259375 0.761760371875 0.300648328125 0.7748186703125 0.325133578125 0.7720046640625 0.340387528125 0.775213309375 0.4152690921875 0.8087481562500001 0.435981390625 0.8139123125 0.459066265625 0.717257128125 0.4558509671875 0.7127719156250001 0.4407824296875 0.7090149078125 0.4385442890625 0.7064203859375 0.43516376875 0.7074515765625 0.411448534375 0.6956268953125 0.40897950937500005 0.6949658875 0.4086750140625 0.6942439874999999 0.3772272203125 0.6785637703125 0.378517465625 0.6867730062499999 0.3790962015625 0.6873510109375001 0.3847732390625 0.7032150234375 0.3837791546875 0.72437245625 0.3767393171875 0.7440225140625001 0.36528806875000003 0.7577564953125 0.350560003125 0.76746268125 0.3301603203125 0.7698683187500001 0.3150445796875 0.7639590125 0.3089931828125 0.7573109296875 0.2569484359375 0.7618611937499999
6 0.3447289953125 0.6082899046875 0.33455690625 0.637636459375 0.3356113078125 0.6512312046875001 0.3519012921875 0.6492247984375 0.36340229687500003 0.651235021875 0.3711738671875 0.6578878453125 0.3752138359375 0.665753528125 0.3772272203125 0.6785637703125 0.4086750140625 0.6942439874999999 0.40454162968749996 0.6844445390625 0.40574879375000006 0.6663865375 0.41283391406250003 0.65873819375 0.4138967421875 0.6506435875000001 0.41492865312499994 0.6427844609375 0.43551624687499996 0.6149655078125 0.4392744484375 0.6017802375 0.43971261874999995 0.57999598125 0.38758665 0.556637621875 0.37448743281249997 0.5614612718750001 0.364303303125 0.5717703515625 0.3447289953125 0.6082899046875
5 0.4839098125 0.25907389062499997 0.4843510234375 0.26660235781249997 0.48904623281250004 0.27194589062499996 0.4888356015625 0.283948375 0.4862200125 0.28886008125 0.4869900796875 0.2987888109375 0.48078055312499995 0.3143957953125 0.479372721875 0.331199978125 0.45985350468749997 0.3499796359375 0.458122684375 0.3736580953125 0.46281789218749997 0.379001628125 0.4891225 0.3925149109375 0.5280802609374999 0.399909903125 0.5582023484375 0.41112941249999996 0.574460003125 0.41101001718749997 0.594365 0.1396351859375 0.5934872703125 0.13199788125 0.5594388671875 0.1235086625 0.4913526265625 0.1232243953125 0.48733742187500007 0.1579246390625 0.495198265625 0.1654484140625 0.49563830312499996 0.1711219734375 0.49346275312500004 0.1817072421875 0.488555740625 0.1865112859375 0.48812156875 0.190112265625 0.4888904625 0.1981860875 0.4943498703125 0.204183809375 0.4936056171875 0.23506305468750002 0.49197659531250004 0.24717555 0.4839098125 0.25907389062499997
3 0.3114799703125 0.703135453125 0.33337890312499996 0.6818388609375 0.35201185625 0.6736414078124999 0.3683850984375 0.67665345 0.378517465625 0.6867730062499999 0.3752138359375 0.665753528125 0.3711738671875 0.6578878453125 0.36340229687500003 0.651235021875 0.3519012921875 0.6492247984375 0.2448814171875 0.6624062265624999 0.2295514453125 0.6671570421874999 0.21049529531250002 0.681695075 0.1995082375 0.6948157546875 0.18750521874999998 0.6965382203125 0.1856918984375 0.7003726109375 0.18590506874999999 0.7184290734375 0.190355109375 0.73668460625 0.19661521875000001 0.74596113125 0.206600421875 0.7437355703125 0.21790452500000002 0.7534124046875 0.2378825234375 0.7609653796875 0.2569484359375 0.7618611937499999 0.3089931828125 0.7573109296875 0.30622311406249997 0.7542677249999999 0.3021777125 0.7297132765625001 0.306322996875 0.71308745 0.3114799703125 0.703135453125
3 0.33337890312499996 0.6818388609375 0.3114799703125 0.703135453125 0.306322996875 0.71308745 0.3021777125 0.7297132765625001 0.30622311406249997 0.7542677249999999 0.3150445796875 0.7639590125 0.3301603203125 0.7698683187500001 0.350560003125 0.76746268125 0.36528806875000003 0.7577564953125 0.3767393171875 0.7440225140625001 0.3837791546875 0.72437245625 0.3847732390625 0.7032150234375 0.3790962015625 0.6873510109375001 0.3683850984375 0.67665345 0.35201185625 0.6736414078124999 0.33337890312499996 0.6818388609375
1 0.4558509671875 0.7127719156250001 0.4628363078125 0.7225161890625 0.47081257968749995 0.722621925 0.48721665 0.7361267828125 0.49398099218749997 0.7467574406249999 0.5091588390624999 0.7481879874999999 0.5138141468749999 0.75217314375 0.532960471875 0.7225826109375 0.5414868609375 0.7167058468749999 0.5615231453125 0.692986125 0.580665896875 0.6577457828125 0.5865236031250001 0.636139859375 0.58804320625 0.5866199703125 0.5946815609375 0.5732113171875 0.6096288765625 0.56046209375 0.6149388453125 0.5486052109374999 0.6159285828125001 0.5370834015625 0.6117492437500001 0.5279800515625 0.603940309375 0.5268046843749999 0.596039875 0.5240162500000001 0.5838921781249999 0.50707069375 0.56597130625 0.5001466140625 0.5590275453125 0.48695445 0.5590249828125 0.48290376406249996 0.5475438328125 0.484727434375 0.5168649750000001 0.4963788046875 0.5146490140625 0.495826303125 0.50987486875 0.4791014515625 0.5058825640625 0.472457140625 0.44142250625 0.49498637968750003 0.4392744484375 0.6017802375 0.43551624687499996 0.6149655078125 0.41492865312499994 0.6427844609375 0.41283391406250003 0.65873819375 0.40574879375000006 0.6663865375 0.40454162968749996 0.6844445390625 0.40897950937500005 0.6949658875 0.43457416249999997 0.7018180953125001 0.4407824296875 0.7090149078125 0.4558509671875 0.7127719156250001
6 0.6643294390625 0.516074384375 0.6702007671875 0.5089426031250001 0.675201146875 0.49545390781250004 0.6747103812499999 0.481005434375 0.66921405625 0.4718580140625 0.6338454671875 0.44462034843750003 0.6162169828125 0.4430902953125 0.60360234375 0.44935941562500004 0.5862610671875 0.4450357484375 0.576244771875 0.447450215625 0.569024159375 0.4534269484375 0.5629617046875001 0.46296697968749995 0.5590213296875 0.47712928125 0.5590275453125 0.48695445 0.56597130625 0.5001466140625 0.5838921781249999 0.50707069375 0.596039875 0.5240162500000001 0.603940309375 0.5268046843749999 0.6122250671875 0.528051671875 0.649885109375 0.5231152640625 0.6643294390625 0.516074384375