3 0.73188648125 0.7526091046875 0.7295882828125 0.7401192296875 0.7287631109375 0.73563471875 0.7267217640625 0.736217721875 0.7247411234375 0.740107096875 0.7026586828125 0.7400518203125 0.6947060109375001 0.7259784984375 0.701203921875 0.714216809375 0.6797604234375 0.72009225625 0.7031041828125 0.7454222359375 0.7078418140625 0.75193405625 0.706845175 0.7593838125000001 0.70018511875 0.7744240703124999 0.7301406359375 0.7614823312500001 0.73188648125 0.7526091046875
3 0.7888974484375 0.7360975125 0.77876918125 0.7066197421875 0.775124103125 0.7120222046875 0.7793005734375 0.74024366875 0.7888974484375 0.7360975125
3 0.7100816609375 0.40882594687499996 0.7181034140625 0.4137871921875 0.7347213531250001 0.411205740625 0.7497022640625 0.4026272171875 0.74952060625 0.3999828265625 0.7415051421875 0.3681774453125 0.732148221875 0.34838705625 0.722126334375 0.3525927015625 0.7041071796875 0.3401909796875 0.6856921953125 0.3395508671875 0.6727834500000001 0.34279221875 0.7009583203124999 0.391219209375 0.704757696875 0.39032736875 0.708984984375 0.40501544687499996 0.7091198640624999 0.40524727812499994 0.7093537265625 0.4062966765625 0.7100816609375 0.40882594687499996
6 0.8544720703124999 0.5424009109375 0.8406538171875001 0.5196024031250001 0.823626140625 0.5048244203125 0.8055717921875001 0.501821309375 0.7969588546875 0.506742725 0.7775137515625 0.609416471875 0.8028880453125 0.5903311671875 0.8544720703124999 0.5424009109375
6 0.8764866984375 0.589112359375 0.8828299859375001 0.5890056515625 0.9221025421875 0.6313002296875 0.9503179203125001 0.603971946875 0.9486486375000001 0.5906586 0.9166326703125 0.531383121875 0.9072549734375001 0.5158647000000001 0.8966762640624999 0.508260159375 0.8610152843750001 0.5363211640625 0.8028880453125 0.5903311671875 0.7769477734375 0.609842175 0.7957517796875 0.6606255734375 0.8197406624999999 0.7006921609375001 0.82344881875 0.69040615625 0.8637982578125 0.6705677296875 0.87122003125 0.6606142234375 0.8770844062500001 0.646830103125 0.8764866984375 0.589112359375
1 0.50582114375 0.3784060234375 0.426255271875 0.4101553421875 0.410419278125 0.49166991875 0.41206541718749995 0.5510615234375 0.4547092140625 0.539635153125 0.447563790625 0.5188835578125001 0.4476907609375 0.5111891859375 0.6131851453125 0.42635468281250005 0.62633815625 0.4236113421875 0.6274428999999999 0.420345659375 0.6882844421875001 0.3941941953125 0.7009583203124999 0.391219209375 0.6605835531250001 0.321823025 0.6454854328125 0.3226755234375 0.5643441218749999 0.35505349218750004 0.570857771875 0.36783896562499996 0.5909913062500001 0.43082578125 0.5602374718750001 0.44517174375 0.5309209078125 0.45424819375 0.5065953265625 0.3801736375 0.50582114375 0.3784060234375
6 0.5602374718750001 0.44517174375 0.5909913062500001 0.43082578125 0.570857771875 0.36783896562499996 0.5562610671875 0.339187484375 0.5343849890625 0.28033087968750003 0.4938243953125 0.2899779578125 0.480994109375 0.298300221875 0.47819406249999996 0.307598190625 0.491916821875 0.346659675 0.5065953265625 0.3801736375 0.5309209078125 0.45424819375 0.5602374718750001 0.44517174375
1 0.7192200359375 0.7087178265625 0.7116227171875 0.7007427734375 0.694385971875 0.6958120140624999 0.702480796875 0.6745443484375 0.71511104375 0.6642633453125 0.7365728921875 0.669123028125 0.763713275 0.6822855421875 0.797861278125 0.6663226250000001 0.7364836078125 0.5005618468749999 0.7291733578125 0.47516173281249996 0.7276105203125 0.47720351718750004 0.725872959375 0.484686515625 0.718569596875 0.4871112734375 0.709557759375 0.47268418125 0.7037412484375001 0.452722621875 0.70103444375 0.428653025 0.7040417359375 0.41194107031250005 0.7091313140625 0.4082381828125 0.7100816609375 0.40882594687499996 0.704757696875 0.39032736875 0.6882844421875001 0.3941941953125 0.6274428999999999 0.420345659375 0.6256109390625 0.42576104062500003 0.6337451484375001 0.4520342109375 0.632660634375 0.45615498125 0.6286766578125 0.4555809796875 0.621162921875 0.43570756875 0.6131851453125 0.42635468281250005 0.4476907609375 0.5111891859375 0.447563790625 0.5188835578125001 0.4547092140625 0.539635153125 0.45519299062499996 0.539505525 0.6134805828125 0.654493309375 0.61933414375 0.6465792421875001 0.6274631796875 0.6462946046875 0.6601092046875 0.6880413125 0.6639695 0.6977369640625 0.6626234953125001 0.7014972187499999 0.6797604234375 0.72009225625 0.7190980625 0.7093138765625 0.7192200359375 0.7087178265625
5 0.9438766281250001 0.71973245 0.9407306828124999 0.6584495859375 0.93731481875 0.6476830875 0.8828299859375001 0.5890056515625 0.8764866984375 0.589112359375 0.8770844062500001 0.646830103125 0.87122003125 0.6606142234375 0.8637982578125 0.6705677296875 0.82344881875 0.69040615625 0.8185752859375001 0.7039247843750001 0.8115543078125 0.7450993 0.8207824703125001 0.7537774109375001 0.8234113796875 0.76953368125 0.829994121875 0.7762656781249999 0.849626109375 0.782156090625 0.859579615625 0.7895778640625 0.8757817843750001 0.8282466859375001 0.8799369484374999 0.7942119421875 0.9004435359375 0.785531278125 0.9054498171875001 0.7725080734375 0.9232589093750001 0.7735770296875 0.9481271015624999 0.765320646875 0.95376155 0.7526601140625 0.9438766281250001 0.71973245
3 0.7116227171875 0.7007427734375 0.7249091437499999 0.7146897953125 0.73188648125 0.7526091046875 0.726046359375 0.7822914375 0.7302454453125 0.788063034375 0.7388638171874999 0.790528415625 0.7623931578125 0.785284784375 0.772053521875 0.7757995578125 0.781668828125 0.7562465546875 0.771851684375 0.689909653125 0.7682802078125001 0.6845004078125 0.7365728921875 0.669123028125 0.71511104375 0.6642633453125 0.702480796875 0.6745443484375 0.694385971875 0.6958120140624999 0.7116227171875 0.7007427734375
5 0.7031041828125 0.7454222359375 0.6626234953125001 0.7014972187499999 0.660720759375 0.7068127671875 0.597861378125 0.7855112625 0.5737589046875 0.794494209375 0.5310880890624999 0.842536103125 0.5195834671874999 0.844356403125 0.5128209703125 0.837963103125 0.509980671875 0.8273629671875 0.5469822203125 0.7675854265625001 0.5535416078125001 0.735531334375 0.6134805828125 0.654493309375 0.45519299062499996 0.539505525 0.3915282 0.5565644546875 0.3636802515625 0.626874978125 0.34761873125 0.6808590406249999 0.3346860234375 0.70407679375 0.382939465625 0.8796933859375 0.43256824531250004 0.9286455218749999 0.667122740625 0.865796834375 0.6788769390625 0.8225438578125001 0.706845175 0.7593838125000001 0.7078418140625 0.75193405625 0.7031041828125 0.7454222359375
3 0.6274631796875 0.6462946046875 0.61933414375 0.6465792421875001 0.5535416078125001 0.735531334375 0.5469822203125 0.7675854265625001 0.509980671875 0.8273629671875 0.5128209703125 0.837963103125 0.5195834671874999 0.844356403125 0.5310880890624999 0.842536103125 0.5737589046875 0.794494209375 0.597861378125 0.7855112625 0.660720759375 0.7068127671875 0.6639695 0.6977369640625 0.6601092046875 0.6880413125 0.6274631796875 0.6462946046875
3 0.7633483765625 0.47090238281249996 0.7729824828125 0.47019224531250003 0.7815639765625 0.4655537015625 0.7875494749999999 0.45646464218749994 0.7893726546875001 0.44755521875 0.7879837140625 0.430149921875 0.782486734375 0.40963491718749995 0.771238171875 0.39908195 0.756217896875 0.3988961671875 0.7347213531250001 0.411205740625 0.7181034140625 0.4137871921875 0.7091313140625 0.4082381828125 0.7040417359375 0.41194107031250005 0.70103444375 0.428653025 0.7037412484375001 0.452722621875 0.709557759375 0.47268418125 0.718569596875 0.4871112734375 0.725872959375 0.484686515625 0.7276105203125 0.47720351718750004 0.7321153125000001 0.47131818125 0.739738209375 0.46833997812500006 0.7507131234375 0.46914188125 0.7572291265625 0.4655246125 0.7633483765625 0.47090238281249996