5 0.8189322703125 0.7247914171875001 0.8096321625 0.7205640953125 0.7937179421875 0.7368863703125 0.7975668203125 0.746739496875 0.8406585640625 0.8090520187499999 0.8544918703125 0.8274473734375001 0.844296203125 0.7860875875 0.8273869140624999 0.732400596875 0.8189322703125 0.7247914171875001
5 0.58556239375 0.20823656875 0.569767765625 0.2130964546875 0.5527581671874999 0.22828359687500002 0.517340946875 0.29730176875000003 0.6138736265625 0.305769546875 0.62763253125 0.3109884421875 0.63237698125 0.320002896875 0.6344625640625 0.3325163921875 0.6523858171875 0.311509134375 0.634161246875 0.29389205 0.6305163328125001 0.278097421875 0.6214040484375001 0.267770165625 0.6214040484375001 0.2604803375 0.629908846875 0.24468570937499998 0.6317313046875 0.22706862499999997 0.629908846875 0.2234237109375 0.609254334375 0.21005902656250003 0.58556239375 0.20823656875
5 0.63474920625 0.36507517031250003 0.63474920625 0.33423624687500003 0.6344625640625 0.3325163921875 0.5496251609375 0.4319515328125 0.6415136984375 0.378598975 0.6378817984375 0.3765431828125 0.6317257015625 0.3763445984375 0.63474920625 0.36507517031250003
6 0.3573042265625 0.714219815625 0.3552022734375 0.7019584265625001 0.3380310390625 0.68439470625 0.31203666874999997 0.6877852765625 0.2970705 0.6996334937500001 0.290834596875 0.7145996625000001 0.2858458734375 0.7401668671875 0.28771664375 0.7607453484375 0.2989412703125 0.7919248671875 0.3164018015625 0.8075146265625 0.35007568125 0.8075146265625 0.3625474875 0.8293402890625 0.3756428859375 0.8436828671875001 0.40038136562500004 0.8508295390624999 0.3950151328125 0.8384024734375 0.3950151328125 0.8206842984374999 0.39769970468750004 0.8094090953125 0.4143440515625 0.782563375 0.42420730000000006 0.7749273125 0.42813825000000005 0.7718839953125001 0.42172227968750003 0.7718839953125001 0.3952956671875 0.7395202656250001 0.3909253375 0.732322075 0.3809243 0.7378398890625 0.3711504765625 0.7341747046875 0.3573042265625 0.714219815625
6 0.6378817984375 0.3765431828125 0.6317257015625 0.3763445984375 0.6295303109375 0.384527415625 0.622427371875 0.394392609375 0.671146646875 0.40224182500000005 0.670732684375 0.398111603125 0.667747940625 0.397738509375 0.6634125328125 0.39099454218749996 0.6378817984375 0.3765431828125
5 0.665625 0.6157309375 0.60851556875 0.60691256875 0.6019722 0.62395976875 0.621740690625 0.6203904578125 0.6267768828125 0.6212298234375 0.62646755 0.6277258 0.627441728125 0.6278881640625 0.6395275421875 0.62843751875 0.665625 0.630525315625 0.665625 0.6157309375
5 0.49073913593749996 0.639917975 0.5204168609375001 0.67324834375 0.5326242437500001 0.6805727734375 0.5331125390625 0.6854557265625 0.5297655921875 0.6902370796875 0.5632674359375 0.694344584375 0.6342524843749999 0.7030477328125 0.629294978125 0.639276178125 0.6263572 0.630043159375 0.6267768828125 0.6212298234375 0.621740690625 0.6203904578125 0.6019722 0.62395976875 0.592436328125 0.648803225 0.542457609375 0.6336035109375 0.49073913593749996 0.639917975
3 0.64378668125 0.808348828125 0.6581107046875 0.800739190625 0.6661679671875 0.7891009203125 0.6661679671875 0.7174808046875001 0.660796459375 0.7121092953125 0.6424438046875001 0.7040520328125 0.5297655921875 0.6902370796875 0.5228583375 0.7001045859375 0.49226406718750004 0.7682463687500001 0.4942796875 0.7689577625 0.5014416984375 0.7725387687499999 0.5166609734375001 0.789548546875 0.5300897453125 0.7926819265625 0.5949954765625 0.7993963125 0.6325960375 0.808348828125 0.64378668125 0.808348828125
3 0.8576761828125001 0.9164250859375 0.8690212609374999 0.9370893359375 0.8783404328125 0.9338478859375 0.8892803296875 0.9216924437499999 0.8961684140624999 0.9075110953125 0.8941425078125 0.8998126484375 0.8840129718749999 0.8884675703125 0.881581884375 0.86618259375 0.8787456140625001 0.8596996921875 0.8406585640625 0.8090520187499999 0.7975668203125 0.746739496875 0.81066275625 0.78026509375 0.8263445656249999 0.8277461296874999 0.8285225953124999 0.8586741437500001 0.821201178125 0.8879598124999999 0.8378222937500001 0.9119680906250001 0.845520740625 0.9172354484374999 0.8576761828125001 0.9164250859375
3 0.41649170937499996 0.8695435093749999 0.43313605468749994 0.8716911671875 0.4530018875 0.864174365625 0.46535091875 0.8507515046874999 0.47340463593750004 0.8341071578125 0.47555229375 0.8126305828125 0.471256978125 0.79115400625 0.46159251875 0.7766573171875 0.45363698281250003 0.7718839953125001 0.42813825000000005 0.7718839953125001 0.4143440515625 0.782563375 0.39769970468750004 0.8094090953125 0.3950151328125 0.8206842984374999 0.3950151328125 0.8384024734375 0.40521650625000005 0.8620267078125 0.41649170937499996 0.8695435093749999
3 0.5591942890625 0.3674479984375 0.564649340625 0.361447440625 0.565194846875 0.35926541875 0.5673768671875 0.35271935625 0.57665045625 0.35271935625 0.5771959625 0.3532648609375 0.58046899375 0.35708339843750003 0.5842875296875001 0.36308395625 0.5886515718750001 0.37181203906250004 0.5908335921875 0.3772670921875 0.5930156140625 0.3821766390625 0.5972292546875 0.392289375 0.617824603125 0.3936510515625 0.622427371875 0.394392609375 0.6295303109375 0.384527415625 0.63474920625 0.36507517031250003 0.63474920625 0.33423624687500003 0.63237698125 0.320002896875 0.62763253125 0.3109884421875 0.6138736265625 0.305769546875 0.5057001703124999 0.296280646875 0.48245236562500005 0.2991273171875 0.43738009218749996 0.3157328921875 0.381395584375 0.317630671875 0.3761766890625 0.322375121875 0.37427890937499997 0.33423624687500003 0.38092113906249997 0.346571815625 0.4321611984375 0.356060715625 0.44971566249999995 0.36507517031250003 0.45436210312499997 0.36871943749999997 0.460133425 0.35901870625 0.4862252234375 0.3755769640625 0.5010148265625001 0.3894349390625 0.5572917390625001 0.39412468125 0.5553757515625 0.38981371249999996 0.554830246875 0.38817719687499996 0.5575577734375 0.38326764999999996 0.558103278125 0.3805401234375 0.558103278125 0.3723575453125 0.5591942890625 0.3674479984375
5 0.549089128125 0.43448093749999994 0.5496251609375 0.4319515328125 0.5474746359375 0.43296814531249994 0.548831309375 0.43423935937499997 0.516899153125 0.5262656109375 0.5471605687500001 0.44358132812499995 0.5474426265625 0.4422503703125 0.549089128125 0.43448093749999994
5 0.5115931781249999 0.5106509453125 0.5098081953125 0.5130606734375001 0.5038372671875 0.5262656109375 0.516899153125 0.5262656109375 0.5141558109375 0.52016929375 0.5115931781249999 0.5106509453125
3 0.8263445656249999 0.8277461296874999 0.81066275625 0.78026509375 0.7671021734375 0.66875 0.7052461437499999 0.66875 0.66081435 0.6752840875 0.6656060140625 0.69488635 0.6677840421875 0.7184090656250001 0.71265144375 0.8469127859375 0.729640071875 0.8839392828125 0.7457574874999999 0.9022347265624999 0.7697158078124999 0.9183521421874999 0.781041559375 0.9383900109375001 0.8267801718750001 0.9314203187500001 0.8189392671875 0.8970074578125 0.8285225953124999 0.8586741437500001 0.8263445656249999 0.8277461296874999
5 0.57665045625 0.35271935625 0.5673768671875 0.35271935625 0.565194846875 0.35926541875 0.564649340625 0.361447440625 0.5591942890625 0.3674479984375 0.558103278125 0.3723575453125 0.558103278125 0.3805401234375 0.5575577734375 0.38326764999999996 0.554830246875 0.38817719687499996 0.5553757515625 0.38981371249999996 0.5575285375 0.39465747812499996 0.5607009828125 0.3796875 0.564509225 0.3796875 0.5640860859375 0.3877271203125 0.5666249140625 0.3902659484375 0.5972292546875 0.392289375 0.5930156140625 0.3821766390625 0.5908335921875 0.3772670921875 0.5886515718750001 0.37181203906250004 0.5842875296875001 0.36308395625 0.58046899375 0.35708339843750003 0.5771959625 0.3532648609375 0.57665045625 0.35271935625
1 0.8091178453125 0.4117946625 0.8192765140624999 0.5218056062499999 0.8647346421875 0.5203592109375 0.8271462890624999 0.4272383171875 0.8195897375 0.41212521406249997 0.8148668921875 0.406930084375 0.8091178453125 0.4117946625
1 0.6686011546875 0.6124133625 0.666062328125 0.615798465625 0.665625 0.6157309375 0.665625 0.652045725 0.8125054703125001 0.6600745609375 0.9211308984375 0.6600745609375 0.9170659109375 0.650004015625 0.9025780781250001 0.6505214375 0.754037746875 0.6405899625 0.7428108609375 0.6354083234375001 0.7341747953125 0.6215906171875 0.728561353125 0.60518209375 0.7264023359375 0.6021594703125001 0.7156072546875001 0.5995686499999999 0.713004659375 0.5932480609375 0.71258463125 0.59222799375 0.7121729203125 0.5844054734374999 0.6896637125 0.5869916374999999 0.68678214375 0.5582414375 0.6686011546875 0.6124133625
5 0.6977976734375 0.48039432812499994 0.6986439484375 0.48335629375 0.6893349140625 0.550635225 0.68678214375 0.5582414375 0.6896637125 0.5869916374999999 0.7121729203125 0.5844054734374999 0.711721025 0.57581946875 0.7156072546875001 0.5632971734375001 0.7194934843749999 0.5598427484374999 0.730288565625 0.558979140625 0.73892463125 0.5360935671875 0.74367446875 0.531775534375 0.7773551249999999 0.52313946875 0.8192765140624999 0.5218056062499999 0.8016050890624999 0.3304370015625 0.7908929953125 0.32883018750000004 0.6660971078125 0.3518611875 0.671146646875 0.40224182500000005 0.69398943125 0.40592205156250005 0.7007596375 0.4088840171875 0.6901811906249999 0.47531667187500004 0.6977976734375 0.48039432812499994
0 0.3734399734375 0.7206129890625 0.3552022734375 0.7019584265625001 0.3573042265625 0.714219815625 0.3711504765625 0.7341747046875 0.3809243 0.7378398890625 0.3909253375 0.732322075 0.3900420140625 0.7308671906249999 0.3734399734375 0.7206129890625
6 0.7264023359375 0.6021594703125001 0.728561353125 0.60518209375 0.7341747953125 0.6215906171875 0.7428108609375 0.6354083234375001 0.754037746875 0.6405899625 0.9025780781250001 0.6505214375 0.9267590609375 0.64965783125 0.9414403734375 0.6449079953125 0.9440311937500001 0.6405899625 0.944462996875 0.631090290625 0.944462996875 0.5632971734375001 0.9340997171875 0.530911928125 0.920713815625 0.521844059375 0.8723518468749999 0.5201168453125 0.7773551249999999 0.52313946875 0.74367446875 0.531775534375 0.73892463125 0.5360935671875 0.730288565625 0.558979140625 0.7194934843749999 0.5598427484374999 0.7156072546875001 0.5632971734375001 0.711721025 0.57581946875 0.71258463125 0.59222799375 0.7156072546875001 0.5995686499999999 0.7264023359375 0.6021594703125001
1 0.5141558109375 0.52016929375 0.52177229375 0.5370948109375 0.52261856875 0.5620599484375 0.5205028796875 0.5688301546875 0.5234648453124999 0.5819474312499999 0.5260036718750001 0.5861788109375 0.5416597765625 0.590410190625 0.537005259375 0.5976035343749999 0.5243111203125 0.5980266734375 0.5179640515624999 0.6018349140625 0.51034756875 0.6238380859375 0.592436328125 0.648803225 0.60851556875 0.60691256875 0.666062328125 0.615798465625 0.6686011546875 0.6124133625 0.6893349140625 0.550635225 0.6986439484375 0.48335629375 0.6977976734375 0.48039432812499994 0.6901811906249999 0.47531667187500004 0.7007596375 0.4088840171875 0.69398943125 0.40592205156250005 0.617824603125 0.3936510515625 0.5666249140625 0.3902659484375 0.5640860859375 0.3877271203125 0.564509225 0.3796875 0.5607009828125 0.3796875 0.549089128125 0.43448093749999994 0.549949425 0.43528704218750003 0.5474426265625 0.4422503703125 0.5471605687500001 0.44358132812499995 0.54692021875 0.44370150312499995 0.5409176484375 0.460375309375 0.5198435031249999 0.4995130078125 0.5115931781249999 0.5106509453125 0.5141558109375 0.52016929375
5 0.48867766562500004 0.6376027859375 0.4852595984375 0.6317432421875 0.48574789375 0.6205124515625 0.47549369218750004 0.6229539281250001 0.469145853125 0.6156294984375 0.46640484843749996 0.601924475 0.448592821875 0.6339861250000001 0.4435751671875 0.6364949515625 0.43153279843750003 0.6309755328125 0.3913915703125 0.5943466625 0.3673068328125 0.5772866390625 0.357271525 0.5687566281249999 0.35325740156249996 0.5602266171875 0.362289178125 0.5366436453125 0.3843668546875 0.4995130078125 0.388240059375 0.4920272953125 0.3763697453125 0.4911141953125 0.3636740671875 0.4950205578125 0.3500017984375 0.507227940625 0.2928712484375 0.6185592703125 0.28798829531250003 0.6332081281249999 0.3734399734375 0.7206129890625 0.3900420140625 0.7308671906249999 0.414945075 0.7718839953125001 0.49063084687499997 0.7718839953125001 0.5228583375 0.7001045859375 0.5331125390625 0.6854557265625 0.5326242437500001 0.6805727734375 0.5204168609375001 0.67324834375 0.48867766562500004 0.6376027859375
5 0.48371639687499995 0.5707636890625001 0.5098081953125 0.5130606734375001 0.5198435031249999 0.4995130078125 0.5409176484375 0.460375309375 0.549949425 0.43528704218750003 0.4862252234375 0.3755769640625 0.460133425 0.35901870625 0.436550453125 0.3986581703125 0.3843668546875 0.4995130078125 0.362289178125 0.5366436453125 0.35325740156249996 0.5602266171875 0.357271525 0.5687566281249999 0.3673068328125 0.5772866390625 0.3913915703125 0.5943466625 0.43153279843750003 0.6309755328125 0.4435751671875 0.6364949515625 0.448592821875 0.6339861250000001 0.48371639687499995 0.5707636890625001