5 0.9053059984375 0.7174590875 0.9231786359375 0.7319614421875 0.9032799859375 0.6942967734375001 0.8738849171874999 0.64629524375 0.863840584375 0.6409574515625 0.8537940484375 0.6391055999999999 0.8423012640625 0.65879303125 0.8484195015625 0.66742235 0.9053059984375 0.7174590875
5 0.5635024937499999 0.2839904984375 0.5781152656249999 0.2857257890625 0.584899578125 0.293324690625 0.5899505 0.3049619328125 0.6022592390625 0.280242653125 0.5803140578125 0.26755779375 0.5729563468750001 0.25311411875 0.561616346875 0.24529808593750002 0.559852778125 0.23822479687499998 0.56428388125 0.22084184062499998 0.561790246875 0.203307165625 0.5591401390625 0.20021141406249998 0.53586594375 0.192240496875 0.5124368625 0.1962037734375 0.498287115625 0.20474036562500003 0.48545687656250003 0.22359137968749998 0.46778870625 0.29912761718750003 0.5635024937499999 0.2839904984375
5 0.6079405703125 0.3479698421875 0.6039192124999999 0.3468537515625 0.5978979359375 0.34815036093749996 0.5981053078125 0.33648423125 0.590644696875 0.3065613546875 0.5899505 0.3049619328125 0.5316886671875001 0.42196745 0.6079405703125 0.3479698421875
6 0.3513940859375 0.742796615625 0.3489640609375 0.7588268265625 0.35030879062500003 0.7848414578125 0.357102375 0.8043560890625001 0.375536590625 0.8318939593750001 0.3962499734375 0.8427965515625001 0.4289235953125 0.834650103125 0.4463050421875 0.852810246875 0.46248123437500005 0.8635587265625 0.4882138125 0.86450833125 0.4800006 0.8537486124999999 0.47571418593750003 0.8365567421875 0.4755912953125 0.8249670046875 0.4852466671875 0.794892084375 0.492969603125 0.785096709375 0.49604754218749997 0.781192809375 0.4898221546875 0.7827449734374999 0.4563510296875 0.7577357609375001 0.45036911718750006 0.751808665625 0.442000034375 0.7595820468750001 0.43162984687500006 0.7583902359375 0.4133673640625 0.742377803125 0.40836154999999996 0.7309891390625001 0.38745132656250003 0.7181012328125 0.363049353125 0.727679696875 0.3513940859375 0.742796615625
6 0.6424130171875 0.3637415390625 0.641012159375 0.35983415 0.638025815625 0.3601942125 0.6321876750000001 0.3546994 0.6039192124999999 0.3468537515625 0.5978979359375 0.34815036093749996 0.5977473609375 0.3566212265625 0.593242015625 0.3679117390625 0.6424130171875 0.3637415390625
5 0.652339215625 0.586958675 0.653610590625 0.593336528125 0.6545951109375 0.5932583953125 0.6664548265625 0.5908676078124999 0.6922821609375001 0.5865798421874999 0.688703078125 0.5722249203125 0.6311566843749999 0.5774845171874999 0.6289317718749999 0.5956083265625 0.647249559375 0.5873626078124999 0.652339215625 0.586958675
5 0.5749039421875 0.6773852765624999 0.6084043328125001 0.6732659421875 0.6793863046874999 0.66453773125 0.6591483218749999 0.60385979375 0.6540641390624999 0.5956117484375001 0.652339215625 0.586958675 0.647249559375 0.5873626078124999 0.6289317718749999 0.5956083265625 0.6256893328124999 0.6220207609374999 0.5735180515625 0.619363490625 0.5248634453125 0.63800221875 0.5617229609375001 0.6631628421875 0.575339671875 0.667316471875 0.57699475625 0.67193625 0.5749039421875 0.6773852765624999
3 0.707334 0.6669085578125 0.6875772687499999 0.6635305406249999 0.5749039421875 0.6773852765624999 0.570589028125 0.6886306921875 0.557388528125 0.762149796875 0.5595163765625 0.7623524359375 0.56733196875 0.7640944234375 0.5862142046875001 0.7769170640625 0.6000021171875 0.7767086546875 0.664604228125 0.7675214765625 0.7032537015625 0.767111665625 0.7141119359375 0.764404403125 0.7261695359375 0.753555509375 0.7311719109375 0.7403137171874999 0.7138454375000001 0.670821025 0.707334 0.6669085578125
3 0.982986375 0.7995644609375 0.9791582249999999 0.7925848015625 0.96658495625 0.7840272765625 0.958834859375 0.7629923921875 0.9545144828125001 0.7573882171874999 0.9053059984375 0.7174590875 0.8484195015625 0.66742235 0.8692370078125 0.6967839 0.8959397015624999 0.7390607734375 0.9055351984375 0.7685431796875 0.905516103125 0.79873015 0.9274516296875 0.81800426875 0.9361956890625001 0.8212527406250001 0.9477940171875 0.81752578125 0.9638012328125001 0.8348315921875 0.9720594078125 0.829431915625 0.979733675 0.814990940625 0.982986375 0.7995644609375
3 0.55502246875 0.8306167484375001 0.5519106781249999 0.8092585531250001 0.5425472984375 0.7894590546875 0.5296628484375 0.7777310234375 0.5207888546875 0.7750241078125 0.49604754218749997 0.781192809375 0.4852466671875 0.794892084375 0.4755912953125 0.8249670046875 0.47571418593750003 0.8365567421875 0.4800006 0.8537486124999999 0.49561416875 0.8742031703125 0.508372928125 0.878768971875 0.5250424312499999 0.876826203125 0.5424996859375 0.8647267031249999 0.5512346140625 0.8487150578125 0.55502246875 0.8306167484375001
3 0.5387431968749999 0.338550796875 0.53940446875 0.338948128125 0.543504065625 0.3418614203125 0.548660840625 0.3467599484375 0.5550067671875001 0.3541730125 0.5584436687500001 0.35893815 0.5617486015625001 0.3631739828125 0.568283571875 0.3719669546875 0.5885965703125 0.36830571875 0.593242015625 0.3679117390625 0.5977473609375 0.3566212265625 0.5981053078125 0.33648423125 0.590644696875 0.3065613546875 0.584899578125 0.293324690625 0.5781152656249999 0.2857257890625 0.5635024937499999 0.2839904984375 0.456246678125 0.30095298593750003 0.4343781046875 0.30933925156250003 0.3946619234375 0.33635553906250004 0.340799509375 0.351740825 0.3368834234375 0.357606909375 0.33791148125000003 0.3695748234375 0.347340653125 0.37993707187500003 0.3993542359375 0.37674801874999997 0.4185680515625 0.381247896875 0.4239581015625 0.3836598375 0.4272111703125 0.37285105 0.4565337359375 0.3826052796875 0.47423657343750003 0.39247368437499996 0.529976371875 0.3834095046875 0.5270743796875 0.379690109375 0.5261491703125001 0.378234175 0.5276079499999999 0.3728106140625 0.527477403125 0.3700321375 0.5254978578125 0.36209261718749997 0.525368734375 0.3570649640625 0.52921008125 0.349922953125 0.5292115046875 0.3476737765625 0.5297450734375 0.34079428125 0.5387431968749999 0.338550796875
5 0.522751403125 0.521397134375 0.5321107859375 0.43384802968749997 0.5320624781250001 0.4324883703125 0.5317804749999999 0.4245513984375 0.5316886671875001 0.42196745 0.5298479625 0.4234741234375 0.531471871875 0.42437936875000004 0.522751403125 0.521397134375
5 0.5186147171875 0.5161455796875 0.5138255078125 0.5075299234374999 0.5126765125 0.5102998984375 0.5100775109375 0.524557090625 0.522751403125 0.521397134375 0.5186147171875 0.5161455796875
3 0.6984425359374999 0.6311728890625 0.7078340828125 0.649033671875 0.715638075 0.67133075 0.7902605859375 0.7851629531250001 0.8157021 0.8169796843749999 0.8357668281249999 0.83083251875 0.8629126390625 0.8406751359375001 0.8787495671875 0.857377846875 0.921443425 0.8395500124999999 0.9055102046875 0.8080562468749999 0.9055351984375 0.7685431796875 0.8959397015624999 0.7390607734375 0.8692370078125 0.6967839 0.7999924171874999 0.5991195390625 0.7399737765625 0.6140838671875 0.6984425359374999 0.6311728890625
5 0.525368734375 0.3570649640625 0.5254978578125 0.36209261718749997 0.527477403125 0.3700321375 0.5276079499999999 0.3728106140625 0.5261491703125001 0.378234175 0.5270743796875 0.379690109375 0.53033503125 0.3838691890625 0.5297916765624999 0.3685763984375 0.533486796875 0.3676551015625 0.5350211875 0.37555827656249996 0.5380988 0.37740749375 0.568283571875 0.3719669546875 0.5617486015625001 0.3631739828125 0.5584436687500001 0.35893815 0.5550067671875001 0.3541730125 0.548660840625 0.3467599484375 0.543504065625 0.3418614203125 0.53940446875 0.338948128125 0.5387431968749999 0.338550796875 0.5297450734375 0.34079428125 0.5292115046875 0.3476737765625 0.52921008125 0.349922953125 0.525368734375 0.3570649640625
1 0.788837721875 0.337419715625 0.78299835 0.3335214625 0.778596921875 0.3396323625 0.8150678906250001 0.4439179078125 0.858825803125 0.43151715937499996 0.7998260015625 0.3502558 0.788837721875 0.337419715625
1 0.8419482640625 0.579717746875 0.9473470515625 0.5534388765625 0.9409665265625 0.5446508796875 0.9270342203125 0.54865785625 0.7805035296875 0.574956546875 0.7683565796875 0.572644853125 0.7566342359375 0.5613268453125 0.74721795625 0.546763740625 0.74439183125 0.5443532156249999 0.7332906343750001 0.5444509203125001 0.7292362578125 0.5389477046875 0.7285819296875 0.5380595515625 0.726290009375 0.5305689953125 0.705075071875 0.538523809375 0.6953237953125 0.511324728125 0.6907882328125 0.5682858937499999 0.6891437515625001 0.57218464375 0.688703078125 0.5722249203125 0.6974884203125 0.607461003125 0.8419482640625 0.579717746875
5 0.705075071875 0.538523809375 0.726290009375 0.5305689953125 0.7237743953125 0.5223473546874999 0.7245157703125 0.5092568609375 0.7274508609375 0.5049648828125 0.73771635625 0.5015153625 0.7405593734375 0.477220334375 0.74412349375 0.4718814765625 0.7747144359375 0.45535385 0.8150678906250001 0.4439179078125 0.7516251265625 0.262508871875 0.7408425046875 0.263541278125 0.6253252921875 0.316079015625 0.6424130171875 0.3637415390625 0.6654676 0.36178627812499997 0.6727532671875001 0.3630223984375 0.6785605593749999 0.43004087812499997 0.6871791953125 0.43312511249999996 0.688716896875 0.4357943625 0.695960628125 0.50332688125 0.6953237953125 0.511324728125 0.705075071875 0.538523809375
0 0.442000034375 0.7595820468750001 0.45036911718750006 0.751808665625 0.44916006406250003 0.7506106921875 0.430570459375 0.74467748125 0.40836154999999996 0.7309891390625001 0.4133673640625 0.742377803125 0.43162984687500006 0.7583902359375 0.442000034375 0.7595820468750001
6 0.7805035296875 0.574956546875 0.9270342203125 0.54865785625 0.9502879984374999 0.54196999375 0.9633841249999999 0.5338095171874999 0.964853359375 0.5289929718749999 0.9629741578125 0.51967101875 0.94657351875 0.453891646875 0.9286833718749999 0.4249754859375 0.9135013734375 0.4194153140625 0.8661581109375 0.429439225 0.7747144359375 0.45535385 0.74412349375 0.4718814765625 0.7405593734375 0.477220334375 0.73771635625 0.5015153625 0.7274508609375 0.5049648828125 0.7245157703125 0.5092568609375 0.7237743953125 0.5223473546874999 0.7285819296875 0.5380595515625 0.7332906343750001 0.5444509203125001 0.74439183125 0.5443532156249999 0.74721795625 0.546763740625 0.7566342359375 0.5613268453125 0.7683565796875 0.572644853125 0.7805035296875 0.574956546875
1 0.5425927171875 0.5738365828124999 0.5460797937499999 0.5773280749999999 0.5622945078125 0.577646209375 0.5595184765625 0.585751909375 0.5473037749999999 0.5892334703125 0.5420665375 0.594464084375 0.539999346875 0.6176562624999999 0.6256893328124999 0.6220207609374999 0.6311566843749999 0.5774845171874999 0.6891437515625001 0.57218464375 0.6907882328125 0.5682858937499999 0.695960628125 0.50332688125 0.688716896875 0.4357943625 0.6871791953125 0.43312511249999996 0.6785605593749999 0.43004087812499997 0.6727532671875001 0.3630223984375 0.6654676 0.36178627812499997 0.5885965703125 0.36830571875 0.5380988 0.37740749375 0.5350211875 0.37555827656249996 0.533486796875 0.3676551015625 0.5297916765624999 0.3685763984375 0.5317804749999999 0.4245513984375 0.5328102328125001 0.42512543437500006 0.5320624781250001 0.4324883703125 0.5321107859375 0.43384802968749997 0.5319066484375 0.43402278125000004 0.5301161390625 0.45165345625000003 0.5191362515625 0.49472689531249997 0.5138255078125 0.5075299234374999 0.5186147171875 0.5161455796875 0.5300996109375 0.5307257421875 0.5369603609375 0.554744575 0.536545378125 0.561825509375 0.5425927171875 0.5738365828124999
5 0.49803566093749996 0.6196591015624999 0.4920605296875 0.6070242859375 0.48253401250000005 0.6424426859375 0.47827234374999994 0.6460908703125 0.465252415625 0.643648715625 0.417442228125 0.6178189203125 0.3899457171875 0.607092278125 0.3781449046875 0.60124340625 0.372186421875 0.5939378765625001 0.375244678125 0.5688704359375001 0.38768383906250004 0.5275016625 0.38963103593750004 0.5193012953125 0.377892421875 0.5212870078125 0.36651889375 0.528148696875 0.35620598281250004 0.5433010890625 0.32770594062499997 0.6651465328125 0.3265119125 0.6805415515625 0.430570459375 0.74467748125 0.44916006406250003 0.7506106921875 0.4832462609375 0.784384528125 0.5566838421875 0.76607448125 0.570589028125 0.6886306921875 0.57699475625 0.67193625 0.575339671875 0.667316471875 0.5617229609375001 0.6631628421875 0.5223031140625001 0.636254515625 0.5175690265624999 0.6313959312499999 0.5153258421875 0.6203806125 0.50596688125 0.6252302828125 0.49803566093749996 0.6196591015624999
5 0.5328102328125001 0.42512543437500006 0.4565337359375 0.3826052796875 0.4272111703125 0.37285105 0.41391836875 0.417018290625 0.38768383906250004 0.5275016625 0.375244678125 0.5688704359375001 0.372186421875 0.5939378765625001 0.3781449046875 0.60124340625 0.3899457171875 0.607092278125 0.417442228125 0.6178189203125 0.465252415625 0.643648715625 0.47827234374999994 0.6460908703125 0.48253401250000005 0.6424426859375 0.501319375 0.572601065625 0.5126765125 0.5102998984375 0.5191362515625 0.49472689531249997 0.5301161390625 0.45165345625000003 0.5328102328125001 0.42512543437500006