5 0.80648766875 0.8429675156249999 0.81832235625 0.8627080734374999 0.8125058171875 0.8205091234375 0.8013009765625 0.7653487328125 0.793688025 0.7568974859375001 0.7848807390625 0.7517211968749999 0.7673475562500001 0.7662905671875 0.7701454171875 0.776492034375 0.80648766875 0.8429675156249999
5 0.633552425 0.318736596875 0.646690434375 0.3253651 0.6504666265625 0.3348261015625 0.65123276875 0.34748904999999997 0.6712536921875001 0.3284703625 0.6549704453125 0.3090448 0.6529964859375 0.2929556984375 0.6450136125 0.2817325234375 0.64577560625 0.2744826296875 0.655884803125 0.2596635203125 0.6595387640625 0.2423334421875 0.6581072875 0.23851799687500003 0.6389629125 0.223067540625 0.6155912578125 0.218778584375 0.5993751578125 0.22196085937499999 0.5808712500000001 0.2352868171875 0.5384336859375 0.30022479375 0.633552425 0.318736596875
5 0.653428334375 0.39405623125 0.6500312187499999 0.3916320640625 0.6439296031249999 0.39079108125 0.648114521875 0.3798994296875 0.651338065625 0.3492294453125 0.65123276875 0.34748904999999997 0.5564663109375 0.4375115515625 0.653428334375 0.39405623125
6 0.2773147859375 0.6773279718749999 0.269548653125 0.691560325 0.26191475937500003 0.71646600625 0.26162424375 0.7371273046875 0.2695282328125 0.7693093125 0.28526354062500003 0.7866387921875 0.3187529515625 0.7901586703125 0.32887503281249997 0.8131684281249999 0.3403994859375 0.828801278125 0.3642554140625 0.838494675 0.3602175609375 0.8255747625 0.3620696140625 0.80795365 0.365918059375 0.7970208265625 0.38527736875 0.772061978125 0.3958847703125 0.7654987375 0.4001123 0.7628829875 0.3937314765625 0.7622123359375 0.3708325625 0.727263565625 0.367238590625 0.7196479828125 0.3567155703125 0.7240901765625 0.34737840625 0.719423428125 0.33569386093750003 0.6981305265625 0.3348850859375 0.6857165937499999 0.3196438265625 0.66645420625 0.2934374453125 0.6671090515625 0.2773147859375 0.6773279718749999
6 0.6804276 0.42066705000000004 0.6804476296875 0.4165161828125 0.6775182359375 0.41583314375 0.673911515625 0.408672946875 0.6500312187499999 0.3916320640625 0.6439296031249999 0.39079108125 0.6408909015625001 0.39869959062500004 0.6327956796875001 0.4077682828125 0.6804276 0.42066705000000004
5 0.61341041875 0.63381750625 0.612423765625 0.6402455640625 0.6133756359375 0.6405088671875 0.62533781875 0.6423185234375001 0.651074078125 0.6471228109375 0.6526205125 0.632409478125 0.5967457031250001 0.61766985625 0.5884562609375 0.6339397015625 0.608489553125 0.6324563140625 0.61341041875 0.63381750625
5 0.50971734375 0.6923062921875001 0.542606309375 0.6998931921875 0.6122927671875 0.715968621875 0.6140283625 0.6520282140625 0.6120717906250001 0.64253869375 0.61341041875 0.63381750625 0.608489553125 0.6324563140625 0.5884562609375 0.6339397015625 0.5763757796875 0.6576502921875 0.528259653125 0.6373096453125 0.47616445625 0.638183465625 0.5021956328125 0.6744334140625 0.5135705296874999 0.6829937390625 0.5135457437500001 0.6879009828125 0.50971734375 0.6923062921875001
3 0.637744140625 0.7277551453125 0.6203342375 0.717823646875 0.50971734375 0.6923062921875001 0.5018164921875 0.7013977390624999 0.4642670640625 0.7659682625 0.4661972828125 0.7668864484375 0.47294574218749996 0.771196471875 0.4863036375 0.789703915625 0.49933131875000003 0.79422381875 0.5631796453125 0.8076859187500001 0.5996384328125 0.8205197203125 0.6107677734375 0.8216894625 0.6258087515625 0.815618778125 0.63503840625 0.804886478125 0.642524746875 0.7336587046874999 0.637744140625 0.7277551453125
3 0.851401653125 0.9466895828125 0.8501915515625 0.9388215437499999 0.841303390625 0.926479790625 0.841215034375 0.9040627750000001 0.8390719499999999 0.8973189171874999 0.80648766875 0.8429675156249999 0.7701454171875 0.776492034375 0.779665234375 0.8112028734375001 0.7902980171875 0.8600629984375001 0.7892312578125 0.8910492515625 0.7788887609375 0.91940919375 0.7929092765625 0.94502333125 0.8000149609375 0.9510665406250001 0.8121885203125 0.9515312078125 0.821311446875 0.973268140625 0.8309183921875001 0.9710185656249999 0.8430689484375 0.9600732437499999 0.851401653125 0.9466895828125
3 0.43862662031250005 0.8294969109375 0.4430074265625 0.8083624781250001 0.44098055468749997 0.7865545703125 0.43288435468750003 0.771127084375 0.4254713484375 0.76554833125 0.4001123 0.7628829875 0.38527736875 0.772061978125 0.365918059375 0.7970208265625 0.3620696140625 0.80795365 0.3602175609375 0.8255747625 0.3678936453125 0.8501359140625 0.3783213609375 0.85879011875 0.3946500359375 0.86266581875 0.4151927609375 0.857266740625 0.4288772140625 0.8452082359374999 0.43862662031250005 0.8294969109375
3 0.5916255765625 0.3615383296875 0.5921110734374999 0.3621378671875 0.5949670296875 0.3662776109375 0.5981374171875 0.37264444218750004 0.6015652203124999 0.381780878125 0.603165078125 0.38743413125 0.6048219593749999 0.3925448671875 0.6079554484374999 0.40304265 0.6282956390625001 0.40654966718749996 0.6327956796875001 0.4077682828125 0.6408909015625001 0.39869959062500004 0.648114521875 0.3798994296875 0.651338065625 0.3492294453125 0.6504666265625 0.3348261015625 0.646690434375 0.3253651 0.633552425 0.318736596875 0.526963415625 0.2979924734375 0.50354540625 0.2983934921875 0.4569842875 0.31019676406249996 0.401108096875 0.30623217343750003 0.3954218609375 0.310405109375 0.392294653125 0.32200288593750004 0.397611078125 0.33496518124999997 0.447578578125 0.34975814375000003 0.46409461093750004 0.3605581578125 0.46833466718750005 0.36466814687500004 0.47508837656249997 0.355623825 0.49930643124999996 0.37481871093749997 0.5125664624999999 0.3901467046875 0.5680448734375 0.40069329531250003 0.5665899999999999 0.3962056671875 0.566218546875 0.3945210953125 0.56944431875 0.389923546875 0.5702719390625 0.38726798281249997 0.5711272515625 0.3791302296875 0.5727254734375 0.37436162031250003 0.5787778703125 0.3689641421875 0.579548471875 0.36685109531250004 0.5824027890625 0.36056897499999996 0.5916255765625 0.3615383296875
5 0.5140610734375 0.5278881671875 0.552799575 0.44882001718750003 0.5532192109375 0.44752583437500004 0.5556688203125 0.43997106874999997 0.5564663109375 0.4375115515625 0.5542213015625 0.43829780312500005 0.555437665625 0.43970386406250006 0.5140610734375 0.5278881671875
5 0.5119699984375 0.5215384890625 0.5104163421875 0.511804415625 0.508389253125 0.5140143609375001 0.5010707421875 0.526522828125 0.5140610734375 0.5278881671875 0.5119699984375 0.5215384890625
3 0.641611215625 0.6911335390625 0.6443276359375 0.711129284375 0.6440349390625 0.73475080625 0.67522425625 0.867240490625 0.6882494968749999 0.905839946875 0.702366225 0.9257198953125 0.7245085703125 0.94425334375 0.73367775 0.96536530625 0.7798943328125 0.9632147828125 0.7756935046875 0.9281708406250001 0.7892312578125 0.8910492515625 0.7902980171875 0.8600629984375001 0.779665234375 0.8112028734375001 0.74799978125 0.6957453499999999 0.68648260625 0.689279634375 0.641611215625 0.6911335390625
5 0.5727254734375 0.37436162031250003 0.5711272515625 0.3791302296875 0.5702719390625 0.38726798281249997 0.56944431875 0.389923546875 0.566218546875 0.3945210953125 0.5665899999999999 0.3962056671875 0.5682246828124999 0.401247925 0.5729445375 0.386691565625 0.5767319171875 0.387089634375 0.5754707265625 0.3950409828125 0.5777302671875 0.3978312828125 0.6079554484374999 0.40304265 0.6048219593749999 0.3925448671875 0.603165078125 0.38743413125 0.6015652203124999 0.381780878125 0.5981374171875 0.37264444218750004 0.5949670296875 0.3662776109375 0.5921110734374999 0.3621378671875 0.5916255765625 0.3615383296875 0.5824027890625 0.36056897499999996 0.579548471875 0.36685109531250004 0.5787778703125 0.3689641421875 0.5727254734375 0.37436162031250003
1 0.8270244078125 0.44601282500000006 0.8228704734375001 0.44035248281249995 0.8166444343749999 0.4445894734375 0.815248178125 0.5550596359375 0.8606084703124999 0.5583728328124999 0.8329598140625001 0.4618330125 0.8270244078125 0.44601282500000006
1 0.7940611843750001 0.691863371875 0.9020915515624999 0.703217821875 0.8991014906249999 0.6927775359375 0.8846389390624999 0.6917777328125 0.7379504484375 0.6663739718749999 0.72732669375 0.6600471890625 0.72018228125 0.6454024625 0.716314746875 0.6284970624999999 0.7144835078125 0.62526531875 0.704018378125 0.621560296875 0.7020907203125 0.6150022875000001 0.7017796203125 0.6139439046875 0.702187840625 0.6061212 0.6795316125 0.6063403453125 0.67967104375 0.5774464359375 0.6559271437499999 0.6294211703125 0.6530483859375 0.63252235 0.6526205125 0.632409478125 0.6488245828125 0.6685253296875 0.7940611843750001 0.691863371875
5 0.6795316125 0.6063403453125 0.702187840625 0.6061212 0.702635903125 0.5975349953125 0.7078097796875 0.5854875203125001 0.7120358062500001 0.5824582406250001 0.7228620218749999 0.58272775625 0.7338429718749999 0.5608702671875 0.739018146875 0.5570723828124999 0.7734170109375 0.5520042140625 0.815248178125 0.5550596359375 0.8176770250000001 0.3628922015625 0.8071915703125001 0.360174471875 0.6806719328125 0.3700345828125 0.6804276 0.42066705000000004 0.7027605609375 0.42671483749999994 0.7091840687500001 0.43036825624999997 0.69171946875 0.4953312375 0.6987634671875 0.5011772171875 0.699295496875 0.504211415625 0.6830048953125 0.5701487281250001 0.67967104375 0.5774464359375 0.6795316125 0.6063403453125
0 0.3567155703125 0.7240901765625 0.367238590625 0.7196479828125 0.36651218281250003 0.7181087359375 0.3510729453125 0.7061753234375 0.3348850859375 0.6857165937499999 0.33569386093750003 0.6981305265625 0.34737840625 0.719423428125 0.3567155703125 0.7240901765625
6 0.7379504484375 0.6663739718749999 0.8846389390624999 0.6917777328125 0.9087777265625 0.6934464593749999 0.92387510625 0.6902572578124999 0.9269030921875 0.68623369375 0.928325515625 0.6768311984375 0.9354118265625001 0.609409459375 0.9284904968750001 0.576118365625 0.916125775 0.5657009640624999 0.8682092812500001 0.558928009375 0.7734170109375 0.5520042140625 0.739018146875 0.5570723828124999 0.7338429718749999 0.5608702671875 0.7228620218749999 0.58272775625 0.7120358062500001 0.5824582406250001 0.7078097796875 0.5854875203125001 0.702635903125 0.5975349953125 0.7017796203125 0.6139439046875 0.704018378125 0.621560296875 0.7144835078125 0.62526531875 0.716314746875 0.6284970624999999 0.72018228125 0.6454024625 0.72732669375 0.6600471890625 0.7379504484375 0.6663739718749999
1 0.5147704640625 0.583951259375 0.5168530828125 0.5884248375000001 0.531981121875 0.594269546875 0.52660019375 0.6009369546875 0.5139313640625 0.6000308765625 0.5072209953125 0.60315480625 0.49734627812500004 0.624241303125 0.5763757796875 0.6576502921875 0.5967457031250001 0.61766985625 0.6530483859375 0.63252235 0.6559271437499999 0.6294211703125 0.6830048953125 0.5701487281250001 0.699295496875 0.504211415625 0.6987634671875 0.5011772171875 0.69171946875 0.4953312375 0.7091840687500001 0.43036825624999997 0.7027605609375 0.42671483749999994 0.6282956390625001 0.40654966718749996 0.5777302671875 0.3978312828125 0.5754707265625 0.3950409828125 0.5767319171875 0.387089634375 0.5729445375 0.386691565625 0.5556688203125 0.43997106874999997 0.5564401421875 0.44086268281249996 0.5532192109375 0.44752583437500004 0.552799575 0.44882001718750003 0.5525479796874999 0.4489144109375 0.5448354046875 0.46486943593749996 0.5197857031249999 0.5015898859375 0.5104163421875 0.511804415625 0.5119699984375 0.5215384890625 0.517775559375 0.5391674265625 0.51600763125 0.5640842625 0.5131958531249999 0.5705962296875 0.5147704640625 0.583951259375
5 0.45722830156249994 0.6117709312499999 0.455934878125 0.5978544718750001 0.434869071875 0.627878621875 0.42961666093749995 0.6298492171875 0.41821719843749994 0.6231012640625 0.3821246265625 0.58247715 0.3599550859375 0.5629930421875 0.35086638125 0.553460784375 0.3477658765625 0.5445579109375001 0.35921326875 0.52204820625 0.385051209375 0.4874287203125 0.38968566718750003 0.48038887499999994 0.377975825 0.4782399921875 0.36494136875 0.48079789531249995 0.350067978125 0.49150926406249995 0.281613103125 0.5962589406250001 0.27522567656249997 0.6103171421875 0.3510729453125 0.7061753234375 0.36651218281250003 0.7181087359375 0.3869913984375 0.761503925 0.46226255624999996 0.7694152437499999 0.5018164921875 0.7013977390624999 0.5135457437500001 0.6879009828125 0.5135705296874999 0.6829937390625 0.5021956328125 0.6744334140625 0.47435628281250003 0.6356654765624999 0.47156942968750004 0.629480746875 0.47322898750000003 0.6183625203124999 0.46277575468750004 0.6197187671875 0.45722830156249994 0.6117709312499999
5 0.5564401421875 0.44086268281249996 0.49930643124999996 0.37481871093749997 0.47508837656249997 0.355623825 0.4474911421875 0.39258104843749997 0.385051209375 0.4874287203125 0.35921326875 0.52204820625 0.3477658765625 0.5445579109375001 0.35086638125 0.553460784375 0.3599550859375 0.5629930421875 0.3821246265625 0.58247715 0.41821719843749994 0.6231012640625 0.42961666093749995 0.6298492171875 0.434869071875 0.627878621875 0.47640878124999997 0.5686739375000001 0.508389253125 0.5140143609375001 0.5197857031249999 0.5015898859375 0.5448354046875 0.46486943593749996 0.5564401421875 0.44086268281249996