3 0.746655134375 0.43164268593750005 0.7472541875000001 0.449614265625 0.7516180703125 0.4603785109375 0.752277221875 0.46036477812500004 0.7631065031250001 0.4587538109375 0.764304559375 0.4503674125 0.7653764828125 0.3994510875 0.770200134375 0.383372246875 0.7798474375 0.3801564796875 0.7825577671875 0.3803762359375 0.8025569750000001 0.3314126578125 0.796839203125 0.3312492921875 0.742337759375 0.33761240625 0.7382683984375 0.3579592125 0.7376693453125001 0.388510896875 0.7424617671875 0.4238550015625 0.746655134375 0.43164268593750005
6 0.77814616875 0.6600813249999999 0.787100396875 0.6748294671874999 0.787100396875 0.6909277687500001 0.8198054421875 0.6413189921875 0.8247410359374999 0.6260186531249999 0.8188183234374999 0.61269255 0.805812040625 0.5980140296875 0.8022922781249999 0.6031959015624999 0.8021766609375 0.60331151875 0.8022111921875 0.6035213625 0.8026078265625 0.6134372109374999 0.8006246562499999 0.6193867203125001 0.796261684375 0.6221631578125 0.7856845640625 0.616065759375 0.7520950765625 0.6210278421875 0.7487394140625 0.6317659625000001 0.7665583421875 0.6463866203124999 0.77814616875 0.6600813249999999
5 0.45122380156249997 0.45843331093749995 0.44764617187500005 0.474532640625 0.44585735781249997 0.47945188125 0.44406854375 0.48258230625 0.4431741359375 0.486159934375 0.44496295 0.5009176531249999 0.44496295 0.5023119140625 0.47542287656250004 0.4892576609375 0.475 0.48333738750000005 0.475 0.4770474734375 0.47853807656249997 0.4491359828125 0.4907247828125 0.42043825312500005 0.50448396875 0.399602915625 0.5190587953125 0.3850280890625 0.5140269421875 0.3589011625 0.41634192031249995 0.368992590625 0.41455310624999997 0.37301742187500003 0.41410590156250005 0.3765950515625 0.4154475125 0.38643353125 0.4154475125 0.39135277031250004 0.41455310624999997 0.3944831953125 0.415000309375 0.398060825 0.415894715625 0.3994024359375 0.4190251421875 0.4025328609375 0.429758028125 0.4114769328125 0.44898778281249996 0.4244458375 0.4539070234375 0.42668185468750003 0.45614304062500005 0.4289178734375 0.45748465156250007 0.4307066875 0.45748465156250007 0.4342843171875 0.4556958375 0.44457 0.45435422656249996 0.44859483125 0.45345981875 0.4526196640625 0.45122380156249997 0.45843331093749995
6 0.7807929609375 0.5214181421874999 0.7883290046875 0.5317306234375 0.7886038953125001 0.53243311875 0.8206252218750001 0.5433082875 0.8261251046875 0.5506414640624999 0.8242918109374999 0.5708077015625 0.8198206484374999 0.5773902468750001 0.8607775984374999 0.5773902468750001 0.8645293265625 0.5264739203125 0.8720327859375001 0.4787733625 0.8709608624999999 0.451975296875 0.8711664578124999 0.44996503125 0.8636249843750001 0.45107407187500004 0.8196241484375 0.4423610359375 0.7913067796875 0.4401827765625 0.7756233124999999 0.4336479984375 0.773445053125 0.42667756875 0.7782372234375 0.39095411874999997 0.7825577671875 0.3803762359375 0.7798474375 0.3801564796875 0.770200134375 0.383372246875 0.7653764828125 0.3994510875 0.764304559375 0.4503674125 0.7589207796874999 0.488053875 0.763781178125 0.49807844687499997 0.76781566875 0.49871681562500003 0.769214915625 0.500582478125 0.768282084375 0.5108436171874999 0.7676334953125 0.5146172234375 0.7683873906249999 0.521527925 0.7807929609375 0.5214181421874999
1 0.769214915625 0.500582478125 0.76781566875 0.49871681562500003 0.763781178125 0.49807844687499997 0.766423871875 0.5035290031249999 0.7676334953125 0.5146172234375 0.768282084375 0.5108436171874999 0.769214915625 0.500582478125
5 0.7807929609375 0.5214181421874999 0.7683873906249999 0.521527925 0.7693254078125 0.5301264109375 0.788237021875 0.5323085203125 0.7886038953125001 0.53243311875 0.7883290046875 0.5317306234375 0.7807929609375 0.5214181421874999
5 0.7933327390625 0.6121554421875001 0.790070315625 0.6154178640625 0.7856845640625 0.616065759375 0.796261684375 0.6221631578125 0.8006246562499999 0.6193867203125001 0.8026078265625 0.6134372109374999 0.8022111921875 0.6035213625 0.8021766609375 0.60331151875 0.7933327390625 0.6121554421875001
3 0.40255997812500005 0.762485971875 0.40255997812500005 0.7734979515625 0.40751536875000005 0.7812063375 0.428532871875 0.7941877359375 0.428532871875 0.7740842031249999 0.4289978921875 0.762458696875 0.42924271562499994 0.7565829421875 0.41687555156249995 0.7509233921875 0.4080659671875 0.7531257890624999 0.40255997812500005 0.762485971875
5 0.638825659375 0.26690321093749997 0.6130663968750001 0.2776861578125 0.5297980796874999 0.28307763124999996 0.5058359734375 0.2896672109375 0.504038815625 0.3070397375 0.5190587953125 0.3850280890625 0.523353709375 0.3807331765625 0.5520514390625 0.3630427953125 0.6125918546875 0.34456617343749996 0.6420758234374999 0.3457455328125 0.668414834375 0.3543941640625 0.6908226515625 0.372870784375 0.7163754250000001 0.411003384375 0.7241188625 0.464820275 0.7424617671875 0.4238550015625 0.7376693453125001 0.388510896875 0.7382683984375 0.3579592125 0.7424617671875 0.33699236875 0.7562399765625 0.3046435265625 0.7604333453125001 0.27169563124999996 0.7107119765625 0.2627098421875 0.6675801859375 0.26211078906249996 0.638825659375 0.26690321093749997
5 0.745885178125 0.6219452140625 0.7442483515625 0.5272329046875 0.7405713703125001 0.5268086375000001 0.7188836578125 0.49687959531250003 0.724237815625 0.46564700625000005 0.7241188625 0.464820275 0.6620658640625 0.6034034515625 0.7460162859375 0.6295316015625 0.7356990640625 0.624372990625 0.7362936828125 0.6233621390625 0.745885178125 0.6219452140625
2 0.5884998296874999 0.7987302749999999 0.58710476875 0.8108208015624999 0.5843146484374999 0.8145409625 0.5815245265625 0.818261125 0.580129465625 0.8191911656249999 0.577804365625 0.8191911656249999 0.5717591015625 0.8191911656249999 0.56524881875 0.8187261453125 0.5633887375 0.8196561859375 0.5619936765625 0.8205862249999999 0.5587385359375 0.8266314890625001 0.5550183734374999 0.8303516500000001 0.5526932734375001 0.8336067921874999 0.550368171875 0.8354668734375 0.522931978125 0.8350018531250001 0.5136315734375 0.8345368328125 0.50619125 0.833141771875 0.47642995624999995 0.8326767515625001 0.4634478015625 0.8334635484374999 0.46896189687499995 0.8475934203125 0.4726489328125 0.8549674921875001 0.50319865625 0.8876240921875 0.5332216609375 0.907639428125 0.5674584203124999 0.922387571875 0.6127562859375 0.9318685203125 0.6306647437499999 0.932921959375 0.688603875 0.9176470968749999 0.7191535984375 0.9013187968749999 0.7518102 0.8739293890625 0.775512571875 0.8228376093750001 0.7797263265625001 0.7980818000000001 0.787100396875 0.77648630625 0.787100396875 0.6748294671874999 0.77814616875 0.6600813249999999 0.7665583421875 0.6463866203124999 0.7460162859375 0.6295316015625 0.7356990640625 0.624372990625 0.7301827015625 0.63375080625 0.7081831703125 0.6508615546875001 0.69229461875 0.649028259375 0.6788504609375 0.633139709375 0.6684617921875 0.6074735875 0.6620658640625 0.6034034515625 0.6609976843750001 0.6032078703125 0.62385163125 0.603807 0.5977862671875 0.610323340625 0.5999069609375 0.6155897265625 0.6009243703125 0.6232838890625 0.6120528109375 0.6272721156250001 0.6204114703125 0.6332425875000001 0.62339670625 0.6410042 0.6204114703125 0.681006359375 0.6144409984375 0.697723678125 0.60369415 0.70250005625 0.590119290625 0.6975149375 0.5871324046875 0.7170956375 0.5894301984375 0.747426528125 0.587811040625 0.74975406875 0.6086469234375 0.741897915625 0.617669528125 0.7283640109375 0.6316135515625 0.7152402234374999 0.6787771609375 0.69473430625 0.7095360375 0.685711703125 0.72224970625 0.691453359375 0.7296318359375 0.71400986875 0.7320925468749999 0.7382068515625 0.7308621921875 0.7513306390625 0.7275812453125 0.7591228875 0.7210193515625 0.76568478125 0.70297414375 0.7722466734375 0.6443272203125 0.781269278125 0.6283326046875 0.7788085671875 0.610697515625 0.767735371875 0.5877308875 0.77101631875 0.5832195859375 0.7706062015625 0.5799386390625 0.7669151359375 0.5802869640625 0.7582070078125 0.576277046875 0.7586787625 0.5764093046875 0.760133596875 0.5754792640625 0.7652488187500001 0.5754792640625 0.76896898125 0.575944284375 0.7726891421875 0.576874325 0.7745492234375 0.5796644453125 0.7773393453125 0.5805944859375 0.7791994250000001 0.5875697890625 0.79454509375 0.5884998296874999 0.7987302749999999
3 0.7296318359375 0.71400986875 0.72224970625 0.691453359375 0.7095360375 0.685711703125 0.6787771609375 0.69473430625 0.6316135515625 0.7152402234374999 0.617669528125 0.7283640109375 0.6086469234375 0.741897915625 0.587811040625 0.74975406875 0.5820772562500001 0.7579963843749999 0.5802869640625 0.7582070078125 0.5799386390625 0.7669151359375 0.5832195859375 0.7706062015625 0.5877308875 0.77101631875 0.610697515625 0.767735371875 0.6283326046875 0.7788085671875 0.6443272203125 0.781269278125 0.70297414375 0.7722466734375 0.7210193515625 0.76568478125 0.7275812453125 0.7591228875 0.7308621921875 0.7513306390625 0.7320925468749999 0.7382068515625 0.7296318359375 0.71400986875
0 0.6420758234374999 0.3457455328125 0.6125918546875 0.34456617343749996 0.5520514390625 0.3630427953125 0.523353709375 0.3807331765625 0.50448396875 0.399602915625 0.4907247828125 0.42043825312500005 0.47853807656249997 0.4491359828125 0.475 0.4770474734375 0.475 0.48333738750000005 0.47542287656250004 0.4892576609375 0.4792580875 0.48761399843750003 0.50856550625 0.46954109062500005 0.5241961296875 0.4680757203125 0.532011440625 0.47149491875000005 0.5582595296874999 0.520004046875 0.590241234375 0.45714345312500004 0.6293515140625 0.40397791875 0.64401786875 0.41069999687500003 0.6623508124999999 0.42964403906250004 0.7100164640625 0.48464286875000007 0.7188836578125 0.49687959531250003 0.724237815625 0.46564700625000005 0.7163754250000001 0.411003384375 0.6908226515625 0.372870784375 0.668414834375 0.3543941640625 0.6420758234374999 0.3457455328125
5 0.5550183734374999 0.8303516500000001 0.5587385359375 0.8266314890625001 0.5619936765625 0.8205862249999999 0.5633887375 0.8196561859375 0.56524881875 0.8187261453125 0.5717591015625 0.8191911656249999 0.577804365625 0.8191911656249999 0.580129465625 0.8191911656249999 0.5815245265625 0.818261125 0.5843146484374999 0.8145409625 0.58710476875 0.8108208015624999 0.5884998296874999 0.7987302749999999 0.5875697890625 0.79454509375 0.5805944859375 0.7791994250000001 0.5796644453125 0.7773393453125 0.576874325 0.7745492234375 0.575944284375 0.7726891421875 0.5754792640625 0.76896898125 0.5754792640625 0.7652488187500001 0.5764093046875 0.760133596875 0.576277046875 0.7586787625 0.5586397484375001 0.7607537390625 0.5430147453124999 0.7561581484375 0.5361213609375 0.7662684453125 0.51727944375 0.7704044765625 0.5067095875 0.799356690625 0.49981620312499997 0.7625919750000001 0.492463259375 0.7543199125 0.476378696875 0.7451287343749999 0.472968803125 0.7394455796875 0.46900049062500004 0.738192428125 0.46216209218750004 0.7284232875 0.4489737546875 0.6971620421875 0.43796279687500006 0.675987125 0.4350431546875 0.68247521875 0.43364809531250004 0.6880554609375 0.43271805468749996 0.69456574375 0.43132299375 0.7173517359375 0.4308579734375 0.7261871203125 0.4294629125 0.7512982125 0.4289978921875 0.762458696875 0.428532871875 0.7740842031249999 0.428532871875 0.8303516500000001 0.4289978921875 0.833141771875 0.4299279328125 0.8340718125000001 0.43411311562500005 0.8340718125000001 0.44434355937500003 0.833141771875 0.4610842875 0.8336067921874999 0.47642995624999995 0.8326767515625001 0.50619125 0.833141771875 0.5136315734375 0.8345368328125 0.522931978125 0.8350018531250001 0.550368171875 0.8354668734375 0.5526932734375001 0.8336067921874999 0.5550183734374999 0.8303516500000001
5 0.5430147453124999 0.7561581484375 0.5586397484375001 0.7607537390625 0.5820772562500001 0.7579963843749999 0.5894301984375 0.747426528125 0.5871324046875 0.7170956375 0.590119290625 0.6975149375 0.5726734718750001 0.69110828125 0.5691341703125 0.6927659296875001 0.549107434375 0.6971620421875 0.5290806984375 0.708885009375 0.5246845859375 0.7132811218749999 0.528103784375 0.725492546875 0.5241961296875 0.7308655734375 0.5124731609375 0.7308655734375 0.50465785 0.738680884375 0.4782811734375 0.7411231703125 0.472968803125 0.7394455796875 0.476378696875 0.7451287343749999 0.492463259375 0.7543199125 0.49981620312499997 0.7625919750000001 0.5067095875 0.799356690625 0.51727944375 0.7704044765625 0.5361213609375 0.7662684453125 0.5430147453124999 0.7561581484375
3 0.6077222718749999 0.6746930203125 0.5726734718750001 0.69110828125 0.60369415 0.70250005625 0.6144409984375 0.697723678125 0.6204114703125 0.681006359375 0.62339670625 0.6410042 0.6204114703125 0.6332425875000001 0.6120528109375 0.6272721156250001 0.6009243703125 0.6232838890625 0.6077222718749999 0.6746930203125
1 0.4489737546875 0.6971620421875 0.46216209218750004 0.7284232875 0.46900049062500004 0.738192428125 0.4782811734375 0.7411231703125 0.50465785 0.738680884375 0.5124731609375 0.7308655734375 0.5241961296875 0.7308655734375 0.528103784375 0.725492546875 0.5246845859375 0.7132811218749999 0.5290806984375 0.708885009375 0.549107434375 0.6971620421875 0.5691341703125 0.6927659296875001 0.6077222718749999 0.6746930203125 0.5999069609375 0.6155897265625 0.5977862671875 0.610323340625 0.5847413515625 0.61358456875 0.5651862125 0.60564029375 0.549908759375 0.5940294296874999 0.5224093453124999 0.5940294296874999 0.5205760515625 0.58547405625 0.5370757 0.5616412296875 0.5582595296874999 0.520004046875 0.532011440625 0.47149491875000005 0.5241961296875 0.4680757203125 0.50856550625 0.46954109062500005 0.4792580875 0.48761399843750003 0.3801013203125 0.53010975625 0.3757052078125 0.534994325 0.3820551484375 0.553067234375 0.3820551484375 0.559417175 0.35714384374999997 0.56869785625 0.32392876875 0.5672324859375 0.33662865000000003 0.65613165625 0.3649591546875 0.6536893703125 0.3649591546875 0.6468509734375 0.381078234375 0.640012575 0.4172240515625 0.6361049203125 0.4489737546875 0.6971620421875
1 0.7913067796875 0.4401827765625 0.8196241484375 0.4423610359375 0.8636249843750001 0.45107407187500004 0.8784371468750001 0.4488958125 0.893249309375 0.45543059062499996 0.9002197390625 0.454123634375 0.89847713125 0.3944393328125 0.8880214875 0.36568631093750004 0.888892790625 0.3482602375 0.881486709375 0.3068733125 0.8806154062499999 0.2755063796875 0.872338021875 0.26592204062499997 0.8662388953125 0.26548638750000003 0.850119778125 0.2755063796875 0.837050221875 0.276377684375 0.8222380593749999 0.2885759359375 0.8161389343750001 0.2981602765625 0.7782372234375 0.39095411874999997 0.773445053125 0.42667756875 0.7756233124999999 0.4336479984375 0.7913067796875 0.4401827765625
5 0.6788504609375 0.633139709375 0.69229461875 0.649028259375 0.7081831703125 0.6508615546875001 0.7301827015625 0.63375080625 0.7362936828125 0.6233621390625 0.790070315625 0.6154178640625 0.8022922781249999 0.6031959015624999 0.8242918109374999 0.5708077015625 0.8261251046875 0.5506414640624999 0.8206252218750001 0.5433082875 0.788237021875 0.5323085203125 0.7405713703125001 0.5268086375000001 0.7100164640625 0.48464286875000007 0.6623508124999999 0.42964403906250004 0.64401786875 0.41069999687500003 0.6293515140625 0.40397791875 0.590241234375 0.45714345312500004 0.5370757 0.5616412296875 0.5205760515625 0.58547405625 0.5224093453124999 0.5940294296874999 0.549908759375 0.5940294296874999 0.5651862125 0.60564029375 0.5847413515625 0.61358456875 0.62385163125 0.603807 0.6617397140625 0.6031959015624999 0.6684617921875 0.6074735875 0.6788504609375 0.633139709375