3 0.7470847265625 0.40062486249999996 0.7463655484375 0.392183903125 0.7359563171875 0.3423314296875 0.7370393859375 0.325579603125 0.7457160390625 0.3202760859375 0.7484063375 0.3198805171875 0.756878559375 0.2676730296875 0.751270584375 0.26880007031250003 0.6995973984375 0.2872602546875 0.7002093703125001 0.30800098125 0.7064983046875 0.3379043859375 0.719118590625 0.3712645625 0.7249563296875 0.377909346875 0.7295827546875 0.39528555781249997 0.7362562203125 0.40479225625000004 0.7368953874999999 0.40463060000000006 0.7470847265625 0.40062486249999996
6 0.8447659734374999 0.5497379640625 0.8359973390625 0.5380857296875 0.8200224578125 0.5267091953125 0.8177585734375 0.53255003125 0.817671928125 0.5326886921875 0.8177527781249999 0.532885390625 0.820369828125 0.5424578734375001 0.8197758343749999 0.5487010125 0.8161492484374999 0.5523877453125 0.8044716015625 0.5488259578125 0.7728592375 0.561216853125 0.77200513125 0.572434615625 0.79265629375 0.5826721609375001 0.8070277640624999 0.5934091765625 0.8190701046875001 0.6057650625 0.8226914359374999 0.621450765625 0.84339870625 0.5657564234375 0.8447659734374999 0.5497379640625
5 0.4415172421875 0.4992976921875 0.44657997343750006 0.5132747765625 0.4468936140625 0.5146333015625 0.4736362859375 0.4950616359375 0.4718924765625 0.489388225 0.470477553125 0.483259521875 0.4676462296875 0.45526750624999995 0.47306500781249994 0.4245638859375 0.48178461562499997 0.4011674125 0.4927072671875 0.38368751562500003 0.48192709999999994 0.359362140625 0.3890158171875 0.391169275 0.38817823906250004 0.3954933453125 0.3885472890625 0.3990798796875 0.392067690625 0.40836440312500005 0.393174278125 0.4131575625 0.3930069875 0.41640895312500004 0.3942475203125 0.4197942890625 0.3954208 0.4209003171875 0.3991751875 0.42324631718749994 0.41164496875 0.4295467796875 0.433299234375 0.43785753749999995 0.4385953890625 0.43892965781250004 0.44127709218750005 0.4406053734375 0.4429867140625 0.44204654374999997 0.4437915046875 0.44553247812499996 0.44436231406250004 0.4559569359375 0.443960478125 0.4601804078125 0.443994384375 0.46430328125000003 0.4431234625 0.4704709203125 0.4432590875 0.486962415625 0.442622709375 0.49215797187500004 0.441583934375 0.4956105609375 0.4415172421875 0.4992976921875
6 0.8291583906250001 0.475981340625 0.8319084999999999 0.49604312031250003 0.8290326828125 0.5034627484375 0.868939909375 0.49424943906249996 0.8611418000000001 0.44379413906250004 0.8577226546875 0.3956282328125 0.8506499515625 0.3697581296875 0.8503980671875 0.3677531375 0.8432993609375 0.3705302171875 0.79846625625 0.3719385296875 0.7703846578125 0.3761861203125 0.7536331515625 0.373346840625 0.749942715625 0.367045065625 0.7465760359375 0.3311592015625 0.7484063375 0.3198805171875 0.7457160390625 0.3202760859375 0.7370393859375 0.325579603125 0.7359563171875 0.3423314296875 0.7463655484375 0.392183903125 0.7495973640625 0.43011555156250003 0.756588228125 0.43878984218749995 0.7606629171875 0.4385042859375 0.762445984375 0.4400073703125 0.763845315625 0.4502153578125 0.7640622265625 0.45403814843749996 0.76635136875 0.4606021390625 0.7784142890625 0.4577045234375 0.7880769875 0.46605745625 0.7885028609375 0.46668010937500004 0.8221498625000001 0.4700733171875 0.8291583906250001 0.475981340625
1 0.7640622265625 0.45403814843749996 0.763845315625 0.4502153578125 0.762445984375 0.4400073703125 0.7606629171875 0.4385042859375 0.756588228125 0.43878984218749995 0.7603892984375 0.44350622343749996 0.7640622265625 0.45403814843749996
5 0.7885028609375 0.46668010937500004 0.7880769875 0.46605745625 0.7784142890625 0.4577045234375 0.76635136875 0.4606021390625 0.7691995828125 0.4687692390625 0.7881173609375 0.46664123281250003 0.7885028609375 0.46668010937500004
5 0.8197758343749999 0.5487010125 0.820369828125 0.5424578734375001 0.8177527781249999 0.532885390625 0.817671928125 0.5326886921875 0.8110441249999999 0.543295396875 0.8085992031250001 0.5472080890625 0.8044716015625 0.5488259578125 0.8161492484374999 0.5523877453125 0.8197758343749999 0.5487010125
3 0.49202009999999996 0.7831360484375 0.4898580328125 0.771703896875 0.48877482343749995 0.7659236640625 0.4754515078125 0.763191175 0.46736314375 0.7673188484375 0.46410385625000006 0.777677709375 0.4665810125 0.7884074531249999 0.47314340625 0.7948035531250001 0.4965424109375 0.8027243296875 0.49202009999999996 0.7831360484375
5 0.4605286859375 0.3110767609375 0.4927072671875 0.38368751562500003 0.4959259578125 0.37853653593750003 0.519908696875 0.3548439734375 0.5747411296875 0.3232222765625 0.603734725 0.3177389578125 0.6313441875 0.3202409375 0.657334028125 0.333203340625 0.6908098546875 0.36461048125 0.71046099375 0.4153061546875 0.719118590625 0.3712645625 0.7064983046875 0.3379043859375 0.7002093703125001 0.30800098125 0.6995787499999999 0.2866282140625 0.7057269171875 0.252009046875 0.702401146875 0.21896230156250002 0.6519327703125 0.22139169218750002 0.6097716875 0.23051053437500002 0.5828321984375 0.2416484875 0.5601587796875 0.2579496421875 0.480237440625 0.281934228125 0.45837181562499996 0.29374521875 0.4605286859375 0.3110767609375
5 0.7107628734375 0.4160849375 0.71046099375 0.4153061546875 0.6811728421875001 0.564296340625 0.7688491749999999 0.5708700921875 0.7576359484374999 0.568164565625 0.757987934375 0.5670458625 0.7670148609375 0.5635076359375 0.744114353125 0.471591003125 0.7404361734375 0.47200475 0.7125717453125 0.44772146093750004 0.7107628734375 0.4160849375
2 0.6498781421875 0.792985109375 0.6476126343749999 0.7935081421875 0.641722309375 0.7948680312499999 0.635274278125 0.7958794250000001 0.633671084375 0.7972040546875 0.6325209921875 0.7984240781249999 0.6307091687499999 0.8050466500000001 0.6279212078125 0.8095083171875 0.6263879484375 0.8132030640625001 0.624540865625 0.81553850625 0.597703253125 0.8212572046875 0.5885366109375 0.8228962390625 0.5809731609375001 0.8232106421875001 0.551870040625 0.8294523734375 0.539397609375 0.8331393546875001 0.5479489078124999 0.845666678125 0.55320025 0.85202235 0.5903131234375001 0.8769697703125001 0.6240691109375 0.8897184078124999 0.6607459953125 0.8963869624999999 0.707015628125 0.8954351125000001 0.7247020656250001 0.8924330250000001 0.777720125 0.8645161890624999 0.8038137921875 0.8417341890625 0.82947213125 0.8077006328125 0.8410738625 0.752586459375 0.8396107734375 0.72751725 0.84193791875 0.70481644375 0.8190701046875001 0.6057650625 0.8070277640624999 0.5934091765625 0.79265629375 0.5826721609375001 0.7688491749999999 0.5708700921875 0.7576359484374999 0.568164565625 0.7543705187499999 0.578542940625 0.736783915625 0.600163959375 0.720890184375 0.601951796875 0.704216453125 0.589494746875 0.6883204234375 0.5668233890625001 0.6811728421875001 0.564296340625 0.68008804375 0.5643460609375001 0.644028815625 0.573285878125 0.6200973640624999 0.5854986359375001 0.6233483828125 0.5901529937500001 0.6260705265625 0.5974210875 0.6378109015625 0.5988037421875 0.6472983921875 0.6027409015625 0.6519531 0.6096320515625 0.6580429031249999 0.649280490625 0.6559860328125 0.666912409375 0.6465890765625 0.673983884375 0.6322407328125 0.6721802125 0.6337351 0.6919309640625 0.6427969671875 0.7209675843750001 0.641742890625 0.7235997015625 0.6602775015625 0.7112578484375 0.666024390625 0.6960411718749999 0.6766588203125 0.6801170234375 0.7180008015625 0.6495271671875 0.7459416859375 0.633816571875 0.7596210953125 0.6365511171875 0.7718881328125 0.6568688859375 0.7797289125 0.6798921625000001 0.7814823015625 0.6929563578125 0.78003831875 0.70128694375 0.7751207109375 0.7091567609375 0.75901410625 0.7196097609375001 0.70389994375 0.7415938046874999 0.6877617296875 0.7427941671875 0.6680877 0.735971809375 0.6464477578125 0.7443350328125 0.6419598234375 0.7449502484375 0.6379326578125 0.7420918375000001 0.6363131531249999 0.7335285421875 0.63251213125 0.734890240625 0.632968265625 0.7362780359375 0.6332127375 0.74147136875 0.634049590625 0.745096184375 0.6353395468749999 0.748616390625 0.636664178125 0.750219584375 0.640010428125 0.7523105546875 0.641335059375 0.753913746875 0.6515836109375 0.76729700625 0.653431275 0.7711657078124999 0.654791746875 0.783260175 0.652909990625 0.7875126296875 0.651028234375 0.7917650843749999 0.6498781421875 0.792985109375
3 0.6766588203125 0.6801170234375 0.666024390625 0.6960411718749999 0.6602775015625 0.7112578484375 0.641742890625 0.7235997015625 0.6380101796875 0.7329205890625 0.6363131531249999 0.7335285421875 0.6379326578125 0.7420918375000001 0.6419598234375 0.7449502484375 0.6464477578125 0.7443350328125 0.6680877 0.735971809375 0.6877617296875 0.7427941671875 0.70389994375 0.7415938046874999 0.75901410625 0.7196097609375001 0.7751207109375 0.7091567609375 0.78003831875 0.70128694375 0.7814823015625 0.6929563578125 0.7797289125 0.6798921625000001 0.7718881328125 0.6568688859375 0.7596210953125 0.6365511171875 0.7459416859375 0.633816571875 0.7180008015625 0.6495271671875 0.6766588203125 0.6801170234375
0 0.48178461562499997 0.4011674125 0.47306500781249994 0.4245638859375 0.4676462296875 0.45526750624999995 0.470477553125 0.483259521875 0.4718924765625 0.489388225 0.4736362859375 0.4950616359375 0.47700345781250003 0.492597365625 0.501494209375 0.46839493125000004 0.516394584375 0.46345099218749997 0.524778740625 0.4650244953125 0.5612662734375 0.5063858015625 0.57828773125 0.437942003125 0.604435975 0.3773411984375 0.6202385703125 0.380591778125 0.6423631234375 0.394926271875 0.701179153125 0.43779304531249996 0.7125717453125 0.44772146093750004 0.7107628734375 0.4160849375 0.6908098546875 0.36461048125 0.657334028125 0.333203340625 0.6313441875 0.3202409375 0.603734725 0.3177389578125 0.5747411296875 0.3232222765625 0.519908696875 0.3548439734375 0.4959259578125 0.37853653593750003 0.48178461562499997 0.4011674125
5 0.635274278125 0.7958794250000001 0.641722309375 0.7948680312499999 0.6476126343749999 0.7935081421875 0.6498781421875 0.792985109375 0.651028234375 0.7917650843749999 0.652909990625 0.7875126296875 0.654791746875 0.783260175 0.653431275 0.7711657078124999 0.6515836109375 0.76729700625 0.641335059375 0.753913746875 0.640010428125 0.7523105546875 0.636664178125 0.750219584375 0.6353395468749999 0.748616390625 0.634049590625 0.745096184375 0.6332127375 0.74147136875 0.632968265625 0.7362780359375 0.63251213125 0.734890240625 0.61579364375 0.7408795640625 0.599535325 0.7399166187499999 0.5950929406250001 0.7513184640625 0.5776643453125 0.7595869984375 0.573878225 0.79017486875 0.5588912546875 0.7559031046875 0.5498659578125 0.7494971078125 0.5321260765625 0.7441597375 0.527525146875 0.7393893015625 0.52337664375 0.73906094375 0.514515934375 0.7310804906249999 0.4946333640625 0.7035872000000001 0.47914129531249994 0.6854319203125 0.4777559875 0.6924105015625 0.4776519640625 0.6981615421875 0.47821025625 0.70471418125 0.4819766828125 0.7272299906249999 0.4835111109375 0.73594353125 0.487800571875 0.7607248484375 0.4898580328125 0.771703896875 0.49202009999999996 0.7831360484375 0.5046775218749999 0.8379613640624999 0.5057582640625 0.84057536875 0.50687368125 0.841272359375 0.5109515984375 0.8403308984375 0.5207106234375 0.8371233453125001 0.53712689375 0.8338106015625 0.551870040625 0.8294523734375 0.5809731609375001 0.8232106421875001 0.5885366109375 0.8228962390625 0.597703253125 0.8212572046875 0.624540865625 0.81553850625 0.6263879484375 0.8132030640625001 0.6279212078125 0.8095083171875 0.6307091687499999 0.8050466500000001 0.6325209921875 0.7984240781249999 0.633671084375 0.7972040546875 0.635274278125 0.7958794250000001
5 0.6337351 0.6919309640625 0.6322407328125 0.6721802125 0.613800865625 0.6698622140625 0.610725165625 0.672273546875 0.5922006234375 0.6810620234375 0.575324265625 0.696989565625 0.572029734375 0.7022619171875 0.5781082718749999 0.7133912109375 0.5755094390625 0.719505559375 0.5640869281249999 0.7221426531249999 0.5582299859375001 0.7315157203125 0.5330787375 0.739828871875 0.527525146875 0.7393893015625 0.5321260765625 0.7441597375 0.5498659578125 0.7494971078125 0.5588912546875 0.7559031046875 0.573878225 0.79017486875 0.5776643453125 0.7595869984375 0.5950929406250001 0.7513184640625 0.599535325 0.7399166187499999 0.61579364375 0.7408795640625 0.6380101796875 0.7329205890625 0.6427969671875 0.7209675843750001 0.6337351 0.6919309640625
3 0.6580429031249999 0.649280490625 0.6519531 0.6096320515625 0.6472983921875 0.6027409015625 0.6378109015625 0.5988037421875 0.6260705265625 0.5974210875 0.6442587359374999 0.6459834109375 0.613800865625 0.6698622140625 0.6465890765625 0.673983884375 0.6559860328125 0.666912409375 0.6580429031249999 0.649280490625
1 0.5582299859375001 0.7315157203125 0.5640869281249999 0.7221426531249999 0.5755094390625 0.719505559375 0.5781082718749999 0.7133912109375 0.572029734375 0.7022619171875 0.575324265625 0.696989565625 0.5922006234375 0.6810620234375 0.610725165625 0.672273546875 0.6442587359374999 0.6459834109375 0.6233483828125 0.5901529937500001 0.6200973640624999 0.5854986359375001 0.6081204046875001 0.591610746875 0.5872793890625 0.5882690328125 0.5697816203125 0.5803924328125001 0.5429870140624999 0.58657845625 0.5392761671875 0.5786547578125 0.5499917125 0.5517211515625 0.5612662734375 0.5063858015625 0.524778740625 0.4650244953125 0.516394584375 0.46345099218749997 0.501494209375 0.46839493125000004 0.47700345781250003 0.492597365625 0.3899475375 0.5563093796875 0.38676288593749997 0.5620576671874999 0.3970155984375 0.57823894375 0.3984440234375 0.5844261359375 0.37625889375 0.599072778125 0.34356548125 0.60511673125 0.375937828125 0.6888805687499999 0.40299282812500004 0.6801279015625 0.40145452343750004 0.6734647734375 0.41562216718749995 0.6631756390625 0.4499625390625 0.651237096875 0.4946333640625 0.7035872000000001 0.514515934375 0.7310804906249999 0.52337664375 0.73906094375 0.5330787375 0.739828871875 0.5582299859375001 0.7315157203125
1 0.8731444187499999 0.3681110546875 0.879642196875 0.365269590625 0.8645182046875 0.3075069953125 0.847862515625 0.28184291875 0.8447914734375 0.264667475 0.8282651781249999 0.22600730000000002 0.8203601812500001 0.1956403 0.8101389390625 0.1881636125 0.80409813125 0.18911113125 0.7906461546875 0.20250032343750002 0.7781075703125 0.20628930781250002 0.766419053125 0.2215069296875 0.7626322546875001 0.23221762968749998 0.7465760359375 0.3311592015625 0.749942715625 0.367045065625 0.7536331515625 0.373346840625 0.7703846578125 0.3761861203125 0.79846625625 0.3719385296875 0.8432993609375 0.3705302171875 0.8572418859375001 0.365075775 0.8731444187499999 0.3681110546875
5 0.757987934375 0.5670458625 0.8085992031250001 0.5472080890625 0.8177585734375 0.53255003125 0.8319084999999999 0.49604312031250003 0.8291583906250001 0.475981340625 0.8221498625000001 0.4700733171875 0.7881173609375 0.46664123281250003 0.7404361734375 0.47200475 0.701179153125 0.43779304531249996 0.6423631234375 0.394926271875 0.6202385703125 0.380591778125 0.604435975 0.3773411984375 0.57828773125 0.437942003125 0.5499917125 0.5517211515625 0.5392761671875 0.5786547578125 0.5429870140624999 0.58657845625 0.5697816203125 0.5803924328125001 0.5872793890625 0.5882690328125 0.6081204046875001 0.591610746875 0.644028815625 0.573285878125 0.6808083625 0.564167478125 0.6883204234375 0.5668233890625001 0.704216453125 0.589494746875 0.720890184375 0.601951796875 0.736783915625 0.600163959375 0.7543705187499999 0.578542940625 0.757987934375 0.5670458625