3 0.7595883999999999 0.44050090312499995 0.7601985328125 0.4320513609375 0.7577161015625 0.3811842921875 0.7614064 0.36480813749999996 0.77080588125 0.3609272421875 0.7735249390625001 0.3609574 0.790059903125 0.3107180203125 0.7843446640625 0.3109539046875 0.7304198515625 0.32110334687500003 0.7277797234375 0.341684453125 0.7293133078125 0.372203503125 0.7365595359375 0.407127209375 0.7412859296875001 0.4146034078125 0.7431371578125 0.432489421875 0.7482412859375 0.44292303750000006 0.7488978734375 0.44286335781249997 0.7595883999999999 0.44050090312499995
6 0.8327405999999999 0.6030588890625 0.8259027328125 0.5901783953125 0.8119042109375 0.576442903125 0.8087544921875001 0.581857678125 0.8086472203125 0.581981078125 0.8086963062500001 0.582188003125 0.80978366875 0.592052028125 0.808220346875 0.5981253843750001 0.8040616765624999 0.6011994046875 0.7930849890625 0.59585468125 0.7599234609375001 0.6031477609375 0.7573250265625 0.6140938031250001 0.776120434375 0.627435859375 0.788635328125 0.6402888796874999 0.798596521875 0.6543764796875 0.7997194828125 0.6704355671875 0.8288843265624999 0.6186662468749999 0.8327405999999999 0.6030588890625
5 0.4423471265625 0.4901576203125 0.4451610296875 0.5047546078125 0.4452582890625 0.5061454734375 0.47473339687499994 0.4909982421875 0.4738985734375 0.4851218890625 0.4734598109375 0.478847296875 0.4750422625 0.45075699374999995 0.4851974296875 0.42127906875 0.4974697 0.3995346921875 0.510992334375 0.38397868125 0.504150215625 0.3582664015625 0.40740709218750004 0.37514741093750004 0.40590339374999995 0.37928721875 0.405706840625 0.3828873296875 0.40773148125 0.39260825625 0.40807463125 0.3975155125 0.4074007703125 0.40070070312499995 0.408096446875 0.404238421875 0.40908226093750005 0.405514375 0.41242342968749995 0.40841880625 0.42375407656249997 0.416592403125 0.4438416546875 0.42818831562500004 0.4489048890625 0.4300757375 0.45129143593750004 0.4321503328125 0.45275455937500003 0.43384120312499996 0.453004121875 0.43741011875 0.451937159375 0.4477955265625 0.4508795734375 0.45190414062500006 0.450268103125 0.45598155937499996 0.448443071875 0.46193702031250006 0.445997190625 0.478246696875 0.44455588281249997 0.4832787359375 0.44298979374999997 0.48652631562500004 0.4423471265625 0.4901576203125
6 0.82886325 0.5277687671875 0.8284411484374999 0.5480137640625 0.8244400515624999 0.5548921671875 0.8652972328124999 0.5520351546875 0.8654880781250001 0.50098115 0.8696458375 0.45287337499999997 0.8667071859375 0.4262153609375 0.8667720515624999 0.42419565 0.8593263125 0.42582805625000003 0.81482486875 0.42020558750000003 0.7864245328125 0.4200079546875 0.7703234265625001 0.41458311875 0.767664240625 0.407781615625 0.7699527953125 0.3718109015625 0.7735249390625001 0.3609574 0.77080588125 0.3609272421875 0.7614064 0.36480813749999996 0.7577161015625 0.3811842921875 0.7601985328125 0.4320513609375 0.7574567421875 0.47002157499999997 0.7630045796875 0.4796826828125 0.7670737734374999 0.4800380640625 0.768599753125 0.4818015765625 0.768384975 0.492102790625 0.7680011999999999 0.4959124484375 0.769235325 0.5027537265625 0.7816030171875 0.5017788421875 0.789840065625 0.5115405140625 0.790163290625 0.5122221234375 0.822865228125 0.52083710625 0.82886325 0.5277687671875
1 0.7680011999999999 0.4959124484375 0.768384975 0.492102790625 0.768599753125 0.4818015765625 0.7670737734374999 0.4800380640625 0.7630045796875 0.4796826828125 0.766021046875 0.4849356171875 0.7680011999999999 0.4959124484375
5 0.790163290625 0.5122221234375 0.789840065625 0.5115405140625 0.7816030171875 0.5017788421875 0.769235325 0.5027537265625 0.77077085625 0.511265834375 0.7897886187500001 0.5121234203125 0.790163290625 0.5122221234375
5 0.808220346875 0.5981253843750001 0.80978366875 0.592052028125 0.8086963062500001 0.582188003125 0.8086472203125 0.581981078125 0.8004417640625 0.5914203796875 0.7974148624999999 0.5949024296875 0.7930849890625 0.59585468125 0.8040616765624999 0.6011994046875 0.808220346875 0.5981253843750001
3 0.44782610937499995 0.7784018421875001 0.4474790421875 0.7667722171875 0.4473133984375 0.7608936984375 0.4345815703125 0.7561106234375 0.4259470765625 0.75892218125 0.4211074328125 0.7686436421875 0.4218755890625 0.779628796875 0.42735661875000003 0.786972734375 0.4492284609375 0.7984564046875 0.44782610937499995 0.7784018421875001
5 0.49056875 0.3072280453125 0.510992334375 0.38397868125 0.5149771875 0.3793946328125 0.5423709921875 0.359745490625 0.6014750703125 0.33709079218750004 0.6309694859375 0.33621058125 0.657847634375 0.343000828125 0.68148973125 0.35986935 0.7096402546875 0.3961265890625 0.72111890625 0.44927222968749997 0.7365595359375 0.407127209375 0.7293133078125 0.372203503125 0.7277797234375 0.341684453125 0.7305003046875 0.32047616875 0.741988409375 0.2872450078125 0.743873234375 0.2540848578125 0.69364616875 0.24858934531250002 0.6505776562500001 0.25100047187499996 0.6222274765625 0.257787034375 0.59728314375 0.270340590625 0.514593753125 0.281527434375 0.491149684375 0.2897724734375 0.49056875 0.3072280453125
5 0.7212952406250001 0.4500886484375 0.72111890625 0.44927222968749997 0.668884140625 0.5918464234374999 0.7544526703125001 0.612054840625 0.7438007343749999 0.6076284890625 0.744323390625 0.6065786203125 0.7537926828125 0.6044960781250001 0.745553046875 0.5101286625 0.7418554265624999 0.509961921875 0.7181328 0.48161864374999996 0.7212952406250001 0.4500886484375
2 0.6021999250000001 0.8128240828125 0.5998804875 0.8129862734375 0.59384995 0.8134079703125 0.5873230875 0.8133982171874999 0.5855324140625 0.8144557453125 0.584205628125 0.8154808328125001 0.5813801125 0.8217384375 0.5779285171875 0.8257090421875001 0.5758361484375001 0.8291184453125 0.5736464640625 0.8311361875 0.546244665625 0.8325861515625 0.536934478125 0.832771028125 0.5294149640625 0.831898375 0.499693728125 0.83351053125 0.4867980828125 0.835201 0.4932843953125 0.8489118093749999 0.4974768390625 0.8560107234375 0.5302301546875 0.8864567328125 0.5615762234375 0.9043290125000001 0.5967583624999999 0.9166529953125 0.6426072421875 0.9229510296875001 0.6605455609375 0.9227526718749999 0.717278034375 0.9034733890625001 0.7466143359374999 0.8850538218749999 0.7772807984375001 0.855453125 0.79736145 0.8028324078125 0.7998380625 0.777842965625 0.8056877437500001 0.7557856875 0.798596521875 0.6543764796875 0.788635328125 0.6402888796874999 0.776120434375 0.627435859375 0.7544526703125001 0.612054840625 0.7438007343749999 0.6076284890625 0.7389519734375 0.6173682625 0.7181996171875 0.6359719390625 0.702221884375 0.6352514390625 0.687702146875 0.6203394109375 0.67554840625 0.5954604859375 0.668884140625 0.5918464234374999 0.66780491875 0.5917258296875 0.6307911453124999 0.594914678125 0.6052438312499999 0.6032333734375 0.607726725 0.6083389984375 0.6092783734375 0.615943446875 0.620657909375 0.619145678125 0.6294126875 0.6245185359375001 0.6329320734375 0.6320530015625 0.63274451875 0.6721659578125 0.6279547328125 0.6892590328125 0.617567246875 0.6947734375 0.603677709375 0.690747396875 0.6020639812499999 0.7104887546875001 0.606471953125 0.7405854749999999 0.6050191 0.7430202921875 0.6252562109375 0.7337298375 0.633312759375 0.719599515625 0.646307346875 0.7055350125000001 0.691925646875 0.6817890796875 0.7219802125 0.6706428234375 0.7350634281249999 0.6754836328125 0.7440010375 0.69747024375 0.7481436515625 0.721436634375 0.7478317624999999 0.734614278125 0.7451023671875 0.7426164125 0.73901419375 0.74962005625 0.7214706765625001 0.757424734375 0.663596 0.7705163625 0.6474686953125001 0.7691773734375 0.6291041374999999 0.7593613140625 0.606422321875 0.7642363390625 0.6018934015624999 0.7641419140625 0.598362971875 0.7606887062500001 0.5981029999999999 0.75197749375 0.5941357578125 0.752727815625 0.594369178125 0.75416988125 0.593798221875 0.75933751875 0.594057728125 0.76304861875 0.5947811203125 0.7667272796875 0.5958386484375 0.768517953125 0.5988166015624999 0.77110665 0.5998741296875 0.772897321875 0.6079029 0.7877190374999999 0.6091226187500001 0.791829146875 0.6085743484374999 0.8039875359374999 0.60605053125 0.8078932640625001 0.6035267109375 0.8117989937500001 0.6021999250000001 0.8128240828125
3 0.646307346875 0.7055350125000001 0.633312759375 0.719599515625 0.6252562109375 0.7337298375 0.6050191 0.7430202921875 0.5998742375 0.7516424984375 0.5981029999999999 0.75197749375 0.598362971875 0.7606887062500001 0.6018934015624999 0.7641419140625 0.606422321875 0.7642363390625 0.6291041374999999 0.7593613140625 0.6474686953125001 0.7691773734375 0.663596 0.7705163625 0.7214706765625001 0.757424734375 0.73901419375 0.74962005625 0.7451023671875 0.7426164125 0.7478317624999999 0.734614278125 0.7481436515625 0.721436634375 0.7440010375 0.69747024375 0.7350634281249999 0.6754836328125 0.7219802125 0.6706428234375 0.691925646875 0.6817890796875 0.646307346875 0.7055350125000001
0 0.4974697 0.3995346921875 0.4851974296875 0.42127906875 0.4750422625 0.45075699374999995 0.4734598109375 0.478847296875 0.4738985734375 0.4851218890625 0.47473339687499994 0.4909982421875 0.478444609375 0.489091053125 0.506419934375 0.4690177875 0.5219102640625 0.46646565000000006 0.5299450484375 0.46933135000000004 0.5595130234375 0.5158913390625 0.5870318890624999 0.45095293906249995 0.6223382578125001 0.39518871875 0.6374377953125 0.4008713484375 0.6570475499999999 0.418490403125 0.708433615625 0.4700302703125 0.7181328 0.48161864374999996 0.7212952406250001 0.4500886484375 0.7096402546875 0.3961265890625 0.68148973125 0.35986935 0.657847634375 0.343000828125 0.6309694859375 0.33621058125 0.6014750703125 0.33709079218750004 0.5423709921875 0.359745490625 0.5149771875 0.3793946328125 0.4974697 0.3995346921875
5 0.5873230875 0.8133982171874999 0.59384995 0.8134079703125 0.5998804875 0.8129862734375 0.6021999250000001 0.8128240828125 0.6035267109375 0.8117989937500001 0.60605053125 0.8078932640625001 0.6085743484374999 0.8039875359374999 0.6091226187500001 0.791829146875 0.6079029 0.7877190374999999 0.5998741296875 0.772897321875 0.5988166015624999 0.77110665 0.5958386484375 0.768517953125 0.5947811203125 0.7667272796875 0.594057728125 0.76304861875 0.593798221875 0.75933751875 0.594369178125 0.75416988125 0.5941357578125 0.752727815625 0.576686165625 0.7560280546875 0.5607786531250001 0.7525336031250001 0.55460731875 0.7631001296875 0.5360998140625 0.76854043125 0.5275753109375 0.7981594359375 0.518134140625 0.7619651359375 0.510222078125 0.7542261390625 0.49353555312499997 0.7461793515624999 0.48973752968750006 0.740747903125 0.4856914671875 0.7397746203125 0.47818826718749996 0.7305062984374999 0.46285138124999997 0.7002411765625001 0.4503901578125 0.679885925 0.4479302140625 0.686561878125 0.4469278109375 0.6922258421875 0.44645417031249995 0.6987851421875 0.44665197812499996 0.7216129437500001 0.44680441562500006 0.73045924375 0.4471644140625 0.75560648125 0.4474790421875 0.7667722171875 0.44782610937499995 0.7784018421875001 0.451751128125 0.834532225 0.4524096453125 0.8372831125 0.45340229687500005 0.8381460109375001 0.457577284375 0.8378540671874999 0.46771793125 0.8362126515625 0.4844503171875 0.835508765625 0.499693728125 0.83351053125 0.5294149640625 0.831898375 0.536934478125 0.832771028125 0.546244665625 0.8325861515625 0.5736464640625 0.8311361875 0.5758361484375001 0.8291184453125 0.5779285171875 0.8257090421875001 0.5813801125 0.8217384375 0.584205628125 0.8154808328125001 0.5855324140625 0.8144557453125 0.5873230875 0.8133982171874999
5 0.6020639812499999 0.7104887546875001 0.603677709375 0.690747396875 0.5858274828125001 0.68557330625 0.582412434375 0.68747380625 0.562741140625 0.693256203125 0.543580940625 0.7063476093750001 0.53950219375 0.7110396703124999 0.543764890625 0.7229828375 0.5402415578124999 0.728615359375 0.5285471453125 0.7294331125 0.521296040625 0.7377745546875001 0.49515398125 0.742050834375 0.48973752968750006 0.740747903125 0.49353555312499997 0.7461793515624999 0.510222078125 0.7542261390625 0.518134140625 0.7619651359375 0.5275753109375 0.7981594359375 0.5360998140625 0.76854043125 0.55460731875 0.7631001296875 0.5607786531250001 0.7525336031250001 0.576686165625 0.7560280546875 0.5998742375 0.7516424984375 0.606471953125 0.7405854749999999 0.6020639812499999 0.7104887546875001
3 0.63274451875 0.6721659578125 0.6329320734375 0.6320530015625 0.6294126875 0.6245185359375001 0.620657909375 0.619145678125 0.6092783734375 0.615943446875 0.619645834375 0.6667531515625 0.5858274828125001 0.68557330625 0.617567246875 0.6947734375 0.6279547328125 0.6892590328125 0.63274451875 0.6721659578125
1 0.521296040625 0.7377745546875001 0.5285471453125 0.7294331125 0.5402415578124999 0.728615359375 0.543764890625 0.7229828375 0.53950219375 0.7110396703124999 0.543580940625 0.7063476093750001 0.562741140625 0.693256203125 0.582412434375 0.68747380625 0.619645834375 0.6667531515625 0.607726725 0.6083389984375 0.6052438312499999 0.6032333734375 0.5924581843750001 0.607396625 0.5723965171875001 0.6008357984375 0.5563463453125 0.5903189203125 0.52891391875 0.59223718125 0.5264882984375 0.5838305328125 0.5412852609375001 0.5589048046875 0.5595130234375 0.5158913390625 0.5299450484375 0.46933135000000004 0.5219102640625 0.46646565000000006 0.506419934375 0.4690177875 0.478444609375 0.489091053125 0.38249373750000004 0.53840011875 0.3784490640625 0.543579446875 0.38604423906249996 0.5611653828125001 0.3864871890625 0.5674998546875 0.36228395468749996 0.578495653125 0.3290475703125 0.5793508187499999 0.3479178078125 0.6671475359375 0.3760089359375 0.6627349640625 0.3755319140625 0.655913225 0.3911347046875 0.6479670750000001 0.4269198890625 0.641547534375 0.46285138124999997 0.7002411765625001 0.47818826718749996 0.7305062984374999 0.4856914671875 0.7397746203125 0.49515398125 0.742050834375 0.521296040625 0.7377745546875001
1 0.88918236875 0.428107475 0.89604465 0.42631746875000004 0.8901429203125 0.3669001140625 0.8777070374999999 0.33894648125 0.8773606359375 0.321502078125 0.8670855906250001 0.2807325921875 0.8640283625 0.24950284687500002 0.8551025718749999 0.2405192546875 0.8489879124999999 0.2405101171875 0.8336070203125001 0.2516301140625 0.8206300796875 0.2534109828125 0.80670490625 0.2666127640625 0.8012892078125 0.2765992109375 0.7699527953125 0.3718109015625 0.767664240625 0.407781615625 0.7703234265625001 0.41458311875 0.7864245328125 0.4200079546875 0.81482486875 0.42020558750000003 0.8593263125 0.42582805625000003 0.8739504453125001 0.42262185937499996 0.88918236875 0.428107475
5 0.744323390625 0.6065786203125 0.7974148624999999 0.5949024296875 0.8087544921875001 0.581857678125 0.8284411484374999 0.5480137640625 0.82886325 0.5277687671875 0.822865228125 0.52083710625 0.7897886187500001 0.5121234203125 0.7418554265624999 0.509961921875 0.708433615625 0.4700302703125 0.6570475499999999 0.418490403125 0.6374377953125 0.4008713484375 0.6223382578125001 0.39518871875 0.5870318890624999 0.45095293906249995 0.5412852609375001 0.5589048046875 0.5264882984375 0.5838305328125 0.52891391875 0.59223718125 0.5563463453125 0.5903189203125 0.5723965171875001 0.6008357984375 0.5924581843750001 0.607396625 0.6307911453124999 0.594914678125 0.66854430625 0.5916621296875 0.67554840625 0.5954604859375 0.687702146875 0.6203394109375 0.702221884375 0.6352514390625 0.7181996171875 0.6359719390625 0.7389519734375 0.6173682625 0.744323390625 0.6065786203125