5 0.6401751703125 0.6711739828125001 0.632318809375 0.6753731203125 0.639787646875 0.6731441031250001 0.6401863671875 0.6713245171875 0.6401751703125 0.6711739828125001
1 0.7344550625 0.6478404953125 0.753762721875 0.6461954640625 0.7581888265625001 0.6458183546875 0.7820679359375 0.6551221296875 0.8052269624999999 0.678421071875 0.81767310625 0.7002421562500001 0.8235546843750001 0.7235787890625 0.8226199046874999 0.7558974546874999 0.81544693125 0.7782367109375 0.8658058875 0.7666104296875 0.8710177203124999 0.762987921875 0.865774625 0.7472635546874999 0.8224187546874999 0.6467934359374999 0.8197376328124999 0.631687221875 0.8078984453125001 0.6170824734375 0.8083095609375001 0.6048912515625 0.8056001281249999 0.6018878828124999 0.80056308125 0.5853095234375 0.797942025 0.5826889609375 0.7946745109375 0.5737396593749999 0.7472881796874999 0.6039149109374999 0.7329092078125 0.6488846609375 0.7344550625 0.6478404953125
1 0.649458096875 0.6662123640625001 0.6402252140625 0.6711472359374999 0.639787646875 0.6731441031250001 0.6566848203125 0.6681012703125 0.6570301015625 0.6613905671875 0.649458096875 0.6662123640625001
5 0.4672249875 0.4021047125 0.46224684531250004 0.4032540078125 0.458928084375 0.404020203125 0.4575241015625 0.40550955625 0.45531230625 0.41359409999999996 0.4552432296875 0.4139780625 0.4817298015625 0.396544390625 0.4837796609375 0.39519515781250003 0.49919376875 0.38833121249999997 0.4969654265625 0.387082071875 0.490923359375 0.38614655781249996 0.4876045984375 0.386912753125 0.4834349828125 0.389040603125 0.4809247484375 0.39078535468750003 0.4718200296875 0.3992960375 0.4672249875 0.4021047125
5 0.3756289578125 0.5327817390625 0.3843943296875 0.5354189625 0.3885304609375 0.537336696875 0.3879338953125 0.5318982250000001 0.39196697343750003 0.5230764437500001 0.3919662328125 0.5151859437499999 0.38923300312500003 0.5011574624999999 0.38868433125 0.4983413625 0.388462490625 0.4979066578125 0.3741805125 0.51389005625 0.36924541093749996 0.520272890625 0.3668205453125 0.524910975 0.36665051718749997 0.52669805625 0.3674167140625 0.5300168171874999 0.3700123203125 0.5311653984375 0.3756289578125 0.5327817390625
5 0.7833162921875 0.5421847328125 0.7656430750000001 0.5465106 0.7472881796874999 0.6039149109374999 0.8147204374999999 0.560974565625 0.8012587890624999 0.532523353125 0.7833162921875 0.5421847328125
6 0.8589737124999999 0.3628950109375 0.8273943984375001 0.34524065 0.7892763140625 0.33805050468750003 0.7789530734375 0.34043381250000004 0.7640979156250001 0.3342691578125 0.7546179140625 0.3413096765625 0.8032622171874999 0.3827834984375 0.8234812859374999 0.48623741093749995 0.8224776625000001 0.4878435453125 0.7813669546875001 0.4973347 0.7656430750000001 0.5465106 0.7833162921875 0.5421847328125 0.8436190921875 0.5097138734375 0.85711799375 0.49892201406250003 0.8612261999999999 0.4723889234375 0.8664102765624999 0.461597846875 0.8697237875000001 0.428852065625 0.8758419734375 0.4165661015625 0.8736453296875 0.4042809171875 0.8596770296875 0.3908757390625 0.86205799375 0.3762544984375 0.8589737124999999 0.3628950109375
3 0.5237941968750001 0.3773765765625 0.4837796609375 0.39519515781250003 0.45079294374999995 0.41690727499999997 0.44125953593749995 0.427741878125 0.527147853125 0.42374148125 0.53050055625 0.423585321875 0.5304063390625 0.42332821093749995 0.533717909375 0.41385895 0.5522095984375001 0.3745535671875 0.5237941968750001 0.3773765765625
3 0.6067996484375 0.6276182671874999 0.5977183953125 0.652843065625 0.5872853078125 0.6722124328125 0.5819184578125001 0.68013295625 0.561725690625 0.6950740359375 0.5471916 0.7008499718750001 0.5339503578125 0.706112121875 0.5102653562499999 0.70592666875 0.500464521875 0.7034501140625 0.5110250578125 0.722931634375 0.5481685421875 0.7143563859375 0.5477643359375 0.7087681578125 0.5486057296875 0.7080729609375 0.5913855609375 0.691809359375 0.5964494828125 0.686078046875 0.6202833015625 0.678965025 0.657234740625 0.657413290625 0.658904625 0.6249582 0.6704567625 0.5859657312500001 0.612165521875 0.589618628125 0.6067996484375 0.6276182671874999
1 0.702074884375 0.7600207421875 0.6941723734374999 0.72579120625 0.6957904296875 0.7069346000000001 0.6949570234375 0.707853003125 0.6825187296874999 0.7403252046875 0.6694600671875001 0.743944128125 0.65759160625 0.737018678125 0.6509726515625001 0.7240485343749999 0.658514040625 0.6939150609375 0.6564825453124999 0.6720326 0.6566848203125 0.6681012703125 0.5964494828125 0.686078046875 0.5913855609375 0.691809359375 0.5486057296875 0.7080729609375 0.5463069093749999 0.7099723499999999 0.5493062656250001 0.71703565625 0.54094466875 0.7321965031250001 0.5386801078125 0.744124853125 0.559575053125 0.78720411875 0.5644400968750001 0.792468034375 0.5717371015625 0.794433159375 0.5789678140625 0.8000633593750001 0.5897641609375001 0.8112574671875 0.6000290484375 0.8399106843749999 0.6121259171875 0.8626663000000001 0.619422921875 0.8646314234375 0.6435149890625 0.8919172703125 0.6588095375 0.904810215625 0.6805011171875 0.91577006875 0.6897638046875 0.9163689359375 0.6991938953125 0.9255973624999999 0.7100222765625 0.923097434375 0.72184895625 0.907136609375 0.7330413921875001 0.878548015625 0.739204725 0.871650440625 0.74266869375 0.8589889656249999 0.7506308609375 0.8480263265625 0.751163434375 0.8424287156249999 0.76109016875 0.8182383218749999 0.7617993000000001 0.8107850328125 0.75625655 0.810729846875 0.74092645625 0.8063668375 0.7197518781250001 0.7895242109375 0.7089295359375 0.7747365921875 0.702074884375 0.7600207421875
6 0.7344550625 0.6478404953125 0.7329092078125 0.6488846609375 0.7289237078124999 0.6613491765624999 0.7122937031250001 0.6887481734375 0.6957904296875 0.7069346000000001 0.6941723734374999 0.72579120625 0.702074884375 0.7600207421875 0.7089295359375 0.7747365921875 0.7197518781250001 0.7895242109375 0.74092645625 0.8063668375 0.75625655 0.810729846875 0.7706123593750001 0.810872778125 0.7972671609375 0.8022495828125 0.8137132593749999 0.7836359984375 0.8226199046874999 0.7558974546874999 0.8235546843750001 0.7235787890625 0.81767310625 0.7002421562500001 0.8052269624999999 0.678421071875 0.7820679359375 0.6551221296875 0.7581888265625001 0.6458183546875 0.7344550625 0.6478404953125
1 0.47807459531249996 0.464087603125 0.49706678125000003 0.4550772671875 0.5130192234375001 0.4529362359375 0.529422278125 0.4527470171875 0.5448873953125 0.45739998281250005 0.5650826734375001 0.4691842734375 0.57810865625 0.481081846875 0.5952648218750001 0.5064167875 0.60915656875 0.5443264734375 0.6127994250000001 0.5645578375 0.6136265921875 0.5792717281249999 0.612165521875 0.589618628125 0.6704567625 0.5859657312500001 0.6905334296875 0.51820001875 0.63320291875 0.5292503453124999 0.5328829546875 0.430086734375 0.53050055625 0.423585321875 0.379723578125 0.4306080234375 0.37852769999999997 0.441202684375 0.383142228125 0.4874813640625 0.38868433125 0.4983413625 0.3919662328125 0.5151859437499999 0.39196697343750003 0.5230764437500001 0.3879338953125 0.5318982250000001 0.395076928125 0.59701634375 0.42595258593749996 0.59605095625 0.4251237328125 0.5909254859375 0.42512059375 0.5575187703125 0.42909764375000004 0.5391259374999999 0.43986743281249996 0.5078577421875 0.45063847656249995 0.4899522328125 0.47807459531249996 0.464087603125
6 0.6564825453124999 0.6720326 0.658514040625 0.6939150609375 0.6509726515625001 0.7240485343749999 0.65759160625 0.737018678125 0.6694600671875001 0.743944128125 0.6825187296874999 0.7403252046875 0.6949570234375 0.707853003125 0.7122937031250001 0.6887481734375 0.7289237078124999 0.6613491765624999 0.7813669546875001 0.4973347 0.6932945359375 0.5176678203125 0.6905334296875 0.51820001875 0.658904625 0.6249582 0.6564825453124999 0.6720326
3 0.5819184578125001 0.68013295625 0.5872853078125 0.6722124328125 0.5977183953125 0.652843065625 0.6067996484375 0.6276182671874999 0.6136265921875 0.5792717281249999 0.6127994250000001 0.5645578375 0.60915656875 0.5443264734375 0.5952648218750001 0.5064167875 0.57810865625 0.481081846875 0.5650826734375001 0.4691842734375 0.5448873953125 0.45739998281250005 0.529422278125 0.4527470171875 0.5130192234375001 0.4529362359375 0.49706678125000003 0.4550772671875 0.47807459531249996 0.464087603125 0.45063847656249995 0.4899522328125 0.43986743281249996 0.5078577421875 0.42909764375000004 0.5391259374999999 0.42512059375 0.5575187703125 0.4251237328125 0.5909254859375 0.42872924843750004 0.6132213140625 0.43582574375 0.6372809875 0.44528669218749994 0.6582249828125 0.45973981875 0.6785304015625 0.49007070468749997 0.7008237203125 0.5102653562499999 0.70592666875 0.5339503578125 0.706112121875 0.561725690625 0.6950740359375 0.5819184578125001 0.68013295625
5 0.8032622171874999 0.3827834984375 0.71826906875 0.3103188796875 0.6385958578125 0.2370842015625 0.627286896875 0.2396950796875 0.6142380968750001 0.24270763281250002 0.533717909375 0.41385895 0.5304063390625 0.42332821093749995 0.5328829546875 0.430086734375 0.63320291875 0.5292503453124999 0.6932945359375 0.5176678203125 0.8224776625000001 0.4878435453125 0.8234812859374999 0.48623741093749995 0.8032622171874999 0.3827834984375