3 0.64800295 0.7914445531250001 0.633152815625 0.801939209375 0.6320927078125 0.8092501890625 0.6353044296875 0.8163600750000001 0.6393186 0.820144153125 0.6432177234374999 0.82002910625 0.659013878125 0.80853090625 0.6766165046875 0.7997561984375 0.686909590625 0.805231221875 0.691926825 0.8048580390625 0.76362609375 0.7549366328125 0.7653455625000001 0.7470808578125 0.7639688375 0.74111760625 0.7488282093749999 0.7112447671875 0.7400539796875 0.6987454203125 0.7338325890624999 0.6990040375000001 0.7174916421875001 0.7098428765625 0.6695303453125 0.7503582546875001 0.6650298609374999 0.7580709375 0.6636265328125 0.7740976640625 0.64800295 0.7914445531250001
1 0.443898559375 0.4082266609375 0.44598469218750003 0.4089803984375 0.4592544671875 0.40189467187499994 0.48592844687500003 0.3960740609375 0.49245425625 0.3978973828125 0.5012056640625 0.37929564843749997 0.48464842812500003 0.37259545312500003 0.451245746875 0.36989485312500003 0.4434446125 0.37285279843749997 0.43336174375000003 0.3709386 0.42950438125 0.382626996875 0.42843544375000003 0.396371096875 0.443898559375 0.4082266609375
3 0.4121143140625 0.5360771609375 0.43654258593749995 0.5359596375 0.45682289843749996 0.5383775171875 0.46591561875 0.5362782968750001 0.4539066265625 0.49286068906249997 0.44077224218750005 0.48399824843749994 0.4196471421875 0.47965283281250004 0.39978121093749996 0.4963247453125 0.381316475 0.5017709921875 0.3778023625 0.50534338125 0.3746059 0.5171257203125 0.377631859375 0.5302325921875 0.3833365109375 0.5395655046875001 0.391374028125 0.543626528125 0.4121143140625 0.5360771609375
1 0.635347703125 0.5198431375 0.6430763749999999 0.503755275 0.6393811234375 0.479645809375 0.6222537828125 0.48359996875 0.602662765625 0.48737609375 0.605252159375 0.5261620828125 0.60572140625 0.5406342656249999 0.62874733125 0.53710086875 0.632006471875 0.5363484359374999 0.635347703125 0.5198431375
5 0.5604127625 0.462657103125 0.580477484375 0.46841863124999994 0.5510954046875 0.4046505234375 0.5205081593750001 0.33826683750000003 0.49245425625 0.3978973828125 0.49386691562499996 0.398292084375 0.4987980078125 0.40356735937500005 0.504740421875 0.41468529531250004 0.5096009203125 0.43018452500000004 0.5410160703125 0.46123756250000003 0.5604127625 0.462657103125
5 0.622253784375 0.48359996875 0.727700003125 0.45925579218749996 0.728519215625 0.4579447765625 0.7120153218749999 0.3735001265625 0.6832718046874999 0.3489935875 0.713227990625 0.40800855468749997 0.71849531875 0.425944153125 0.7184134671875 0.430469321875 0.6879464734375 0.4562793171875 0.68605428125 0.45784273124999997 0.6151067765625 0.4742222546875 0.5979893171875 0.47344710624999997 0.6018060203125 0.4745430625 0.6026627671875 0.48737609531250004 0.622253784375 0.48359996875
5 0.4981757359375 0.2897986375 0.5804774828125 0.46841863281249996 0.5979893171875 0.47344710624999997 0.615106775 0.4742222546875 0.6860542796875 0.4578427328125 0.6879464734375 0.45627931562499996 0.7184134671875 0.430469321875 0.71849531875 0.425944153125 0.713227990625 0.40800855468749997 0.6760325078125 0.33473186250000003 0.6339807859375 0.24042048125 0.592733125 0.2390530953125 0.5371159859375 0.251893325 0.5044825890625 0.2797055640625 0.4985045140625 0.286343028125 0.4981757359375 0.2897986375
5 0.5137455296875 0.7764475328125 0.5122291296875 0.7862412890625 0.5138458546875 0.795581521875 0.5050584765624999 0.8089426484375 0.5071682578125001 0.822755975 0.510439596875 0.8252385562500001 0.5273275671875 0.8294342296874999 0.5503631796875 0.828702965625 0.569260934375 0.8310855500000001 0.5784828890625 0.82895649375 0.5602141375 0.7114021312500001 0.5513313375 0.7134528875 0.518491425 0.69220016875 0.5161879609375 0.6900287390625001 0.5138401171875 0.682461103125 0.503349934375 0.673618125 0.4932424125 0.6759516296875 0.49543159687499994 0.6959524640625 0.5010479609375 0.699242746875 0.502072953125 0.70251375625 0.5022114953125 0.708957428125 0.49998508125 0.7121696265625 0.500202040625 0.7142780890625 0.5017788984375 0.7187707859375 0.5054246828125 0.72170655625 0.5091900671875 0.73918494375 0.5097621984375 0.7463379703124999 0.5069450375 0.75400365625 0.5082065906250001 0.7582993296875 0.5114779296874999 0.760781909375 0.51301558125 0.7674422078124999 0.512188275 0.7708710359375 0.5137455296875 0.7764475328125
3 0.501685275 0.668842559375 0.5026519656249999 0.673029753125 0.5138401171875 0.682461103125 0.5161879609375 0.6900287390625001 0.518491425 0.69220016875 0.5513313375 0.7134528875 0.6035155109375 0.701405221875 0.6174874328125 0.695093740625 0.5366453796874999 0.678241559375 0.501685275 0.668842559375
1 0.6484003421875 0.7293352625 0.665427315625 0.725671034375 0.6906759171875 0.7241100984375 0.6955847875 0.71764159375 0.6965577671875 0.70567951875 0.6988174109374999 0.7027569984375 0.7038826359375 0.7015876 0.7006276984375 0.6863334531249999 0.6977242343750001 0.6795344890624999 0.676917396875 0.67953644375 0.66838489375 0.6806026421875 0.6646802625 0.6885477078125 0.6587647734375001 0.6946972453125 0.6525928453125001 0.69835460625 0.642609778125 0.6998224640624999 0.6454183734375001 0.7164189390625 0.6446589171875 0.720062153125 0.6484003421875 0.7293352625
3 0.4991523796875 0.46390161093750004 0.5018857859375 0.4782341625 0.5002887515625 0.4800416765625 0.5005623046875 0.48371942343749996 0.5030211046875 0.4831517640625 0.5030834750000001 0.4759433234375 0.504407309375 0.47419888437499996 0.50704811875 0.47559796875 0.5063186375 0.4611155375 0.51924715 0.4609445640625 0.504740421875 0.41468529531250004 0.4987980078125 0.40356735937500005 0.49386691562499996 0.398292084375 0.48592844687500003 0.3960740609375 0.4592544671875 0.40189467187499994 0.4403219265625 0.41200417343750007 0.4375365171875 0.416022871875 0.43676963906250005 0.4232064453125 0.4799992765625 0.4418715546875 0.4969023 0.4491697140625 0.4995297640625 0.45431835 0.4991523796875 0.46390161093750004
3 0.5033159140625 0.4894144609375 0.502391778125 0.49538304687499995 0.49514257656250005 0.5088548875 0.47212964062499996 0.502657375 0.4653411 0.4981816375 0.45951956718750003 0.4966480265625 0.4539066265625 0.49286068906249997 0.46831555312499995 0.5449550765625 0.4782504890625 0.542661415625 0.50913204375 0.5336532265625 0.509495190625 0.524179771875 0.5075194515625 0.48495532499999994 0.5033159140625 0.4894144609375
1 0.504407309375 0.47419888437499996 0.5030834750000001 0.4759433234375 0.5030211046875 0.4831517640625 0.5005623046875 0.48371942343749996 0.5002887515625 0.4800416765625 0.5018857859375 0.4782341625 0.4991523796875 0.46390161093750004 0.4995297640625 0.45431835 0.4969023 0.4491697140625 0.4169968046875 0.4146691984375 0.4125834359375 0.4142492953125 0.39854675 0.4344678609375 0.403235075 0.45352879531249995 0.40867887343750003 0.460904846875 0.413765840625 0.472967465625 0.41902041875 0.479523915625 0.44077224218750005 0.48399824843749994 0.45951956718750003 0.4966480265625 0.4653411 0.4981816375 0.47212964062499996 0.502657375 0.49514257500000003 0.5088548875 0.502391778125 0.49538304687499995 0.5033159140625 0.4894144609375 0.5075194515625 0.48495532499999994 0.50704811875 0.47559796875 0.504407309375 0.47419888437499996
5 0.540394390625 0.5766082031249999 0.5546432890624999 0.580995475 0.5547694890625 0.5810052265625 0.55698046875 0.5655882390625 0.5614303671875 0.54381445 0.561336384375 0.538969696875 0.5632814171875 0.5351909734375 0.56655488125 0.5349474921875 0.5913220609375001 0.544597278125 0.6046764 0.5511664796875 0.6058144484375 0.543503809375 0.605252159375 0.5261620828125 0.6018060203125 0.4745430625 0.5604127640625001 0.462657103125 0.53429358125 0.46074558125 0.5063186390625 0.4611155375 0.509495190625 0.524179771875 0.5086659 0.545813575 0.5070233187500001 0.5536049640625 0.540394390625 0.5766082031249999
5 0.6786113703125001 0.5535466484375 0.674147075 0.547210209375 0.6617715625 0.5396988078125 0.6545776828125 0.538085378125 0.6421232046875 0.5385050203125 0.6234720593749999 0.5463581 0.614465840625 0.5558044515625 0.6143885171875 0.55594401875 0.62888473125 0.5630749265625 0.6585900234375 0.570816271875 0.6739105515625 0.5772682796875 0.66496306875 0.6453695734375 0.6689181609375 0.6702295796875 0.6780639546875 0.665816690625 0.686193240625 0.6549356609375 0.695696065625 0.628730465625 0.69691034375 0.615080203125 0.6959927625 0.605196384375 0.6927635703125 0.5947548203124999 0.6889967921875 0.5890759171875 0.68486984375 0.5676545359375 0.6786113703125001 0.5535466484375
5 0.5531118312500001 0.6020833156250001 0.5544394546875 0.602867240625 0.5893012078125001 0.6093167734375 0.6335328203125 0.61855938125 0.64972096875 0.6237518875 0.6636506 0.6371199562500001 0.66496306875 0.6453695734375 0.6739105515625 0.5772682796875 0.6585900234375 0.570816271875 0.62888473125 0.5630749265625 0.5913220609375001 0.544597278125 0.56655488125 0.5349474921875 0.5632814171875 0.5351909734375 0.561336384375 0.538969696875 0.5614303671875 0.54381445 0.55698046875 0.5655882390625 0.552269734375 0.5984357921875 0.5531118312500001 0.6020833156250001
3 0.6525928453125001 0.69835460625 0.6587647734375001 0.6946972453125 0.6646802625 0.6885477078125 0.6700129640625 0.67711103125 0.6636506 0.6371199562500001 0.64972096875 0.6237518875 0.6335328203125 0.61855938125 0.5893012078125001 0.6093167734375 0.5080121171875 0.5942780390625 0.4981364859375 0.5943255515625 0.4919186015625 0.604690896875 0.48789128125000003 0.627307415625 0.48891860468750004 0.653859740625 0.495161996875 0.6670887828125001 0.5366453796874999 0.678241559375 0.6411801203125 0.7000326734375 0.6525928453125001 0.69835460625