3 0.6325470875 0.7987910140625 0.6171680562499999 0.8084940921875001 0.615726775 0.8157395703124999 0.6185619921875001 0.8230078015625001 0.6223726171874999 0.8269967796875 0.6262724203125 0.8270859546875 0.64264869375 0.8164302187500001 0.66068643125 0.8085887875 0.6706788703125001 0.8145950046875001 0.675708759375 0.814484915625 0.74992245 0.768384375 0.752050703125 0.76062935625 0.75098795625 0.7546022234375 0.7374315015625 0.723977925 0.7293234625 0.7110365015625 0.7230970625 0.7109691609375 0.70621125 0.7209379265625 0.6561952718749999 0.7588876796874999 0.651297303125 0.76635425625 0.6490571234375 0.7822855750000001 0.6325470875 0.7987910140625
1 0.44877849062499997 0.40541631093749997 0.45082231562499997 0.4062781953125 0.46444474375 0.399896665625 0.4913867953125 0.395480040625 0.497808234375 0.39764239843750004 0.5075211890625 0.37952417031249996 0.49133730625 0.37196661875000003 0.45812173906250003 0.3675215578125 0.450176490625 0.37006717031249997 0.44020762187500007 0.367627896875 0.43574382187499994 0.379098396875 0.4339570390625 0.39276771718750003 0.44877849062499997 0.40541631093749997
3 0.41034662656250004 0.5314281375000001 0.4347475703125 0.5325892515625 0.45487354843750005 0.53606520625 0.46406367031249995 0.5344447406249999 0.4543434390625 0.49045813125000004 0.441690878125 0.4809204359375 0.42082215156249997 0.4754753734375 0.40011090468750005 0.4910847359375 0.3813864390625 0.4955571484375 0.37769017968749996 0.498940728125 0.3738814578125 0.5105396296875 0.376217309375 0.52378690625 0.38142569531250003 0.5334055859375 0.3892396609375 0.5378816953125 0.41034662656250004 0.5314281375000001
1 0.6341237046875 0.52689949375 0.6426837578125 0.51123816875 0.6402553625 0.4869683484375 0.6229445499999999 0.49002071249999996 0.6031827546875 0.49276634843749995 0.6037386984374999 0.5316347 0.6034498859374999 0.546111609375 0.626629178125 0.5437881375 0.62992323125 0.5432073078124999 0.6341237046875 0.52689949375
5 0.5622843453125 0.46587004062500004 0.5820200343749999 0.472673778125 0.5560155859375 0.4074553234375 0.5289445140625 0.33956180156250004 0.497808234375 0.39764239843750004 0.4991983015625 0.39811049062500004 0.50384655 0.403636609375 0.5091989515625001 0.4150503109375 0.513241621875 0.43078267812500004 0.5429885296875 0.4634373 0.5622843453125 0.46587004062500004
5 0.6229445499999999 0.4900207140625 0.729520334375 0.471228528125 0.7304070390625 0.4699621828125 0.7183452531250001 0.3847695140625 0.690923703125 0.3587922421875 0.7177502296875 0.41929411562499996 0.7220716625 0.43748080468749995 0.7217530937500001 0.4419954890625 0.6899770625 0.46617559374999995 0.6880056406249999 0.46763783593749997 0.6162981296875001 0.48028180468750004 0.5992446984375001 0.4786118609375 0.6029988109375 0.479906065625 0.6031827546875 0.49276635 0.6229445499999999 0.4900207140625
5 0.5091793250000001 0.2899912359375 0.5820200328125 0.47267377968749996 0.5992446984375001 0.4786118609375 0.6162981281250001 0.48028180468750004 0.6880056390625 0.46763783593749997 0.6899770625 0.4661755921875 0.7217530937500001 0.4419954890625 0.7220716625 0.43748080468749995 0.7177502296875 0.41929411562499996 0.684440728125 0.34417118593749996 0.6473825125 0.2477882375 0.60626294375 0.244263990625 0.5500500203125 0.254175846875 0.516005765625 0.28024207031250004 0.5096885062500001 0.2865575703125 0.5091793250000001 0.2899912359375
5 0.49925854531249997 0.77678805625 0.49723165937499997 0.786489028125 0.4983573375 0.7959010734375 0.488882734375 0.80878399375 0.4902666921875 0.8226888062500001 0.49340361875000005 0.82533919375 0.5100488609375 0.830412965625 0.5330911734375 0.83088829375 0.5518383359375 0.8342566453125 0.561159078125 0.8326131468750001 0.5490676828125001 0.7142637765625001 0.5400897296875 0.7158468328125001 0.5084071046874999 0.6929045312500001 0.506220440625 0.6906155234375 0.5042718734375 0.6829353828125 0.49425887187499995 0.6735555093750001 0.4840430765625 0.6753568296875 0.4851824984375 0.6954448265625001 0.49061896562499996 0.6990245374999999 0.4914713609375 0.7023447078125 0.49127247812499997 0.7087868 0.48888100156250003 0.711878075 0.4889873140625 0.713995003125 0.49032688125 0.71856406875 0.4938140234375 0.721686621875 0.4966595 0.7393381203125 0.49685648593750004 0.7465112859375 0.4936419953125 0.754019028125 0.4946770015625 0.7583748390625 0.4978139296875 0.761025225 0.49900089999999997 0.7677568703125 0.4979952765625 0.7711377015624999 0.49925854531249997 0.77678805625
3 0.49284642968750003 0.6686993671875 0.493592653125 0.6729314140625 0.5042718734375 0.6829353828125 0.506220440625 0.6906155234375 0.5084071046874999 0.6929045312500001 0.5400897296875 0.7158468328125001 0.5928329125 0.7065467859375001 0.607116003125 0.7009751890625 0.5272667156249999 0.67991515625 0.49284642968750003 0.6686993671875
1 0.636194484375 0.736787640625 0.65338989375 0.7340195578125 0.6786855859375 0.7337821703125 0.6839262640625 0.727579440625 0.6855239578125001 0.7156846796874999 0.68793345625 0.7128844265625001 0.6930529421875 0.7119817234375 0.69060080625 0.6965781328125 0.6880571515625 0.6896365296875 0.6672787265625 0.6885495359375 0.6587021156249999 0.6891677171875 0.65458675 0.6969080078125 0.648357525 0.7027395249999999 0.6420026437499999 0.7060688609375 0.6319564375 0.7070122328124999 0.633892590625 0.7237329531250001 0.632943503125 0.7273314281250001 0.636194484375 0.736787640625
3 0.5010427859375 0.46390672187500004 0.5030223375 0.47836268750000005 0.50133289375 0.480084140625 0.5014135921875 0.4837711640625 0.5038987328125 0.4833329671875 0.504338278125 0.47613766875 0.5057515953125 0.47446490468749997 0.5083155640625 0.47600028125 0.508345034375 0.46149951875 0.521264775 0.46200540625000003 0.5091989515625001 0.4150503109375 0.50384655 0.403636609375 0.4991983015625 0.39811049062500004 0.4913867953125 0.395480040625 0.46444474375 0.399896665625 0.44500905937499996 0.40900145937500004 0.44201714374999995 0.4128688734375 0.44087535781250003 0.4200024671875 0.48306889374999995 0.440904459375 0.49956679687500005 0.449077253125 0.5019212015625001 0.4543563453125 0.5010427859375 0.46390672187500004
3 0.503865375 0.48960250937499994 0.5026301328125 0.49551455000000005 0.49468580468749995 0.5085885343750001 0.472028759375 0.5011951109375 0.465483765625 0.4963702234375 0.4597504734375 0.4945340390625 0.4543434390625 0.49045813125000004 0.46600620781249996 0.54323523125 0.47604757031249995 0.54146466875 0.5073582546875001 0.5340850406250001 0.50821670625 0.5246435734375 0.5082965234375 0.48536948124999996 0.503865375 0.48960250937499994
1 0.5057515953125 0.47446490468749997 0.504338278125 0.47613766875 0.5038987328125 0.4833329671875 0.5014135921875 0.4837711640625 0.50133289375 0.480084140625 0.5030223375 0.47836268750000005 0.5010427859375 0.46390672187500004 0.5019212015625001 0.4543563453125 0.49956679687500005 0.449077253125 0.42157642656250005 0.410442090625 0.4171910828125 0.409791784375 0.402115475 0.4292480171875 0.405799803125 0.448528196875 0.41085010781250003 0.456179046875 0.41529879531249997 0.468491365625 0.42020303437499995 0.47531383437499997 0.441690878125 0.4809204359375 0.4597504734375 0.4945340390625 0.465483765625 0.4963702234375 0.472028759375 0.5011951109375 0.494685803125 0.5085885343750001 0.5026301328125 0.49551455000000005 0.503865375 0.48960250937499994 0.5082965234375 0.48536948124999996 0.5083155640625 0.47600028125 0.5057515953125 0.47446490468749997
5 0.5363296671875 0.5786172921875 0.5503294265625 0.58374428125 0.5504549421875 0.583760625 0.55346975625 0.5684804796875 0.5590531078125001 0.5469694203125 0.5592128093750001 0.5421263890625 0.5613529390625 0.5384546390625 0.5646346609374999 0.5383828109375 0.5888628671875 0.5493155859375001 0.6018550984375 0.5565746984375 0.6033926203125 0.5489820890625 0.6037386984374999 0.5316347 0.6029988109375 0.479906065625 0.5622843468750001 0.46587004062500004 0.5363010015625 0.462594165625 0.5083450359375 0.46149951875 0.50821670625 0.5246435734375 0.5062563265625 0.546204328125 0.5042082265625 0.553899071875 0.5363296671875 0.5786172921875
5 0.6755641734375 0.5628210609375001 0.671437621875 0.5562596625 0.6594721859375 0.548110871875 0.6523726046875 0.5461231546875001 0.6399132328125 0.5458904046875 0.62087665 0.552756596875 0.6113883906249999 0.561718653125 0.61130386875 0.5618539828125 0.6254070125 0.569733790625 0.6546664437499999 0.57901918125 0.6696283046875 0.5862641609375 0.6571289375 0.6538038484375 0.6597775375 0.6788367796875 0.66914175 0.6749085921875 0.6778293640624999 0.664467928125 0.6886906390624999 0.6387959859375 0.6906176515625 0.6252279796875 0.6902186078125 0.615309684375 0.6875403109375 0.604713428125 0.6840759046875 0.5988451687499999 0.681075721875 0.5772371578125 0.6755641734375 0.5628210609375001
5 0.547696415625 0.604723071875 0.5489811921875 0.6055754062500001 0.583457625 0.613840621875 0.6271449 0.6253854671875 0.6430391078125 0.63141808125 0.65625001875 0.64549685 0.6571289375 0.6538038484375 0.6696283046875 0.5862641609375 0.6546664437499999 0.57901918125 0.6254070125 0.569733790625 0.5888628671875 0.5493155859375001 0.5646346609374999 0.5383828109375 0.5613529390625 0.5384546390625 0.5592128093750001 0.5421263890625 0.5590531078125001 0.5469694203125 0.55346975625 0.5684804796875 0.5470463703124999 0.6010364765625 0.547696415625 0.604723071875
3 0.6420026437499999 0.7060688609375 0.648357525 0.7027395249999999 0.65458675 0.6969080078125 0.6605106921874999 0.6857660984375 0.65625001875 0.64549685 0.6430391078125 0.63141808125 0.6271449 0.6253854671875 0.583457625 0.613840621875 0.50306700625 0.59456815625 0.49320242187499996 0.5940987515625 0.48645057812500003 0.6041244734375 0.4812451203125 0.6264992234375 0.4808813953125 0.653068925 0.4864238765625 0.6666065921875 0.5272667156249999 0.67991515625 0.6305177359374999 0.7071473312500001 0.6420026437499999 0.7060688609375