3 0.66471296875 0.753389590625 0.608866940625 0.78207761875 0.6027468265625 0.7885802375 0.5977742359375 0.8038805203124999 0.578648884375 0.8172682671875 0.5618185734375001 0.82415339375 0.559141025 0.8310385203124999 0.560671053125 0.8386886609375 0.5637311078125 0.8432787453125 0.567556178125 0.844043759375 0.585534009375 0.8363936187500001 0.6046593625 0.8318035359374999 0.613457025 0.839453675 0.618429615625 0.8402186890625 0.699521109375 0.8077055906249999 0.7029636734375 0.80043795625 0.7029636734375 0.7943178453125 0.694931025 0.7618047453125001 0.6891934203125001 0.747651984375 0.6830733062500001 0.7465044640625 0.66471296875 0.753389590625
1 0.47349602031250004 0.36338937968749996 0.4641021765625 0.3592560890625 0.45771436093749995 0.36977719531250003 0.45358107031249995 0.3829285765625 0.4659809453125 0.397958728125 0.46784405625 0.399162425 0.4823676703125 0.3952433546875 0.50966735 0.395572265625 0.51561574375 0.39881684375000004 0.528327334375 0.382660509375 0.513701675 0.372407471875 0.4817626046875 0.36226211875000003 0.47349602031250004 0.36338937968749996
3 0.37396729375 0.48847925468750003 0.37396729375 0.501930890625 0.3774262859375 0.51230786875 0.384344271875 0.51807285625 0.40625122343750003 0.515382528125 0.4300798375 0.5207631828125 0.4492964625 0.52768116875 0.4586283578125 0.52768116875 0.4566939921875 0.482674915625 0.44588985625 0.471085025 0.426283696875 0.46209886874999995 0.4031765640625 0.47387461875000003 0.38395993906250003 0.4750276171875 0.37973228125 0.47771794375 0.37396729375 0.48847925468750003
1 0.5966693656250001 0.549168134375 0.593871053125 0.5633749546875 0.617101665625 0.5651118234375 0.6204465359375 0.5651118234375 0.627415015625 0.5497811671874999 0.6385645828125 0.535844209375 0.640387490625 0.5115214171875 0.62280963125 0.5115214171875 0.6028712875 0.5107937406249999 0.5966693656250001 0.549168134375
5 0.5205214390624999 0.4057685328125 0.5238105578125001 0.41793826875000006 0.5250599140625 0.434133628125 0.5486844828125 0.47145764999999995 0.5672647109375 0.4772041140625 0.5855191140625 0.4873315546875 0.5712347984374999 0.4185882890625 0.5563645828125 0.34702537968749997 0.51561574375 0.39881684375000004 0.516903409375 0.3995192078125 0.5205214390624999 0.4057685328125
5 0.617955328125 0.5007763265625 0.6014509593749999 0.49617045624999995 0.604923303125 0.49809689375 0.6028712875 0.5107937421875001 0.62280963125 0.51152141875 0.73102951875 0.51152141875 0.73212265 0.5104282875 0.7350376625 0.4244353796875 0.7125436125 0.3940910578125 0.72845654375 0.45833215000000005 0.7295542390625 0.4769929515625 0.72845654375 0.48138372812499997 0.69296443125 0.4996786328125 0.69076904375 0.5007763265625 0.617955328125 0.5007763265625
5 0.6490566624999999 0.2666015625 0.5919765640625 0.2666015625 0.553923165625 0.28636005937500003 0.5466052046875001 0.29148263124999996 0.5455075093749999 0.29477571406249997 0.5855191125 0.48733155625 0.6014509593749999 0.49617045624999995 0.6179553265625 0.5007763265625 0.6907690421875 0.5007763265625 0.69296443125 0.49967863125 0.72845654375 0.48138372812499997 0.7295542390625 0.4769929515625 0.72845654375 0.45833215000000005 0.7086980484375001 0.378566371875 0.688939553125 0.27721260625 0.6490566624999999 0.2666015625
5 0.44989155 0.7535252156250001 0.4525205859375 0.7566800578125 0.4525205859375 0.7635155499999999 0.45094316562500003 0.76667039375 0.45120606875 0.772454271875 0.44752541875 0.7816558984374999 0.44699961093749996 0.7911204265625 0.435431853125 0.802162378125 0.4343802390625 0.8160962671875 0.43700927500000003 0.8192511109374999 0.4525205859375 0.8271382171875 0.4751302953125 0.8316075796875 0.4930077375 0.8381801687499999 0.5024722671874999 0.8381801687499999 0.5111157203125 0.7195291421875 0.5019992671875 0.7195291421875 0.47478186093749997 0.69143375625 0.4730259 0.6887998140625 0.47244057812499995 0.6808979859375001 0.46420849531249997 0.669921875 0.45383510468750005 0.669921875 0.45146897187499996 0.6899025484375 0.4562012359375 0.6943719078125 0.45646414062499996 0.6977896546875 0.45514962187499997 0.704099340625 0.45225768281249995 0.7067283765625 0.4519947796875 0.7088316046875 0.4525205859375 0.7135638703125 0.455412525 0.7172445203125 0.45514962187499997 0.7351219640625 0.4540980078125 0.7422203609375 0.44962864687500004 0.749055853125 0.44989155 0.7535252156250001
3 0.5019992671875 0.7195291421875 0.5555560984375 0.7195291421875 0.5705896953125 0.7165224234375 0.495610534375 0.6819166562500001 0.46366077031249997 0.664894240625 0.46366077031249997 0.6691915734375 0.47244057812499995 0.6808979859375001 0.4730259 0.6887998140625 0.47478186093749997 0.69143375625 0.5019992671875 0.7195291421875
1 0.604061821875 0.7275967125 0.594004425 0.726781246875 0.5930076421875 0.7435841515625 0.5914481046875 0.74696315 0.5930076421875 0.756840228125 0.6104224874999999 0.7571001500000001 0.635375103125 0.7612589203125 0.64161325625 0.7560604578125 0.6452521796874999 0.7446238421875 0.6481113328125 0.7422845359375 0.65330979375 0.7422845359375 0.6535697171875 0.7266891515625 0.652270103125 0.7194113062499999 0.631996103125 0.714732690625 0.6234424453125 0.7138521671875 0.6180455125 0.720760240625 0.6108982921874999 0.7254214703125 0.604061821875 0.7275967125
3 0.4556650203125 0.41095092343750006 0.4935879484375 0.43886219843749996 0.5084160203125 0.449775659375 0.5098179515625 0.45538338749999996 0.5072944749999999 0.4646361375 0.5067337015625 0.47921622968750005 0.504770996875 0.4806181625 0.504210225 0.48426318437500004 0.5067337015625 0.48426318437500004 0.5084160203125 0.47725352499999996 0.5100983390625 0.47585159375 0.5123567390625 0.4778088734375 0.5149037921875 0.463533528125 0.5275394078125 0.46627521875 0.5238105578125001 0.41793826875000006 0.5205214390624999 0.4057685328125 0.516903409375 0.3995192078125 0.50966735 0.395572265625 0.4823676703125 0.3952433546875 0.4616462265625 0.4008348546875 0.45802819531249994 0.4041239734375 0.4556650203125 0.41095092343750006
3 0.469211196875 0.5366754312500001 0.5013276609374999 0.534844959375 0.5038125640625 0.5256959984375 0.51071104375 0.487032428125 0.50561215625 0.49043168593750003 0.5033690656250001 0.49603941249999994 0.49327515625 0.5075352546875 0.4722461765625 0.49631980000000003 0.4666384484375 0.49043168593750003 0.46131110781249995 0.487627821875 0.4566939921875 0.482674915625 0.45901493125000004 0.5366754312500001 0.469211196875 0.5366754312500001
1 0.5033690656250001 0.49603941249999994 0.50561215625 0.49043168593750003 0.51071104375 0.487032428125 0.5123567390625 0.4778088734375 0.5100983390625 0.47585159375 0.5084160203125 0.47725352499999996 0.5067337015625 0.48426318437500004 0.504210225 0.48426318437500004 0.504770996875 0.4806181625 0.5067337015625 0.47921622968750005 0.5072944749999999 0.4646361375 0.5098179515625 0.45538338749999996 0.5084160203125 0.449775659375 0.438319425 0.398184565625 0.434113628125 0.39678263281250004 0.41588851406250005 0.4133254296875 0.4161689 0.4329524765625 0.41981392343749996 0.44136406875 0.4220570140625 0.4542618421875 0.42570203749999996 0.461832275 0.44588985625 0.471085025 0.46131110781249995 0.487627821875 0.4666384484375 0.49043168593750003 0.4722461765625 0.49631980000000003 0.4932751546875 0.5075352546875 0.5033690656250001 0.49603941249999994
5 0.5149037937500001 0.463533528125 0.5038125640625 0.5256959984375 0.49813798125000003 0.5465887796875 0.49478481875 0.553810975 0.5221259890625001 0.5837315000000001 0.5350227671875001 0.59121163125 0.5351435390625 0.591249521875 0.5407659203125 0.5767250328125 0.5499998046875 0.5565103140625001 0.5509980624999999 0.5517685906249999 0.5537432718749999 0.548524253125 0.5569876093749999 0.5490233812499999 0.578949278125 0.563997246875 0.590483596875 0.573402153125 0.593316203125 0.56619188125 0.5966693656250001 0.549168134375 0.604923303125 0.49809689375 0.5672647125 0.4772041140625 0.5422449625 0.46946604687500004 0.5149037937500001 0.463533528125
5 0.66730544375 0.6465889859375 0.66650785625 0.6356886296875001 0.6641150953125 0.629307934375 0.6649126828125 0.6075072203125 0.661988196875 0.5923530671874999 0.6590637109374999 0.5851747828125 0.6486950796875 0.5750720140625 0.6420485203124999 0.571881665625 0.6298188515625001 0.5694889046875 0.609879175 0.572945115625 0.59897881875 0.5801233984375 0.59887208125 0.5802419953125 0.611392653125 0.5904510765625 0.6385951765625 0.6046762484375 0.6520716546875 0.6144092609375 0.6280340375 0.6787523765625 0.6262954765625001 0.703864925 0.6361995484375 0.70162249375 0.6465681796875 0.6928490359375 0.661722334375 0.6694531484375 0.66597613125 0.65642589375 0.66730544375 0.6465889859375
5 0.5509980624999999 0.5517685906249999 0.5499998046875 0.5565103140625001 0.5407659203125 0.5767250328125 0.5287868296875 0.607671021875 0.5287868296875 0.6114144890625 0.52990408125 0.6124769734375 0.5624215 0.6266033921874999 0.603440325 0.6455590609375 0.6180455125 0.6542600249999999 0.6286109671875 0.67041895625 0.6280340375 0.6787523765625 0.6520716546875 0.6144092609375 0.6385951765625 0.6046762484375 0.611392653125 0.5904510765625 0.578949278125 0.563997246875 0.5569876093749999 0.5490233812499999 0.5537432718749999 0.548524253125 0.5509980624999999 0.5517685906249999
3 0.454591709375 0.647423553125 0.457699196875 0.6617179937500001 0.495610534375 0.6819166562500001 0.592564121875 0.726664465625 0.604061821875 0.7275967125 0.6108982921874999 0.7254214703125 0.6180455125 0.720760240625 0.6258142296875 0.7108162828125 0.6286109671875 0.67041895625 0.6180455125 0.6542600249999999 0.603440325 0.6455590609375 0.5624215 0.6266033921874999 0.4865988234375 0.5936640328125 0.476965615625 0.59148879375 0.46857540000000003 0.60018975625 0.4595636890625 0.621320665625 0.454591709375 0.647423553125