0 0.7934758015625001 0.53840869375 0.793187915625 0.540192765625 0.79463689375 0.5391714109375 0.7934758015625001 0.53840869375
5 0.5128296875 0.777848559375 0.504495428125 0.7816684625 0.5064673453124999 0.8017088421875 0.5130237578125 0.826782709375 0.5332161156249999 0.862857275 0.5294389703125 0.8547387171875 0.523878946875 0.8399785984375001 0.5249412765625 0.83436206875 0.5506963203125 0.8087676593750001 0.5548267 0.800747696875 0.558702075 0.7986268640625 0.5602008374999999 0.7993224203125 0.572465128125 0.787134621875 0.5752253953124999 0.7847713640625 0.5484514578125 0.7761242640625 0.5467730703125 0.7728310078125 0.547291428125 0.768717184375 0.5128296875 0.777848559375
3 0.350193371875 0.7699056953125 0.35373386406249996 0.78222241875 0.3627566953125 0.7899389109375 0.36955098125 0.791456946875 0.40919359999999994 0.7764529671875 0.42064545625000005 0.7880764250000001 0.4401919109375 0.7916337437500001 0.44911252343749997 0.7862272203125 0.4462021375 0.7859725937500001 0.4259027671875 0.7760171734375 0.43476532968750004 0.7022151578125 0.43669290937499994 0.6992352609375 0.41849627187499994 0.70707225625 0.40254203750000006 0.7310757999999999 0.37035809375 0.7347253593749999 0.3576404125 0.7428488375 0.350617184375 0.7597830328125 0.350193371875 0.7699056953125
6 0.7387012546875 0.2997295953125 0.7443500515625 0.3002238015625 0.7431509515625 0.2996892859375 0.725029646875 0.297549071875 0.721231821875 0.29820121875 0.7387012546875 0.2997295953125
6 0.709074503125 0.308575378125 0.71086253125 0.299981790625 0.703625515625 0.3012245 0.7000066546875 0.30298670156249996 0.7038350515625 0.30570851875 0.709074503125 0.308575378125
5 0.8205425359375 0.3706723765625 0.82771903125 0.3261986390625 0.8275707953125 0.31009925625 0.82676611875 0.3074342734375 0.7114117640625001 0.297342075 0.709074503125 0.308575378125 0.8143473921875 0.3661773265625 0.8205425359375 0.3706723765625
1 0.437599315625 0.6038284843749999 0.4286105625 0.6020797828125 0.4261754953125 0.6134142078125 0.4262532 0.6235250390625 0.4287421625 0.628073096875 0.4294824234375 0.6416099046875 0.43392312187500004 0.645847571875 0.4350276671875 0.677218596875 0.4397729109375 0.6944738078125 0.43476532968750004 0.7022151578125 0.4259027671875 0.7760171734375 0.4462021375 0.7859725937500001 0.48726624375 0.7895652375 0.5128296875 0.777848559375 0.547291428125 0.768717184375 0.5519198765625 0.7319845953125 0.555903421875 0.7099824781249999 0.5491212484375 0.7093891140624999 0.461484259375 0.48869788124999997 0.45717508906250004 0.490066475 0.451916859375 0.5006727609375 0.4466765953125 0.516573209375 0.44708265625 0.5339299343749999 0.44166317031249996 0.5353803703125 0.4394190125 0.5390331859375 0.44351425468750005 0.6077139859375 0.44004650312500004 0.60885403125 0.437599315625 0.6038284843749999
5 0.555903421875 0.7099824781249999 0.5519198765625 0.7319845953125 0.5467730703125 0.7728310078125 0.5484514578125 0.7761242640625 0.5752253953124999 0.7847713640625 0.6097280453125 0.75523123125 0.5993312937499999 0.7258837703125 0.594276984375 0.7133397296874999 0.555903421875 0.7099824781249999
1 0.6372880265624999 0.3222264578125 0.656270596875 0.3238872171875 0.7186435140625 0.485443659375 0.7258211703125 0.5017695875 0.7461675515625 0.48389362656249996 0.7526206515625 0.4903030765625 0.7720996984374999 0.5346883124999999 0.7765453578125 0.53602785 0.829756403125 0.37735774218749996 0.8143473921875 0.3661773265625 0.7038350515625 0.30570851875 0.6801794453125 0.288890465625 0.6595122109375 0.281619928125 0.65159096875 0.28475058125 0.6447472703125 0.3005390078125 0.6372880265624999 0.3222264578125
1 0.7526206515625 0.4903030765625 0.7461675515625 0.48389362656249996 0.7258211703125 0.5017695875 0.7469389171875 0.5498029203125 0.7490283703125 0.5485702859375 0.816997171875 0.5729875734375 0.8191479781250001 0.5819913484375 0.8190546859375001 0.6214435078125 0.8158887171875 0.6342925390625 0.8164950937500001 0.634345590625 0.8185136734375 0.6373769296875 0.8388423375 0.6801587578125 0.8452234750000001 0.6935879078125 0.8412467625 0.6798325421875 0.873011353125 0.657478609375 0.8763175734375 0.653091965625 0.8754401390625001 0.643078909375 0.8211754234375 0.5284476671875 0.8125761984375 0.5265263578125 0.7845456343749999 0.546284534375 0.77796211875 0.5480465031249999 0.7526206515625 0.4903030765625
5 0.5722966453125 0.6397350859375 0.5973801953125 0.544957975 0.6027646703125 0.5361936609375 0.7269852984375 0.5798052265625 0.7308440593750001 0.578883453125 0.7338018187500001 0.5690672484375 0.7459299171875 0.550398159375 0.7469389171875 0.5498029203125 0.7186435140625 0.485443659375 0.656270596875 0.3238872171875 0.5215629734375 0.312101828125 0.435534621875 0.37861461875 0.42477344375000003 0.38877903125 0.42423774375 0.39490210625 0.5491212484375 0.7093891140624999 0.6526881890625 0.7184500468749999 0.671873240625 0.7020243828125 0.6705684171875 0.7016461640625 0.6391304625 0.6867217703125 0.5700212 0.660945334375 0.56852135625 0.6540974640624999 0.5722966453125 0.6397350859375
5 0.6027646703125 0.5361936609375 0.5973801953125 0.544957975 0.5722966453125 0.6397350859375 0.56852135625 0.6540974640624999 0.5700212 0.660945334375 0.6391304625 0.6867217703125 0.6705684171875 0.7016461640625 0.671873240625 0.7020243828125 0.7570010234375 0.6291405343750001 0.8158887171875 0.6342925390625 0.8190546859375001 0.6214435078125 0.8191479781250001 0.5819913484375 0.816997171875 0.5729875734375 0.7490283703125 0.5485702859375 0.7459299171875 0.550398159375 0.7338018187500001 0.5690672484375 0.7308440593750001 0.578883453125 0.7269852984375 0.5798052265625 0.6027646703125 0.5361936609375
3 0.558702075 0.7986268640625 0.5548267 0.800747696875 0.5506963203125 0.8087676593750001 0.5602008374999999 0.7993224203125 0.558702075 0.7986268640625
5 0.6368054359374999 0.9457775109375 0.64628909375 0.948320065625 0.6473514234375 0.9427035359374999 0.660192103125 0.9329789546875 0.6768929781249999 0.9378657734375 0.6868723546875 0.9347422265625 0.6965116625000001 0.922453771875 0.7098198109375 0.9139119812500001 0.726839434375 0.921681425 0.737548521875 0.93632108125 0.7475774703125 0.932630921875 0.869489328125 0.8182593984375 0.8754097109375 0.75711506875 0.8185136734375 0.6373769296875 0.8164950937500001 0.634345590625 0.7570010234375 0.6291405343750001 0.572465128125 0.787134621875 0.5249412765625 0.83436206875 0.523878946875 0.8399785984375001 0.5294389703125 0.8547387171875 0.5875886875 0.9797250656250001 0.6000541125 0.9808156484375001 0.6282002046875 0.95929833125 0.6368054359374999 0.9457775109375