6 0.5031143046875 0.5745367906250001 0.520092465625 0.5855740734375 0.5300823875 0.5865414078125 0.5416338359374999 0.592078528125 0.5363906296875001 0.5770129500000001 0.5197747546875 0.51890416875 0.5215641890625 0.5177836328125001 0.5049395609375 0.5120741109375 0.5015860937500001 0.5264116390625 0.49967739843750003 0.54688708125 0.5031143046875 0.5745367906250001
5 0.5421334984375 0.54455921875 0.537339284375 0.530024671875 0.52967486875 0.5205691453125 0.5215641890625 0.5177836328125001 0.5197747546875 0.51890416875 0.5363906296875001 0.5770129500000001 0.5591635171875 0.6424474625000001 0.56411400625 0.63870874375 0.5825004218750001 0.6313653765625 0.5790412140625001 0.6280425921874999 0.559030303125 0.5935707046875 0.5479003109375 0.5506412468749999 0.5478139703125 0.5484494984375 0.5421334984375 0.54455921875
3 0.8835926578125 0.7430762546875 0.8895679515625 0.753632453125 0.9436200921875001 0.8491231953125 0.9063519 0.8896431328125001 0.95022141875 0.895595028125 0.9421900265625001 0.7423469093749999 0.89711705 0.7447090828125 0.8835926578125 0.7430762546875
3 0.7843854390625 0.87796285 0.7354173171875 0.7949329734374999 0.7276773578125 0.812110784375 0.6969578796875 0.8432409546875 0.695516190625 0.8439954078125 0.697447584375 0.844361615625 0.7088950125 0.855814153125 0.7183164953125 0.87460435 0.7300499375 0.8800156625 0.7843854390625 0.87796285
5 0.799387165625 0.5534869437500001 0.79915126875 0.5530232234375 0.7628011578125 0.554928253125 0.7630647125000001 0.56322791875 0.7601584531250001 0.5741886859374999 0.76494170625 0.57280150625 0.7833646578125 0.5732160937499999 0.7946155828125 0.5772267640625001 0.7976567250000001 0.5825877515625 0.7980654578124999 0.5903868515624999 0.7945616453125 0.6025312734375 0.7953089328125 0.6080124765625 0.8070907593750001 0.6133754171875 0.8120391109374999 0.6200165421875 0.811847403125 0.631636503125 0.8143698125000001 0.628835084375 0.8163998687499999 0.6149364203125 0.81504000625 0.61004246875 0.8079788484374999 0.5911033453125001 0.8067631531250001 0.58896029375 0.80381041875 0.5852532046875 0.8026235578125 0.5836603328125001 0.8023928890625 0.57925889375 0.8021333859374999 0.574307275 0.8034955874999999 0.5687189765625 0.8031784171874999 0.562666996875 0.799387165625 0.5534869437500001
5 0.7354173171875 0.7949329734374999 0.8211142109375 0.940239803125 0.8467929140624999 0.94267935 0.8581177453125 0.942085840625 0.9436200921875001 0.8491231953125 0.8315100531249999 0.6510649749999999 0.8248317203125 0.6410053640625 0.8073726062500001 0.6419203578125 0.801989515625 0.6477409203125 0.8022749593749999 0.661931015625 0.7883155953125 0.6764635125 0.76998326875 0.6823482359375 0.7448451796875 0.7095292359375 0.7491756875 0.728489209375 0.7461522296875 0.7711082703125001 0.7354173171875 0.7949329734374999
0 0.7630647125000001 0.56322791875 0.7628011578125 0.554928253125 0.7449115640625 0.55586580625 0.7422782671875 0.574198915625 0.740503559375 0.579888753125 0.7601584531250001 0.5741886859374999 0.7630647125000001 0.56322791875
5 0.4958956234375 0.7494098234375 0.4967035484375 0.7336329796875 0.5064313765625 0.7031985453125 0.5190015781249999 0.6807028859375001 0.52167695625 0.677470521875 0.4935155046875 0.676002059375 0.42380959687499997 0.66549090625 0.42020113593749997 0.6681795968750001 0.4190130234375 0.701152996875 0.41540102812499996 0.7196725453124999 0.41630725625 0.7423077453125 0.42171769687499994 0.7371316125 0.438300675 0.7271116921874999 0.45352529375 0.7215394515625 0.46423816406249996 0.7209780125 0.47678765468749995 0.725094675 0.4901913875 0.7379195484375 0.4958956234375 0.7494098234375
3 0.5181329453125 0.9218592453125 0.5371398359375 0.904948625 0.54378438125 0.8874923000000001 0.5392984890625 0.8702214343750001 0.5432280046875 0.8541009875000001 0.539173246875 0.8406837015624999 0.5311924640625 0.8361572703125001 0.513113453125 0.815267865625 0.49862339999999994 0.785698253125 0.4951047078125 0.7648545484375 0.4958956234375 0.7494098234375 0.4901913875 0.7379195484375 0.47678765468749995 0.725094675 0.46423816406249996 0.7209780125 0.45352529375 0.7215394515625 0.438300675 0.7271116921874999 0.42171769687499994 0.7371316125 0.40807848125 0.7501801593749999 0.393602446875 0.7700362296875001 0.3882538765625 0.78185455625 0.385431503125 0.79632553125 0.385303365625 0.8090638546875001 0.386427928125 0.822930115625 0.39364795625000004 0.846821359375 0.40521169375 0.8700870953125 0.4233890609375 0.9208566203125 0.431425115625 0.9375435671875 0.43864851875 0.9463158484375 0.455813728125 0.947405571875 0.45959093749999996 0.9587456375000001 0.46827666875 0.9650541046875001 0.4799944 0.953299846875 0.48707393281250005 0.9517352359375 0.4993755828125 0.943531140625 0.5181329453125 0.9218592453125
5 0.58971528125 0.4165795296875 0.5987122296875 0.4103359203125 0.6159603125 0.4094319859375 0.631726003125 0.408605740625 0.6829735734375 0.3813724875 0.6889885718750001 0.373122009375 0.5689405234375 0.3786370921875 0.5592907390625 0.3849201703125 0.5657117687500001 0.44124595 0.5680488671874999 0.4405965515625 0.5703052796875 0.44102041875 0.58971528125 0.4165795296875
5 0.784305446875 0.5196870640625 0.74651150625 0.5447269484375 0.7449115640625 0.55586580625 0.8018135578125 0.5528836984375001 0.8221310000000001 0.5497180515625 0.8251089515625001 0.5464106984375 0.8226386671875 0.4942898875 0.784305446875 0.5196870640625
0 0.6305190734375 0.8641114953125 0.6686192390625 0.8580708843749999 0.6969578796875 0.8432409546875 0.7276773578125 0.812110784375 0.7461522296875 0.7711082703125001 0.7491756875 0.728489209375 0.7407782203125 0.6917231328125 0.668424415625 0.7149488859375001 0.6433122515624999 0.7185651125 0.6208584875 0.7114613140625 0.5963311609375 0.691125296875 0.5892312625 0.69609769375 0.5826642171875 0.693681675 0.574478475 0.6954907625 0.5689992234375 0.6874973671875 0.5672642156250001 0.6719472546875 0.5684000953125 0.66728741875 0.5804743390625 0.6606742359375 0.5905672921875 0.6601452875 0.5980730515625 0.64632385 0.5825004218750001 0.6313653765625 0.56411400625 0.63870874375 0.53649566875 0.659566721875 0.5190015781249999 0.6807028859375001 0.5064313765625 0.7031985453125 0.4967035484375 0.7336329796875 0.4951047078125 0.7648545484375 0.49862339999999994 0.785698253125 0.513113453125 0.815267865625 0.5311924640625 0.8361572703125001 0.5657847828125 0.8557768609374999 0.6305190734375 0.8641114953125
6 0.6433122515624999 0.7185651125 0.668424415625 0.7149488859375001 0.7883155953125 0.6764635125 0.8022749593749999 0.661931015625 0.8019883921875 0.647685084375 0.8118188203125 0.6333689765625 0.8120391109374999 0.6200165421875 0.8070907593750001 0.6133754171875 0.7953089328125 0.6080124765625 0.7945616453125 0.6025312734375 0.7980654578124999 0.5903868515624999 0.7976567250000001 0.5825877515625 0.7946155828125 0.5772267640625001 0.7833646578125 0.5732160937499999 0.76494170625 0.57280150625 0.740503559375 0.579888753125 0.7346755453125 0.5985737734375001 0.7270282953125 0.6136268031250001 0.708005815625 0.640376175 0.6931810781250001 0.6540293296875 0.6955110640625 0.656127259375 0.69429871875 0.6584108343749999 0.6884263984375 0.6564985515624999 0.6863516765625 0.6592713296875 0.6741159531250001 0.6630206296875001 0.6555651203124999 0.664880853125 0.6413493796874999 0.664737853125 0.6174869296875001 0.6584403 0.6000807078125 0.648252328125 0.5980730515625 0.64632385 0.5905672921875 0.6601452875 0.5804743390625 0.6606742359375 0.5684000953125 0.66728741875 0.5672642156250001 0.6719472546875 0.5689992234375 0.6874973671875 0.574478475 0.6954907625 0.5826642171875 0.693681675 0.5892312625 0.69609769375 0.5963311609375 0.691125296875 0.6208584875 0.7114613140625 0.6433122515624999 0.7185651125
6 0.5479003109375 0.5506412468749999 0.559030303125 0.5935707046875 0.5790412140625001 0.6280425921874999 0.6000807078125 0.648252328125 0.6174869296875001 0.6584403 0.6413493796874999 0.664737853125 0.6555651203124999 0.664880853125 0.6741159531250001 0.6630206296875001 0.6863516765625 0.6592713296875 0.6884263984375 0.6564985515624999 0.69429871875 0.6584108343749999 0.6955110640625 0.656127259375 0.6931810781250001 0.6540293296875 0.708005815625 0.640376175 0.7270282953125 0.6136268031250001 0.7346755453125 0.5985737734375001 0.7422782671875 0.574198915625 0.74651150625 0.5447269484375 0.7119150703125 0.5676483671875 0.7104355046874999 0.5841287796875 0.6912776 0.57872578125 0.6812925828124999 0.5870656421875 0.6732151734375 0.5874889609375 0.665222621875 0.571377634375 0.61129426875 0.5561685125 0.5500339875 0.54996988125 0.5478139703125 0.5484494984375 0.5479003109375 0.5506412468749999
3 0.44558525781249997 0.489131728125 0.4527325953125 0.49727018906250003 0.47081644375 0.500354946875 0.52967486875 0.5205691453125 0.537339284375 0.530024671875 0.5421334984375 0.54455921875 0.5500339875 0.54996988125 0.61129426875 0.5561685125 0.665222621875 0.571377634375 0.6464613359375 0.533558778125 0.6286301484375 0.4976148109375 0.6081073796875 0.4481215609375 0.5680488671874999 0.4405965515625 0.56009964375 0.4428053703125 0.547773915625 0.4555488078125 0.5394012828125 0.45822787187499997 0.45666987187499997 0.452706440625 0.4474251015625 0.464392303125 0.44558525781249997 0.489131728125
5 0.9361709953125 0.4335227640625 0.935031290625 0.41177589687499994 0.9222841624999999 0.3825377546875 0.889040771875 0.3188601765625 0.8418102187500001 0.2141715765625 0.8341587718750001 0.2108342984375 0.71226013125 0.2982186671875 0.7109496828124999 0.3088791203125 0.72078549375 0.34200811249999996 0.7056427734375 0.35027825468749996 0.6829735734375 0.3813724875 0.6205386734375 0.4145507515625 0.6008159953125001 0.43053747031249995 0.6286301484375 0.4976148109375 0.6732151734375 0.5874889609375 0.6812925828124999 0.5870656421875 0.6956185859375 0.5751000265624999 0.70722865 0.57075329375 0.8818487078125001 0.45506104374999995 0.9201464312500001 0.43685475937499996 0.9361709953125 0.4335227640625