6 0.5206039125 0.51888784375 0.50430088125 0.5123160796875 0.5002016421875 0.526458453125 0.49722396093750004 0.546805940625 0.4992090828125 0.57459763125 0.515586328125 0.58650835625 0.5255119328125 0.587997196875 0.5367577609375 0.594131284375 0.5323102109375 0.5788119453125 0.5187582859375001 0.5199131921875 0.5206039125 0.51888784375
5 0.572231659375 0.6320038125 0.5540522921875 0.5965318765625 0.5451843078125 0.553078753125 0.5452127921875001 0.550885490625 0.53974370625 0.5467032484375001 0.5357167421875 0.5319377109375 0.5285576937500001 0.52209401875 0.5206039125 0.51888784375 0.5187582859375001 0.5199131921875 0.5323102109375 0.5788119453125 0.5516273109375 0.645348621875 0.5567666859375 0.6418741156250001 0.575512225 0.6355030828125 0.572231659375 0.6320038125
3 0.8854026625 0.91037595625 0.9289005625 0.918615646875 0.9289005625 0.76515721875 0.8837657312499999 0.76515721875 0.8703453296875001 0.762818815625 0.8757599656249999 0.7736732703125 0.9247404296875 0.8718620156249999 0.8854026625 0.91037595625
3 0.6791544953125 0.8542232875 0.6899868546875 0.8662592421875001 0.6984120234375 0.8855167703125 0.7098461796875 0.8915347484374999 0.7642146515625 0.8923284484374999 0.7196590875 0.80684956875 0.7110307171875 0.823598759375 0.6787241125000001 0.853078534375 0.6772449140625 0.8537565015625 0.6791544953125 0.8542232875
5 0.7978303796875 0.59497629375 0.7978303796875 0.5900178796875 0.799483184375 0.58450853125 0.799483184375 0.5784482468750001 0.796177575 0.5690823546875 0.795966271875 0.568606925 0.759566275 0.568606925 0.7593950984375 0.5769090109375 0.7559191796875 0.5877026546875 0.7607684765625 0.5865677125000001 0.7791444828125 0.5879459140625001 0.7901700859375 0.592539915625 0.7929264875 0.5980527171875 0.7929264875 0.6058625203125 0.7887918859374999 0.6178069234375 0.7892512859374999 0.623319725 0.800736290625 0.629291928125 0.8053302921875 0.6361829296875 0.8045307046874999 0.64777693125 0.8071962718749999 0.645111365625 0.809950946875 0.63133799375 0.8088490765625 0.6263795796875 0.8027887937499999 0.607096859375 0.8016869234374999 0.6048931203125 0.7989322484375 0.6010365765625 0.7978303796875 0.599383771875 0.7978303796875 0.59497629375
5 0.7600698968749999 0.6962281671875 0.733543715625 0.722056290625 0.736876 0.7412169203125 0.7316261765625 0.7836193375 0.7196590875 0.80684956875 0.7976337640625 0.9564422890625 0.8231496 0.9602224125 0.834489971875 0.9602224125 0.9247404296875 0.8718620156249999 0.8231496 0.6682078406249999 0.8170068984375 0.6578125 0.799523825 0.6578125 0.7938434875 0.66334335625 0.7933858875 0.67752894375 0.7786850828125 0.6913109484375 0.7600698968749999 0.6962281671875
0 0.74165213125 0.568606925 0.7380629625 0.58677709375 0.735992903125 0.5923662515625 0.7559191796875 0.5877026546875 0.7593950984375 0.5769090109375 0.759566275 0.568606925 0.74165213125 0.568606925
5 0.44199450625000003 0.718803540625 0.452722078125 0.718803540625 0.465038921875 0.7235713500000001 0.4777530828125 0.7370801453125 0.482848146875 0.748853209375 0.48448066093750003 0.7331402703125 0.495787971875 0.7032566609375 0.5095182781250001 0.6814497046875 0.512359159375 0.6783617890625 0.4843131546875 0.6754214828125 0.41525288906249996 0.661276609375 0.4115086578125 0.6637727625000001 0.40859647812500005 0.6966387921875 0.4040201953125 0.7149439234375 0.40374054687500005 0.73759553125 0.4094144703125 0.7327096531249999 0.42649912343749996 0.7235713500000001 0.44199450625000003 0.718803540625
3 0.44398109375 0.96275649375 0.4562979359375 0.951631603125 0.4634496515625 0.9504396500000001 0.4761638125 0.9428906171874999 0.4960296875 0.92223010625 0.5158955640625 0.9063374062499999 0.523444596875 0.889252753125 0.5198687390625001 0.8717707828125001 0.5246365484375 0.8558780828125 0.5212895546875 0.842266975 0.513556603125 0.8373290656249999 0.4965956359375 0.8155221078125001 0.4836729953125 0.7852346671875 0.48125 0.7642353749999999 0.482848146875 0.748853209375 0.4777530828125 0.7370801453125 0.465038921875 0.7235713500000001 0.452722078125 0.718803540625 0.44199450625000003 0.718803540625 0.42649912343749996 0.7235713500000001 0.4094144703125 0.7327096531249999 0.3951110390625 0.7450264953125 0.37961565625000004 0.7640977359375001 0.37365589374999997 0.77561994375 0.3700800359375 0.789923375 0.3692854015625 0.8026375359375001 0.36968271875 0.8165436484375 0.37564248125 0.8407800171875 0.3859727359375 0.8646190671875 0.4014681203125 0.9162703437499999 0.40861983437499994 0.9333549968750001 0.4153742328125 0.9424933 0.4324588859375 0.9444798875 0.435637425 0.9560020953125001 0.44398109375 0.96275649375
5 0.565232296875 0.3881809203125 0.5686966625000001 0.44476555937500006 0.5710645453125001 0.44423936406250003 0.5732956812500001 0.44478074218749997 0.5939582203125 0.4213891890625 0.603269603125 0.415625 0.6205413562500001 0.415625 0.6363286828125 0.415625 0.6889312984375 0.39111115937499996 0.69536985 0.3831867890625 0.5751976859375 0.382411484375 0.565232296875 0.3881809203125
5 0.7986322140625 0.568606925 0.8190874890625001 0.5665089484375 0.822234453125 0.5633619828125 0.822495346875 0.5111833156250001 0.7828854749999999 0.5345394812500001 0.74383284375 0.5575670671874999 0.74165213125 0.568606925 0.7986322140625 0.568606925
0 0.4836729953125 0.7852346671875 0.4965956359375 0.8155221078125001 0.513556603125 0.8373290656249999 0.5470747046875 0.8587321906250001 0.611284078125 0.8704433343750001 0.6496481703125 0.866405009375 0.6787241125000001 0.853078534375 0.7110307171875 0.823598759375 0.7316261765625 0.7836193375 0.736876 0.7412169203125 0.730414228125 0.704061740625 0.656944040625 0.723468959375 0.6316770328125 0.7257659609375 0.609625825 0.7174967578125 0.5861964171875 0.69590495 0.5788460140625 0.7004989515625 0.5724144124999999 0.6977425515625 0.564145209375 0.6991207515625 0.5590918078125 0.6908515484375 0.5581730078125 0.67523194375 0.5595512078125 0.6706379421875 0.5719550124999999 0.6646657390625 0.582061815625 0.6646657390625 0.5902806468749999 0.6512560656249999 0.575512225 0.6355030828125 0.5567666859375 0.6418741156250001 0.528094575 0.6612580765625 0.5095182781250001 0.6814497046875 0.495787971875 0.7032566609375 0.48448066093750003 0.7331402703125 0.48125 0.7642353749999999 0.4836729953125 0.7852346671875
6 0.5724144124999999 0.6977425515625 0.5788460140625 0.7004989515625 0.5861964171875 0.69590495 0.609625825 0.7174967578125 0.6316770328125 0.7257659609375 0.656944040625 0.723468959375 0.7786850828125 0.6913109484375 0.7933858875 0.67752894375 0.7938452875 0.6632875390625 0.804411490625 0.649505534375 0.8053302921875 0.6361829296875 0.800736290625 0.629291928125 0.7892512859374999 0.623319725 0.7887918859374999 0.6178069234375 0.7929264875 0.6058625203125 0.7929264875 0.5980527171875 0.7901700859375 0.592539915625 0.7791444828125 0.5879459140625001 0.7607684765625 0.5865677125000001 0.735992903125 0.5923662515625 0.729194978125 0.61072065 0.72077039375 0.625352825 0.7003740296875 0.651069978125 0.6848550578125 0.6639285546875 0.687072053125 0.6661455515625 0.6857418562500001 0.668362546875 0.679977665625 0.6661455515625 0.6777606703125 0.668805946875 0.6653454921875 0.6719097406250001 0.6467227265625 0.6727965390625 0.6325339515625 0.6719097406250001 0.60903379375 0.6643719546875 0.5921846234375 0.6532869734375 0.5902806468749999 0.6512560656249999 0.582061815625 0.6646657390625 0.5719550124999999 0.6646657390625 0.5595512078125 0.6706379421875 0.5581730078125 0.67523194375 0.5590918078125 0.6908515484375 0.564145209375 0.6991207515625 0.5724144124999999 0.6977425515625
6 0.6612605734375 0.5799268984375 0.6082021109375 0.5619162281250001 0.547350196875 0.5525199765625 0.5452127921875001 0.550885490625 0.5451843078125 0.553078753125 0.5540522921875 0.5965318765625 0.572231659375 0.6320038125 0.5921846234375 0.6532869734375 0.60903379375 0.6643719546875 0.6325339515625 0.6719097406250001 0.6467227265625 0.6727965390625 0.6653454921875 0.6719097406250001 0.6777606703125 0.668805946875 0.679977665625 0.6661455515625 0.6857418562500001 0.668362546875 0.687072053125 0.6661455515625 0.6848550578125 0.6639285546875 0.7003740296875 0.651069978125 0.72077039375 0.625352825 0.729194978125 0.61072065 0.7380629625 0.58677709375 0.74383284375 0.5575670671874999 0.70808420625 0.5786464359375 0.70574415 0.595026828125 0.686895271875 0.5886285859375 0.6764874640625 0.5964344421875001 0.6683989703125001 0.5964344421875001 0.6612605734375 0.5799268984375
3 0.5500348390625 0.4581100203125 0.54153346875 0.4603472234375 0.45920440781250005 0.45050353125000003 0.44936071718750004 0.4616895453125 0.44622863281249997 0.486298775 0.452940240625 0.49480014531250005 0.4708378625 0.4988271109375 0.5285576937500001 0.52209401875 0.5357167421875 0.5319377109375 0.53974370625 0.5467032484375001 0.547350196875 0.5525199765625 0.6082021109375 0.5619162281250001 0.6612605734375 0.5799268984375 0.644504284375 0.5411779812499999 0.628578696875 0.5043500609375 0.6106743296875 0.4538505609375 0.5710645453125001 0.44423936406250003 0.563010615625 0.4460291265625 0.5500348390625 0.4581100203125
5 0.691420065625 0.585234990625 0.7032417093750001 0.5815018390625 0.8836773203125 0.4751070484375 0.9228754015625 0.4589300625 0.9390523875 0.4564412953125 0.9390523875 0.43466458281250003 0.9278529359375 0.404799378125 0.89798773125 0.33946924375 0.8563008828124999 0.23245225937499997 0.8488345828125 0.228719109375 0.7225296546875 0.3096040390625 0.7206630781250001 0.3201812984375 0.728751571875 0.3537796546875 0.713196778125 0.3612459546875 0.6889312984375 0.39111115937499996 0.6248455468749999 0.4209763640625 0.60431321875 0.4359089671875 0.628578696875 0.5043500609375 0.6683989703125001 0.5964344421875001 0.6764874640625 0.5964344421875001 0.691420065625 0.585234990625