5 0.6546668859375 0.5255674515625001 0.6512478515625 0.5289864859375 0.6494929265625 0.5682529359374999 0.6658004453124999 0.564685665625 0.721008884375 0.558796765625 0.72168901875 0.5565470953125 0.7244570578125 0.5557562265625 0.7284211609375 0.5580061234375 0.737809321875 0.55700471875 0.7488506828125 0.5565246609375001 0.750923765625 0.5585977421874999 0.7596507046875 0.554569925 0.771909165625 0.5391479890624999 0.7754680734375 0.5391479890624999 0.7845630609375001 0.5529881875 0.8039393390624999 0.5941133484375001 0.8031484703125 0.6012311640625 0.8082891156249999 0.603208334375 0.81382519375 0.61269875625 0.8082891156249999 0.632075034375 0.796821521875 0.6542193515625 0.7841676265624999 0.656196521875 0.7778406796875 0.6538239171875 0.752784128125 0.6375220640625 0.7576568015625 0.707988421875 0.842143884375 0.7158936453125 0.8569596953125 0.713614290625 0.8620882453125001 0.5751434375 0.8609485687499999 0.5381039078125001 0.8039646781249999 0.53240551875 0.7897187046874999 0.536394390625 0.7663553109375 0.535824553125 0.7412823984375 0.5295563249999999 0.6677731796875 0.524427775 0.6546668859375 0.5255674515625001
6 0.3193002140625 0.5067254765625 0.306943653125 0.490661946875 0.3065356640625 0.480462240625 0.27626924375 0.4707913125 0.25735963906250003 0.4702003875 0.2484957625 0.4778824140625 0.2266315328125 0.5162925484375 0.210085628125 0.614977046875 0.210085628125 0.6244318484375 0.22190413125 0.6362503515625 0.2526322390625 0.6504325546875 0.26497557031249996 0.65382831875 0.2684746421875 0.6492095453125 0.29288640312499997 0.640379759375 0.32197275625 0.636224565625 0.38741705312499997 0.6372633640625 0.39313044375 0.6388215609375 0.3941692421875 0.64557375 0.39551376875 0.66733829375 0.40231925156250004 0.66990035625 0.4174097625 0.6514564 0.4322387140625 0.6421196515625 0.45585519375 0.6338813453125 0.4882592 0.6377258890624999 0.49828705468749995 0.642891753125 0.49489937968750003 0.59492939375 0.49633955625 0.5906088609375 0.5169204296875 0.58796618125 0.4813345421875 0.56038711875 0.4773184171875 0.5529286 0.476043659375 0.559679021875 0.437081309375 0.544432884375 0.4247996984375 0.542315365625 0.41887064531249996 0.5372333203124999 0.4194491375 0.5341198656249999 0.4057961375 0.5326742531249999 0.3378350546875 0.515992896875 0.3193002140625 0.5067254765625
3 0.59810771875 0.84969324375 0.6058121484375001 0.85603806875 0.6932800859375 0.8959198234375 0.7163933765625 0.8986390328124999 0.7463046921875 0.9104222796875 0.7934376734375 0.903624253125 0.802501709375 0.8782449546875 0.805674121875 0.8623828937500001 0.805674121875 0.809811490625 0.8029549109375 0.8002942531249999 0.7916248671874999 0.788964209375 0.762166753125 0.780806578125 0.7381470593749999 0.7681169296875 0.7204721921874999 0.753161271875 0.6873884640625 0.7409248234375 0.67243280625 0.7268755703124999 0.6546918078124999 0.71987911875 0.610962371875 0.722984903125 0.6035461390625 0.73004798125 0.5967481140625 0.743644034375 0.5894968859375 0.7717425437500001 0.5854180703125 0.7934962265625 0.58496486875 0.8134371046875 0.587684078125 0.8288459640625 0.59810771875 0.84969324375
1 0.5512033203125 0.789439040625 0.5587534468750001 0.7923934375 0.5785375078125 0.758101065625 0.586890778125 0.7369980671875 0.5882633140625 0.724645246875 0.5508004765625001 0.7297872046875 0.5547148749999999 0.74866841875 0.5514195515625 0.7887615125 0.5512033203125 0.789439040625
6 0.668617046875 0.3428788578125 0.668037009375 0.347366896875 0.6684050828125 0.34766595625 0.667504790625 0.3514849375 0.6592347359375 0.41547448437499995 0.7010554703125 0.3769786125 0.6850533859375 0.3572837390625 0.668617046875 0.3428788578125
6 0.6234729171875 0.5501472 0.6290827890624999 0.5501472 0.6475820046874999 0.5056374906250001 0.6592347359375 0.41547448437499995 0.5205326203125 0.5431494031249999 0.545295821875 0.5466512703124999 0.544507890625 0.5508919265625 0.618801559375 0.5748841687499999 0.6234729171875 0.5501472
6 0.5169204296875 0.58796618125 0.5381252625 0.58524338125 0.544507890625 0.5508919265625 0.5205326203125 0.5431494031249999 0.494360915625 0.5526663859375 0.47924162187499997 0.54274435 0.4773184171875 0.5529286 0.4813345421875 0.56038711875 0.5169204296875 0.58796618125
6 0.4113683375 0.8502742031249999 0.396366384375 0.677176084375 0.3961387 0.6774543640624999 0.39551376875 0.66733829375 0.33807413125 0.8045098984375001 0.353150778125 0.8139236343749999 0.38056973125 0.7951220671875 0.3806119921875 0.7953521578125 0.38939952031249997 0.8189686375 0.4113683375 0.8502742031249999
5 0.4763231734375 0.5408291171874999 0.473968984375 0.53823470625 0.4583115203125 0.53823470625 0.4194491375 0.5341198656249999 0.41887064531249996 0.5372333203124999 0.4247996984375 0.542315365625 0.437081309375 0.544432884375 0.476043659375 0.559679021875 0.47924162187499997 0.54274435 0.4763231734375 0.5408291171874999
5 0.570017040625 0.5501472 0.545295821875 0.5466512703124999 0.5381252625 0.58524338125 0.618801559375 0.5748841687499999 0.6234729171875 0.5501472 0.570017040625 0.5501472
5 0.3784151109375 0.7228550578124999 0.3926948421875 0.681663525 0.3961387 0.6774543640624999 0.3941692421875 0.64557375 0.39313044375 0.6388215609375 0.38741705312499997 0.6372633640625 0.32197275625 0.636224565625 0.29288640312499997 0.640379759375 0.2684746421875 0.6492095453125 0.2554896625 0.6663497171875 0.2586060578125 0.761919165625 0.2710716375 0.824766465625 0.280940221875 0.8393096421875 0.3074295796875 0.8632020046875001 0.3136623703125 0.8725511906250001 0.32197275625 0.8673571984375 0.31470116875 0.8393096421875 0.327686146875 0.825285865625 0.33807413125 0.8045098984375001 0.34119052656250004 0.80710689375 0.343268121875 0.817494878125 0.347942715625 0.817494878125 0.38056973125 0.7951220671875 0.3756690078125 0.7684403546875 0.3784151109375 0.7228550578124999
5 0.49633955625 0.5906088609375 0.49489937968750003 0.59492939375 0.49828705468749995 0.642891753125 0.506383475 0.6470626359375 0.5201139859375 0.6585962656250001 0.5327460562499999 0.6772697609375 0.5453781281250001 0.7036323421875 0.5508004765625001 0.7297872046875 0.5889909765625 0.724545371875 0.7579718062499999 0.7125438921875 0.752784128125 0.6375220640625 0.712198596875 0.6111170203125 0.711407728125 0.5905544390624999 0.721008884375 0.558796765625 0.6658004453124999 0.564685665625 0.6197147640625 0.574766909375 0.49633955625 0.5906088609375
1 0.39375 0.34657954062499996 0.39375 0.384830078125 0.428655775 0.38810249375 0.44109497812500004 0.391253759375 0.4436297640625 0.38694462343749997 0.461103828125 0.3700342390625 0.48985148125 0.353687534375 0.528181684375 0.34974177812499996 0.54509206875 0.36157904687500003 0.5597477343749999 0.38638094375 0.5738397203125001 0.428656903125 0.57665811875 0.4540224796875 0.5746773515625 0.46077509375 0.584966265625 0.45791706249999997 0.5979406546875 0.4659488265625 0.5960871703125 0.4783053875 0.5985584828125 0.47768755937499996 0.6010297953125 0.4665666546875 0.6084437312500001 0.469037965625 0.6084437312500001 0.48077669843750004 0.6115328718749999 0.4857193234375 0.606590246875 0.5067254765625 0.5979406546875 0.51784638125 0.5886732343750001 0.5110502718750001 0.5750810171875 0.515992896875 0.564577940625 0.5116681 0.5534570375000001 0.5209355203125 0.54400384375 0.5243386703125 0.5253632875 0.5413927968750001 0.5205326203125 0.5431494031249999 0.570017040625 0.5501472 0.6418295390625001 0.5501472 0.6893088765625001 0.1827758265625 0.5967241671875 0.1703125 0.4180831609375 0.1703125 0.39375 0.34657954062499996
3 0.4695857046875 0.872792240625 0.491005303125 0.8673000359374999 0.5096787984375 0.85741406875 0.5206632078125 0.8480773203125 0.5327460562499999 0.8310514859374999 0.5431812453125 0.8145748734374999 0.5514195515625 0.7887615125 0.5547148749999999 0.74866841875 0.5453781281250001 0.7036323421875 0.5327460562499999 0.6772697609375 0.5201139859375 0.6585962656250001 0.506383475 0.6470626359375 0.4882592 0.6377258890624999 0.45585519375 0.6338813453125 0.4322387140625 0.6421196515625 0.4174097625 0.6514564 0.3926948421875 0.681663525 0.3784151109375 0.7228550578124999 0.3756690078125 0.7684403546875 0.3806119921875 0.7953521578125 0.38939952031249997 0.8189686375 0.4113683375 0.8502742031249999 0.43388637656249995 0.8667508156249999 0.4695857046875 0.872792240625
1 0.8031484703125 0.6012311640625 0.8039393390624999 0.5941133484375001 0.7845630609375001 0.5529881875 0.7754680734375 0.5391479890624999 0.771909165625 0.5391479890624999 0.7596507046875 0.554569925 0.739088125 0.5640603453125 0.7244570578125 0.5557562265625 0.72168901875 0.5565470953125 0.711407728125 0.5905544390624999 0.712198596875 0.6111170203125 0.7778406796875 0.6538239171875 0.7841676265624999 0.656196521875 0.796821521875 0.6542193515625 0.8082891156249999 0.632075034375 0.81382519375 0.61269875625 0.8082891156249999 0.603208334375 0.8031484703125 0.6012311640625
6 0.43799297031249995 0.396527175 0.44109497812500004 0.391253759375 0.428655775 0.38810249375 0.3495737875 0.3806885578125 0.33659939843750003 0.3843955265625 0.3199180421875 0.4047838515625 0.3137397609375 0.42887914374999997 0.309414965625 0.435057425 0.305707996875 0.4597705453125 0.306943653125 0.490661946875 0.3193002140625 0.5067254765625 0.3378350546875 0.515992896875 0.4057961375 0.5326742531249999 0.4583115203125 0.53823470625 0.473968984375 0.53823470625 0.452724546875 0.5148224671875 0.4487028796875 0.5103904265625 0.43461089375000006 0.48107909375 0.423337303125 0.44162153125000003 0.4289740984375 0.41851067343750004 0.43799297031249995 0.396527175
6 0.5253632875 0.5413927968750001 0.5518562218749999 0.5171545796875 0.5642571703125 0.49629843906250004 0.57665811875 0.4540224796875 0.5738397203125001 0.428656903125 0.5597477343749999 0.38638094375 0.54509206875 0.36157904687500003 0.528181684375 0.34974177812499996 0.48985148125 0.353687534375 0.461103828125 0.3700342390625 0.4436297640625 0.38694462343749997 0.43799297031249995 0.396527175 0.4289740984375 0.41851067343750004 0.423337303125 0.44162153125000003 0.43461089375000006 0.48107909375 0.4487028796875 0.5103904265625 0.4763231734375 0.5408291171874999 0.494360915625 0.5526663859375 0.5253632875 0.5413927968750001