5 0.7284038453125 0.511561584375 0.728601384375 0.5092196671875 0.731144503125 0.5078705734375 0.7354897625000001 0.5092471203125 0.744464565625 0.5063156906249999 0.7551648359375001 0.5035504953125 0.757623634375 0.50514725625 0.7653224390625 0.4993930234375 0.774106621875 0.48175941718750004 0.777587759375 0.481019478125 0.7893615390625001 0.49266628125 0.8168648 0.5288642046875001 0.817571090625 0.5359909093749999 0.8230104781250001 0.5368560734375001 0.83039875 0.544988090625 0.829012203125 0.5650919671875 0.8223992656249999 0.589136625 0.810432965625 0.59370148125 0.8037509843749999 0.5926961703125 0.7758526328124999 0.5819601015625 0.79526960625 0.6498735140624999 0.8795540328125 0.6400401375 0.8935721781250001 0.6347302125 0.869798946875 0.49821899375 0.860983225 0.46222581875 0.8040598062500001 0.4684995703125 0.790954475 0.4753631796875 0.7679831515625 0.47966331718750005 0.7421549046875 0.4787450171875 0.6691857531250001 0.48901196406249997 0.656602815625 0.49285168749999997 0.653969353125 0.496906865625 0.66041673125 0.53568011875 0.6756262140625 0.5288002781250001 0.7284038453125 0.511561584375
6 0.256466225 0.5212993484374999 0.24939322812500003 0.5306564078125 0.2359927015625 0.5727730171875 0.24032602500000003 0.672741109375 0.24229178906249998 0.6819893015625 0.25630923437500003 0.6910923375 0.2893145046875 0.6985758921875 0.3020941234375 0.699331128125 0.30455643593750004 0.6940857874999999 0.326598925 0.6803734625 0.3541857578125 0.6702616765625 0.41841591874999995 0.657671140625 0.424328425 0.65800740625 0.4267483828125 0.664396065625 0.43258863124999997 0.685405459375 0.43977808124999995 0.6864965953125 0.4507041140625 0.6653181906250001 0.46326779843750004 0.6531023593749999 0.48465536093750006 0.6401339375 0.5171505875 0.637157296875 0.528033353125 0.6401253671875 0.514747771875 0.5939154375 0.5152581875 0.5893898890625 0.5348398750000001 0.5825259546875 0.494297615625 0.5629482828125 0.4888185390625 0.55648775 0.48897512968749995 0.5633556953125 0.44769435 0.55654345 0.43524086406249995 0.5570256953125 0.428384759375 0.5532874249999999 0.4283032859375 0.55012173125 0.4146480765625 0.5515463265625 0.3447038578125 0.5493594015625 0.32464724375 0.54414810625 0.3092209078125 0.5310046765624999 0.3067011953125 0.521112684375 0.27508547031249997 0.5179458328125001 0.256466225 0.5212993484374999
3 0.8262539343749999 0.85024394375 0.8709435578125 0.833794971875 0.87453286875 0.8070857531250001 0.8743380484375001 0.7909107343749999 0.8634078390625 0.7394881421874999 0.8587693046875 0.7307442359375 0.8453312015625001 0.722017428125 0.8148207515625 0.7201627484374999 0.78868761875 0.7127443734375001 0.768289534375 0.70179034375 0.7333846640624999 0.6966997859374999 0.71583481875 0.6860669984375 0.697026859375 0.6829119968749999 0.6548987453125 0.6950417734375 0.649113071875 0.703492428125 0.645290378125 0.7182047640625 0.644039615625 0.74719686875 0.6445727765625 0.7693232140624999 0.6482754203125001 0.7889225625 0.654138890625 0.8034293453125001 0.6686691437500001 0.821653865625 0.6775243765625001 0.8262582 0.7713728125 0.8470828359375 0.794546378125 0.8449370999999999 0.8262539343749999 0.85024394375
1 0.6330409218749999 0.701385234375 0.5974658109375001 0.714203790625 0.6052202953125 0.7318585546875 0.6103328046875001 0.7717606546875 0.610262165625 0.772468334375 0.6182615578124999 0.7737884109375 0.630483503125 0.736132071875 0.634266675 0.7137534828125001 0.6330409218749999 0.701385234375
6 0.6381812328125 0.38421480625000004 0.671084340625 0.33786514218749997 0.651337146875 0.32192766875 0.6322650375000001 0.3112548765625 0.632630790625 0.31576543749999997 0.6330529984375 0.315981434375 0.632966390625 0.31990414375 0.6381812328125 0.38421480625000004
6 0.5290551984375 0.5379375140625 0.55400534375 0.536214296875 0.5541163124999999 0.5405261046875001 0.6317747546875 0.5485475375 0.6312009265625 0.5233799 0.636688209375 0.5222135421874999 0.645529084375 0.47483027343749995 0.6381812328125 0.38421480625000004 0.5290551984375 0.5379375140625
6 0.5054341 0.55268793125 0.48858229218749993 0.5461261921875 0.4888185390625 0.55648775 0.494297615625 0.5629482828125 0.5348398750000001 0.5825259546875 0.5550152296875 0.5754539203125 0.5541163124999999 0.5405261046875001 0.5290551984375 0.5379375140625 0.5054341 0.55268793125
6 0.4049237671875 0.8315219078125 0.4216281796875 0.8375953203125001 0.444538896875 0.813503890625 0.4446280734375 0.8137201671875 0.458133715625 0.834993540625 0.48613125312500005 0.8610474296874999 0.43546800625 0.6948510015625 0.43530315625 0.6951705390625 0.43258863124999997 0.685405459375 0.4049237671875 0.8315219078125
5 0.428384759375 0.5532874249999999 0.43524086406249995 0.5570256953125 0.44769435 0.55654345 0.48897512968749995 0.5633556953125 0.48858229218749993 0.5461261921875 0.48532942031250004 0.5448595921875 0.4824872671875 0.5428113390625 0.46717195624999996 0.5460667078125 0.4283032859375 0.55012173125 0.428384759375 0.5532874249999999
5 0.6312009265625 0.5233799 0.5789131890625 0.5344940015625 0.55400534375 0.536214296875 0.5550152296875 0.5754539203125 0.6317747546875 0.5485475375 0.6312009265625 0.5233799
5 0.424328425 0.65800740625 0.41841591874999995 0.657671140625 0.3541857578125 0.6702616765625 0.326598925 0.6803734625 0.30455643593750004 0.6940857874999999 0.2954188515625 0.7135511343750001 0.31833715156250003 0.8063842265625001 0.3435970171875 0.8652664218749999 0.3562736453125 0.8774400015625 0.3871516484375 0.8953028109375 0.39519204218750004 0.9031518249999999 0.40224093437499997 0.8963435078125 0.38929683437499996 0.87042070625 0.3990823515625 0.8540036531249999 0.4049237671875 0.8315219078125 0.40851200781249997 0.8334142171875 0.4127039859375 0.8431432437499999 0.4172764296875 0.842171340625 0.444538896875 0.813503890625 0.43419782656250006 0.78842415625 0.42740620468749996 0.7432640593750001 0.4328096875 0.7000037375 0.43530315625 0.6951705390625 0.4267483828125 0.664396065625 0.424328425 0.65800740625
5 0.5526484640625 0.6509486234375 0.5688869328124999 0.666587703125 0.5867240515625001 0.68974784375 0.5974658109375001 0.714203790625 0.63373191875 0.7011362531249999 0.7965248640625 0.65426394375 0.7758526328124999 0.5819601015625 0.7306640765625 0.5645702781249999 0.7256152890625 0.5446214687500001 0.7284038453125 0.511561584375 0.6756262140625 0.5288002781250001 0.6326436234374999 0.5482429734375 0.5152581875 0.5893898890625 0.514747771875 0.5939154375 0.528033353125 0.6401253671875 0.536820021875 0.642521765625 0.5526484640625 0.6509486234375
1 0.4213560546875 0.40113518593749997 0.4349324015625 0.380961271875 0.45965317812500006 0.3589948078125 0.49632540625 0.3471659796875 0.5153273640625 0.3552287078125 0.5348193734375 0.376441540625 0.5573930812500001 0.4148637796875 0.5654236906250001 0.43908907968750005 0.5648901562499999 0.4461059578125 0.5743600140625 0.4411711953125 0.5887207796875 0.44632991874999994 0.589476871875 0.45880182031250005 0.5917657265625 0.4576836796875 0.59187086875 0.446291978125 0.59963660625 0.447167840625 0.6020772265625001 0.45865005468750003 0.6061264921875 0.46284240312499997 0.6056593 0.48441714999999996 0.5995108874999999 0.4970933875 0.5890329921874999 0.49237259531250005 0.5767654265625 0.5000331921875001 0.5655926921875001 0.497986615625 0.5566416125 0.5093636859374999 0.5481025484375001 0.5146578984375 0.5334150859375 0.535214940625 0.5290551984375 0.5379375140625 0.5789131890625 0.5344940015625 0.6491564125 0.51956334375 0.619217409375 0.1503484078125 0.5260646265625 0.157406878125 0.3513273546875 0.19454843125000001 0.3641739109375 0.3720227625 0.37212664375000004 0.409437434375 0.4069500171875 0.40538102187499997 0.4197725796875 0.40587716875 0.4213560546875 0.40113518593749997
3 0.60085995 0.817008928125 0.607641425 0.798722771875 0.6103328046875001 0.7717606546875 0.6052202953125 0.7318585546875 0.5867240515625001 0.68974784375 0.5688869328124999 0.666587703125 0.5526484640625 0.6509486234375 0.536820021875 0.642521765625 0.5171505875 0.637157296875 0.48465536093750006 0.6401339375 0.46326779843750004 0.6531023593749999 0.4507041140625 0.6653181906250001 0.4328096875 0.7000037375 0.42740620468749996 0.7432640593750001 0.43419782656250006 0.78842415625 0.4446280734375 0.8137201671875 0.458133715625 0.834993540625 0.48613125312500005 0.8610474296874999 0.5115829 0.8724822250000001 0.5477581953125 0.8709693234375001 0.5675678296875 0.8611437515624999 0.58377785625 0.847591378125 0.5925810109375 0.8361748734375001 0.60085995 0.817008928125
1 0.774106621875 0.48175941718750004 0.7653224390625 0.4993930234375 0.7471823703125 0.51295125625 0.731144503125 0.5078705734375 0.728601384375 0.5092196671875 0.7256152890625 0.5446214687500001 0.7306640765625 0.5645702781249999 0.8037509843749999 0.5926961703125 0.810432965625 0.59370148125 0.8223992656249999 0.589136625 0.829012203125 0.5650919671875 0.83039875 0.544988090625 0.8230104781250001 0.5368560734375001 0.817571090625 0.5359909093749999 0.8168648 0.5288642046875001 0.7893615390625001 0.49266628125 0.777587759375 0.481019478125 0.774106621875 0.48175941718750004
6 0.316134571875 0.42089465625000005 0.3040567140625 0.444305696875 0.3030231359375 0.4691589859375 0.3000773859375 0.47610143281250006 0.30158956875 0.501045234375 0.3092209078125 0.5310046765624999 0.32464724375 0.54414810625 0.3447038578125 0.5493594015625 0.4146480765625 0.5515463265625 0.46717195624999996 0.5460667078125 0.4824872671875 0.5428113390625 0.45683939375 0.5243276796874999 0.45198413593750003 0.5208286421875 0.432105925 0.4950877203125 0.4128750015625 0.4588363125 0.4135836015625 0.4350585265625 0.41783476249999996 0.411680290625 0.4197725796875 0.40587716875 0.4069500171875 0.40538102187499997 0.3280547171875 0.4145711671875 0.316134571875 0.42089465625000005
6 0.5573930812500001 0.4148637796875 0.5348193734375 0.376441540625 0.5153273640625 0.3552287078125 0.49632540625 0.3471659796875 0.45965317812500006 0.3589948078125 0.4349324015625 0.380961271875 0.4213560546875 0.40113518593749997 0.41783476249999996 0.411680290625 0.4135836015625 0.4350585265625 0.4128750015625 0.4588363125 0.432105925 0.4950877203125 0.45198413593750003 0.5208286421875 0.48532942031250004 0.5448595921875 0.5054341 0.55268793125 0.5334150859375 0.535214940625 0.5542896765624999 0.505998196875 0.5620833984375 0.48301950937499993 0.5654236906250001 0.43908907968750005 0.5573930812500001 0.4148637796875