5 0.7286682015625 0.5035833625 0.7287838875 0.5012359765625 0.7312783765625 0.4997989515625 0.735669028125 0.5010230140624999 0.7445360578125 0.497780153125 0.7551333078125 0.49464320781250004 0.7576463343750001 0.4961531859375 0.765139628125 0.490133775 0.7733030578125 0.4722043453125 0.77675625 0.47134336875000005 0.788929325 0.48257217656250007 0.8176791218749999 0.5177881984375 0.8186337 0.5248859125 0.8240999671875 0.52556071875 0.831767540625 0.5334299359375 0.8310834546875 0.5535699546874999 0.8253136921875001 0.577830753125 0.8135139921875 0.582810446875 0.8068009984375 0.5820389453125 0.7785449578125 0.5722830562500001 0.800320246875 0.6394774546875001 0.8842101484375 0.626708584375 0.8980344406249999 0.6209126671874999 0.8695115203125001 0.48531428125 0.8594450234375 0.44965069687500003 0.8027752328125001 0.45790722500000003 0.7899174203125 0.4652240234375 0.7671101640625 0.4703232296875 0.7412656015625 0.47030688125 0.6686992125 0.483114159375 0.6562579453125 0.48739068281250003 0.653767609375 0.49153529687499997 0.661564228125 0.5300599203125 0.6765243421875 0.5226534671875 0.7286682015625 0.5035833625
6 0.257357915625 0.5297855796875 0.250615784375 0.5393837828125 0.23869326875 0.5819424078125001 0.2465127890625 0.681698371875 0.24880011249999998 0.6908723250000001 0.2631267109375 0.6994806140625001 0.296373046875 0.7058077421875 0.3091712390625 0.706116515625 0.31144899062500003 0.7007884375 0.3329995 0.6863151953125 0.36021663125000003 0.6752468015625 0.42396826093750006 0.6604223359375 0.4298889015625 0.660552053125 0.43253034531249995 0.6668523656249999 0.439100253125 0.6876451390625 0.44632340312499996 0.6884847015625 0.456503665625 0.666937884375 0.46863336875000006 0.6542910296875 0.4895553125 0.6405840921875 0.5219268593749999 0.6364751984375 0.5329065796875 0.63906165625 0.5180163890625 0.5933435375 0.5183685546875 0.5888029312499999 0.537698765625 0.5812597875 0.4964979515625 0.563108946875 0.49079674375 0.556843565625 0.4911929265625 0.5637018625 0.44969955156249997 0.558334446875 0.4372704828125 0.5592510171875 0.43028808906249993 0.5557542984375 0.43009618437499997 0.5525933765625 0.4164990125 0.554493665625 0.346521078125 0.554749090625 0.326294809375 0.5502409359375 0.310419171875 0.537643884375 0.3075557703125 0.5278458546875 0.27584878281249997 0.5257843046875 0.257357915625 0.5297855796875
3 0.8382785265624999 0.8386444859375001 0.882366865625 0.8206458890624999 0.8850218515625 0.7938276765625 0.8842626499999999 0.777669309375 0.8715444765625 0.7266595015624999 0.8666036109374999 0.7180828046875 0.85286913125 0.709830296875 0.8223125390625 0.7090415453125 0.7959364296875 0.7025397234375 0.7751684812499999 0.6923042500000001 0.7401072156249999 0.6884349546874999 0.7221969828125 0.6784211250000001 0.7032903734375 0.6759244343749999 0.6616112453125 0.689517071875 0.6561240203125001 0.6981644953125 0.6528171078125 0.7130012781249999 0.6525789171875 0.742019371875 0.6538839515625 0.7641136328125 0.658268346875 0.7835718203125001 0.6646345250000001 0.7978651343750001 0.679791953125 0.8155714546875 0.6888024796875001 0.8198639406250001 0.783320515625 0.837400628125 0.8064050796875 0.8344474546875 0.8382785265624999 0.8386444859375001
1 0.6399881203125 0.6966194953125 0.6048820421875 0.7106717953125 0.6132479453124999 0.728045178125 0.619749903125 0.767744546875 0.6197040046875 0.768454259375 0.6277445937499999 0.7694943578125 0.6386449078124999 0.7314344187499999 0.641644771875 0.7089374296875001 0.6399881203125 0.6966194953125
6 0.6340562109375 0.379462884375 0.665321696875 0.331993153125 0.645030321875 0.31675455625 0.6255973546875 0.306753871875 0.626120303125 0.3112489203125 0.6265497921875001 0.3114500515625 0.6266001375 0.31537339375 0.6340562109375 0.379462884375
6 0.5303614984375 0.536900390625 0.55523630625 0.5343074765625 0.5554976875000001 0.5386127859375 0.633388765625 0.543919090625 0.6319369499999999 0.5187868109375 0.637380184375 0.5174296609375 0.6445620203125 0.4697667140625 0.6340562109375 0.379462884375 0.5303614984375 0.536900390625
6 0.507269571875 0.5524661875 0.490199028125 0.546496565625 0.49079674375 0.556843565625 0.4964979515625 0.563108946875 0.537698765625 0.5812597875 0.5576150203125 0.573487953125 0.5554976875000001 0.5386127859375 0.5303614984375 0.536900390625 0.507269571875 0.5524661875
6 0.4165516328125 0.834638065625 0.433457828125 0.840124803125 0.4555138109375 0.8152484781249999 0.4556104796875 0.815461509375 0.469850325 0.8362505828125 0.49874007656249997 0.8613115015625 0.44230752031250004 0.6969844375 0.44215392031249995 0.697309534375 0.439100253125 0.6876451390625 0.4165516328125 0.834638065625
5 0.43028808906249993 0.5557542984375 0.4372704828125 0.5592510171875 0.44969955156249997 0.558334446875 0.4911929265625 0.5637018625 0.490199028125 0.546496565625 0.486903934375 0.5453442609375 0.48399202968750005 0.5433964453125 0.468799659375 0.547184328125 0.43009618437499997 0.5525933765625 0.43028808906249993 0.5557542984375
5 0.6319369499999999 0.5187868109375 0.580068940625 0.531718959375 0.55523630625 0.5343074765625 0.5576150203125 0.573487953125 0.633388765625 0.543919090625 0.6319369499999999 0.5187868109375
5 0.4298889015625 0.660552053125 0.42396826093750006 0.6604223359375 0.36021663125000003 0.6752468015625 0.3329995 0.6863151953125 0.31144899062500003 0.7007884375 0.302996303125 0.7205608234375 0.3291404703125 0.8125375265624999 0.3564399078125 0.870502296875 0.369533665625 0.882226053125 0.4010162609375 0.8990003546875001 0.409325684375 0.90656398125 0.41613267656249997 0.8995138078125 0.4022917671875 0.874058540625 0.411498378125 0.8573099796875001 0.4165516328125 0.834638065625 0.420203728125 0.8364039953125 0.42473269062499996 0.845980796875 0.42926842968749995 0.8448499093749999 0.4555138109375 0.8152484781249999 0.44430376875000005 0.79054491875 0.43594022031249996 0.7456493562500001 0.4398306484375 0.702226809375 0.44215392031249995 0.697309534375 0.43253034531249995 0.6668523656249999 0.4298889015625 0.660552053125
5 0.5578844234375 0.649019265625 0.5746587953125 0.6640821031249999 0.5932933265625 0.6866056281249999 0.6048820421875 0.7106717953125 0.6406700062499999 0.6963465484375 0.8017279625 0.6438214015625 0.7785449578125 0.5722830562500001 0.73277703125 0.5564808828125 0.7270351171875 0.5367204265625001 0.7286682015625 0.5035833625 0.6765243421875 0.5226534671875 0.6342464765625 0.543584390625 0.5183685546875 0.5888029312499999 0.5180163890625 0.5933435375 0.5329065796875 0.63906165625 0.5417715296875001 0.6411499453125 0.5578844234375 0.649019265625
1 0.4179536296875 0.40394004531250005 0.430817646875 0.38330461250000003 0.45475674687499995 0.36048878906250004 0.4909938140625 0.3473873234375 0.5102655828125 0.35478198125 0.530486034375 0.37530162968749997 0.5543869078125 0.412912653125 0.5632580765624999 0.43684293125 0.5629697515625 0.44387415468749997 0.5722616203124999 0.43861190624999996 0.586793675 0.443266303125 0.5879845687499999 0.4557042203125 0.59023300625 0.45450687968750003 0.5899405203125 0.4431184484375 0.5977320953125 0.44372275781250003 0.6005719515625 0.45511280000000004 0.6047650609375 0.45916127656250005 0.6050511015625 0.4807391859375 0.5993488296875 0.493622278125 0.5887125625 0.48927003437499994 0.576719821875 0.497354096875 0.56548246875 0.49569868906250003 0.5569338953125 0.50738121875 0.5485847984375 0.5129702140625 0.5346237140625 0.53402731875 0.5303614984375 0.536900390625 0.580068940625 0.531718959375 0.6497483015625 0.5143459421875 0.6069421203124999 0.14640077812500002 0.514092421875 0.156705934375 0.340757815625 0.19992310468750002 0.35979031093749997 0.37684098593750004 0.369043953125 0.41395531874999997 0.40370454687499996 0.4086860578125 0.4165366125 0.40873440156249996 0.4179536296875 0.40394004531250005
3 0.6118619609375 0.8132958546875001 0.618001128125 0.7947841671875 0.619749903125 0.767744546875 0.6132479453124999 0.728045178125 0.5932933265625 0.6866056281249999 0.5746587953125 0.6640821031249999 0.5578844234375 0.649019265625 0.5417715296875001 0.6411499453125 0.5219268593749999 0.6364751984375 0.4895553125 0.6405840921875 0.46863336875000006 0.6542910296875 0.456503665625 0.666937884375 0.4398306484375 0.702226809375 0.43594022031249996 0.7456493562500001 0.44430376875000005 0.79054491875 0.4556104796875 0.815461509375 0.469850325 0.8362505828125 0.49874007656249997 0.8613115015625 0.5245752859375 0.8718510828125 0.5606757453125 0.8690766015625 0.5801304046875 0.8585656687500001 0.5958575859375 0.8444558296875 0.604256946875 0.8327390546875 0.6118619609375 0.8132958546875001
1 0.7733030578125 0.4722043453125 0.765139628125 0.490133775 0.7474837859375 0.5043168265625 0.7312783765625 0.4997989515625 0.7287838875 0.5012359765625 0.7270351171875 0.5367204265625001 0.73277703125 0.5564808828125 0.8068009984375 0.5820389453125 0.8135139921875 0.582810446875 0.8253136921875001 0.577830753125 0.8310834546875 0.5535699546874999 0.831767540625 0.5334299359375 0.8240999671875 0.52556071875 0.8186337 0.5248859125 0.8176791218749999 0.5177881984375 0.788929325 0.48257217656250007 0.77675625 0.47134336875000005 0.7733030578125 0.4722043453125
6 0.31348584062499996 0.42735965625 0.302232375 0.451177946875 0.30206679375 0.4760521671875 0.299365125 0.4830931890625 0.3017469140625 0.5079690218749999 0.310419171875 0.537643884375 0.326294809375 0.5502409359375 0.346521078125 0.554749090625 0.4164990125 0.554493665625 0.468799659375 0.547184328125 0.48399202968750005 0.5433964453125 0.457714709375 0.5258191437499999 0.4527402953125 0.5224916828125 0.4319758484375 0.49746018281250004 0.41149148281250003 0.46190200625 0.41136981875 0.438113975 0.4148025015625 0.41460161875 0.4165366125 0.40873440156249996 0.40370454687499996 0.4086860578125 0.3251780390625 0.4206240125 0.31348584062499996 0.42735965625
6 0.5543869078125 0.412912653125 0.530486034375 0.37530162968749997 0.5102655828125 0.35478198125 0.4909938140625 0.3473873234375 0.45475674687499995 0.36048878906250004 0.430817646875 0.38330461250000003 0.4179536296875 0.40394004531250005 0.4148025015625 0.41460161875 0.41136981875 0.438113975 0.41149148281250003 0.46190200625 0.4319758484375 0.49746018281250004 0.4527402953125 0.5224916828125 0.486903934375 0.5453442609375 0.507269571875 0.5524661875 0.5346237140625 0.53402731875 0.5544659390625 0.504099859375 0.5614529687500001 0.480863175 0.5632580765624999 0.43684293125 0.5543869078125 0.412912653125