5 0.5505938328125 0.7157896515625 0.569532834375 0.713156996875 0.5685173765625 0.711366928125 0.5365832859374999 0.7100344609375 0.5236790171875 0.69748446875 0.52368356875 0.697503021875 0.5105993859375 0.698681709375 0.5119811546874999 0.7179955062500001 0.5505938328125 0.7157896515625
5 0.5036539531249999 0.6016012671875 0.49137102656250004 0.5099224812500001 0.5100727765624999 0.6987291484375 0.5105993859375 0.698681709375 0.5036539531249999 0.6016012671875
5 0.50925441875 0.6386884671875 0.5101073875 0.6421652515625 0.515019315625 0.6197802859375 0.522090965625 0.6055817890624999 0.524552734375 0.6037121421875 0.5036539531249999 0.6016012671875 0.50925441875 0.6386884671875
1 0.47235298437499995 0.40220977812500003 0.47008894375 0.40472425 0.4704145046875 0.41093631875 0.4630193125 0.41611552500000004 0.4555614140625 0.43127365156249997 0.46865485937500007 0.426928828125 0.4708093171875 0.42681591875 0.48737872812500005 0.4131720859375 0.5028894875 0.40437325937499996 0.5180756171875001 0.38938015625 0.5489811953125 0.3695702609375 0.5542905734375 0.3692920078125 0.56036703125 0.37518484218750003 0.5740309078125 0.398870240625 0.5768240203125 0.4060944609375 0.5922978671875 0.3843138265625 0.6076971062500001 0.3714518078125 0.6152108296875001 0.3710580296875 0.6154733343750001 0.37123101406250003 0.6524942015625 0.3194568953125 0.5654250609375 0.322103340625 0.5078304203124999 0.3294342234375 0.5043602453125 0.3272202671875 0.502728378125 0.3143683640625 0.49885548125 0.31361300625 0.49773122968749994 0.3927339734375 0.4945114859375 0.39529853125000003 0.484804196875 0.3929322859375 0.47235298437499995 0.40220977812500003
1 0.5180426578125 0.5074889640625 0.5036379828124999 0.60149551875 0.6226666453124999 0.37597131250000004 0.6154733343750001 0.37123101406250003 0.5180426578125 0.5074889640625
6 0.5685173765625 0.711366928125 0.569532834375 0.713156996875 0.5854671546875 0.7109420156249999 0.593015928125 0.7048801390625 0.594039053125 0.6924250984375 0.6028364109375 0.654153190625 0.610100115625 0.6395862078125 0.60986996875 0.6393377203124999 0.59565254375 0.5954824421875 0.5593419953125001 0.6007552421875 0.539732809375 0.5981954109375 0.5307332125 0.5990182328125 0.522090965625 0.6055817890624999 0.515019315625 0.6197802859375 0.5101073875 0.6421652515625 0.5236790171875 0.69748446875 0.5365832859374999 0.7100344609375 0.5685173765625 0.711366928125
5 0.3477453203125 0.5496535109375 0.354594796875 0.5469104890625001 0.3794566109375 0.5396120125 0.3799202546875 0.5321307328125 0.3819990421875 0.5304749578125 0.38102755781250003 0.525668615625 0.387130965625 0.515144490625 0.4123774671875 0.4974058265625 0.458032371875 0.437336903125 0.4708093171875 0.42681591875 0.46865485937500007 0.426928828125 0.389469584375 0.4532050328125 0.3871150765625 0.46240587499999997 0.392649525 0.48140540468750004 0.3770447140625 0.4867619421875 0.3477453203125 0.5496535109375
5 0.4365036921875 0.5965563203124999 0.47573131249999995 0.5113494484375 0.41315959687500003 0.535422890625 0.4106426234375 0.53214371875 0.41887100468750005 0.52804145625 0.3794566109375 0.5396120125 0.37928474375 0.5423852515625 0.354594796875 0.5469104890625001 0.36148898906250004 0.5888182984375 0.3669595734375 0.587262540625 0.3893863640625 0.587315915625 0.393088090625 0.5948770453125001 0.3985071109375 0.6486699859375 0.40690722187499995 0.6608432296875 0.42896729999999994 0.6129262234375 0.42948414843749994 0.594545140625 0.4365036921875 0.5965563203124999
5 0.3749979109375 0.718344140625 0.377083146875 0.7148308140624999 0.382175225 0.71456395 0.36148898906250004 0.5888182984375 0.3492854609375 0.5922888093750001 0.337396303125 0.5903493890625 0.332504684375 0.584753315625 0.328570575 0.6010684453125 0.3288029765625 0.6271539296875 0.3374580609375 0.6732222578125 0.35760437968750003 0.7328718671875001 0.3779726953125 0.731804409375 0.3749979109375 0.718344140625
5 0.4246436796875 0.6913466734375 0.47850960000000003 0.7015725109375001 0.52368356875 0.697503021875 0.50925441875 0.6386884671875 0.5036379828124999 0.60149551875 0.48719695625000004 0.6029987015625 0.4527659578125 0.6012156484375 0.4365036921875 0.5965563203124999 0.42896729999999994 0.6129262234375 0.42784464062499994 0.652852146875 0.4203088234375 0.66780625625 0.41201208281249996 0.6682410703125 0.40690722187499995 0.6608432296875 0.382175225 0.71456395 0.384196346875 0.7314782421875 0.3977752234375 0.730766603125 0.3967943140625 0.72287524375 0.39932673125 0.7170691203125 0.401661234375 0.714697225 0.40270277187500003 0.7109249375 0.41191871718749995 0.6993941718750001 0.41940272187499994 0.696671575 0.4246436796875 0.6913466734375
0 0.38651597656250003 0.5410598921875 0.37928474375 0.5423852515625 0.3893863640625 0.587315915625 0.40562261250000003 0.5375579796875 0.402506209375 0.5381291625 0.406757240625 0.534080778125 0.38592099375 0.540379225 0.38651597656250003 0.5410598921875
0 0.42784464062499994 0.652852146875 0.42948414843749994 0.594545140625 0.4043768 0.587351590625 0.3893863640625 0.587315915625 0.393088090625 0.5948770453125001 0.3985071109375 0.6486699859375 0.41201208281249996 0.6682410703125 0.4203088234375 0.66780625625 0.42784464062499994 0.652852146875
1 0.8058795562500001 0.7656943468749999 0.8367815375 0.7579761796875 0.842213959375 0.7595133875 0.7839613437499999 0.6344849906250001 0.70748378125 0.6216851765625 0.7154355375 0.6479552171875 0.7135464296875 0.6504799265625001 0.6962714921875001 0.6602795265625 0.681311425 0.6441272734375 0.6550191296875 0.6941397703125001 0.7481044296875 0.7720112421875001 0.8058795562500001 0.7656943468749999
1 0.5829355296875 0.888296521875 0.5835576265625 0.90016683125 0.7683442125 0.900582259375 0.9046127281249999 0.8934407296875 0.8719889171874999 0.82341979375 0.8761970984375 0.8506430734375 0.8752092781249999 0.8783421203125 0.8678879531250001 0.8860442093750001 0.8495128546874999 0.8922927171874999 0.7909773 0.8925143921875 0.757835503125 0.8962841687499999 0.7385237046875 0.892417325 0.719530646875 0.89463244375 0.71090965625 0.8930513609374999 0.7007747828124999 0.8858575328124999 0.6800587953125 0.8629551359375001 0.665665240625 0.8640619468749999 0.666685134375 0.8733192531249999 0.6107777 0.8865402031249999 0.5829355296875 0.888296521875
5 0.610100115625 0.6395862078125 0.6333377828125 0.592984275 0.6148039875 0.5767163890625 0.6133146296875001 0.5742964609375 0.612607575 0.580538684375 0.6064454515625 0.5900866421875001 0.597997871875 0.5951418687500001 0.59565254375 0.5954824421875 0.60986996875 0.6393377203124999 0.610100115625 0.6395862078125
5 0.681311425 0.6441272734375 0.6962714921875001 0.6602795265625 0.7135464296875 0.6504799265625001 0.7154355375 0.6479552171875 0.70748378125 0.6216851765625 0.700461309375 0.620509846875 0.6954838265625 0.6171689109375 0.681311425 0.6441272734375
6 0.6553237515625 0.6041822390625 0.638212409375 0.5972629375 0.6333377828125 0.592984275 0.6028364109375 0.654153190625 0.594039053125 0.6924250984375 0.5925994125 0.709950584375 0.6088371015625 0.70769343125 0.6452699984375 0.7052541999999999 0.6550191296875 0.6941397703125001 0.6954838265625 0.6171689109375 0.6913583265625001 0.6143998359375 0.686367765625 0.6016882546875 0.671586546875 0.6055631046875 0.6553237515625 0.6041822390625
6 0.6148039875 0.5767163890625 0.638212409375 0.5972629375 0.6553237515625 0.6041822390625 0.671586546875 0.6055631046875 0.686367765625 0.6016882546875 0.6843899734375001 0.5966505703125 0.6857523249999999 0.5598013203125001 0.6952996078125 0.51154465625 0.7000655859375 0.5024477859375 0.696068709375 0.5058849421875 0.6830057625 0.5075316828124999 0.6785504421875 0.508093328125 0.6556151078125 0.493214659375 0.6430472265625 0.4934159171875 0.6268354625 0.49763640000000003 0.60649541875 0.5193545328125 0.6116230328125 0.5324152078125 0.615060265625 0.5588851109374999 0.6133146296875001 0.5742964609375 0.6148039875 0.5767163890625
5 0.4382256078125 0.80317395625 0.4344016703125 0.8082844828125 0.4253816640625 0.80793885 0.42194613125 0.8048454828124999 0.418984546875 0.795180446875 0.4181094859375 0.770675690625 0.40516208281250005 0.7578513953125 0.399345840625 0.7405616046875 0.399246040625 0.7368280453125 0.3579643203125 0.742566490625 0.35760090624999996 0.757450265625 0.3678442890625 0.843814928125 0.377793715625 0.9027524187499999 0.382023840625 0.907104490625 0.4586934546875 0.9082318890625001 0.557213065625 0.889919128125 0.6107777 0.8865402031249999 0.666685134375 0.8733192531249999 0.665665240625 0.8640619468749999 0.663456021875 0.8642318265625001 0.658377959375 0.86043218125 0.6517664875 0.8428892593749999 0.652517115625 0.8261802390625 0.65832283125 0.8205904671875001 0.6608104265625 0.81999611875 0.6481478734375 0.705061521875 0.6088371015625 0.70769343125 0.460083509375 0.7283712140625 0.4605756515625 0.7377618625 0.4582966625 0.7489290765625001 0.45204403906249996 0.7623504234375 0.4402942140625 0.772377275 0.4402462390625 0.794884521875 0.4382256078125 0.80317395625
6 0.8058795562500001 0.7656943468749999 0.7416020328124999 0.7727221875 0.704170128125 0.77996941875 0.68805609375 0.7905717812499999 0.673581715625 0.8169447390625001 0.65832283125 0.8205904671875001 0.652517115625 0.8261802390625 0.6517664875 0.8428892593749999 0.658377959375 0.86043218125 0.663456021875 0.8642318265625001 0.6800587953125 0.8629551359375001 0.7007747828124999 0.8858575328124999 0.71090965625 0.8930513609374999 0.719530646875 0.89463244375 0.7385237046875 0.892417325 0.757835503125 0.8962841687499999 0.7909773 0.8925143921875 0.8495128546874999 0.8922927171874999 0.8678879531250001 0.8860442093750001 0.8752092781249999 0.8783421203125 0.8761970984375 0.8506430734375 0.8669702171875 0.790953153125 0.8632607421875 0.7744778765625 0.8561783328124999 0.7634648765625001 0.8367815375 0.7579761796875 0.8058795562500001 0.7656943468749999
3 0.5456481796875 0.5580398046874999 0.5099980671875 0.587031853125 0.49779234375000003 0.5841554921875 0.49225815781250004 0.574399709375 0.4931046046875 0.561798078125 0.5037855921875 0.54516500625 0.5173691921875 0.5168271234375 0.5180426578125 0.5074889640625 0.47573131249999995 0.5113494484375 0.4094182796875 0.5368623015625 0.402506209375 0.5381291625 0.3978832046875 0.5425317890625 0.3886149796875 0.543461178125 0.38651597656250003 0.5410598921875 0.354594796875 0.5469104890625001 0.332508309375 0.5557555046875 0.328497715625 0.567240709375 0.3313992390625 0.5834886703125 0.337396303125 0.5903493890625 0.3492854609375 0.5922888093750001 0.3669595734375 0.587262540625 0.4043768 0.587351590625 0.4527659578125 0.6012156484375 0.48719695625000004 0.6029987015625 0.539732809375 0.5981954109375 0.5593419953125001 0.6007552421875 0.597997871875 0.5951418687500001 0.6064454515625 0.5900866421875001 0.612607575 0.580538684375 0.615060265625 0.5588851109374999 0.6116230328125 0.5324152078125 0.60649541875 0.5193545328125 0.575493065625 0.5524573734375 0.563232709375 0.5581228203124999 0.5456481796875 0.5580398046874999
1 0.71818093125 0.384519365625 0.7030369734375 0.3853130265625 0.6380623390625 0.3930964984375 0.641173265625 0.3968211015625 0.65967235 0.433523415625 0.6613373046875 0.4390987984375 0.6732175140625001 0.4309552421875 0.6948001890625 0.424232871875 0.70337858125 0.4237832984375 0.70800495625 0.42999230468749994 0.7126446921875 0.477489984375 0.7090942625000001 0.4872176 0.70673371875 0.49368511875000004 0.7164814953125 0.4862819421875 0.73030430625 0.488012928125 0.7297174281250001 0.47681460781249996 0.728492159375 0.4635543453125 0.7257373140625 0.4633935625 0.721773334375 0.4589382015625 0.7255402078125 0.4316073421875 0.72146220625 0.38747383750000003 0.71818093125 0.384519365625
6 0.4605756515625 0.7377618625 0.45993409218750003 0.725520178125 0.45418200625000005 0.7094545546875 0.44761207187499996 0.7012061562499999 0.43618823281249997 0.6940304921875 0.42637349999999996 0.6941356828125 0.41191871718749995 0.6993941718750001 0.40270277187500003 0.7109249375 0.3989198703125 0.724626028125 0.399345840625 0.7405616046875 0.40516208281250005 0.7578513953125 0.4181094859375 0.770675690625 0.418984546875 0.795180446875 0.42194613125 0.8048454828124999 0.4253816640625 0.80793885 0.4344016703125 0.8082844828125 0.4382256078125 0.80317395625 0.4402462390625 0.794884521875 0.4402942140625 0.772377275 0.45204403906249996 0.7623504234375 0.4582966625 0.7489290765625001 0.4605756515625 0.7377618625
6 0.921028 0.545275353125 0.915699578125 0.5378696796875 0.8738948625 0.536218109375 0.8624874468750001 0.5280331765625 0.8470209078125001 0.50524005 0.7999164609375 0.49673022656250004 0.7164814953125 0.4862819421875 0.70673371875 0.49368511875000004 0.7051228 0.498098778125 0.7000655859375 0.5024477859375 0.6952996078125 0.51154465625 0.6857523249999999 0.5598013203125001 0.6843899734375001 0.5966505703125 0.6913583265625001 0.6143998359375 0.700461309375 0.620509846875 0.82284680625 0.6409931296875 0.8573102078125 0.6177789765624999 0.8721479171875 0.6180992125 0.9044433453125 0.6268362187500001 0.9168068109374999 0.611367353125 0.9411514765625 0.6150318109375 0.9479236625 0.60808981875 0.9538351781250001 0.5847252375 0.951850978125 0.56781260625 0.94827956875 0.5625105453125 0.925087121875 0.559883546875 0.921028 0.545275353125
5 0.7947262453125 0.3828367890625 0.7840080875 0.374072296875 0.75503178125 0.36393312031249997 0.74573111875 0.3644205484375 0.7325843796875 0.38049778125 0.721773334375 0.4589382015625 0.7257373140625 0.4633935625 0.7383663234375 0.464130634375 0.7471024890625 0.4706674484375 0.7868233015625 0.48117615 0.7984366234375 0.4269418265625 0.798192909375 0.42229149374999997 0.7929556875 0.4202344125 0.792246940625 0.41560845312500005 0.7929820359375 0.4118394453125 0.8009607140625 0.41282023125 0.7999371171874999 0.3932888390625 0.7947262453125 0.3828367890625
3 0.6479613484375 0.4750791828125 0.658270940625 0.44120070624999996 0.6613373046875 0.4390987984375 0.65967235 0.433523415625 0.641173265625 0.3968211015625 0.6250957421875001 0.3775720546875 0.6152108296875001 0.3710580296875 0.6076971062500001 0.3714518078125 0.5922978671875 0.3843138265625 0.5768240203125 0.4060944609375 0.5837823125 0.42409167343750004 0.585246903125 0.43510650625 0.5817054359375 0.44372171250000003 0.52349803125 0.48269029999999996 0.5188236921875 0.49665926406249994 0.5173691921875 0.5168271234375 0.5037855921875 0.54516500625 0.4931046046875 0.561798078125 0.49225815781250004 0.574399709375 0.49779234375000003 0.5841554921875 0.5099980671875 0.587031853125 0.5456481796875 0.5580398046874999 0.563232709375 0.5581228203124999 0.575493065625 0.5524573734375 0.6479613484375 0.4750791828125
3 0.5837823125 0.42409167343750004 0.5740309078125 0.398870240625 0.56036703125 0.37518484218750003 0.5542905734375 0.3692920078125 0.5489811953125 0.3695702609375 0.5180756171875001 0.38938015625 0.5028894875 0.40437325937499996 0.48737872812500005 0.4131720859375 0.458032371875 0.437336903125 0.4123774671875 0.4974058265625 0.387130965625 0.515144490625 0.38102755781250003 0.525668615625 0.3834234203125 0.5375219671875 0.3886149796875 0.543461178125 0.3978832046875 0.5425317890625 0.406757240625 0.534080778125 0.43659053906249995 0.5192073749999999 0.49255147343749994 0.5034083468749999 0.5817054359375 0.44372171250000003 0.585246903125 0.43510650625 0.5837823125 0.42409167343750004
6 0.6948001890625 0.424232871875 0.6732175140625001 0.4309552421875 0.658270940625 0.44120070624999996 0.647630571875 0.47616615625 0.6509458859375 0.49018562968749996 0.6785504421875 0.508093328125 0.696068709375 0.5058849421875 0.7051228 0.498098778125 0.7126446921875 0.477489984375 0.70800495625 0.42999230468749994 0.70337858125 0.4237832984375 0.6948001890625 0.424232871875