5 0.513311028125 0.6984530875 0.5133146015625 0.698471853125 0.5001866625 0.6989641515625 0.50055573125 0.718323796875 0.5392309375 0.7181417953125 0.5582817671875 0.716503940625 0.5573613859375001 0.7146631796875 0.5255407953125 0.7116612375 0.513311028125 0.6984530875
5 0.4983315453125 0.601653259375 0.49086355 0.5094572765625001 0.4996582921875 0.698983965625 0.5001866625 0.6989641515625 0.4983315453125 0.601653259375
5 0.508729915625 0.62040218125 0.5165349671875 0.6065932453125 0.5190912109375 0.6048549984375 0.4983315453125 0.601653259375 0.5019833421875 0.6389827390625 0.50265318125 0.6424993984375 0.508729915625 0.62040218125
1 0.5086117906250001 0.31380854375 0.503348209375 0.39276223906249996 0.499998659375 0.395154775 0.49042851406250004 0.39228373125 0.47750881874999995 0.40089686249999995 0.47511628281249996 0.4032893984375 0.47511628281249996 0.40950999218749995 0.4674601671875 0.414295065625 0.459219175 0.429042103125 0.4725220671875 0.42538849218749997 0.47467948125000003 0.42538849218749997 0.49194024687500004 0.412630534375 0.50789024375 0.4046555359375 0.523840240625 0.3904777609375 0.5557402328125 0.3723124875 0.5610568984375 0.3723124875 0.5668166203125 0.37851526406249997 0.5792221734375 0.4028833140625 0.581633371875 0.4102438140625 0.5982259234375 0.38930286718749996 0.614277203125 0.377264409375 0.6218012390625 0.377264409375 0.6220543296875001 0.3774508953125 0.661734109375 0.32768525312499996 0.574645790625 0.325771225 0.5167464125000001 0.330077790625 0.5133968624999999 0.32768525312499996 0.5124398484375 0.31476555781250004 0.5086117906250001 0.31380854375
1 0.5176259890625 0.5084229796875 0.4983211328125 0.6015468203125 0.6289896953125 0.382561165625 0.6220543296875001 0.3774508953125 0.5176259890625 0.5084229796875
6 0.508729915625 0.62040218125 0.50265318125 0.6424993984375 0.513311028125 0.6984530875 0.5255407953125 0.7116612375 0.5573613859375001 0.7146631796875 0.5582817671875 0.716503940625 0.5743101734375 0.7151259328124999 0.5821658546874999 0.7094674359375001 0.5838394250000001 0.6970830109375 0.594627721875 0.6593239703125 0.60264385 0.6451571046875 0.6024270234375 0.6448969124999999 0.590524290625 0.6003576546875 0.553987546875 0.6037228812500001 0.5345392062500001 0.6001402921875 0.5255088796875 0.600490984375 0.5165349671875 0.6065932453125 0.508729915625 0.62040218125
5 0.392070121875 0.44748444843749996 0.38923730624999997 0.45654945625 0.39376981093749996 0.4758125984375 0.377906046875 0.4803451015625 0.345355315625 0.54161706875 0.3523389640625 0.5392362796875 0.3775486796875 0.533248971875 0.37840322656250003 0.5258022109375 0.380565821875 0.5242575 0.3798472140625 0.5194069015625 0.38649304687499997 0.5092166265625 0.41263331875000003 0.4928235734375 0.4613694203125 0.4352263640625 0.47467948125000003 0.42538849218749997 0.4725220671875 0.42538849218749997 0.392070121875 0.44748444843749996
5 0.3908654171875 0.6431545109375 0.39861691875 0.6557507 0.4231545453125 0.6090538984375 0.42463267812499994 0.5907250546875 0.43153734374999997 0.5931008531249999 0.47517058749999996 0.51006376875 0.4114247171875 0.53082946875 0.4090828125 0.5274230625 0.41751461250000005 0.5237570625 0.3775486796875 0.533248971875 0.3772319078125 0.5360094156249999 0.3523389640625 0.5392362796875 0.3570304234375 0.5814474703125 0.3625749328125 0.5801801531249999 0.38496819375 0.58140718125 0.38826912812500003 0.5891516828125 0.3908654171875 0.6431545109375
5 0.3223828734375 0.618019909375 0.3286150671875 0.664478075 0.34561195625 0.7251003140625001 0.3660082234375 0.7251003140625001 0.363741971875 0.7115028031249999 0.3660082234375 0.708103425 0.37110729062500003 0.708103425 0.3570304234375 0.5814474703125 0.3446619875 0.584274540625 0.33289062343750003 0.5817155484375001 0.32829858437500004 0.5758711359375 0.323516 0.5919580109375 0.3223828734375 0.618019909375
5 0.3905596203125 0.7092563359375 0.39179715625 0.705543728125 0.4016039453125 0.694511090625 0.4092201828125 0.6921839078125 0.41473264218750006 0.6871405937499999 0.4679895625 0.7001715421875 0.5133146015625 0.698471853125 0.5019833421875 0.6389827390625 0.4983211328125 0.6015468203125 0.48182396718750004 0.6021874859375 0.4475334734375 0.598604896875 0.43153734374999997 0.5931008531249999 0.4231545453125 0.6090538984375 0.4199438640625 0.6488663484375 0.41163573593749997 0.6634055703125 0.40332760937499995 0.6634055703125 0.39861691875 0.6557507 0.37110729062500003 0.708103425 0.3722404171875 0.7251003140625001 0.385837928125 0.7251003140625001 0.38527136562500003 0.7171684328125 0.38810418125 0.7115028031249999 0.3905596203125 0.7092563359375
0 0.4037863203125 0.5325671765625 0.4006442953125 0.5329744765625 0.4051013765625 0.529154121875 0.38396405 0.534353453125 0.38452259375 0.5350643265625 0.3772319078125 0.5360094156249999 0.38496819375 0.58140718125 0.4037863203125 0.5325671765625
0 0.38826912812500003 0.5891516828125 0.3908654171875 0.6431545109375 0.40332760937499995 0.6634055703125 0.41163573593749997 0.6634055703125 0.4199438640625 0.6488663484375 0.42463267812499994 0.5907250546875 0.39993621875 0.582227346875 0.38496819375 0.58140718125 0.38826912812500003 0.5891516828125
1 0.6876141265625 0.6703319249999999 0.6735199046875 0.653418859375 0.644646190625 0.7019867828125 0.7335284421875 0.7846232421875 0.791554990625 0.7813387203125 0.822818559375 0.775248415625 0.8281630859375 0.7770678281250001 0.776533784375 0.649162071875 0.700830921875 0.6323772734374999 0.7073969124999999 0.659027475 0.7053782609375 0.66144985625 0.6876141265625 0.6703319249999999
1 0.6608164265625 0.8718812671875 0.646384671875 0.8722332609375 0.646918678125 0.8815312578125001 0.59039593125 0.8918081203125 0.5625 0.8921048859375 0.5625 0.9039914843749999 0.7470116 0.9140773265625001 0.8834671234375 0.9140773265625001 0.8545526359375 0.842444953125 0.8573302921874999 0.8698511640625 0.8548941703124999 0.8974605515625 0.8471797828125001 0.9047689171875 0.8285028453125 0.9100471828125001 0.770035909375 0.907205040625 0.7367422375 0.9092351421875 0.7176592796875 0.9043628968749999 0.698576321875 0.905580959375 0.69004989375 0.9035508562500001 0.6803054046875 0.89583646875 0.6608164265625 0.8718812671875
5 0.6015848015625 0.5955341062499999 0.592884228125 0.6001402921875 0.590524290625 0.6003576546875 0.6024270234375 0.6448969124999999 0.60264385 0.6451571046875 0.6282886265625 0.5998352031249999 0.6106316265625 0.582619628125 0.6092709593750001 0.5801250703124999 0.6082381812500001 0.586321734375 0.6015848015625 0.5955341062499999
5 0.7073969124999999 0.659027475 0.700830921875 0.6323772734374999 0.6938795859375 0.6308360265624999 0.6890837750000001 0.62723916875 0.6735199046875 0.653418859375 0.6876141265625 0.6703319249999999 0.7053782609375 0.66144985625 0.7073969124999999 0.659027475
6 0.6890837750000001 0.62723916875 0.6851088515625 0.6242579765625 0.6807904031249999 0.6113026296874999 0.665826646875 0.6143985796875 0.649658409375 0.612168478125 0.6329326453124999 0.6043631203125 0.6282886265625 0.5998352031249999 0.594627721875 0.6593239703125 0.5838394250000001 0.6970830109375 0.58148454375 0.7145091328125 0.597818109375 0.7131048890625 0.6343287359375 0.71257575 0.644646190625 0.7019867828125 0.6890837750000001 0.62723916875
6 0.6053365328125 0.5249015484374999 0.6097735765625 0.5382126828125 0.6118207703125 0.5648262 0.6092709593750001 0.5801250703124999 0.6106316265625 0.582619628125 0.6329326453124999 0.6043631203125 0.649658409375 0.612168478125 0.665826646875 0.6143985796875 0.6807904031249999 0.6113026296874999 0.6790789734375 0.6061683390625 0.6823679984375 0.5694408906249999 0.69442775625 0.5217500265624999 0.6996632953125 0.5129150546875 0.695492009375 0.5161383203125001 0.68236078125 0.5170991421875 0.6778821734375 0.5174268453125 0.655756959375 0.5013682234375 0.6431957703125 0.500911453125 0.626785340625 0.50427769375 0.6053365328125 0.5249015484374999
5 0.445325875 0.74640534375 0.4383794 0.7594810609375 0.42612091406249997 0.7688792328125 0.424895065625 0.7913531218750001 0.42244336875000005 0.7995254453125 0.41835720781249996 0.8044288390625001 0.4093676515625 0.8036116078125 0.406098721875 0.800342678125 0.403647025 0.790535890625 0.4040556421875 0.7660189203125001 0.39179715625 0.7525345859375 0.3868937625 0.7349640921875 0.3869894984375 0.7312304265625 0.3454640265625 0.7348004890625 0.344322153125 0.749644846875 0.3500315203125 0.836427246875 0.3568827625 0.895804678125 0.3608793203125 0.9003721734375001 0.4373848578125 0.9055106046875 0.5367278671875 0.8923790578125 0.59039593125 0.8918081203125 0.646918678125 0.8815312578125001 0.646384671875 0.8722332609375 0.644169590625 0.8722872875000001 0.6392973453125 0.8682270828125 0.633613059375 0.8503621859375 0.6352371421874999 0.83371535 0.641327446875 0.8284370859375001 0.6438427390625 0.8279737421875 0.6372127515625 0.712533953125 0.597818109375 0.7131048890625 0.4481861875 0.725969171875 0.4481861875 0.7353727078125 0.445325875 0.74640534375
6 0.8512399859374999 0.8097601484375 0.8483978437499999 0.7931133125 0.8419015171875 0.781744740625 0.822818559375 0.775248415625 0.791554990625 0.7813387203125 0.7269977484375 0.7849929046875 0.6892378531250001 0.79027116875 0.6725910171875 0.8000156578125001 0.656756221875 0.8255949421875 0.641327446875 0.8284370859375001 0.6352371421874999 0.83371535 0.633613059375 0.8503621859375 0.6392973453125 0.8682270828125 0.644169590625 0.8722872875000001 0.6608164265625 0.8718812671875 0.6803054046875 0.89583646875 0.69004989375 0.9035508562500001 0.698576321875 0.905580959375 0.7176592796875 0.9043628968749999 0.7367422375 0.9092351421875 0.770035909375 0.907205040625 0.8285028453125 0.9100471828125001 0.8471797828125001 0.9047689171875 0.8548941703124999 0.8974605515625 0.8573302921874999 0.8698511640625 0.8512399859374999 0.8097601484375
3 0.6097735765625 0.5382126828125 0.6053365328125 0.5249015484374999 0.5726441984374999 0.5563364843749999 0.5601041375 0.561352509375 0.5425480515625 0.5603493046875 0.5054294703125 0.5874358375 0.4933910109375 0.5839246203124999 0.4883749875 0.5738925703125 0.48987979375 0.561352509375 0.50141665 0.5453012312500001 0.516464725 0.5177130953125 0.5176259890625 0.5084229796875 0.47517058749999996 0.51006376875 0.40761319531250007 0.5320711015625 0.4006442953125 0.5329744765625 0.3957972109375 0.5371291203124999 0.38649304687499997 0.537572175 0.38452259375 0.5350643265625 0.3523389640625 0.5392362796875 0.3298198328125 0.54691325625 0.325213646875 0.5581728218750001 0.327260840625 0.5745503703125 0.33289062343750003 0.5817155484375001 0.3446619875 0.584274540625 0.3625749328125 0.5801801531249999 0.39993621875 0.582227346875 0.4475334734375 0.598604896875 0.48182396718750004 0.6021874859375 0.5345392062500001 0.6001402921875 0.553987546875 0.6037228812500001 0.592884228125 0.6001402921875 0.6015848015625 0.5955341062499999 0.6082381812500001 0.586321734375 0.6118207703125 0.5648262 0.6097735765625 0.5382126828125
1 0.72734378125 0.4752579078125 0.7236184109375 0.47060119531250005 0.7288105078125 0.44350493437500005 0.7270478640625 0.3992184875 0.7239257109375 0.3960963359375 0.7087609703125 0.3960963359375 0.6434680265625 0.40046863125 0.646379759375 0.4043509421875 0.662932640625 0.44197112499999996 0.6643035203125 0.447626003125 0.6765936484374999 0.4401153703125 0.6984985671875 0.4345317625 0.70708873125 0.4345317625 0.7113838125 0.44097438593750005 0.7135313531249999 0.488649796875 0.7094766859375 0.498178265625 0.7067808921875 0.5045133796875 0.7169027625 0.49763050781249996 0.7306160375 0.5000825515625 0.7306160375 0.4888688640625 0.7300864375 0.4755626484375 0.72734378125 0.4752579078125
6 0.424895065625 0.7913531218750001 0.42612091406249997 0.7688792328125 0.4383794 0.7594810609375 0.445325875 0.74640534375 0.4481861875 0.7353727078125 0.4481861875 0.7231142234375 0.44328279375 0.7067695765625001 0.4371535515625 0.6981886375 0.42612091406249997 0.6904249296875 0.4163141265625 0.6900163140625 0.4016039453125 0.694511090625 0.39179715625 0.705543728125 0.38730237968750003 0.7190280609374999 0.3868937625 0.7349640921875 0.39179715625 0.7525345859375 0.4040556421875 0.7660189203125001 0.403647025 0.790535890625 0.406098721875 0.800342678125 0.4093676515625 0.8036116078125 0.41835720781249996 0.8044288390625001 0.42244336875000005 0.7995254453125 0.424895065625 0.7913531218750001
6 0.9487790359374999 0.608361021875 0.94768269375 0.591367725 0.9443936687500001 0.5858860171875 0.9213704921874999 0.5820488203124999 0.9180814671874999 0.5672482078125001 0.9131479296875 0.5595738156250001 0.8714869437500001 0.55573661875 0.8605235265625 0.5469658859375001 0.8462710843749999 0.5233945390625 0.7996765625 0.512431121875 0.7169027625 0.49763050781249996 0.7067808921875 0.5045133796875 0.7049411890624999 0.50883668125 0.6996632953125 0.5129150546875 0.69442775625 0.5217500265624999 0.6823679984375 0.5694408906249999 0.6790789734375 0.6061683390625 0.6851088515625 0.6242579765625 0.6938795859375 0.6308360265624999 0.8150253453125 0.6576964000000001 0.8506564515624999 0.6363177359375001 0.865457065625 0.6374140781250001 0.8972509750000001 0.6478293234375 0.910407075 0.6330287109375 0.93452659375 0.6379622484375 0.9416528140624999 0.6313841984375 0.9487790359374999 0.608361021875
5 0.7962631390625 0.43101913124999996 0.79719448125 0.4272937609375 0.80511089375 0.428690775 0.80511089375 0.40913257812500003 0.8004541812499999 0.3984221375 0.7902094109375 0.3891087109375 0.761803459375 0.377466928125 0.7524900328124999 0.377466928125 0.73851989375 0.39283408125 0.7236184109375 0.47060119531250005 0.72734378125 0.4752579078125 0.7399169078125001 0.47665492187499997 0.748298990625 0.4836399921875 0.787415384375 0.49621311874999996 0.8018511953124999 0.442660915625 0.8018511953124999 0.43800420156250003 0.7967288109374999 0.4356758453125 0.7962631390625 0.43101913124999996
3 0.5054294703125 0.5874358375 0.5425480515625 0.5603493046875 0.5601041375 0.561352509375 0.5726441984374999 0.5563364843749999 0.649062828125 0.482857034375 0.661131353125 0.44956455 0.6643035203125 0.447626003125 0.662932640625 0.44197112499999996 0.646379759375 0.4043509421875 0.6313316859375 0.38428684375 0.6218012390625 0.377264409375 0.614277203125 0.377264409375 0.5982259234375 0.38930286718749996 0.581633371875 0.4102438140625 0.5876402265625 0.42858053125 0.5885263375 0.43965691875 0.5845388390624999 0.448074971875 0.5243717484375 0.4839438140625 0.5189727359375 0.4976489984375 0.516464725 0.5177130953125 0.50141665 0.5453012312500001 0.48987979375 0.561352509375 0.4883749875 0.5738925703125 0.4933910109375 0.5839246203124999 0.5054294703125 0.5874358375
3 0.43567220312500005 0.5158624578125 0.4923833015625 0.50301385 0.5845388390624999 0.448074971875 0.5885263375 0.43965691875 0.5876402265625 0.42858053125 0.5792221734375 0.4028833140625 0.5668166203125 0.37851526406249997 0.5610568984375 0.3723124875 0.5557402328125 0.3723124875 0.523840240625 0.3904777609375 0.50789024375 0.4046555359375 0.49194024687500004 0.412630534375 0.4613694203125 0.4352263640625 0.41263331875000003 0.4928235734375 0.38649304687499997 0.5092166265625 0.3798472140625 0.5194069015625 0.3816194359375 0.5313693984375 0.38649304687499997 0.537572175 0.3957972109375 0.5371291203124999 0.4051013765625 0.529154121875 0.43567220312500005 0.5158624578125
6 0.7049411890624999 0.50883668125 0.7135313531249999 0.488649796875 0.7113838125 0.44097438593750005 0.70708873125 0.4345317625 0.6984985671875 0.4345317625 0.6765936484374999 0.4401153703125 0.661131353125 0.44956455 0.648675615625 0.48392520625 0.6512526640625 0.4980989765625 0.6778821734375 0.5174268453125 0.695492009375 0.5161383203125001 0.7049411890624999 0.50883668125