5 0.5200828453125 0.4346842171875 0.5189609796875 0.45035515625 0.5196639890625 0.45649566249999995 0.54873605 0.5060781875 0.5486624328125 0.5057732406250001 0.547664515625 0.5040308812500001 0.5498979 0.5050572046874999 0.6267423734374999 0.43752960781250005 0.622447115625 0.41401867656249997 0.619381609375 0.4081682953125 0.5218033078125 0.428479825 0.5200828453125 0.4346842171875
5 0.6498522359375001 0.5212125984375 0.656251784375 0.5252482828125 0.6745996515625 0.5233465734375 0.6802662921875 0.5122892625000001 0.6819443265625 0.49989234375 0.676964590625 0.442827040625 0.6728107859375 0.39704667968749996 0.6267423734374999 0.43752960781250005 0.627249825 0.44030724218749995 0.6246047234375001 0.466165075 0.6142807453125 0.491459125 0.6224579593749999 0.48977739062500003 0.63348020625 0.4896438296875 0.643174384375 0.49819000625000004 0.6434520046875 0.49815098906250005 0.6461584984375001 0.5174086953125 0.6498522359375001 0.5212125984375
1 0.5439441281249999 0.761280365625 0.6207156312500001 0.7551292296875001 0.5620367671875 0.6725319796875 0.555106990625 0.6751439687499999 0.5439441281249999 0.761280365625
6 0.6207156312500001 0.7551292296875001 0.6199977671875 0.781375896875 0.62447628125 0.7853750374999999 0.635401740625 0.8048460875 0.6411220906249999 0.8328816046874999 0.6366888421875 0.8371668390625 0.6369562640625 0.841466790625 0.6358345015625 0.8448067765625 0.6317466734375 0.8459116734375 0.6210578 0.8463648656249999 0.6029115234375 0.8595213625 0.607786584375 0.8720637078125 0.6172319953125001 0.8847771140624999 0.623343434375 0.8896622015625001 0.64839135625 0.8998637078125 0.6502976921875 0.9066162249999999 0.6608984015625 0.9025735078125001 0.6824415078125 0.9014604859375 0.6878103671875 0.8987912765624999 0.690905834375 0.8935695765625 0.6911612484375 0.8794928078125 0.6982233078125 0.85935365625 0.7008451499999999 0.84622075 0.6967550640625 0.817118275 0.6945476312500001 0.7855174359375 0.6951937859374999 0.7764915234374999 0.69005158125 0.75806756875 0.68693243125 0.7540383859374999 0.6837591546875 0.7541652515624999 0.6721655281250001 0.7624959546875 0.6598496218750001 0.754334409375 0.6451520671875 0.751932465625 0.622122121875 0.7583602203125 0.6207156312500001 0.7551292296875001
3 0.6659105390625 0.5365519984375 0.6573069421875 0.5259136875 0.6463858859375 0.51902665 0.6499375656249999 0.5442981671875 0.6588369609375 0.56321159375 0.6596655296875 0.569107165625 0.6581639890625001 0.5760375078125 0.6531148640625 0.5792883453125001 0.653178059375 0.58110615625 0.6545718078125 0.6211986046875 0.658770540625 0.625043634375 0.6589792437499999 0.6245203781249999 0.666262240625 0.6113108546875 0.668706053125 0.59979693125 0.6681731453124999 0.583962371875 0.6652125734375 0.5725309875 0.6704321390625 0.5494564890625 0.6659105390625 0.5365519984375
3 0.5708462796875 0.66038138125 0.5603317390625 0.660686065625 0.56287918125 0.67052226875 0.56369523125 0.6720735343750001 0.595896946875 0.66468231875 0.6034137296875 0.663883065625 0.5960577875 0.6568381359375 0.575894471875 0.6596719046875 0.5708462796875 0.66038138125
1 0.49468353593750003 0.63715790625 0.5241971203125 0.6257354937499999 0.523941790625 0.6179557984375 0.495658621875 0.6218031984375 0.46689549843749995 0.6257158890625 0.4455304671875 0.6268415234375 0.4347303625 0.6300027906250001 0.44430757343750005 0.6533957046875 0.4515418953125 0.6523789875 0.49468353593750003 0.63715790625
6 0.5171155828125 0.7991614796875 0.583311225 0.7994147390624999 0.609050575 0.7980890828125 0.630966484375 0.7969603421875 0.6352722046875 0.8143884375000001 0.6366888421875 0.8371668390625 0.6411220906249999 0.8328816046874999 0.635401740625 0.8048460859375 0.62447628125 0.7853750390625 0.6199977671875 0.781375896875 0.6208677953125 0.7495658187500001 0.6193471984375 0.742963490625 0.5961579703125001 0.7509615546874999 0.552726696875 0.760624840625 0.5512656312499999 0.76073389375 0.53545146875 0.7726076265625 0.51959645 0.7940622109375 0.5171155828125 0.7991614796875
6 0.5593368953125 0.8817602499999999 0.57180803125 0.8792954625 0.5850869203125 0.8724446374999999 0.6210577984375 0.8463648656249999 0.6101295343750001 0.8468282078125 0.5622226515625 0.845605246875 0.5507038546875 0.8461791125 0.5329907390625 0.8470615796875001 0.5218714984374999 0.8457172890625 0.5219706609375 0.8464228625000001 0.5192473234375 0.8599791828125 0.5239655203125 0.8682171515625001 0.531788290625 0.8706781593749999 0.5349136265625 0.8777158203125 0.5425835265625001 0.881622484375 0.5593368953125 0.8817602499999999
6 0.645934990625 0.7273552265625 0.650499334375 0.7112896 0.650123909375 0.7086183140625 0.6034137296875 0.663883065625 0.5958969453125 0.66468231875 0.5625644703125 0.6723330765625 0.521155159375 0.687941178125 0.5175049265625 0.6911402843750001 0.5159792734375 0.69460604375 0.5119953953125 0.69596890625 0.505837946875 0.7013653671875 0.49562909218750006 0.715258096875 0.48873461406249996 0.7147439609374999 0.4742224078125 0.7212327921874999 0.471703609375 0.73285828125 0.4747066796875 0.7457840499999999 0.48133701406249996 0.752860909375 0.495298921875 0.7508986906249999 0.501871078125 0.7470088515625 0.5266849109375 0.7589456453125 0.5392239 0.7616326812499999 0.5527266984375 0.760624840625 0.5961579703125001 0.7509615546874999 0.629540759375 0.7394476890624999 0.63785815625 0.735312571875 0.645934990625 0.7273552265625
1 0.6635298859375001 0.7214574796875 0.666428225 0.722430909375 0.69745361875 0.6631851015625 0.697411534375 0.6604294828125 0.6545718078125 0.6211986046875 0.6555202453125 0.6484812343749999 0.5960577875 0.6568381375000001 0.6635298859375001 0.7214574796875
3 0.4284856515625 0.3959656015625 0.433744290625 0.3999282703125 0.46593319062500005 0.3968737015625 0.479786959375 0.4034485515625 0.4875674359375 0.4023550765625 0.496663009375 0.399018596875 0.497238109375 0.3985063796875 0.504253975 0.3812917890625 0.517790815625 0.3737557828125 0.51767841875 0.3719699296875 0.5106643046875 0.3617891109375 0.48083991875 0.3565772125 0.47392393750000006 0.357549190625 0.46279295156250005 0.3661661296875 0.42796538906250003 0.3713546828125 0.42415537187499996 0.381881303125 0.42578000625 0.391350275 0.4284856515625 0.3959656015625
3 0.3313090015625 0.5413520921874999 0.34049831406250003 0.546476609375 0.3498454265625 0.5454195984375 0.36712078125000003 0.5350358765625 0.3713012015625 0.5300854828125 0.37315810625 0.5195589265625 0.37127127031249996 0.5116116359375 0.36880219531249997 0.5068258515624999 0.3497120953125 0.4933404921875 0.33558735781250004 0.493272478125 0.326766709375 0.499901571875 0.3231916546875 0.5073332828125 0.3218068 0.5157403796875 0.32361065624999996 0.5285754859375 0.3313090015625 0.5413520921874999
3 0.5614758531249999 0.38255171718750003 0.5634737703125 0.3944812875 0.56140321875 0.3985463734375 0.5297347828125 0.42564160624999997 0.5218033078125 0.428479825 0.5200828453125 0.4346842171875 0.5189609796875 0.45035515625 0.5205840734375 0.46453222656250004 0.5247426328125 0.478352959375 0.536495840625 0.4962774234375 0.5389919 0.49839921875000004 0.5449416078125 0.499276684375 0.547664515625 0.5040308812500001 0.5506944390624999 0.5054232453124999 0.5545492140625 0.5041340937500001 0.5648991718749999 0.5032457078125 0.5789842375 0.498718253125 0.6142807453125 0.491459125 0.6246047234375001 0.466165075 0.627249825 0.44030724218749995 0.622447115625 0.41401867656249997 0.6148759593750001 0.3995694625 0.59908166875 0.3844291171875 0.5820754484374999 0.37906255 0.5614758531249999 0.38255171718750003
6 0.6171536671875 0.53335133125 0.6324296625 0.52377781875 0.638124653125 0.5240383828125 0.6457261015625 0.53534775625 0.6499375656249999 0.5442981671875 0.643452003125 0.498150990625 0.643174384375 0.4981900078125 0.63348020625 0.4896438296875 0.6224579593749999 0.48977739062500003 0.5789842375 0.498718253125 0.5648991734375 0.50324570625 0.554549215625 0.5041340921875 0.54873605 0.5060781875 0.552022340625 0.5196909828125 0.55224438125 0.5207955171875 0.5625206609375 0.57191460625 0.5602390875000001 0.596084915625 0.56576379375 0.5904381 0.5675802625 0.5756832375000001 0.57195366875 0.5690565765625 0.6171536671875 0.53335133125
6 0.542194640625 0.6315908859375 0.538537321875 0.6282147578124999 0.5376782812500001 0.6260924218749999 0.5358285453125 0.6215224874999999 0.536807725 0.6162056265625 0.523941790625 0.6179557984375 0.524923496875 0.64786750625 0.525976953125 0.655363234375 0.5285055421875 0.659254409375 0.5327823859375 0.6614843687499999 0.5708462796875 0.66038138125 0.6555202453125 0.6484812328125 0.6531148640625 0.5792883453125001 0.5907089125 0.6194679265625 0.58615179375 0.6197547390625 0.5769025875 0.6143353140625 0.5602450218749999 0.6216274578125 0.545760103125 0.6317970875000001 0.542194640625 0.6315908859375
3 0.6324296625 0.52377781875 0.6171536671875 0.53335133125 0.57195366875 0.5690565765625 0.5675802640625001 0.5756832375000001 0.5657637921875 0.5904381 0.5602390875000001 0.596084915625 0.5597002843750001 0.601792825 0.5552092531249999 0.6097944578125001 0.5447276921875 0.6151282609375001 0.536807725 0.6162056265625 0.53582854375 0.6215224890625 0.5385373234374999 0.628214759375 0.542194640625 0.6315908859375 0.5457601015625 0.631797090625 0.5602450218749999 0.6216274578125 0.5769025875 0.6143353140625 0.58615179375 0.6197547390625 0.5907089125 0.6194679265625 0.6581639890625001 0.5760375078125 0.6596655296875 0.5691071640625001 0.6588369609375 0.5632115921875 0.6457261015625 0.53534775625 0.638124653125 0.5240383828125 0.6324296625 0.52377781875
3 0.370130925 0.6417198015625 0.3719050265625 0.6499001875 0.3756121 0.654062365625 0.3821276109375 0.6537710953125 0.3881317453125 0.6476196703125 0.409185928125 0.6374798265625 0.44553046875 0.6268415218750001 0.40697162656249997 0.6288730265625 0.3885027984375 0.6245964234375 0.3744321203125 0.6345588609374999 0.370130925 0.6417198015625
6 0.562520659375 0.57191460625 0.552022340625 0.5196909828125 0.5486624328125 0.5057732406250001 0.5449416078125 0.499276684375 0.5327559078124999 0.49747952968750003 0.51515455 0.4996022640625 0.4392739296875 0.516584128125 0.4190586953125 0.5225839624999999 0.3629244875 0.54521403125 0.36000364375 0.5543988843750001 0.3629282140625 0.5652190421875 0.3621803296875 0.569886815625 0.358055796875 0.5680096609375 0.353843828125 0.5829915609375 0.358580440625 0.5967158171875 0.3610808359375 0.5995231796875 0.3733632765625 0.6020086859375 0.3783473234375 0.614996221875 0.3881070484375 0.624504784375 0.40697162656249997 0.6288730265625 0.46689549843749995 0.6257158890625 0.5447276921875 0.6151282609375001 0.5552092531249999 0.6097944578125001 0.5597002843750001 0.601792825 0.562520659375 0.57191460625
6 0.5008813062499999 0.8072867859375 0.50363933125 0.8193633124999999 0.5051575109375 0.8377135609374999 0.507631578125 0.843995715625 0.5329907390625 0.8470615796875001 0.5622226515625 0.845605246875 0.6101295343750001 0.8468282078125 0.6317466734375 0.8459116734375 0.6358345015625 0.8448067765625 0.6369562640625 0.841466790625 0.63527220625 0.8143884375000001 0.630966484375 0.7969603421875 0.5833112265625 0.7994147390624999 0.51167019375 0.7991406453125001 0.5027832437499999 0.8038371546875 0.5008813062499999 0.8072867859375
3 0.518569409375 0.668931859375 0.516990953125 0.6632135578125 0.5144309265625 0.659699340625 0.45331613125 0.6548585828125 0.44306644687499996 0.6609478875 0.406893421875 0.6626742046875 0.40464142187499996 0.6668647078125 0.4050206375 0.6750759546875 0.40794070937500004 0.6793143703125 0.43932498437499995 0.6839429421875 0.45746009687500006 0.693532765625 0.5095723640625 0.6967978109375 0.5159792734375 0.69460604375 0.5185242375 0.688824765625 0.519233375 0.6791692234375 0.518569409375 0.668931859375
3 0.5297347828125 0.42564160624999997 0.56140321875 0.3985463734375 0.5634737703125 0.3944812875 0.561127140625 0.380469553125 0.5503382578125 0.3600961234375 0.544156609375 0.35907785468750003 0.504253975 0.3812917890625 0.497238109375 0.3985063796875 0.4932130375 0.40209133750000003 0.46114649218750003 0.41829766875 0.4465506 0.42185862187499995 0.4447401203125 0.4277742 0.446774665625 0.43956534375 0.455661040625 0.45982874375 0.4614605890625 0.46618443750000005 0.46679801249999997 0.4665665375 0.4781450328125 0.450630284375 0.49864049374999997 0.4326534859375 0.50732080625 0.42728204999999997 0.5193140046875 0.4293706046875 0.5297347828125 0.42564160624999997