5 0.5166369578125 0.433722675 0.516336784375 0.44943085156249996 0.5173601999999999 0.45552615 0.5489873671875001 0.5035192109375 0.5488978906249999 0.503218534375 0.547810153125 0.5015307890625 0.550094190625 0.5024388203125 0.6232992296875 0.4309820375 0.6177793921875 0.40772812500000005 0.6144119 0.4020461953125 0.5180303515625 0.42743674374999996 0.5166369578125 0.433722675
5 0.65075705 0.5133408671875 0.6573590390625 0.5170360953124999 0.675582234375 0.5141767374999999 0.6806624140624999 0.5028380109375 0.68168934375 0.4903702609375 0.673729865625 0.4336437828125 0.66718579375 0.3881435546875 0.6232992296875 0.4309820375 0.6239513546875 0.43372930781249996 0.6226631734375 0.4596901375 0.6136771328124999 0.4854898375 0.621755125 0.48338244531249996 0.632755275 0.4826722078125 0.642883440625 0.49069931875000006 0.6431586390625 0.490645825 0.64686929375 0.5097354921874999 0.65075705 0.5133408671875
1 0.5575582625 0.75862243125 0.6339026265625 0.748461815625 0.5709813734375 0.6690487765625 0.5641977953125 0.6720198625 0.5575582625 0.75862243125
6 0.6339026265625 0.748461815625 0.6345593921875 0.774710084375 0.6392410671875 0.77846935625 0.6511705890624999 0.7973419265625 0.6583503640624999 0.8250396437499999 0.6541474625 0.829551021875 0.6546395625 0.8338310859375 0.6536941374999999 0.8372252031249999 0.6496697375 0.838542525 0.63901923125 0.839554509375 0.62158638125 0.853642678125 0.6271111765625 0.86591269375 0.6372090125 0.8781143421875001 0.643567740625 0.8826728859375 0.6691152406249999 0.8915495046874999 0.6713723625 0.8981929984375 0.6817469640625 0.8936010218750001 0.7032022953125 0.8913620468750001 0.7084241015625 0.8884155125 0.71124204375 0.8830389625 0.7107603874999999 0.8689681203124999 0.7167587671875 0.8484869671874999 0.7186896921875 0.83523484375 0.71308210625 0.8063863109374999 0.7092238375 0.7749443078125 0.709396728125 0.7658969484375 0.703297334375 0.7477673640625 0.6999715890625 0.7439069484374999 0.6968093 0.744199715625 0.6856675578125 0.753125765625 0.6729413875 0.7456199703124999 0.6581382671875 0.743990528125 0.6354762875 0.75161476875 0.6339026265625 0.748461815625
3 0.6675961484374999 0.5278188187499999 0.6584475750000001 0.5176453640625 0.647181046875 0.5113393281249999 0.65205046875 0.53639033125 0.6619275203125 0.5548120796875 0.663063503125 0.5606562078125 0.6619267265625 0.5676556374999999 0.6570546578124999 0.5711662703125 0.6572129015625 0.5729782828125 0.66070301875 0.61294284375 0.6650972281249999 0.6165628578125 0.6652782609375001 0.6160293968749999 0.67185994375 0.6024568140625 0.673697815625 0.5908307703125 0.6723369203125 0.575045803125 0.668782134375 0.5637850281250001 0.6727869203125 0.5404689828125 0.6675961484374999 0.5278188187499999
3 0.5791429 0.6564537765625 0.568658715625 0.65730833125 0.571717453125 0.6669977312500001 0.5726135718750001 0.6685041625 0.60438433125 0.6594377687499999 0.61184898125 0.6582462140625001 0.6041344171875 0.65159591875 0.5841470421875 0.6554810703125 0.5791429 0.6564537765625
1 0.5018691125 0.637248178125 0.530744446875 0.6242967984375001 0.530082309375 0.616541128125 0.5020392578124999 0.6218634828125 0.47352032812499995 0.62727615625 0.4522434890625 0.6295184078125 0.44162363281249994 0.6332405750000001 0.452412009375 0.6561001984375 0.45958320468749997 0.6547062593749999 0.5018691125 0.637248178125
6 0.532749028125 0.7978557281249999 0.5988672078125 0.7946442296875 0.6245019015625 0.7919732953125 0.646328703125 0.7896991124999999 0.6515406390625 0.8068779781250001 0.6541474625 0.829551021875 0.6583503640624999 0.8250396437499999 0.6511705890624999 0.797341925 0.6392410671875 0.7784693578125 0.6345593921875 0.774710084375 0.633763415625 0.7428980671875001 0.6318993640625 0.7363843671875 0.609160503125 0.7455851015625 0.5662944875 0.7575081609375001 0.56484113125 0.7576935312499999 0.549670065625 0.7703786406249999 0.5349596203125 0.7926336109375 0.532749028125 0.7978557281249999
6 0.5792353640625 0.8781316078125 0.5915604125 0.875017509375 0.6044625578125 0.867481109375 0.6390192296875 0.839554509375 0.6281301921875 0.8405891578125001 0.580224959375 0.841875125 0.5687519812499999 0.8430510515625 0.5511093265625 0.8448593421874999 0.5399349703125 0.8440988296875 0.540070921875 0.8447982453125 0.5380608 0.8584785171875 0.5432036734375 0.8664582640624999 0.551144521875 0.8685064875 0.554633896875 0.8753709359374999 0.5624977453125 0.878870834375 0.5792353640625 0.8781316078125
6 0.6576338453125 0.7194059968750001 0.6613511234375 0.7031235078125 0.660836409375 0.7004755328125001 0.61184898125 0.6582462140625001 0.6043843296875 0.6594377687499999 0.5714979437500001 0.668822528125 0.5309622484375 0.6865764359375001 0.527484446875 0.689962196875 0.5261422671875 0.6935030515625 0.5222351749999999 0.695072546875 0.51636859375 0.70078386875 0.5069008203125 0.7151918484374999 0.499988884375 0.715039246875 0.485836165625 0.7222786953125 0.4839292484375 0.734020075 0.4876046875 0.7467709609375001 0.494596309375 0.7534911171875 0.5084363875 0.750800878125 0.514795959375 0.7465724109375 0.5402005078125 0.7571941890625 0.5528629406250001 0.7592213015625 0.5662944890625 0.7575081609375001 0.609160503125 0.7455851015625 0.6418949515625 0.7323398937500001 0.6499845343749999 0.7277751453125 0.6576338453125 0.7194059968750001
1 0.6748959625000001 0.7125954859375 0.677841275 0.7134158953124999 0.7057234640625001 0.6526275390625 0.70553721875 0.649877896875 0.66070301875 0.61294284375 0.6630780171875 0.6401384453125 0.6041344171875 0.6515959203125 0.6748959625000001 0.7125954859375
3 0.42313892031250006 0.3998509484375 0.42859774218749996 0.4035329703125 0.4605826640625 0.39879795156250003 0.4747615484375 0.404638740625 0.48247413281249996 0.403139565625 0.49138262499999996 0.3993316328125 0.4919301296875 0.3987900203125 0.4980354375 0.3812318375 0.5111593234375 0.372997696875 0.510953615625 0.37122017343749997 0.5034162906249999 0.3614203984375 0.473360009375 0.3577765296875 0.46650437499999997 0.35910912968750003 0.45583962031249997 0.3682968109375 0.42133133437500003 0.3753009875 0.41807745937499996 0.38601258125000004 0.4201954359375 0.39538355 0.42313892031250006 0.3998509484375
3 0.3337043890625 0.5501240265625 0.343149303125 0.5547605875 0.3524282859375 0.5532158359375 0.36913652343750003 0.5419422218750001 0.37305213125000003 0.5367798265625 0.374355575 0.5261705140624999 0.37205539375 0.5183328640625 0.369339234375 0.513682859375 0.34956952812500003 0.50121508125 0.33546058749999996 0.501886390625 0.32699896875 0.5089680359375001 0.3238177578125 0.5165766671875 0.3228747953125 0.5250447203124999 0.3253479171875 0.537767828125 0.3337043890625 0.5501240265625
3 0.555244834375 0.3794952796875 0.557864359375 0.3913039359375 0.5560093953125 0.395471815625 0.5258024140625001 0.4241873140625 0.5180303515625 0.42743674374999996 0.5166369578125 0.433722675 0.516336784375 0.44943085156249996 0.5186996234375 0.463503546875 0.5235758046875 0.47708769687499997 0.536251 0.49437247968750003 0.5388546843750001 0.4963607328125 0.5448421609375 0.4969256125 0.547810153125 0.5015307890625 0.55090879375 0.5027626703125 0.5546908187499999 0.5012735421875 0.5649800968750001 0.49984469843749996 0.5788089109375 0.49458629375 0.6136771328124999 0.4854898375 0.6226631734375 0.4596901375 0.6239513546875 0.43372930781249996 0.6177793921875 0.40772812500000005 0.6094623968749999 0.39369495625 0.5928973671875 0.3794019703125 0.5756335906250001 0.37493279375 0.555244834375 0.3794952796875
6 0.6187385859375001 0.5271742749999999 0.63349260625 0.5168143984375 0.6391934296875 0.5167765531249999 0.6473763484374999 0.5276725984375 0.65205046875 0.53639033125 0.6431586375 0.4906458265625 0.642883440625 0.4906993203125 0.632755275 0.4826722078125 0.621755125 0.48338244531249996 0.5788089109375 0.49458629375 0.5649800984375 0.49984469843749996 0.5546908203124999 0.5012735421875 0.5489873671875001 0.5035192109375 0.5529815921875 0.5169413578125 0.553261134375 0.5180327578125 0.5661986984375 0.5685439718749999 0.565185228125 0.5928005640625 0.5704068312499999 0.586872346875 0.5714486 0.5720426390625 0.5754692015625 0.565196171875 0.6187385859375001 0.5271742749999999
6 0.5490237484375 0.6292022484375 0.5451947500000001 0.62602215625 0.5442258109375 0.6239476875000001 0.5421394390625001 0.619480825 0.5428390140625 0.614120003125 0.530082309375 0.616541128125 0.532628128125 0.6463604640625 0.5340724359375 0.6537907859375001 0.5368012078125 0.6575442921875 0.5411888984375001 0.6595473625 0.5791429 0.6564537765625 0.6630780171875 0.64013844375 0.6570546578124999 0.5711662703125 0.5968370671875001 0.6145568625 0.5923012046875 0.6150817828124999 0.5827810437500001 0.6101538515625 0.5665279484375 0.6183077906250001 0.5525951171875 0.629221565625 0.5490237484375 0.6292022484375
3 0.63349260625 0.5168143984375 0.6187385859375001 0.5271742749999999 0.5754692015625 0.565196171875 0.5714486015625 0.5720426390625 0.5704068296875 0.586872346875 0.565185228125 0.5928005640625 0.5649458921875 0.59852885 0.5608797890624999 0.606754559375 0.5506917421875 0.612629615625 0.5428390140625 0.614120003125 0.5421394375 0.619480825 0.5451947515625 0.6260221578125 0.5490237484375 0.6292022484375 0.552595115625 0.6292215671875 0.5665279484375 0.6183077906250001 0.5827810437500001 0.6101538515625 0.5923012046875 0.6150817828124999 0.5968370671875001 0.6145568625 0.6619267265625 0.5676556374999999 0.663063503125 0.56065620625 0.66192751875 0.554812078125 0.6473763484374999 0.5276725984375 0.6391934296875 0.5167765531249999 0.63349260625 0.5168143984375
3 0.377725946875 0.6483224015625 0.3799257453125 0.6563987265625 0.3838455703125 0.6603611890625001 0.390336909375 0.6597293203125 0.39601087343749997 0.6532720953125 0.416505525 0.64204425625 0.4522434890625 0.6295184046875 0.4138438125 0.6335651390625 0.395176475 0.63026098125 0.38164647343749997 0.6409461671875001 0.377725946875 0.6483224015625
6 0.566198696875 0.5685439718749999 0.5529815921875 0.5169413578125 0.5488978906249999 0.503218534375 0.5448421609375 0.4969256125 0.5325791046874999 0.49576867187499996 0.5151129640625001 0.49880968125 0.44022509843749996 0.51973955625 0.42035157500000003 0.526789153125 0.36547866406249996 0.5523260453125001 0.363042521875 0.5616511765625 0.3665293671875 0.5723034453125 0.3660268 0.5770039625 0.36180967656249996 0.5753452421875 0.3583875734375 0.590527046875 0.363835965625 0.6039846 0.366479859375 0.6066572531250001 0.37887555 0.608496540625 0.38453248125 0.6212054328125001 0.39477647031249996 0.6301901796875 0.4138438125 0.6335651390625 0.47352032812499995 0.62727615625 0.5506917421875 0.612629615625 0.5608797890624999 0.606754559375 0.5649458921875 0.59852885 0.566198696875 0.5685439718749999
6 0.516962246875 0.8068195359375 0.520348528125 0.81873516875 0.5228250046875 0.8369808125 0.5256244640625 0.843124875 0.5511093265625 0.8448593421874999 0.580224959375 0.841875125 0.6281301921875 0.8405891578125001 0.6496697375 0.838542525 0.6536941374999999 0.8372252031249999 0.6546395625 0.8338310859375 0.6515406406250001 0.8068779781250001 0.646328703125 0.7896991124999999 0.598867209375 0.7946442296875 0.5273100125 0.7981199125 0.5186810375 0.8032750921874999 0.516962246875 0.8068195359375
3 0.5273851703125 0.667728496875 0.5255096046875 0.6621006406250001 0.5227691671875 0.6587252218749999 0.46148478125 0.6570895984375 0.4515678328125 0.6637069859375 0.41553473125 0.6673240875 0.41350513125 0.6716267078125 0.4143135703125 0.6798068546875 0.4174514625 0.6838866375 0.4490349671875 0.686866340625 0.46764711875 0.6954939015625 0.519858846875 0.6960271265625 0.5261422671875 0.6935030515625 0.528381175 0.687596503125 0.528584009375 0.67791708125 0.5273851703125 0.667728496875
3 0.5258024140625001 0.4241873140625 0.5560093953125 0.395471815625 0.557864359375 0.3913039359375 0.5547876281249999 0.37743421875 0.5429472671875 0.3576533546875 0.5367207984375 0.3569600046875 0.4980354375 0.3812318375 0.4919301296875 0.3987900203125 0.4880981953125 0.4025807203125 0.45692376875 0.42044307343750004 0.44253424687500004 0.4247630375 0.4410358453125 0.4307652625 0.443684703125 0.442433765625 0.4536194046875 0.46220431875 0.4597436359375 0.46824777656250005 0.4650937421875 0.4683500140625 0.4755911734375 0.45184174375 0.49511771250000003 0.4328169328125 0.5035050109375 0.42699856562500005 0.5155910796875001 0.42845658281250004 0.5258024140625001 0.4241873140625