5 0.5502060859375 0.6777737984375001 0.5497943140625 0.68308291875 0.550741940625 0.6915240734375 0.553592140625 0.7052758125 0.55555264375 0.7131389640625 0.552606821875 0.6730996499999999 0.5502060859375 0.6777737984375001
5 0.4775536265625 0.9057170625 0.4837376796875 0.71509386875 0.424500734375 0.6899306859375 0.3604056953125 0.7046000359375 0.4775536265625 0.9057170625
5 0.5216612015625001 0.9132699171875001 0.5229736953125 0.910318075 0.4775536265625 0.9057170625 0.4217672640625 0.9049930484375001 0.3807223359375 0.9000082546874999 0.3749398265625 0.8955967499999999 0.3749995140625 0.8807015078125 0.359548828125 0.8849885234375 0.34020634843750003 0.8985951140624999 0.2994450921875 0.9402769937500001 0.2965263109375 0.941004728125 0.26865919531250004 0.8767993203125 0.28052601250000003 0.9243945265625 0.29774350781250003 0.9481000937499999 0.44258201093749994 0.9329865734375 0.5216612015625001 0.9132699171875001
3 0.26163160625000004 0.6946773140625 0.275472571875 0.68072555625 0.297040846875 0.6652757734375 0.3049212390625 0.6611118703125001 0.2948413765625 0.6528624375 0.27860414843750003 0.6456755671875001 0.271930459375 0.6468044921875 0.2660075796875 0.6552363953125 0.24312609218749998 0.713330959375 0.26163160625000004 0.6946773140625
3 0.2564603796875 0.8451902671875 0.2485765625 0.8260658875000001 0.2438953796875 0.8186994593750001 0.239245425 0.80004950625 0.2322654015625 0.7794610375000001 0.23054103124999997 0.7743747859375001 0.23067544375 0.7796084046875 0.22789764531249998 0.792071265625 0.2197033765625 0.808559665625 0.22196258124999999 0.8197666578125 0.22799886093750002 0.831101946875 0.244735728125 0.8445843921874999 0.25468143906249996 0.8458497359375 0.2564603796875 0.8451902671875
3 0.97398115 0.7912247921875 0.96502165625 0.69504283125 0.8860527734374999 0.6902950625 0.8874590671875 0.6979395671875 0.9038617578125001 0.712404409375 0.9052101953125 0.7229449765625 0.91047643125 0.7286698671875 0.9065489203125001 0.74884340625 0.886654703125 0.7793959953125 0.8851581312500001 0.7811528171875 0.9354662843750001 0.78425233125 0.97398115 0.7912247921875
3 0.40914226875 0.7212291578125 0.42410003906249993 0.719049878125 0.43359558906249995 0.7218563796875 0.4340062953125 0.7193202109375 0.43938254062500004 0.712711840625 0.47704151093749997 0.7054846453125 0.4689196953125 0.693692059375 0.45506825156249997 0.68587065 0.44548717499999996 0.685127546875 0.3583411609375 0.70507254375 0.3694464984375 0.7357524953125 0.3796936421875 0.7320034125 0.37972685156249997 0.7316829453125 0.380574825 0.7316810171875 0.395798496875 0.7261111921875 0.40914226875 0.7212291578125
6 0.52768831875 0.31328871875000003 0.5249418703125001 0.3290470953125 0.6369427625 0.43751358281249997 0.7058453078125 0.2652143546875 0.6901894562499999 0.25096366406250004 0.52768831875 0.31328871875000003
6 0.7793307281249999 0.481885709375 0.7599303078124999 0.40407487656249996 0.6369427625 0.43751358281249997 0.55083874375 0.458981725 0.5399515453125 0.437087578125 0.5517931984375 0.48505459531249995 0.5610615296875 0.4839873625 0.5851166125 0.4888654 0.5922606109374999 0.5240613890625 0.5996722859375 0.54070204375 0.599922071875 0.5504278453125 0.5968926531250001 0.5567870171875 0.7237208703125 0.525165190625 0.7472673328125 0.515387671875 0.742150690625 0.4948659390625 0.743026303125 0.49093741875 0.7793307281249999 0.481885709375
5 0.3749995140625 0.8807015078125 0.3749398265625 0.8955967499999999 0.3807223359375 0.9000082546874999 0.4217672640625 0.9049930484375001 0.4775536265625 0.9057170625 0.6164240109375 0.9197845062500001 0.5907241640625001 0.8832508390625 0.55858429375 0.75434485625 0.5559112421875 0.7180130250000001 0.553292490625 0.7211863546874999 0.5459823234375001 0.7364714515624999 0.5404731265625 0.7355037515625 0.53180380625 0.7218614875 0.51734160625 0.720199396875 0.5088007953125 0.7211582109375 0.50190578125 0.7334131765625 0.49391603906250003 0.73423459375 0.48827240781250003 0.7280324874999999 0.4801600796875 0.70488615625 0.43938254062500004 0.712711840625 0.4340062953125 0.7193202109375 0.43359558906249995 0.7218563796875 0.44306557812499997 0.7246553234374999 0.463722621875 0.7474069703125 0.470157475 0.7628538203125 0.4731897 0.77501540625 0.4726914671875 0.79374098125 0.446758846875 0.845159975 0.4292357 0.8660635203125 0.4015033609375 0.8791784187499999 0.3779131515625 0.8798930781250001 0.3749995140625 0.8807015078125
6 0.536820421875 0.28612974687500004 0.52786371875 0.3122823296875 0.5218819 0.3466043484375 0.5256072609375 0.38976229687499997 0.5367290312499999 0.4306071046875 0.55083874375 0.458981725 0.6369427625 0.43751358281249997 0.7616849796875 0.4035978046875 0.7580661515625 0.366510403125 0.7503584515624999 0.337477596875 0.735148996875 0.30281105625000004 0.7146384578125 0.27321829062499997 0.6855844984374999 0.2467720140625 0.68130321875 0.253897259375 0.6803217921875 0.260371459375 0.6773893359375001 0.261102603125 0.6660369078125 0.2468019515625 0.6640885046875 0.23690524062499999 0.665221546875 0.23482540937500002 0.664112584375 0.2342248875 0.6395048640625001 0.225821021875 0.6106969921875 0.226906521875 0.5738226562500001 0.24266644375 0.556154359375 0.25645181250000004 0.536820421875 0.28612974687500004
6 0.357577865625 0.62492225625 0.3183680203125 0.6371846734375 0.31576484374999997 0.6376635578125 0.33067270937500004 0.64003153125 0.3500007484375 0.63336033125 0.357577865625 0.62492225625
3 0.5388673046875 0.2403637734375 0.5246443046875 0.212083978125 0.5020929578125 0.17557084375 0.48375158906250004 0.1541451671875 0.4759470765625 0.15160851718749999 0.466030203125 0.153184565625 0.45568790625 0.160245721875 0.3553061484375 0.259235509375 0.3458044859375 0.2714661125 0.3407311859375 0.2870751359375 0.33556060468750004 0.289709065625 0.3218364875 0.306578475 0.319296434375 0.3197628734375 0.32634624843750004 0.3480381328125 0.33624950781249996 0.367981640625 0.352376696875 0.387718109375 0.368614778125 0.3989101140625 0.3854955296875 0.39470126875 0.3979513234375 0.38173411874999996 0.420639653125 0.368456975 0.4336238203125 0.354013325 0.49673775 0.30331349375 0.5400145265625 0.261145646875 0.5412885234375 0.248276909375 0.5388673046875 0.2403637734375
1 0.7474305234374999 0.524525909375 0.7607917015625 0.52350245 0.7892025796875 0.5585149140625 0.8126587046875 0.5070155578125 0.804370253125 0.48028041093749996 0.7984786484375 0.47711159687500004 0.743026303125 0.49093741875 0.742150690625 0.4948659390625 0.7472673328125 0.515387671875 0.716597040625 0.528123315625 0.7237503390625 0.5263397984375 0.7474305234374999 0.524525909375
6 0.6803217921875 0.260371459375 0.68130321875 0.253897259375 0.6923097828125 0.23557926093749998 0.7066130609375 0.220073175 0.7152898859375 0.215314175 0.7039387703125 0.19893669687499999 0.698565228125 0.1961234703125 0.6936778015625 0.1973420421875 0.6761970374999999 0.21467861406250002 0.6640885046875 0.23690524062499999 0.6660369078125 0.2468019515625 0.6773893359375001 0.261102603125 0.6803217921875 0.260371459375
6 0.8166014953125 0.603639584375 0.8549702484375 0.644618175 0.8661387703125 0.6592695578125001 0.9240191171875001 0.53043544375 0.9235547046875 0.520551209375 0.9107387984375 0.505246528125 0.8678146359375001 0.4674486046875 0.852411565625 0.44978896874999996 0.8438234437500001 0.447430215625 0.8356984671875001 0.45695601874999997 0.8281565359374999 0.4748364734375 0.8274459999999999 0.48201364687500003 0.8159034265624999 0.49989157031250003 0.7892025796875 0.5585149140625 0.794041165625 0.5644778015624999 0.8166014953125 0.603639584375
5 0.8874590671875 0.6979395671875 0.88565845 0.68815155 0.8787401640624999 0.6758006515625 0.8549702484375 0.644618175 0.8166014953125 0.603639584375 0.794041165625 0.5644778015624999 0.7607917015625 0.52350245 0.7237503390625 0.5263397984375 0.603879821875 0.556226875 0.5494779796875 0.6305727328125 0.55858429375 0.75434485625 0.5907241640625001 0.8832508390625 0.62442095 0.9311525703125 0.772886775 0.9210079062500001 0.8119178 0.8671294843749999 0.886654703125 0.7793959953125 0.9065489203125001 0.74884340625 0.91047643125 0.7286698671875 0.9052101953125 0.7229449765625 0.9038617578125001 0.712404409375 0.8874590671875 0.6979395671875
6 0.45985717812500004 0.5538920203125001 0.46594596875 0.53869791875 0.485547475 0.5113862140625 0.4816402484375 0.508609628125 0.4771839125 0.4983422953125 0.46915034687499996 0.49908101875 0.47182127031250004 0.5097935046875001 0.46958910156250006 0.51098218125 0.466026271875 0.499227803125 0.45100263281249997 0.49728440625000003 0.4420723609375 0.5045680499999999 0.4251197234375 0.49488785625 0.3891274609375 0.48236915781249995 0.3744005921875 0.4816160375 0.2808203171875 0.49673047031250006 0.2062748640625 0.5222702203125 0.1963027 0.5304457703125001 0.1888482765625 0.55632548125 0.193593384375 0.580427778125 0.19165478593750002 0.5878646046875 0.1981853078125 0.611521746875 0.2120026734375 0.639051284375 0.23029397343750002 0.6490298484375 0.25067385625 0.6496377828125001 0.3183680203125 0.6371846734375 0.368212840625 0.6215962921875 0.3982713171875 0.6077805265625 0.42416702500000003 0.589945578125 0.4456090421875 0.568939878125 0.4458368765625 0.5670943125 0.4482521140625 0.5656852109375 0.45438828437499995 0.5539645171875 0.45985717812500004 0.5538920203125001
3 0.463722621875 0.7474069703125 0.44306557812499997 0.7246553234374999 0.42410003906249993 0.719049878125 0.40914226875 0.7212291578125 0.3694464984375 0.7357524953125 0.3997694203125 0.8195235390625 0.412382703125 0.8643415953125 0.407639521875 0.8684019765625001 0.3674532765625 0.8745845015624999 0.26824491875 0.8652662640625 0.2614776171875 0.8573609609374999 0.261080809375 0.8563983953125 0.26010039375 0.8570799734375001 0.2965263109375 0.941004728125 0.2994450921875 0.9402769937500001 0.34020634843750003 0.8985951140624999 0.359548828125 0.8849885234375 0.3779131515625 0.8798930781250001 0.4015033609375 0.8791784187499999 0.4292357 0.8660635203125 0.446758846875 0.845159975 0.4726914671875 0.79374098125 0.4731897 0.77501540625 0.470157475 0.7628538203125 0.463722621875 0.7474069703125
4 0.297040846875 0.6652757734375 0.275472571875 0.68072555625 0.22679381875 0.7297939671875 0.22227338125 0.7385951015625001 0.2257586953125 0.7602686796875 0.245699784375 0.8190874640624999 0.2614776171875 0.8573609609374999 0.26824491875 0.8652662640625 0.3674532765625 0.8745845015624999 0.407639521875 0.8684019765625001 0.412382703125 0.8643415953125 0.3997694203125 0.8195235390625 0.3566149625 0.7003036953125 0.3347501984375 0.6491589703125 0.327978040625 0.6489289421875 0.297040846875 0.6652757734375
6 0.566379965625 0.57292916875 0.582762578125 0.568844525 0.594924646875 0.5609181390625 0.599922071875 0.5504278453125 0.5996722859375 0.54070204375 0.5922606109374999 0.5240613890625 0.5851166125 0.4888654 0.5610615296875 0.4839873625 0.5367456515625 0.4867872984375 0.525479853125 0.493946434375 0.5192046 0.5014926359375 0.50551354375 0.4989245953125 0.487335640625 0.5088946765625 0.46594596875 0.53869791875 0.4572303203125 0.56044713125 0.4458368765625 0.5670943125 0.4449364796875 0.5743879749999999 0.4483828984375 0.5882108046875001 0.4569543875 0.592055296875 0.4673225421875 0.587838878125 0.49316190468750004 0.6042352531249999 0.5123554625 0.6070627109375 0.566379965625 0.57292916875