1 0.5435290937499999 0.47454244687499997 0.5435366125 0.4747905828125 0.564115484375 0.46531777031250005 0.5641378484375 0.46529884531250004 0.5739511484375 0.4451114875 0.5609954421875 0.43960974999999997 0.556192196875 0.44048306718749997 0.5522622671875 0.45620278125 0.5435290937499999 0.47454244687499997
3 0.850295796875 0.5222177 0.84637459375 0.5326742421875 0.8355821734375001 0.5378546046875 0.8355313046875 0.5384735046875 0.8367894296875 0.5531516375 0.8341752937500001 0.5636081796875 0.8321584734374999 0.565625 0.8586239093750001 0.565625 0.8609898640625 0.56858244375 0.8802959359375 0.601468209375 0.8867977203124999 0.5828596546875 0.8885376578124999 0.571115075 0.8850577828124999 0.5450160109375 0.8759231109375 0.5328364484375 0.8500125031250001 0.52136781875 0.850295796875 0.5222177
3 0.6431552015625 0.5600291296875 0.6336149625 0.562242715625 0.617486365625 0.558210565625 0.60172346875 0.549490665625 0.6015728484375 0.5954300328125 0.554630546875 0.57998066875 0.5421522140625 0.58711114375 0.5098568593749999 0.6367075828125001 0.5943817124999999 0.646669440625 0.6322823171875 0.5728118515625 0.6429093578125 0.5633234218750001 0.6431552015625 0.5600291296875
5 0.8142622515625 0.8808885171874999 0.9301940515625 0.751352475 0.9307855390625001 0.6874716875 0.8609898640625 0.56858244375 0.8586239093750001 0.565625 0.8321584734374999 0.565625 0.830254090625 0.5675293828125 0.827264003125 0.5683703437500001 0.8266251421874999 0.5703721109375001 0.8263817265625001 0.5707564515625 0.8294355703124999 0.573301321875 0.8441922046875 0.5960038359375 0.8493002703125001 0.61076046875 0.84816514375 0.626084665625 0.8396517015624999 0.644246675 0.8209221281250001 0.6618411234375 0.7633479265625 0.6853253375 0.7630075265625 0.6931545531250001 0.7663110515625 0.6988177390625 0.7969866421875 0.7332687875 0.8087849453124999 0.7403477703125 0.809256878125 0.7450670921875 0.799346303125 0.75922505625 0.7681987796875 0.828599084375 0.6950492953125 0.828599084375 0.6709807546875 0.7889567828125 0.6700849296875 0.7884034796875 0.663094815625 0.7897349296875 0.6249802812499999 0.780569984375 0.6281351546875 0.80827370625 0.6100930796874999 0.81729474375 0.6061163703125 0.8177296953125 0.6053596671875 0.8544298124999999 0.6043981109375001 0.8601991531250001 0.6527858156249999 0.944177815625 0.66579856875 0.944177815625 0.693007053125 0.9193352875 0.70069640625 0.9045480671874999 0.7107517156250001 0.906322534375 0.7113432046875 0.9004076453125001 0.72376446875 0.8891693593750001 0.7415091328125001 0.8927182921875 0.7515644406249999 0.8885778703125 0.7604367734374999 0.874973628125 0.7734495265625 0.8649183203125 0.791785678125 0.8714246953125 0.8042069421875 0.8856204265625 0.8142622515625 0.8808885171874999
0 0.2813786296875 0.7871560921875 0.2758706140625 0.7839430828125 0.2717396015625 0.7770580640625 0.26669058749999996 0.760075015625 0.2671495890625 0.74814098125 0.2712806015625 0.7430919671875 0.282755634375 0.738501953125 0.28642764375 0.71325688125 0.2946896671875 0.6971918359375 0.3548188390625 0.6742417703125 0.3791312890625 0.6669826015625 0.3632874140625 0.6237720328125 0.338153328125 0.6037790109375 0.302737115625 0.600351634375 0.2576100078125 0.6334829296875 0.2347608375 0.6649005375 0.2221937953125 0.7026016671875001 0.221622565625 0.747728775 0.23875944218749998 0.79913940625 0.2610373828125 0.8225598046875 0.2964535953125 0.8288433265625 0.3238725984375 0.8191324296875001 0.3335834953125 0.807136615625 0.3338447703125 0.8050115703125 0.324524753125 0.8036801390624999 0.311672715625 0.8055161453125 0.296066671875 0.7848610859375 0.2813786296875 0.7871560921875
6 0.5043420328125 0.6362547546874999 0.4933718890625 0.6446129593750001 0.495273240625 0.6462426906250001 0.505347915625 0.680784434375 0.5406310921874999 0.6752134062499999 0.5439007390625 0.674499609375 0.584667428125 0.6655998390625 0.5943817124999999 0.646669440625 0.5098568593749999 0.6367075828125001 0.508876659375 0.6382128890625001 0.5043420328125 0.6362547546874999
6 0.6249802812499999 0.780569984375 0.663094815625 0.7897349296875 0.6700849296875 0.7884034796875 0.6549350609375 0.7790462078125 0.6208346765625 0.7441663859375 0.6214376578125 0.74946131875 0.6249802812499999 0.780569984375
3 0.43242798281250006 0.40148311249999996 0.4856568046875 0.41222654375 0.504213640625 0.4293183671875 0.5178871 0.43176005625 0.5569541234375001 0.4293183671875 0.5681858937500001 0.4254116640625 0.5764876359375 0.41613324531250007 0.5803943390625 0.397576409375 0.574534284375 0.378042896875 0.52911886875 0.3550910203125 0.5178871 0.35313766874999997 0.4954235609375 0.3614394109375 0.4368230234375 0.35264933125 0.4260795921875 0.36729946562500004 0.424126240625 0.38390295 0.425591253125 0.39220469375 0.43242798281250006 0.40148311249999996
6 0.479455359375 0.9063023875 0.4698866328125 0.89371195625 0.468114003125 0.8901666984375 0.45829424999999996 0.9589049749999999 0.48257069062499997 0.9640786421875 0.54266483125 0.9640786421875 0.5454506515624999 0.9262710703125 0.5484315203125 0.9073212625 0.5358604890625001 0.91486388125 0.5011109 0.91486388125 0.479455359375 0.9063023875
3 0.74079065 0.3928034546875 0.8254759453125 0.5688732359374999 0.8270401484375001 0.568433303125 0.8355313046875 0.5384735046875 0.7419162421875 0.39253676249999997 0.74079065 0.3928034546875
3 0.8219759953124999 0.46296396093750003 0.8315141125000001 0.46908275312500003 0.8288822546875 0.4563879125 0.81590385625 0.42930255781250004 0.8029254578125 0.4101171 0.7888185015625 0.39826725625 0.770197321875 0.3886745265625 0.73690490625 0.38472457968749996 0.7419162421875 0.39253676249999997 0.75105130625 0.3903723578125 0.7717160703125 0.39087637656249996 0.7888527046875 0.4034768421875 0.7990641234375 0.46174199531250004 0.8219759953124999 0.46296396093750003
6 0.8450675249999999 0.4777773953125 0.8219759953124999 0.46296396093750003 0.7990641234375 0.46174199531250004 0.8059893390624999 0.501256459375 0.7989330781249999 0.515873 0.7878446671875 0.526457390625 0.7866340953125001 0.526738275 0.7944958984375 0.5593085999999999 0.793701140625 0.5658937374999999 0.8226248171874999 0.5676256937499999 0.8244635499999999 0.569157971875 0.830254090625 0.5675293828125 0.8341752937500001 0.5636081796875 0.8367894296875 0.5531516375 0.8354823625 0.5379025125 0.84637459375 0.5326742421875 0.850295796875 0.5222177 0.8446318359375 0.5052258187499999 0.8498601078125001 0.4943335875 0.850295796875 0.48779824843749997 0.8450675249999999 0.4777773953125
3 0.785877184375 0.5236024968749999 0.7866340953125001 0.526738275 0.7878446671875 0.526457390625 0.7989330781249999 0.515873 0.8059893390624999 0.501256459375 0.7888527046875 0.4034768421875 0.7717160703125 0.39087637656249996 0.75105130625 0.3903723578125 0.60639795625 0.42464562499999997 0.60212286875 0.4276738125 0.6019701796875 0.474243984375 0.60172346875 0.549490665625 0.617486365625 0.558210565625 0.6336149625 0.562242715625 0.6431552015625 0.5600291296875 0.6436683921874999 0.553152375 0.6565964640625 0.517446271875 0.67814325 0.49220575 0.71323373125 0.476199565625 0.7458617234375 0.48174016875000003 0.770486621875 0.498361975 0.785877184375 0.5236024968749999
6 0.67814325 0.49220575 0.6565964640625 0.517446271875 0.6436683921874999 0.553152375 0.6429093578125 0.5633234218750001 0.6454964171875 0.5610135484375001 0.657766653125 0.5572380906250001 0.6761720078125 0.5586538875 0.6922177015625001 0.5690363953124999 0.6936334984375 0.5718679875 0.6922177015625001 0.5855540203125 0.6856106515625 0.59782425625 0.6856106515625 0.6034874421875001 0.692689634375 0.6115102890624999 0.6955212265624999 0.623780525 0.7096791921875 0.6374665578125 0.71392658125 0.63652269375 0.72053363125 0.6284998468749999 0.7261968171875 0.6294437109375 0.7309161390625001 0.63982621875 0.7309161390625001 0.6459613375 0.7261968171875 0.6516245234375 0.7261968171875 0.6568157765625 0.7296677468749999 0.6602867078125 0.7329498906249999 0.6555979328125 0.7357877046875 0.626084665625 0.7318147640625 0.61076046875 0.722166196875 0.5965713984375001 0.713085190625 0.5903282062499999 0.700598809375 0.58919308125 0.6994636828125 0.5863552671875001 0.7136527546875 0.5704635078125 0.7278418249999999 0.5619500656249999 0.793701140625 0.5658937374999999 0.7944958984375 0.5593085999999999 0.785877184375 0.5236024968749999 0.770486621875 0.498361975 0.7458617234375 0.48174016875000003 0.71323373125 0.476199565625 0.67814325 0.49220575
0 0.419745709375 0.433805909375 0.418557296875 0.4450958296875 0.393006425 0.44747265625 0.378151265625 0.48371924218749995 0.373991821875 0.5276905109375 0.39478904375 0.6441549531249999 0.40191951875000004 0.6566332859374999 0.41038925937500004 0.6576496546875 0.41965975312500003 0.6548816859375 0.44054293125 0.62929979375 0.4744126921875 0.6126620171875 0.48273158125000004 0.62692296875 0.508876659375 0.6382128890625001 0.5421522140625 0.58711114375 0.554630546875 0.57998066875 0.6015728484375 0.5954300328125 0.6021670546875 0.4141971015625 0.5849350703125 0.4225159890625 0.5641378484375 0.46529884531250004 0.5486884843750001 0.47837138437500004 0.4857026125 0.44034217968749995 0.419745709375 0.433805909375
6 0.42324090625000005 0.7908303906249999 0.42657555 0.7849306359375 0.43916598125000006 0.7763691421875001 0.4623323734375 0.7753619078125 0.46914968593750006 0.763999721875 0.4671096390625 0.7482838078125 0.4635012234375 0.68739180625 0.505347915625 0.680784434375 0.495273240625 0.6462426906250001 0.48884722187499996 0.640734675 0.48288020468750004 0.639816671875 0.451668115625 0.6453246874999999 0.3548188390625 0.6742417703125 0.2946896671875 0.6971918359375 0.28642764375 0.71325688125 0.282755634375 0.738501953125 0.2712806015625 0.7430919671875 0.2671495890625 0.74814098125 0.26669058749999996 0.760075015625 0.2717396015625 0.7770580640625 0.2758706140625 0.7839430828125 0.2813786296875 0.7871560921875 0.296066671875 0.7848610859375 0.311672715625 0.8055161453125 0.324524753125 0.8036801390624999 0.3470158171875 0.8068931484374999 0.42324090625000005 0.7908303906249999
6 0.434129809375 0.87306365 0.460821521875 0.8755817359375 0.4698866328125 0.89371195625 0.479455359375 0.9063023875 0.5011109 0.91486388125 0.5358604890625001 0.91486388125 0.5484509203125 0.9073096218750001 0.566581140625 0.9047915359375001 0.5957909406249999 0.88565408125 0.601834346875 0.8755817359375 0.6053596671875 0.8544298124999999 0.6061163703125 0.8177296953125 0.5812257609375 0.82045210625 0.4792880390625 0.8421025953125 0.46914968593750006 0.763999721875 0.4623323734375 0.7753619078125 0.43916598125000006 0.7763691421875001 0.42657555 0.7849306359375 0.4200285265625 0.79651383125 0.4144887375 0.8166585203125001 0.4144887375 0.8332778890625001 0.42153937812500003 0.8594659859375 0.434129809375 0.87306365
5 0.7630075265625 0.6931545531250001 0.7633479265625 0.6853253375 0.7346525781250001 0.69703001875 0.721598634375 0.6958948921875 0.7096798140625 0.681138259375 0.7210310703125 0.6726248171875 0.7296677468749999 0.6602867078125 0.7261968171875 0.6568157765625 0.7261968171875 0.6516245234375 0.7309161390625001 0.6459613375 0.7309161390625001 0.63982621875 0.7261968171875 0.6294437109375 0.72053363125 0.6284998468749999 0.71392658125 0.63652269375 0.7096791921875 0.6374665578125 0.6955212265624999 0.623780525 0.692689634375 0.6115102890624999 0.6856106515625 0.6034874421875001 0.6856106515625 0.59782425625 0.6922177015625001 0.5855540203125 0.6936334984375 0.5718679875 0.6922177015625001 0.5690363953124999 0.6761720078125 0.5586538875 0.657766653125 0.5572380906250001 0.6454964171875 0.5610135484375001 0.6322823171875 0.5728118515625 0.584667428125 0.6655998390625 0.6046804578125 0.6612307984375 0.61054413125 0.66168185 0.61054413125 0.671604990625 0.6137014953125 0.6815281328125 0.6208346765625 0.7441663859375 0.6549350609375 0.7790462078125 0.6709807546875 0.7889567828125 0.6950492953125 0.828599084375 0.7681987796875 0.828599084375 0.799346303125 0.75922505625 0.809256878125 0.7450670921875 0.8087849453124999 0.7403477703125 0.7969866421875 0.7332687875 0.7663110515625 0.6988177390625 0.7630075265625 0.6931545531250001
3 0.7346525781250001 0.69703001875 0.8209221281250001 0.6618411234375 0.8396517015624999 0.644246675 0.84816514375 0.626084665625 0.8493002703125001 0.61076046875 0.8441922046875 0.5960038359375 0.8294355703124999 0.573301321875 0.8226248171874999 0.5676256937499999 0.7278418249999999 0.5619500656249999 0.7136527546875 0.5704635078125 0.6994636828125 0.5863552671875001 0.700598809375 0.58919308125 0.713085190625 0.5903282062499999 0.722166196875 0.5965713984375001 0.7318147640625 0.61076046875 0.7357877046875 0.626084665625 0.7329498906249999 0.6555979328125 0.7210310703125 0.6726248171875 0.7096798140625 0.681138259375 0.721598634375 0.6958948921875 0.7346525781250001 0.69703001875
5 0.6281351546875 0.80827370625 0.6137014953125 0.6815281328125 0.61054413125 0.671604990625 0.61054413125 0.66168185 0.6046804578125 0.6612307984375 0.5406310921874999 0.6752134062499999 0.4635012234375 0.68739180625 0.4671096390625 0.7482838078125 0.4792880390625 0.8421025953125 0.5812257609375 0.82045210625 0.6100930796874999 0.81729474375 0.6281351546875 0.80827370625