1 0.5621192359375 0.4320094 0.54835178125 0.429080809375 0.5438034218750001 0.430854584375 0.542945159375 0.4470353484375 0.5378718109375 0.46670443125 0.5379265390625 0.46694657343749996 0.5563198203125 0.45372116875 0.5563381625 0.45369832499999996 0.5621192359375 0.4320094
3 0.8407434703125001 0.48791263906250004 0.8401725656249999 0.498675865625 0.8385776265624999 0.501040459375 0.86455681875 0.49599061562499996 0.8674436109375 0.498442278125 0.892669875 0.5270400671875 0.895501525 0.5075328046875 0.8949685234375 0.4956720109375 0.8865726468749999 0.4707164515625 0.8752818343750001 0.4605036390625 0.8476589593750001 0.454189696875 0.8480992140625 0.45496990937500004 0.8462452562499999 0.46598253593749994 0.8366395828125001 0.4731270109375 0.8367077406250001 0.47374424687500005 0.8407434703125001 0.48791263906250004
3 0.6179155781250001 0.5742957015625 0.5688878609375 0.5680871984375 0.5579993484375 0.5774676453125 0.535760796875 0.6323151015625 0.620633503125 0.6259658296875 0.643745075 0.5462334375 0.6523663890625 0.5348916015625 0.6519791359375 0.5316109250000001 0.6430365499999999 0.5356042046875 0.626434909375 0.53472361875 0.6092977859375 0.5291716296875 0.6179155781250001 0.5742957015625
5 0.86455681875 0.49599061562499996 0.8385776265624999 0.501040459375 0.83707160625 0.5032732265625001 0.83429691875 0.504669271875 0.8340517500000001 0.5067561625 0.8338861421875 0.5071798875 0.8373694625000001 0.5090953 0.8561868203125 0.52856500625 0.864016734375 0.542075853125 0.8658264578124999 0.55733509375 0.86093490625 0.5767878578125 0.8459066265624999 0.5976328171875 0.793871225 0.6316712359375 0.7950309640625 0.6394215578125 0.7993543812499999 0.644350353125 0.83603994375 0.672315259375 0.8489722125 0.6770129593750001 0.8503359640625 0.681555525 0.843308940625 0.69734439375 0.8259708734375 0.7713870546875 0.7541653515625 0.7853446328125 0.722974909375 0.7510231671875001 0.72198996875 0.7506509609375 0.7153823359375 0.753291725 0.6762193187500001 0.7515677609375 0.684602346875 0.7781605093749999 0.6686130515625 0.7904583953125 0.6647923984374999 0.7916441484375001 0.671052309375 0.827814365625 0.6712092625 0.8336611812499999 0.7347318328125 0.906864109375 0.7475055046875 0.904381159375 0.769473915625 0.8748034359375 0.7742004578125 0.8588207000000001 0.7844096078125 0.8586439218749999 0.783861615625 0.8527248453125 0.7939103000000001 0.8393229484375 0.8120061125 0.8394208359374999 0.821086646875 0.8334378421874999 0.8272001578125 0.818390628125 0.8380551859375001 0.8060371140625 0.8572959265625 0.8089252453125001 0.87219765 0.820490071875 0.8811653234374999 0.8139264578125 0.9702504890625001 0.6646495265625 0.9586420796875 0.6018295484375 0.8674436109375 0.498442278125 0.86455681875 0.49599061562499996
0 0.3187752390625 0.7880118859375 0.32186695468750004 0.7822674015625 0.33225534375 0.7755721796875 0.33104290000000003 0.750090278125 0.336087771875 0.7327439250000001 0.3907331234375 0.6987423296874999 0.4132137703125 0.6869774984375 0.3894160265625 0.6475839828125001 0.3609288765625 0.6327540984375 0.325509384375 0.636147425 0.2875331390625 0.6772806625000001 0.271098534375 0.7124808687499999 0.2659560984375 0.7518872265625001 0.274006021875 0.7962942187500001 0.30063765625 0.8434904218750001 0.3269751109375 0.8622296890625 0.36293958125 0.8616400328125 0.38800189375 0.8468757609375 0.3952454640625 0.8332474171875001 0.3950964609375 0.8311115609374999 0.3856936296875 0.831582934375 0.37342804687500003 0.83583749375 0.354167559375 0.8185396984375 0.34018728593750003 0.82359515 0.33416739687499997 0.8214921515625001 0.328798559375 0.8155218640624999 0.320601790625 0.7998142390625 0.3187752390625 0.7880118859375
6 0.573316878125 0.6642414640625 0.5763902546875 0.6629169046875 0.6147097875 0.646401996875 0.620633503125 0.6259658296875 0.535760796875 0.6323151015625 0.5350858328125 0.6339797828125 0.5302608906249999 0.632922871875 0.5210871203125 0.6432207156249999 0.5232645046875 0.644457709375 0.5397449562500001 0.676442484375 0.573316878125 0.6642414640625
6 0.6652037453124999 0.7166240187499999 0.6668059703125 0.7217066140624999 0.6762193187500001 0.7515677609375 0.7153823359375 0.753291725 0.72198996875 0.7506509609375 0.70533299375 0.7443563390625 0.6652037453124999 0.7166240187499999
3 0.542421025 0.41974962812500005 0.5527010015625 0.4137715796875 0.5590798109375 0.403079584375 0.5593739265625 0.38411825624999996 0.5498943671875 0.3660617796875 0.5009339359375 0.3521972640625 0.48953580937499996 0.3524229234375 0.4690690359375 0.364858384375 0.40986792968749997 0.3674113140625 0.4021172625 0.3838422265625 0.40336789375000004 0.40051337499999995 0.4063900375 0.4083830546875 0.4148715625 0.41618649375 0.46917236406249996 0.41657599999999995 0.49064953281249996 0.42981298749999997 0.5045376687500001 0.42960079687499997 0.542421025 0.41974962812500005
6 0.5714412953125 0.9588778796874999 0.6304313375 0.9474113765625001 0.6259519499999999 0.9097668765625 0.6252622578125 0.8905964546874999 0.614361390625 0.9003991593749999 0.58025025 0.90702969375 0.5573589734375 0.9027575703125 0.5455636828125 0.8922242593749999 0.5431471546875 0.8890823718749999 0.5466236999999999 0.9584314296875001 0.5714412953125 0.9588778796874999
3 0.7169666078125 0.34835137031249996 0.7159125828125 0.348827934375 0.83263766875 0.505504103125 0.8340891890625001 0.5047737890625 0.8367077406250001 0.47374424687500005 0.7169666078125 0.34835137031249996
3 0.7802093984375 0.3539676 0.7641005703125 0.3450272046875 0.7439911343750001 0.339163809375 0.710556709375 0.3416389265625 0.7169666078125 0.34835137031249996 0.7255208468750001 0.34448367812499997 0.7459021124999999 0.3410354140625 0.7651281796875 0.35013455000000004 0.7862695015625001 0.40538077812499995 0.8089935796875001 0.4022085015625 0.8195239750000001 0.40639491562499996 0.8145181828125001 0.394435496875 0.7966101046875 0.370324171875 0.7802093984375 0.3539676
6 0.7964695468749999 0.4585422484375 0.7876044578125 0.4710479421875 0.7864697234375 0.471554653125 0.8004017937500001 0.5020264671875 0.800878140625 0.5086422640625 0.82960088125 0.5048235015625 0.831698203125 0.50597678125 0.83707160625 0.5032732265625001 0.8401725656249999 0.498675865625 0.8407434703125001 0.48791263906250004 0.836550746875 0.47319308437499996 0.8462452562499999 0.46598253593749994 0.8480992140625 0.45496990937500004 0.8392971109375 0.4393709515625 0.8423509890625 0.42768123906250005 0.8415316718750001 0.42118284062500005 0.8344873890625 0.4123437 0.8089935796875001 0.4022085015625 0.7862695015625001 0.40538077812499995 0.8006071968749999 0.44284785624999995 0.7964695468749999 0.4585422484375
3 0.8006071968749999 0.44284785624999995 0.7651281796875 0.35013455000000004 0.7459021124999999 0.3410354140625 0.7255208468750001 0.34448367812499997 0.5900648328125 0.405728409375 0.5864460968749999 0.4095166859375 0.5951822203125 0.45526036718749996 0.6092977859375 0.5291716296875 0.626434909375 0.53472361875 0.6430365499999999 0.5356042046875 0.6519791359375 0.5316109250000001 0.65117075 0.5247625953124999 0.6570482515625 0.4872457203125 0.67338304375 0.4583576171875 0.7047746906250001 0.43594993281249994 0.7378604109375 0.43516302500000004 0.7652044703125 0.4467807890625 0.785128384375 0.46862091406250006 0.7864697234375 0.471554653125 0.7876044578125 0.4710479421875 0.7964695468749999 0.4585422484375 0.8006071968749999 0.44284785624999995
6 0.654465171875 0.5321305328125 0.665789578125 0.5260831687499999 0.684126921875 0.523961046875 0.7018588859375 0.5310911359375 0.7037889640625 0.5336005562499999 0.7050105984374999 0.5473052859374999 0.700866209375 0.5606107671875 0.7019467953125 0.5661699046875001 0.71042655 0.572694615625 0.7155473890625 0.58419911875 0.73205665 0.594932234375 0.7360459046875001 0.593195271875 0.741000734375 0.5840591421875 0.74673996875 0.583905078125 0.753353659375 0.593196340625 0.7545242953125 0.599218740625 0.7509722671875 0.6056783671875 0.7519628046875 0.6107742421875 0.7560322484374999 0.6135191171875001 0.7583594296875 0.6082902265625 0.755513709375 0.5787777203125 0.7486897671875 0.5644931453125 0.7365110703125 0.5524058015625 0.72640565 0.5480100515624999 0.7139320859375 0.5492782953125 0.712276334375 0.5467092124999999 0.7231724234375 0.5284020265625 0.735476359375 0.5173375984375 0.800878140625 0.5086422640625 0.8004017937500001 0.5020264671875 0.785128384375 0.46862091406250006 0.7652044703125 0.4467807890625 0.7378604109375 0.43516302500000004 0.7047746906250001 0.43594993281249994 0.67338304375 0.4583576171875 0.6570482515625 0.4872457203125 0.65117075 0.5247625953124999 0.6523663890625 0.5348916015625 0.654465171875 0.5321305328125
0 0.38159054531250003 0.5512252515625 0.42422812656250003 0.6615816171875 0.4336085734375 0.6724701296875 0.4421166328125 0.671851721875 0.4506886484375 0.667365715625 0.46630688906250006 0.6382691359375 0.4963797296875 0.6154743875 0.5072668953125 0.62788600625 0.5350858328125 0.6339797828125 0.5579993484375 0.5774676453125 0.5688878609375 0.5680871984375 0.6179155781250001 0.5742957015625 0.58391799375 0.39627914999999997 0.568589928125 0.4077332125 0.5563381625 0.45369832499999996 0.5436670046875001 0.4694785625 0.474582046875 0.44416633125000005 0.40858977812499997 0.450335321875 0.40957741875 0.46164457499999995 0.384949509375 0.46885306875 0.3772834546875 0.5072682000000001 0.38159054531250003 0.5512252515625
6 0.5200900140625 0.7650358203125001 0.5150887109375 0.7499979109375 0.49992785156249997 0.6909131859375 0.5397449562500001 0.676442484375 0.5232645046875 0.644457709375 0.5159055718750001 0.6402770328125 0.509873021875 0.64051445625 0.480285365625 0.651876821875 0.3907331234375 0.6987423296874999 0.336087771875 0.7327439250000001 0.33104290000000003 0.750090278125 0.33225534375 0.7755721796875 0.32186695468750004 0.7822674015625 0.3187752390625 0.7880118859375 0.320601790625 0.7998142390625 0.328798559375 0.8155218640624999 0.33416739687499997 0.8214921515625001 0.34018728593750003 0.82359515 0.354167559375 0.8185396984375 0.37342804687500003 0.83583749375 0.3856936296875 0.831582934375 0.408384540625 0.830445415625 0.48014424218749996 0.8001333421875 0.4822918921875 0.793705703125 0.4930173921875 0.782899140625 0.5155659625 0.77749005625 0.5200900140625 0.7650358203125001
6 0.58025025 0.90702969375 0.614361390625 0.9003991593749999 0.6252790796875 0.890581325 0.6425957234374999 0.8846500953125 0.6676172593749999 0.8602907562500001 0.6716277374999999 0.8492503328125001 0.671052309375 0.827814365625 0.6647923984374999 0.7916441484375001 0.640878559375 0.7990658921875 0.544944828125 0.8397692359375 0.5200900140625 0.7650358203125001 0.5155659625 0.77749005625 0.4930173921875 0.782899140625 0.4822918921875 0.793705703125 0.478075334375 0.8063253140625 0.47648111406250004 0.8271569296875001 0.47965223906250004 0.843470953125 0.4915702640625 0.8678325750000001 0.5065239312500001 0.8787780453125 0.5332057140625001 0.876156846875 0.5455636828125 0.8922242593749999 0.5573589734375 0.9027575703125 0.58025025 0.90702969375
5 0.7403902140625 0.6378014453125 0.749908475 0.627278496875 0.7560322484374999 0.6135191171875001 0.7519628046875 0.6107742421875 0.7509722671875 0.6056783671875 0.7545242953125 0.599218740625 0.753353659375 0.593196340625 0.74673996875 0.583905078125 0.741000734375 0.5840591421875 0.7360459046875001 0.593195271875 0.73205665 0.594932234375 0.7155473890625 0.58419911875 0.71042655 0.572694615625 0.7019467953125 0.5661699046875001 0.700866209375 0.5606107671875 0.7050105984374999 0.5473052859374999 0.7037889640625 0.5336005562499999 0.7018588859375 0.5310911359375 0.684126921875 0.523961046875 0.665789578125 0.5260831687499999 0.654465171875 0.5321305328125 0.643745075 0.5462334375 0.6147097875 0.646401996875 0.6335214703125 0.6382945609374999 0.639363475 0.637618484375 0.6412569 0.647359309375 0.6462496796874999 0.6564976812500001 0.6652037453124999 0.7166240187499999 0.70533299375 0.7443563390625 0.722974909375 0.7510231671875001 0.7541653515625 0.7853446328125 0.8259708734375 0.7713870546875 0.843308940625 0.69734439375 0.8503359640625 0.681555525 0.8489722125 0.6770129593750001 0.83603994375 0.672315259375 0.7993543812499999 0.644350353125 0.7950309640625 0.6394215578125 0.793871225 0.6316712359375 0.76793645 0.6486362 0.7549057515625 0.6500127390625 0.7403902140625 0.6378014453125
3 0.864016734375 0.542075853125 0.8561868203125 0.52856500625 0.8373694625000001 0.5090953 0.82960088125 0.5048235015625 0.735476359375 0.5173375984375 0.7231724234375 0.5284020265625 0.712276334375 0.5467092124999999 0.7139320859375 0.5492782953125 0.72640565 0.5480100515624999 0.7365110703125 0.5524058015625 0.7486897671875 0.5644931453125 0.755513709375 0.5787777203125 0.7583594296875 0.6082902265625 0.749908475 0.627278496875 0.7403902140625 0.6378014453125 0.7549057515625 0.6500127390625 0.76793645 0.6486362 0.8459066265624999 0.5976328171875 0.86093490625 0.5767878578125 0.8658264578124999 0.55733509375 0.864016734375 0.542075853125
5 0.6335214703125 0.6382945609374999 0.573316878125 0.6642414640625 0.49992785156249997 0.6909131859375 0.5150887109375 0.7499979109375 0.544944828125 0.8397692359375 0.640878559375 0.7990658921875 0.6686130515625 0.7904583953125 0.684602346875 0.7781605093749999 0.6462496796874999 0.6564976812500001 0.6412569 0.647359309375 0.639363475 0.637618484375 0.6335214703125 0.6382945609374999