1 0.567808625 0.43768217187499997 0.554348803125 0.43356481406249997 0.5496631562500001 0.4349354234375 0.5473979124999999 0.45097981249999997 0.5406295984375 0.47013187656250005 0.5406630125 0.47037786718749997 0.5601389734375 0.45880587031250003 0.5601592359375 0.45878471093749995 0.567808625 0.43768217187499997
3 0.8405003203125 0.5176563859375001 0.8389935124999999 0.528328896875 0.8371985546875 0.5305454843749999 0.8635190109374999 0.52777909375 0.866181140625 0.5304730265625001 0.8888189515624999 0.56116060625 0.8933399937500001 0.5419743687499999 0.8938427578124999 0.5301122546875 0.8876538500000001 0.5045199109375 0.8772961078125 0.49336190156250004 0.85032864375 0.48466449375 0.850699221875 0.4854801078125 0.84789250625 0.49628924531249996 0.8377007031250001 0.5025693437500001 0.8377148046875 0.503190171875 0.8405003203125 0.5176563859375001
3 0.6109915765625 0.584290003125 0.56269153125 0.5738320796874999 0.55102689375 0.582227834375 0.5240926953125 0.6349283625 0.6091958109375 0.6360003953125 0.639168571875 0.5585857140625 0.6487455859375 0.548038434375 0.648645734375 0.544736490625 0.639389140625 0.5479351765625 0.6229274234375 0.5456110125 0.6063394 0.538586553125 0.6109915765625 0.584290003125
5 0.8635190109374999 0.52777909375 0.8371985546875 0.5305454843749999 0.8355036671875 0.532638496875 0.8326178640625 0.5337874 0.8321917437499999 0.53584498125 0.8319898359375 0.536252659375 0.8352929625 0.538464375 0.8523418171875001 0.559500034375 0.8589643890625001 0.573641890625 0.8594372953124999 0.58900079375 0.8528689375 0.60795320625 0.8360810875 0.62740904375 0.7812770515625 0.6567827515625 0.7817568921875 0.664604659375 0.785634284375 0.669891509375 0.819742946875 0.700947359375 0.832216571875 0.7067543046875 0.8331792234375 0.7113984421875 0.82480285 0.7265147859375001 0.8010775156250001 0.798764578125 0.7283287515625 0.80641078125 0.7002483125000001 0.7695014921875 0.699299559375 0.769044859375 0.6924869124999999 0.7710996812500001 0.653623175 0.7659689953125 0.6596565937500001 0.7931911796875 0.6426563109375001 0.8040487093750001 0.63874685 0.8048969578125 0.6418305 0.841475125 0.641477271875 0.8473133703125001 0.6983780640624999 0.9257740968749999 0.71131953125 0.92441389375 0.7357822140625 0.89686339375 0.7418837578125 0.8813534234375 0.752069465625 0.8820671046875 0.752039440625 0.876122790625 0.7632179390625 0.8636476921874999 0.781236359375 0.8653223625 0.7908037921875 0.86015355625 0.798205490625 0.845696428125 0.8100958921875 0.8343360000000001 0.8290116984375 0.8388900828124999 0.842848775 0.8517096734375 0.85235438125 0.8459526203125 0.9541108921875001 0.7050080171875 0.948021778125 0.641415346875 0.866181140625 0.5304730265625001 0.8635190109374999 0.52777909375
0 0.2943629640625 0.771121134375 0.29794357968749996 0.765667971875 0.3088759640625 0.759903634375 0.3098890296875 0.734413028125 0.3164265375 0.717572371875 0.37382738125000003 0.6884628187499999 0.3972478546875 0.6787020734375 0.376974040625 0.6373843531250001 0.3498878015625 0.6201280828125 0.31430734375 0.620421484375 0.2728906109375 0.65808835 0.2534506453125 0.6917222375 0.2448932875 0.73053045 0.24904225468750002 0.77547005625 0.271459128125 0.8248077640625 0.296063125 0.8457711828125 0.33194213125 0.8483182812500001 0.358195865625 0.8357945156250001 0.3665996609375 0.82284935 0.3666373765625 0.8207086359375 0.35722924375 0.8203587046875 0.344639525 0.8235280578124999 0.32695993125 0.804617425 0.31259224531249996 0.8084351765625 0.306778553125 0.8058155125 0.3019504890625 0.7994000203125 0.295153921875 0.783037771875 0.2943629640625 0.771121134375
6 0.5587232984375 0.6700064625000001 0.561900421875 0.6689548046875 0.6015135078125 0.655842509375 0.6091958109375 0.6360003953125 0.5240926953125 0.6349283625 0.5232752125 0.6365278812499999 0.518560746875 0.6350544703125001 0.5085243687500001 0.64451358125 0.5105856578125 0.6459356390625001 0.5242157390625 0.67923506875 0.5587232984375 0.6700064625000001
6 0.64569506875 0.730198153125 0.6468482171875001 0.7354010515625 0.653623175 0.7659689953125 0.6924869124999999 0.7710996812500001 0.699299559375 0.769044859375 0.68325458125 0.7613224390625 0.64569506875 0.730198153125
3 0.5492538796875001 0.4237522421875 0.5600157609374999 0.41869290000000003 0.567302165625 0.40859754062500003 0.5692477499999999 0.38973399999999997 0.5613779890624999 0.3709200359375 0.5138122390625 0.352841096875 0.50243781875 0.352072484375 0.48096510625000005 0.362676828125 0.42176677500000004 0.36006032656250003 0.41261355312500003 0.3757532 0.41240643906249996 0.39246990937500004 0.41473119374999995 0.40057303906249997 0.42250033125 0.409085996875 0.476560553125 0.41420664843750005 0.496802315625 0.42926512343749995 0.510656096875 0.4302641703125 0.5492538796875001 0.4237522421875
6 0.531175596875 0.9633582296875 0.5909405359375001 0.95707668125 0.5897591281250001 0.9191850265625 0.5907428734375 0.9000274421875 0.579029125 0.908842771875 0.5444698984375 0.9124750921875 0.5220380687499999 0.9062241203125 0.511205703125 0.894702865625 0.509072203125 0.89136231875 0.50649135 0.9607504828125 0.531175596875 0.9633582296875
3 0.7293580328125 0.367838325 0.7282664828125001 0.3682212125 0.8308921671875 0.534474440625 0.832401815625 0.5338734140625 0.8377148046875 0.503190171875 0.7293580328125 0.367838325
3 0.7918706796875 0.3789451546875 0.77660235625 0.3686348046875 0.7570804718749999 0.36104106874999997 0.723557553125 0.3605927640625 0.7293580328125 0.367838325 0.7382168124999999 0.3647309015625 0.75882105625 0.3630721046875 0.777180921875 0.3738122765625 0.7934267687500001 0.4306908640625 0.8163408562500001 0.4295111921875 0.8264663109375 0.4345994609375 0.8225218984374999 0.4222492671875 0.8067834062499999 0.3966689015625 0.7918706796875 0.3789451546875
6 0.798954671875 0.48453903125000003 0.789033375 0.49622449375000005 0.7878587953125 0.496630378125 0.79908205625 0.528200496875 0.7989799859375 0.5348326359375 0.8279262546874999 0.53353175625 0.82991508125 0.534863440625 0.8355036671875 0.532638496875 0.8389935124999999 0.528328896875 0.8405003203125 0.5176563859375001 0.837606446875 0.5026274234375 0.84789250625 0.49628924531249996 0.850699221875 0.4854801078125 0.843290153125 0.4691733546875 0.8473512359375001 0.45779428906249997 0.847101409375 0.45124920937499996 0.8408543140625 0.4418297546875 0.8163408562500001 0.4295111921875 0.7934267687500001 0.4306908640625 0.8044444328125 0.46926498125 0.798954671875 0.48453903125000003
3 0.8044444328125 0.46926498125 0.777180921875 0.3738122765625 0.75882105625 0.3630721046875 0.7382168124999999 0.3647309015625 0.5979384203125 0.413936809375 0.594003284375 0.4173952765625 0.5987193390625001 0.4637262921875 0.6063394 0.538586553125 0.6229274234375 0.5456110125 0.639389140625 0.5479351765625 0.648645734375 0.544736490625 0.6484372984375 0.5378437640625 0.6575622437499999 0.5009819109375 0.6763526421875 0.47362740781249996 0.7095777921875001 0.454040953125 0.7426061953125 0.45614065000000004 0.768833646875 0.47009739687499996 0.7867782515624999 0.49359089687499996 0.7878587953125 0.496630378125 0.789033375 0.49622449375000005 0.798954671875 0.48453903125000003 0.8044444328125 0.46926498125
6 0.651077025 0.5454707921875 0.6628854 0.540433428125 0.6813379203125 0.5399175859375 0.6983809812499999 0.5485659859375 0.7000850046875 0.551234075 0.70010754375 0.564993125 0.6948192765625001 0.57788676875 0.695411240625 0.58351893125 0.703290059375 0.5907578734375 0.707388728125 0.602664909375 0.722899715625 0.6147960578125 0.7270251765625 0.613413390625 0.7327574171875 0.6047438703125 0.7384882390625 0.6050905984375 0.7442669765625001 0.6149229265625 0.7449082703125 0.6210244375 0.740806765625 0.6271499031250001 0.7413494 0.6323127171875 0.7451641265625 0.6354018234375001 0.7479381796875 0.6303956562499999 0.7476754718749999 0.600747434375 0.7421224796875 0.5859224703125 0.7310436078125 0.5728196796875 0.72135975625 0.5675599109375 0.7088231234375 0.5677361875 0.7073975828125 0.565032571875 0.719847784375 0.5477447078125001 0.733069228125 0.537794740625 0.7989799859375 0.5348326359375 0.79908205625 0.528200496875 0.7867782515624999 0.49359089687499996 0.768833646875 0.47009739687499996 0.7426061953125 0.45614065000000004 0.7095777921875001 0.454040953125 0.6763526421875 0.47362740781249996 0.6575622437499999 0.5009819109375 0.6484372984375 0.5378437640625 0.6487455859375 0.548038434375 0.651077025 0.5454707921875
0 0.3775765546875 0.5407102609375001 0.41043369687500003 0.654362796875 0.41882944999999994 0.666027434375 0.4273590328125 0.66615290625 0.43628940937499994 0.6624310703125 0.4543841515625 0.63480643125 0.48632925 0.6147194453125 0.49609324218750006 0.6280327125 0.5232752125 0.6365278812499999 0.55102689375 0.582227834375 0.56269153125 0.5738320796874999 0.6109915765625 0.584290003125 0.592638528125 0.4039877734375 0.5763705031249999 0.41406232187500003 0.5601592359375 0.45878471093749995 0.5461609578125 0.4734005359375 0.4795449953125 0.442163475 0.413266184375 0.44255738593749994 0.4132644 0.45390968125000003 0.38810194375 0.45894428125 0.37711696250000004 0.496545090625 0.3775765546875 0.5407102609375001
6 0.49691417187500003 0.7657782390625 0.493242540625 0.7503616625 0.48328894531250005 0.690180415625 0.5242157390625 0.67923506875 0.5105856578125 0.6459356390625001 0.503619096875 0.6411294984375 0.4975888109375 0.6408402468750001 0.4671234484375 0.649580640625 0.37382738125000003 0.6884628187499999 0.3164265375 0.717572371875 0.3098890296875 0.734413028125 0.3088759640625 0.759903634375 0.29794357968749996 0.765667971875 0.2943629640625 0.771121134375 0.295153921875 0.783037771875 0.3019504890625 0.7994000203125 0.306778553125 0.8058155125 0.31259224531249996 0.8084351765625 0.32695993125 0.804617425 0.344639525 0.8235280578124999 0.35722924375 0.8203587046875 0.37993295 0.8212031578125 0.45406145468750003 0.7972607015625 0.45676113906250004 0.7910447015625001 0.46838767812500004 0.78121405 0.49132187812500006 0.7777907859375001 0.49691417187500003 0.7657782390625
6 0.5444698984375 0.9124750921875 0.579029125 0.908842771875 0.5907609500000001 0.9000138375000001 0.6085286390625 0.895614421875 0.6355780156249999 0.8735285484374999 0.64053546875 0.8628796718749999 0.6418305 0.841475125 0.63874685 0.8048969578125 0.6142771640625 0.8102062328124999 0.515160959375 0.8423935109375 0.49691417187500003 0.7657782390625 0.49132187812500006 0.7777907859375001 0.46838767812500004 0.78121405 0.45676113906250004 0.7910447015625001 0.451460753125 0.8032487921874999 0.44805700625 0.8238621921875 0.449794203125 0.8403905187499999 0.45954362031249996 0.8656981625 0.4734864234375 0.877905278125 0.500295128125 0.8776195265625001 0.511205703125 0.894702865625 0.5220380687499999 0.9062241203125 0.5444698984375 0.9124750921875
5 0.7274652703125 0.65822845625 0.7378644453125001 0.648575121875 0.7451641265625 0.6354018234375001 0.7413494 0.6323127171875 0.740806765625 0.6271499031250001 0.7449082703125 0.6210244375 0.7442669765625001 0.6149229265625 0.7384882390625 0.6050905984375 0.7327574171875 0.6047438703125 0.7270251765625 0.613413390625 0.722899715625 0.6147960578125 0.707388728125 0.602664909375 0.703290059375 0.5907578734375 0.695411240625 0.58351893125 0.6948192765625001 0.57788676875 0.70010754375 0.564993125 0.7000850046875 0.551234075 0.6983809812499999 0.5485659859375 0.6813379203125 0.5399175859375 0.6628854 0.540433428125 0.651077025 0.5454707921875 0.639168571875 0.5585857140625 0.6015135078125 0.655842509375 0.620960215625 0.649405471875 0.6268389140624999 0.6492411312499999 0.627876165625 0.6591099125000001 0.6320534828125 0.668648659375 0.64569506875 0.730198153125 0.68325458125 0.7613224390625 0.7002483125000001 0.7695014921875 0.7283287515625 0.80641078125 0.8010775156250001 0.798764578125 0.82480285 0.7265147859375001 0.8331792234375 0.7113984421875 0.832216571875 0.7067543046875 0.819742946875 0.700947359375 0.785634284375 0.669891509375 0.7817568921875 0.664604659375 0.7812770515625 0.6567827515625 0.7539623718749999 0.6714227937499999 0.7408612859375 0.6716583953125 0.7274652703125 0.65822845625
3 0.8589643890625001 0.573641890625 0.8523418171875001 0.559500034375 0.8352929625 0.538464375 0.8279262546874999 0.53353175625 0.733069228125 0.537794740625 0.719847784375 0.5477447078125001 0.7073975828125 0.565032571875 0.7088231234375 0.5677361875 0.72135975625 0.5675599109375 0.7310436078125 0.5728196796875 0.7421224796875 0.5859224703125 0.7476754718749999 0.600747434375 0.7479381796875 0.6303956562499999 0.7378644453125001 0.648575121875 0.7274652703125 0.65822845625 0.7408612859375 0.6716583953125 0.7539623718749999 0.6714227937499999 0.8360810875 0.62740904375 0.8528689375 0.60795320625 0.8594372953124999 0.58900079375 0.8589643890625001 0.573641890625
5 0.620960215625 0.649405471875 0.5587232984375 0.6700064625000001 0.48328894531250005 0.690180415625 0.493242540625 0.7503616625 0.515160959375 0.8423935109375 0.6142771640625 0.8102062328124999 0.6426563109375001 0.8040487093750001 0.6596565937500001 0.7931911796875 0.6320534828125 0.668648659375 0.627876165625 0.6591099125000001 0.6268389140624999 0.6492411312499999 0.620960215625 0.649405471875