6 0.8174340499999999 0.6192125578125001 0.803295746875 0.618345234375 0.7883158109374999 0.5901678718750001 0.7727276562500001 0.585436128125 0.7649485359375 0.5857993328125 0.7725337890625 0.60162565625 0.78278073125 0.6489856875 0.7838624203125 0.6734588718750001 0.7819631859375 0.6915288734375 0.7663116109375 0.747737621875 0.7510995546875 0.7765881359375 0.735379215625 0.798686365625 0.73322009375 0.8008712812500001 0.7366023015625001 0.8040840687499999 0.7392175625 0.8256720140624999 0.738224615625 0.83511926875 0.7647141984375 0.8264947515625 0.7833563734375 0.7962831640625 0.7905669984375 0.774768828125 0.795811409375 0.7425304046875 0.7973144890625 0.675253103125 0.81228888125 0.6681655640625 0.8174340499999999 0.6192125578125001
6 0.532805228125 0.7584318828125001 0.532777525 0.7883021203125 0.5160355171875 0.83508633125 0.5076839421875 0.8790182671875 0.50271385625 0.8785299343749999 0.5085617921875001 0.8855674984374999 0.5690125046875 0.8931584703125001 0.5868847515625 0.8820448000000001 0.608036334375 0.8784960890625 0.6076615578125 0.877560221875 0.5840848078125 0.8737501390625001 0.5738664921875001 0.8611315703125 0.5691938546875 0.8379953203125 0.5702779203125 0.8234565234375 0.5765621375000001 0.8059121062499999 0.5822963109375 0.7972660390625 0.5828938359375 0.79636508125 0.5895970484374999 0.7923580718750001 0.5815942765625 0.7843498796875 0.56738786875 0.757279259375 0.5597438203125 0.7315073578125 0.55579053125 0.7061423328124999 0.5437611953125 0.712140225 0.5400236640625 0.71935970625 0.532805228125 0.7584318828125001
6 0.4547644296875 0.48904788281249995 0.4479881703125 0.5004263843750001 0.44784630468750003 0.500878684375 0.45588064375000004 0.5029145515625 0.5085236140625 0.513196603125 0.5085326109375 0.5128352203125 0.5008571578125001 0.5017978921874999 0.4793833078125 0.48931029375 0.460622184375 0.4864083640625 0.4547644296875 0.48904788281249995
6 0.7007333109375 0.8212313890624999 0.665736484375 0.8297328203125 0.6369510984375 0.8254893796875 0.6135541484375 0.8163314015625 0.5895970484374999 0.7923580718750001 0.5828938359375 0.79636508125 0.5765621375000001 0.8059121062499999 0.5702779203125 0.8234565234375 0.5691938546875 0.8379953203125 0.5738664921875001 0.8611315703125 0.5840848078125 0.8737501390625001 0.6076615578125 0.877560221875 0.6143440890625 0.8942473874999999 0.6215805249999999 0.9056645031249999 0.640604671875 0.914768378125 0.670606765625 0.9165896578125 0.6823245765625 0.9107168937499999 0.698411678125 0.9097435812500001 0.72485159375 0.8947616375 0.7310909765625 0.8860929531249999 0.734786325 0.8678324140625 0.7392175625 0.8256720140624999 0.7366023015625001 0.8040840687499999 0.73322009375 0.8008712812500001 0.727201596875 0.8069616734375 0.7007333109375 0.8212313890624999
5 0.5542285875 0.5414149484374999 0.554202115625 0.5537854609374999 0.5804804578125 0.5432230890625 0.6142546734375001 0.5327691328124999 0.6099699578125 0.5225560546875 0.58058781875 0.5194678671874999 0.5542285875 0.5414149484374999
5 0.6220315890625 0.46613424999999997 0.6127614218749999 0.49587916718749997 0.61848778125 0.5056968093750001 0.631633946875 0.5150655328125 0.6509532359375 0.5269865734375 0.6638496328125 0.5232138875000001 0.6833775328125 0.5228304031250001 0.7031279203125 0.5261242265625 0.72056484375 0.53404679375 0.743075484375 0.551637440625 0.745335003125 0.5544277140625 0.7723529078125 0.49729328281249996 0.798982753125 0.42513721562500006 0.810013903125 0.4078650828125 0.8324575812499999 0.3580012796875 0.8405762749999999 0.32752095 0.7585313578124999 0.2605311015625 0.725426896875 0.242306440625 0.6999448593750001 0.29185089999999997 0.6453712671875 0.41943654375 0.6220315890625 0.46613424999999997
6 0.21834768750000003 0.487640590625 0.244007 0.4922045640625 0.25197782343749997 0.4992659046875 0.274351246875 0.501007809375 0.27909635 0.49677616718750006 0.28355534375 0.4920525578125 0.2838523609375 0.4770672078125 0.2894825515625 0.471002015625 0.30765851093749996 0.46651899375 0.3371601640625 0.43526657343749997 0.33069850624999997 0.430167921875 0.33016363437499996 0.4213274359375 0.31605853906250003 0.383731825 0.31392050781249997 0.35764231562500004 0.3189201234375 0.3395681359375 0.281276709375 0.3356116546875 0.2728021890625 0.343766609375 0.18045212187499998 0.44784515 0.168261428125 0.464179096875 0.15592510312500002 0.500017325 0.15134353125 0.520959721875 0.14405824218750002 0.52685923125 0.1382231453125 0.5363432359375 0.1435921140625 0.5378283796875001 0.15031898593749998 0.53289175625 0.1713545140625 0.5367957734375 0.19768335937499998 0.5362151875000001 0.204058615625 0.475558675 0.20596998593750002 0.47513721093749994 0.2120608609375 0.47639974531249996 0.21834768750000003 0.487640590625
1 0.2566414703125 0.7974477203125 0.3039325296875 0.75339436875 0.27904135 0.631642984375 0.1778391734375 0.725020015625 0.2566414703125 0.7974477203125
1 0.46114964374999995 0.741146525 0.4437280484375 0.6414283390625 0.3480520046875 0.6383290328125 0.32609801875 0.6351643984375 0.358504446875 0.7025586328125 0.3039325296875 0.75339436875 0.32596515312499996 0.86116356875 0.5076839421875 0.8790182671875 0.5160355171875 0.83508633125 0.532777525 0.7883021203125 0.532805228125 0.7584318828125001 0.5400236640625 0.71935970625 0.5437611953125 0.712140225 0.48133194375 0.7432677703125 0.47046761875 0.7467899421874999 0.46114964374999995 0.741146525
6 0.469717321875 0.511718503125 0.47809029687500004 0.5125985375 0.47042885468750006 0.5854922953125 0.4873458015625 0.5806578265625 0.554202115625 0.5537854609374999 0.5542698500000001 0.5221316078125 0.45588064375000004 0.5029145515625 0.3099848953125 0.46594520156249997 0.2894825515625 0.471002015625 0.2838523609375 0.4770672078125 0.283336653125 0.5030860609375 0.28042350312500003 0.52093325 0.334928365625 0.5054527171875 0.469717321875 0.511718503125
1 0.31605853906250003 0.383731825 0.33016363437499996 0.4213274359375 0.33069850624999997 0.430167921875 0.3392606953125 0.4369240234375 0.3649443484375 0.4386474546875 0.5563635765625 0.4421739171875 0.5681972515625 0.413160759375 0.5747982421875 0.3875017453125 0.5739241374999999 0.3215278546875 0.5758258609375 0.29879103125 0.5582854234375 0.22423322968749998 0.5468532328125 0.22156761249999998 0.3617625265625 0.2367628578125 0.3312361546875 0.29504429062500004 0.31392050781249997 0.35764231562500004 0.31605853906250003 0.383731825
3 0.1483594734375 0.58912226875 0.1588763953125 0.5857127249999999 0.22779963906249998 0.5957786734375 0.2897140109375 0.6217955546875 0.30827884375000003 0.6046661906249999 0.311867384375 0.605569575 0.32609801875 0.6351643984375 0.3480520046875 0.6383290328125 0.4437280484375 0.6414283390625 0.4389446765625 0.6140491421875 0.44161312500000005 0.599754425 0.44707472031249995 0.5921663609375 0.47042885468750006 0.5854922953125 0.47809029687500004 0.5125985375 0.469717321875 0.511718503125 0.334928365625 0.5054527171875 0.2290534359375 0.535523434375 0.1713545140625 0.5367957734375 0.15031898593749998 0.53289175625 0.1435921140625 0.5378283796875001 0.13701107343750002 0.53600795625 0.131107253125 0.543852909375 0.1274379109375 0.5626556453125 0.132641075 0.5829552812500001 0.1483594734375 0.58912226875
5 0.311867384375 0.605569575 0.30827884375000003 0.6046661906249999 0.131130675 0.7681169234375 0.1307477546875 0.7717601703125 0.17990429531250002 0.8648043296875001 0.18642337343749998 0.862858446875 0.358504446875 0.7025586328125 0.311867384375 0.605569575
3 0.735379215625 0.798686365625 0.7510995546875 0.7765881359375 0.7663116109375 0.747737621875 0.7819631859375 0.6915288734375 0.7838624203125 0.6734588718750001 0.78278073125 0.6489856875 0.7725337890625 0.60162565625 0.756551125 0.5682784703125 0.743075484375 0.551637440625 0.72056484375 0.53404679375 0.7031279203125 0.5261242265625 0.6833775328125 0.5228304031250001 0.6638496328125 0.5232138875000001 0.63934570625 0.5303822171875 0.638453584375 0.531024696875 0.6443642281249999 0.54002641875 0.6484041703125001 0.5626053109375 0.6593430328125 0.6471250640624999 0.6552788796875 0.663605115625 0.5576229078125 0.7052287015625 0.55579053125 0.7061423328124999 0.5597438203125 0.7315073578125 0.56738786875 0.757279259375 0.5815942765625 0.7843498796875 0.6135541484375 0.8163314015625 0.6369510984375 0.8254893796875 0.665736484375 0.8297328203125 0.7007333109375 0.8212313890624999 0.727201596875 0.8069616734375 0.735379215625 0.798686365625
6 0.5804804578125 0.5432230890625 0.4873458015625 0.5806578265625 0.44707472031249995 0.5921663609375 0.44161312500000005 0.599754425 0.4389446765625 0.6140491421875 0.46114964374999995 0.741146525 0.47046761875 0.7467899421874999 0.48133194375 0.7432677703125 0.5576229078125 0.7052287015625 0.6552788796875 0.663605115625 0.6593430328125 0.6471250640624999 0.6484041703125001 0.5626053109375 0.6443642281249999 0.54002641875 0.6353181125 0.5262494765625 0.5804804578125 0.5432230890625