6 0.8232381203125 0.6024359671874999 0.8090738015625 0.6023097734375 0.7926397046875 0.574955015625 0.7768252734375001 0.571045578125 0.7690758234375 0.5718154125 0.7774789671875 0.5872230640625 0.7901904984375 0.6339819078125 0.7925515328125 0.6583649421875 0.7916006125 0.6765095765625 0.778912225 0.7334604328125 0.7652309359375 0.7630675453125 0.7506886734375 0.7859582296875 0.7486468609375 0.7882531515625 0.7521925765625 0.7912845234375 0.7559340796875 0.8127060125 0.7554369249999999 0.8221922859375 0.78143883125 0.81219323125 0.7984743046875 0.7810473906250001 0.8045490750000001 0.759185165625 0.808099071875 0.726716453125 0.8060790687500001 0.6594526875 0.8206620062500001 0.6515911609375 0.8232381203125 0.6024359671874999
6 0.5462855484375 0.7563608187499999 0.547821171875 0.7861915703125 0.5335506046875 0.8337878734374999 0.5275096953125 0.8780966890625 0.5225208640625 0.8778691406249999 0.5287291015625 0.8845910031249999 0.58949425 0.889007825 0.6067603593750001 0.876974025 0.627697228125 0.8723231890625 0.6272739859375001 0.8714082187500001 0.6035301421875 0.8688372687499999 0.5926654265625 0.856770778125 0.586788334375 0.8339107828125 0.5871100125 0.819335175 0.5924674140625 0.8014859124999999 0.5977412296875 0.792551590625 0.5982907828124999 0.7916205953125 0.6047750984375 0.787268259375 0.5963641765625 0.7796898734375 0.5807604734375 0.7533998578125 0.5717781015625001 0.728063334375 0.5665027296875 0.702939971875 0.5548037828125 0.7095592093749999 0.5514492140625 0.7169644046875 0.5462855484375 0.7563608187499999
6 0.454253234375 0.4914303390625 0.448081765625 0.5031478890625001 0.44796376718750003 0.50360699375 0.45609364374999994 0.5052195859374999 0.509202590625 0.512732425 0.5091926609375 0.5123710671875 0.500950078125 0.5017505671875 0.47885210625 0.4904039375 0.45996481874999995 0.4884878671875 0.454253234375 0.4914303390625
6 0.717270165625 0.8102855828125 0.68276623125 0.82060695625 0.653798209375 0.817875840625 0.6299540328125001 0.8099549156249999 0.6047750984375 0.787268259375 0.5982907828124999 0.7916205953125 0.5924674140625 0.8014859124999999 0.5871100125 0.819335175 0.586788334375 0.8339107828125 0.5926654265625 0.856770778125 0.6035301421875 0.8688372687499999 0.6272739859375001 0.8714082187500001 0.6348206984375 0.8877227781249999 0.6426447421875 0.8987455203125 0.662119278125 0.9068412734375 0.6921755734375 0.90708986875 0.70356996875 0.9006118890625 0.719584084375 0.8987979765624999 0.7452036703125 0.8824528062500001 0.75098081875 0.873469459375 0.7537154203124999 0.8550405453125001 0.7559340796875 0.8127060125 0.7521925765625 0.7912845234375 0.7486468609375 0.7882531515625 0.7429553578125 0.79465018125 0.717270165625 0.8102855828125
5 0.5563217593750001 0.5385200859375 0.556942746875 0.5508750296875 0.582632284375 0.53895183125 0.6158130953125001 0.526744596875 0.610999740625 0.516769759375 0.5814962453125 0.5152235468749999 0.5563217593750001 0.5385200859375
5 0.620091953125 0.45979402187499996 0.61239121875 0.4899833390625 0.618623546875 0.49948783125 0.6322420156249999 0.5081556968750001 0.6521587281250001 0.5190493078125 0.6648400031249999 0.514606846875 0.684321071875 0.5132018765625 0.7042167765625 0.5154575296874999 0.7220444390625 0.5224566625 0.745444853125 0.538845084375 0.74784730625 0.54151328125 0.771838 0.4830431421875 0.7946549921875 0.4095922640625 0.804767071875 0.3917664765625 0.8245703203125 0.3407963984375 0.8310826703125 0.3099329421875 0.7456442156249999 0.24732880000000002 0.7116313187500001 0.23086166874999997 0.6887771593750001 0.28167185625 0.6409556765625 0.41193880937499994 0.620091953125 0.45979402187499996
6 0.218086840625 0.502398071875 0.24394984687500001 0.5056128859375 0.252279309375 0.5122473890625 0.274713234375 0.512815971875 0.27923036875 0.5083417890625 0.2834360359375 0.5033912875000001 0.28294837500000003 0.4884109296875 0.288253421875 0.4820593875 0.306169846875 0.47663125468749995 0.3339954453125 0.4438776671875 0.3272757984375 0.43912417968749995 0.32627898593750004 0.430323803125 0.31022561875 0.39351791875000003 0.306725096875 0.36757605937500004 0.31077193125 0.349264990625 0.272973040625 0.347284034375 0.26493693125 0.3558713375 0.1781604765625 0.46464047031250005 0.16684134374999998 0.4815900421875 0.156397553125 0.5180247890625 0.1529183 0.539178265625 0.1459517515625 0.545450975 0.14062100625 0.555227365625 0.14606034375000002 0.556429484375 0.1525196328125 0.55114756875 0.173730653125 0.553945321875 0.19999303125 0.5519875859375001 0.2031850328125 0.49108054687499997 0.2050717265625 0.4905596265625 0.2112203296875 0.491501659375 0.218086840625 0.502398071875
1 0.2725421953125 0.8097764796875 0.31746286874999996 0.7633084796875 0.286233828125 0.6430266546875 0.1900573203125 0.7415722296875 0.2725421953125 0.8097764796875
1 0.47382352031249997 0.7428493125 0.4512069546875 0.6441795625 0.3554998265625 0.6460918015625 0.33341030312500003 0.6440804875 0.3692994609375 0.7096863375 0.31746286874999996 0.7633084796875 0.345105503125 0.8697768859374999 0.5275096953125 0.8780966890625 0.5335506046875 0.8337878734374999 0.547821171875 0.7861915703125 0.5462855484375 0.7563608187499999 0.5514492140625 0.7169644046875 0.5548037828125 0.7095592093749999 0.49408917968750005 0.743911390625 0.4834240796875 0.7479973296875 0.47382352031249997 0.7428493125
6 0.4703721234375 0.513287315625 0.4787796796875 0.5137279375 0.47494370156250004 0.586922765625 0.49158444843750004 0.5812095578124999 0.556942746875 0.5508750296875 0.5553537546875 0.5192610125 0.45609364374999994 0.5052195859374999 0.3084630140625 0.47593649375 0.288253421875 0.4820593875 0.28294837500000003 0.4884109296875 0.2837950953125 0.514421115625 0.2818199859375 0.5323963078125 0.3354399640625 0.5140844265625 0.4703721234375 0.513287315625
1 0.31022561875 0.39351791875000003 0.32627898593750004 0.430323803125 0.3272757984375 0.43912417968749995 0.3361798421875 0.4454229109375 0.3619184921875 0.4457998015625 0.5532599484375 0.439303325 0.5635589750000001 0.4097106015625 0.56880803125 0.38374128281250003 0.5644823171875 0.3179035546875 0.5651914796875 0.2950983625 0.5437730281250001 0.22156073593749998 0.532216996875 0.2194970859375 0.3481752078125 0.24435840468749997 0.3207408859375 0.3041575921875 0.306725096875 0.36757605937500004 0.31022561875 0.39351791875000003
3 0.153505684375 0.6074035734375001 0.16382975 0.6034482890625 0.2331853484375 0.609893278125 0.2963764875 0.63263415625 0.3140193953125 0.614556659375 0.3176502984375 0.6152709953125 0.33341030312500003 0.6440804875 0.3554998265625 0.6460918015625 0.4512069546875 0.6441795625 0.444997221875 0.6170882296875 0.4469138859375 0.6026734484375 0.45197086718749996 0.5948099453125 0.47494370156250004 0.586922765625 0.4787796796875 0.5137279375 0.4703721234375 0.513287315625 0.3354399640625 0.5140844265625 0.2312839125 0.5496549984375 0.173730653125 0.553945321875 0.1525196328125 0.55114756875 0.14606034375000002 0.556429484375 0.139393046875 0.55495598125 0.13390789218750002 0.563099165625 0.1312276375 0.5820681703125 0.137486071875 0.602067675 0.153505684375 0.6074035734375001
5 0.3176502984375 0.6152709953125 0.3140193953125 0.614556659375 0.14566835312499998 0.7870546078125 0.1454766296875 0.7907129015625001 0.1994353578125 0.88105689375 0.20584366250000002 0.87877249375 0.3692994609375 0.7096863375 0.3176502984375 0.6152709953125
3 0.7506886734375 0.7859582296875 0.7652309359375 0.7630675453125 0.778912225 0.7334604328125 0.7916006125 0.6765095765625 0.7925515328125 0.6583649421875 0.7901904984375 0.6339819078125 0.7774789671875 0.5872230640625 0.75977295 0.5547580484375 0.745444853125 0.538845084375 0.7220444390625 0.5224566625 0.7042167765625 0.5154575296874999 0.684321071875 0.5132018765625 0.6648400031249999 0.514606846875 0.6407448203125 0.5230477890625 0.6398875453125 0.523736078125 0.646261203125 0.532416125 0.651477296875 0.5547526375 0.666824590625 0.6385840640625 0.66362850625 0.65525423125 0.568284778125 0.7019316921875001 0.5665027296875 0.702939971875 0.5717781015625001 0.728063334375 0.5807604734375 0.7533998578125 0.5963641765625 0.7796898734375 0.6299540328125001 0.8099549156249999 0.653798209375 0.817875840625 0.68276623125 0.82060695625 0.717270165625 0.8102855828125 0.7429553578125 0.79465018125 0.7506886734375 0.7859582296875
6 0.582632284375 0.53895183125 0.49158444843750004 0.5812095578124999 0.45197086718749996 0.5948099453125 0.4469138859375 0.6026734484375 0.444997221875 0.6170882296875 0.47382352031249997 0.7428493125 0.4834240796875 0.7479973296875 0.49408917968750005 0.743911390625 0.568284778125 0.7019316921875001 0.66362850625 0.65525423125 0.666824590625 0.6385840640625 0.651477296875 0.5547526375 0.646261203125 0.532416125 0.63650645625 0.5191315000000001 0.582632284375 0.53895183125