6 0.8176964046874999 0.7428910937500001 0.8195422546875 0.7102810859375001 0.8140047062500001 0.643215221875 0.82815621875 0.6346012578125 0.82815621875 0.58537860625 0.8140047062500001 0.5859938890625 0.7961614953125 0.5595367140625 0.7801641328125 0.556460296875 0.7724655921875 0.5576346515624999 0.78166359375 0.5725814015624999 0.7968048734375001 0.61861089375 0.8004387812499999 0.64283694375 0.8004387812499999 0.6610064796875 0.7907483609375 0.7185433453125001 0.7786353375 0.74882590625 0.7653110109375 0.772446303125 0.7633921031249999 0.7748449390625 0.767091609375 0.7776865890625 0.7719490984374999 0.7988829046875 0.7719490984374999 0.808382196875 0.7973920609375 0.7970360109375 0.812774140625 0.7650412875 0.8176964046874999 0.7428910937500001
6 0.5836156453125 0.72399420625 0.577032646875 0.699181365625 0.5656961578125 0.7064038078125 0.56273374375 0.71397441875 0.5596390046875 0.7535870859375 0.56273374375 0.7832965875 0.5509737328125001 0.8315745250000001 0.5472600453124999 0.876138775 0.5422661421875 0.8761726328125 0.5488176671875 0.8825603687499999 0.6097306984374999 0.8837909359375 0.62634334375 0.8708699890625 0.6470081140625 0.8651297765624999 0.646537565625 0.8642382109375 0.622691709375 0.862913440625 0.611210371875 0.8514321031250001 0.604144934375 0.8289110187500001 0.60370334375 0.8143385515625001 0.60811924375 0.796233365625 0.6129182453124999 0.7870352781250001 0.613418321875 0.786076796875 0.6196659671875 0.7813910625 0.61086995 0.77426325625 0.5939117171875 0.74882590625 0.5836156453125 0.72399420625
6 0.5098275140624999 0.51187300625 0.50104039375 0.5016984453125 0.47837887031250004 0.491523884375 0.4594171875 0.4905989234375 0.45386742656249995 0.49383628437500005 0.44831766562500003 0.505860765625 0.44822385625 0.5063254171875 0.4564269875 0.5075103140625 0.5098563421875 0.51223335 0.5098275140624999 0.51187300625
6 0.7719490984374999 0.7988829046875 0.767091609375 0.7776865890625 0.7633921031249999 0.7748449390625 0.7580431953125 0.781531071875 0.733211496875 0.7984893046875 0.699295028125 0.8106023296875 0.6702237703125 0.8093910265625001 0.6459977218749999 0.8027288640625001 0.6196659671875 0.7813910625 0.613418321875 0.786076796875 0.60811924375 0.796233365625 0.60370334375 0.8143385515625001 0.604144934375 0.8289110187500001 0.611210371875 0.8514321031250001 0.622691709375 0.862913440625 0.646537565625 0.8642382109375 0.6549277734375 0.880135446875 0.66331798125 0.8907336046875001 0.6831895265625 0.8977990437500001 0.713217640625 0.8964742734375 0.7242573890624999 0.8894088359375001 0.740154625 0.8867592953125 0.7648836609375 0.8690956999999999 0.7701827390625 0.8598223109375001 0.7719490984374999 0.8412755359374999 0.7719490984374999 0.7988829046875
5 0.5845576203125 0.534573809375 0.6170540812499999 0.5206467546875 0.61172528125 0.5109375 0.582181296875 0.5109375 0.5582605578125001 0.5355196421875 0.5595273015625 0.5478251546874999 0.5845576203125 0.534573809375
5 0.7320837796874999 0.2348190515625 0.6972556734375 0.22015458593749998 0.677092034375 0.272091234375 0.636153734375 0.40468244374999995 0.617823153125 0.4535639953125 0.6117129593749999 0.4841149640625 0.6184341718749999 0.49328025625 0.63248761875 0.5012235078125 0.6529471640625 0.511059828125 0.665378559375 0.50595976875 0.6847593984375 0.5035371640624999 0.7047458890625 0.504748465625 0.722915425 0.510804978125 0.7471414734375 0.5259462578125 0.749680278125 0.5284850624999999 0.7705780015625 0.46883947968750006 0.789519603125 0.3942951140625 0.79868489375 0.37596453125 0.8157934359375 0.3240278828125 0.8206815921875 0.29286589375 0.7320837796874999 0.2348190515625
6 0.203125 0.567617490625 0.203125 0.506626865625 0.20498184375 0.5060079171874999 0.21117132343749997 0.506626865625 0.2185986984375 0.5171489796875 0.2445945109375 0.5190058234375 0.25325978125000004 0.5251953031250001 0.27569271875 0.52458900625 0.2799695015625 0.519884546875 0.283910315625 0.5147207218750001 0.2826393109375 0.49978641718750005 0.2876046734375 0.493165934375 0.30521245937499997 0.4868075671875 0.33128573281249996 0.4526425875 0.3243265171875 0.44824729375 0.32287049375 0.439511146875 0.30491285625 0.403595871875 0.300059440625 0.37787276875 0.3031424015625 0.359375 0.2652916375 0.359375 0.257715965625 0.36837111093749997 0.176750971875 0.48153270781249996 0.1663344234375 0.49905144999999995 0.15781179218750002 0.53598285 0.1554443953125 0.5572894265625 0.1488156828125 0.5639181390625 0.14400390000000002 0.573960121875 0.149498696875 0.5748759203125 0.1556727 0.569263190625 0.1770010734375 0.570947009375 0.203125 0.567617490625
1 0.2890663671875 0.8212561640624999 0.33149353125 0.7725008796874999 0.2940122234375 0.6540182984375 0.203125 0.7574623093749999 0.2890663671875 0.8212561640624999
1 0.56273374375 0.71397441875 0.5656961578125 0.7064038078125 0.506862615625 0.7438864671875 0.4964259734375 0.748524975 0.48656914531249995 0.7438864671875 0.4588195984375 0.6465356 0.36334371249999997 0.6534541421875 0.3411791984375 0.6526016609374999 0.38045271718749996 0.7162393078125 0.33149353125 0.7725008796874999 0.3646704078125 0.877376671875 0.5472600453124999 0.876138775 0.5509737328125001 0.8315745250000001 0.56273374375 0.7832965875 0.5596390046875 0.7535870859375 0.56273374375 0.71397441875
6 0.2826393109375 0.49978641718750005 0.2848461390625 0.5257166421874999 0.28381448593749997 0.5437705687500001 0.336402609375 0.52267753125 0.47110813125 0.514819709375 0.4795272265625 0.514819709375 0.4795272265625 0.5881149859375 0.4958461609375 0.5815386984375001 0.5595273015625 0.5478251546874999 0.5562859375 0.516337625 0.4564269875 0.5075103140625 0.307466121875 0.48599374375000004 0.2876046734375 0.493165934375 0.2826393109375 0.49978641718750005
1 0.5174924562500001 0.21819539843750002 0.33500403125 0.25265464843749996 0.3107369546875 0.313807684375 0.300059440625 0.37787276875 0.30491285625 0.403595871875 0.32287049375 0.439511146875 0.3243265171875 0.44824729375 0.3335480078125 0.4540713921875 0.359271109375 0.453100709375 0.5500103390625 0.43659909687500004 0.5587464875 0.40650792031250005 0.5626292203125 0.38029947656249996 0.5548637546874999 0.3147783671875 0.5543784140625 0.2919673140625 0.529140653125 0.2196514234375 0.5174924562500001 0.21819539843750002
3 0.1427634203125 0.573753375 0.1377119640625 0.5821724703125 0.13602814375 0.601255753125 0.14332469375 0.6209003078124999 0.1596016109375 0.6253904921875 0.169704525 0.6209003078124999 0.23930237812500002 0.6237066734375001 0.30359708125 0.6431092171875 0.32026970781249997 0.6241331359375 0.32393302031250004 0.6246564671875 0.3411791984375 0.6526016609374999 0.36334371249999997 0.6534541421875 0.4588195984375 0.6465356 0.45120052499999996 0.6198063875 0.4523601515625 0.60531105 0.45699865937500006 0.5971936624999999 0.4795272265625 0.5881149859375 0.4795272265625 0.514819709375 0.47110813125 0.514819709375 0.336402609375 0.52267753125 0.2342509203125 0.5636504609374999 0.1770010734375 0.570947009375 0.1556727 0.569263190625 0.149498696875 0.5748759203125 0.1427634203125 0.573753375
5 0.16117722968749998 0.8088688093749999 0.2197902484375 0.8962650062499999 0.2260702140625 0.8936483531249999 0.38045271718749996 0.7162393078125 0.32393302031250004 0.6246564671875 0.32026970781249997 0.6241331359375 0.16117722968749998 0.8052054953125 0.16117722968749998 0.8088688093749999
3 0.6702237703125 0.8093910265625001 0.699295028125 0.8106023296875 0.733211496875 0.7984893046875 0.7580431953125 0.781531071875 0.7653110109375 0.772446303125 0.7786353375 0.74882590625 0.7907483609375 0.7185433453125001 0.8004387812499999 0.6610064796875 0.8004387812499999 0.64283694375 0.7968048734375001 0.61861089375 0.78166359375 0.5725814015624999 0.7622827546875001 0.5410875390625 0.7471414734375 0.5259462578125 0.722915425 0.510804978125 0.7047458890625 0.504748465625 0.6847593984375 0.5035371640624999 0.665378559375 0.50595976875 0.6417581625000001 0.5156501875 0.640938084375 0.5163824 0.6477572859375 0.5247169796875 0.654135234375 0.5467498921875 0.6738488921875 0.629663215625 0.6715296375 0.64647780625 0.578759484375 0.698081203125 0.577032646875 0.699181365625 0.5836156453125 0.72399420625 0.5939117171875 0.74882590625 0.61086995 0.77426325625 0.6459977218749999 0.8027288640625001 0.6702237703125 0.8093910265625001
6 0.6738488921875 0.629663215625 0.654135234375 0.5467498921875 0.6477572859375 0.5247169796875 0.6373206437500001 0.511961084375 0.5845576203125 0.534573809375 0.4958461609375 0.5815386984375001 0.45699865937500006 0.5971936624999999 0.4523601515625 0.60531105 0.45120052499999996 0.6198063875 0.48656914531249995 0.7438864671875 0.4964259734375 0.748524975 0.506862615625 0.7438864671875 0.578759484375 0.698081203125 0.6715296375 0.64647780625 0.6738488921875 0.629663215625