6 0.391222203125 0.4579922234375 0.4073595984375 0.4689490140625 0.4549994328125 0.35708854687499997 0.47622626874999996 0.3658295546875 0.4809914875 0.36892420000000004 0.48923760937500005 0.3629508171875 0.4915291625 0.3592476359375 0.48363742343749994 0.3509480140625 0.466857559375 0.336631240625 0.45975501718749995 0.3344941359375 0.44884915625 0.3432115765625 0.4161164734375 0.39783443281249997 0.395361225 0.4239595859375 0.3930133140625 0.43756682812500003 0.3904204078125 0.44194849999999997 0.3807305265625 0.44297314375 0.367131215625 0.46599203281249996 0.3808387640625 0.45599975312499996 0.3819762484375 0.4562180234375 0.391222203125 0.4579922234375
6 0.48108351406249994 0.7396511453125 0.43727307812499994 0.7591977578125 0.44145564375 0.7625803546875 0.462052796875 0.768368421875 0.5247092578125 0.7384036453125 0.54293843125 0.7363362671875 0.5571862046875 0.72965868125 0.5587426828125001 0.7269410703125 0.5594777109375 0.7243075421875 0.5619594828125 0.7213245406250001 0.5633208765625 0.71894755 0.5647563921875001 0.7087333250000001 0.5587965671874999 0.6893784390625 0.5577188843750001 0.6760403968750001 0.5568137656250001 0.6759598890625 0.5088734406250001 0.6966347203125001 0.49562757343749997 0.721667478125 0.48108351406249994 0.7396511453125
5 0.603071309375 0.7049666640625001 0.584961959375 0.7120482421875 0.568327328125 0.713670615625 0.5594777109375 0.7243075421875 0.5526403234374999 0.7488051625 0.5520795281249999 0.780973846875 0.55490819375 0.7944490203125001 0.598835140625 0.7210756296875 0.6039973390625 0.716260284375 0.603071309375 0.7049666640625001
6 0.8157597734375001 0.6934925015625 0.8177369875 0.6882122953125 0.8172286546875001 0.6737134328125001 0.8224537406250001 0.6455929312500001 0.806146459375 0.634814375 0.787355975 0.6296275296875 0.7769013171875 0.6315529093750001 0.7700162703125 0.6352529734375 0.760672759375 0.6292721343750001 0.7442755062499999 0.6312110093750001 0.73349454375 0.63803518125 0.7327841796875 0.667202165625 0.7354521 0.7049520593749999 0.7448303265625 0.7001092703125 0.8157597734375001 0.6934925015625
5 0.683160796875 0.7410684328125 0.7030112671875 0.7351064203125001 0.7125141937499999 0.7255044125000001 0.682037015625 0.736160871875 0.683160796875 0.7410684328125
3 0.66443075625 0.7423169656249999 0.6273810703125 0.7552715265625001 0.607369603125 0.757387615625 0.6039973390625 0.716260284375 0.598835140625 0.7210756296875 0.5211543078124999 0.8508298359375001 0.5147729078125 0.8671765953125 0.5153646203125 0.875881559375 0.5114992218750001 0.8807836625000001 0.505250115625 0.8994179125 0.5089086484374999 0.9153605765625 0.52331669375 0.9355366593750001 0.541527596875 0.9512556312499999 0.5608642078125 0.9589647859375001 0.569569171875 0.9583730718749999 0.574769540625 0.9536585859375 0.5830992687500001 0.9557368125 0.5952102125 0.94382551875 0.6085502953125 0.9134820265625001 0.6184362890624999 0.9012580375000001 0.644317875 0.8527108546875001 0.661883978125 0.8262012328124999 0.6293516968749999 0.8229664265625001 0.604709240625 0.824612459375 0.5934878828125 0.819629196875 0.59354806875 0.8111221484375 0.6005114046875 0.7615754390625 0.6283285828125 0.75753708125 0.6672375515625 0.7458509203125 0.6647850328125 0.7425963203125 0.66443075625 0.7423169656249999
5 0.6300683 0.4482162984375 0.6254352578125 0.45986807812499997 0.64648795 0.4722687609375 0.6774072375 0.4614872484375 0.6515926234375 0.3380001171875 0.6492557671875 0.3288855453125 0.644694371875 0.3282444828125 0.5614057609375 0.36925591562500004 0.5522281796875 0.375718575 0.5495680484375 0.38361403125 0.5496010109375 0.38383310625 0.5526197296875 0.38709595625 0.5592807796875 0.390721053125 0.5607369921875 0.3963036015625 0.5594701390625 0.40039088281249996 0.5724132625 0.4072679703125 0.596928078125 0.4275922109375 0.6300683 0.4482162984375
1 0.5594701390625 0.40039088281249996 0.5607369921875 0.3963036015625 0.5592807796875 0.390721053125 0.5526197296875 0.38709595625 0.5335559234375 0.3664904046875 0.50923976875 0.3545579953125 0.4956159734375 0.3526432953125 0.48923760937500005 0.3629508171875 0.4809914875 0.36892420000000004 0.49138987187499994 0.375677153125 0.49078989687499996 0.3615825515625 0.4921246953125 0.35857683749999997 0.5196935890625001 0.373399875 0.5257195218749999 0.382458125 0.5594701390625 0.40039088281249996
5 0.3808387640625 0.45599975312499996 0.3618297765625 0.46985657812500004 0.331092065625 0.54220561875 0.3718647953125 0.5374604453125 0.388323946875 0.5258375125 0.3891009796875 0.51060594375 0.396732546875 0.49525576875 0.404515153125 0.49195805625 0.402809759375 0.49081913281249995 0.4008595171875 0.484211496875 0.4073595984375 0.4689490140625 0.391222203125 0.4579922234375 0.3808387640625 0.45599975312499996
5 0.7535219171875001 0.5312649031250001 0.8055815390625 0.5805828640625 0.820135984375 0.590842709375 0.8537297109375 0.53330785 0.858060984375 0.5209465390625 0.8747719093749999 0.494328703125 0.88248111875 0.47638945 0.8911184562500001 0.467227321875 0.89327721875 0.45801936093749995 0.8701496125 0.43185526406249997 0.837456540625 0.40607616875 0.804140134375 0.37242745 0.7823646140625 0.35510006562499996 0.7333063359375 0.44299439375 0.7351931796875 0.448612365625 0.741752990625 0.4421814765625 0.7496829234375 0.44612395937500005 0.7572321 0.4568001421875 0.75707019375 0.490147840625 0.7619510703125 0.5117610375 0.7562067328125 0.5284873515624999 0.7535219171875001 0.5312649031250001
3 0.388323946875 0.5258375125 0.3718647953125 0.5374604453125 0.296495090625 0.5462320484375 0.2634086703125 0.54545488125 0.2599246546875 0.5466250171875 0.2524521890625 0.5997943796875 0.26254058125 0.6067448203125 0.2859462453125 0.6094810109375 0.3641752984375 0.6315406 0.3844459296875 0.65264705625 0.3936598890625 0.658277615625 0.40091379531250004 0.6545676406250001 0.45464945781250005 0.6386586734375 0.4713167328125 0.63814000625 0.492333571875 0.6473881515625 0.52756473125 0.64137585625 0.5202553453125 0.6355640124999999 0.4866836125 0.6234984296875 0.47307133125 0.6207857171875 0.46449451406250003 0.6163818046875 0.4631866171875 0.6145321515625 0.459158109375 0.6088349640625 0.4587406109375 0.5975814671874999 0.4608884234375 0.5915993078125 0.4178402296875 0.562544584375 0.39494070937500003 0.5502025328125 0.38399391875 0.5404527 0.3880611859375 0.530988209375 0.388323946875 0.5258375125
6 0.7232757953125 0.4327974640625 0.7152409328125 0.417528215625 0.710482971875 0.41516272499999995 0.6963320078125 0.427313959375 0.6934988140625 0.43539979375 0.7026429703125 0.45082494375 0.7027604328125 0.45264662187500004 0.7135663125 0.44887862656250005 0.7194378218749999 0.45093594374999996 0.7349982890625 0.502408 0.7365599125 0.54120716875 0.7456174953125 0.5394423515625 0.7562067328125 0.5284873515624999 0.7619510703125 0.5117610375 0.75707019375 0.490147840625 0.7572321 0.4568001421875 0.7496829234375 0.44612395937500005 0.741752990625 0.4421814765625 0.7351931796875 0.448612365625 0.7320032203125 0.43911443125 0.7232757953125 0.4327974640625
5 0.4245215 0.466315809375 0.4372480328125 0.44392651250000004 0.4811126 0.40447260468749996 0.49153225312500004 0.3790219765625 0.49138987187499994 0.375677153125 0.47622626874999996 0.3658295546875 0.4549994328125 0.35708854687499997 0.4008595171875 0.484211496875 0.409723475 0.4832506671875 0.4105641515625 0.481233140625 0.4245215 0.466315809375
5 0.5663073546875 0.602859753125 0.6254352578125 0.45986807812499997 0.409723475 0.4832506671875 0.40737588437500005 0.4888846046875 0.5663073546875 0.602859753125
3 0.90992485 0.684708159375 0.7448303265625 0.7001092703125 0.7354521 0.7049520593749999 0.7360824015625 0.7138705515625 0.7316934625 0.718798309375 0.7125141937499999 0.7255044125000001 0.7030112671875 0.7351064203125001 0.6283285828125 0.75753708125 0.6005114046875 0.7615754390625 0.59354806875 0.8111221484375 0.5934878828125 0.819629196875 0.604709240625 0.824612459375 0.6293516968749999 0.8229664265625001 0.712213415625 0.831205678125 0.7363443000000001 0.849357265625 0.7535329296875 0.8563145734375001 0.929439559375 0.8407299046875 0.9433300953125 0.83076038125 0.9533929125 0.8157113031250001 0.9496434624999999 0.705050459375 0.9326715 0.68847269375 0.90992485 0.684708159375
3 0.45464945781250005 0.6386586734375 0.40091379531250004 0.6545676406250001 0.326312940625 0.6927218765625 0.316476334375 0.8075001015625001 0.4011078828125 0.775333346875 0.48108351406249994 0.7396511453125 0.49562757343749997 0.721667478125 0.5088734406250001 0.6966347203125001 0.578924534375 0.6664243578125 0.5910845203124999 0.6572611515625 0.5906083203125 0.6240054625 0.5857946796875 0.621612290625 0.5529503953125 0.6333058671875 0.546256471875 0.6485641265625001 0.53174538125 0.6446999796874999 0.52756473125 0.64137585625 0.492333571875 0.6473881515625 0.4713167328125 0.63814000625 0.45464945781250005 0.6386586734375
5 0.6163218625 0.482787634375 0.6300683 0.4482162984375 0.596928078125 0.4275922109375 0.5724132625 0.4072679703125 0.5257195218749999 0.382458125 0.5196935890625001 0.373399875 0.4921246953125 0.35857683749999997 0.49078989687499996 0.3615825515625 0.49153225312500004 0.3790219765625 0.4811126 0.40447260468749996 0.4372480328125 0.44392651250000004 0.4245215 0.466315809375 0.4105641515625 0.481233140625 0.4064340140625 0.4911449796875 0.396732546875 0.49525576875 0.3891009796875 0.51060594375 0.3880611859375 0.530988209375 0.38399391875 0.5404527 0.39494070937500003 0.5502025328125 0.4178402296875 0.562544584375 0.4608884234375 0.5915993078125 0.48206219062500005 0.5326254265625 0.4929038 0.502429015625 0.49971524218749996 0.4937907375 0.5095043031250001 0.489569090625 0.5777077015625001 0.5163465015625001 0.5796879484375 0.518974378125 0.5799649390625 0.5052620703125 0.6014949046875 0.4879577765625 0.6163218625 0.482787634375
6 0.5095043031250001 0.489569090625 0.49971524218749996 0.4937907375 0.4929038 0.502429015625 0.4587406109375 0.5975814671874999 0.459158109375 0.6088349640625 0.46449451406250003 0.6163818046875 0.47307133125 0.6207857171875 0.4866836125 0.6234984296875 0.5323545843749999 0.63991244375 0.54237676875 0.6397217093750001 0.5501991171875 0.6324249515625 0.556213703125 0.6180772718750001 0.5812218640625 0.546500665625 0.5793444703125 0.5359781046875 0.5796879484375 0.518974378125 0.5777077015625001 0.5163465015625001 0.5095043031250001 0.489569090625
6 0.7382899703125 0.5841911546875 0.7349982890625 0.502408 0.7194378218749999 0.45093594374999996 0.7135663125 0.44887862656250005 0.6014949046875 0.4879577765625 0.5799649390625 0.5052620703125 0.5793444703125 0.5359781046875 0.597608821875 0.638347471875 0.607369603125 0.757387615625 0.6273810703125 0.7552715265625001 0.7316934625 0.718798309375 0.7360824015625 0.7138705515625 0.7327841796875 0.667202165625 0.7342047234375 0.6088756640625 0.7382899703125 0.5841911546875