6 0.3898224171875 0.46181410312500004 0.40633236874999995 0.47220103281250003 0.45003930781249996 0.358746103125 0.47155826875000006 0.36674097968749997 0.47642858749999994 0.369667434375 0.48446121875000003 0.36340990624999997 0.48662213750000005 0.35962900625 0.4784455515625 0.3516098578125 0.46117626093749997 0.337887415625 0.45400346249999995 0.33599948749999997 0.4434084796875 0.3450922265625 0.412602046875 0.4008241625 0.392771196875 0.42765774843750004 0.39089960156250003 0.44133864218749996 0.38846119218749997 0.4458081359375 0.3788129734375 0.447170328125 0.36602529375000004 0.470649803125 0.37937576875 0.4601852234375 0.38052017656250003 0.4603636625 0.3898224171875 0.46181410312500004
6 0.4894587421875 0.74016533125 0.4463571609375 0.7612289999999999 0.45065522968750005 0.7644635671875 0.4714418359375 0.769529278125 0.5330143734375 0.737396075 0.551160290625 0.7346937671875 0.565166340625 0.7275230109375 0.5666270265625 0.7247527328125 0.5672697 0.7220951578125 0.5696458546875001 0.7190273609375 0.5709234624999999 0.71660430625 0.5720016328125 0.7063462046875 0.5653699609375 0.6872111046875 0.5638274453125 0.673918796875 0.5629200671875 0.6738699265625 0.5157304875000001 0.6962052578125 0.5033663203125001 0.7216850406249999 0.4894587421875 0.74016533125
5 0.6101617546875 0.7012446671875 0.5923105796875 0.7089539390625 0.5757427015625 0.7111558640625 0.5672697 0.7220951578125 0.56129143125 0.7468164765624999 0.5618536484375001 0.7789851359375 0.5651508671875 0.79235338125 0.6064903609375001 0.717491659375 0.6114813609375 0.7124990890625 0.6101617546875 0.7012446671875
6 0.8223202109375001 0.6823547750000001 0.8241119453125 0.67700878125 0.8230979187499999 0.662536490625 0.8273384296874999 0.6342507671875001 0.8106649171875 0.6240478921875 0.7917048609374999 0.619519984375 0.7813237671875 0.6218090546874999 0.77457204375 0.62574715 0.765025496875 0.6200960375 0.7487058984375 0.6226059875 0.7381696640625 0.629802253125 0.7384776453125 0.6589762593749999 0.7424613921875001 0.6966100484375 0.7516648953125 0.6914429140625 0.8223202109375001 0.6823547750000001
5 0.6914623875 0.7345293609375 0.7110926937500001 0.727878209375 0.7202547265625 0.7179504031249999 0.69016801875 0.7296640078125 0.6914623875 0.7345293609375
3 0.6727873296875 0.736430803125 0.6362123203125 0.7506704875 0.61628689375 0.7534836765625 0.6114813609375 0.7124990890625 0.6064903609375001 0.717491659375 0.5333852046875001 0.8498778453125 0.5275781859374999 0.8664373546874999 0.5284733375 0.8751163656250001 0.524781375 0.8801503828125 0.5191864015625 0.898991371875 0.523399096875 0.9147966437499999 0.5385025 0.9344576015625 0.55725089375 0.9495314468749999 0.576844771875 0.956561065625 0.58552378125 0.9556659140624999 0.59055645 0.9507728109375 0.5989536328125 0.9525590671874999 0.6106415000000001 0.9402323640624999 0.6229144843750001 0.9094417937499999 0.63236784375 0.8968802359374999 0.6565393921875 0.8474593718750001 0.673169621875 0.8203528515625 0.6405442640625 0.818255375 0.6159742671874999 0.8207604140625 0.60458583125 0.8161718078125 0.6043490890625 0.807667840625 0.609579028125 0.7579082968749999 0.637238321875 0.75290159375 0.6757157484375 0.7398646484375 0.673151140625 0.736697621875 0.6727873296875 0.736430803125
5 0.628181840625 0.443708525 0.6239582625 0.455514896875 0.6454309078125 0.4671732984375 0.6759550890625 0.4553192859375 0.6458465624999999 0.332808296875 0.6431930359375 0.3237808328125 0.638612046875 0.3232993515625 0.5568054515624999 0.36719253125 0.5478590046875 0.373971546875 0.545476040625 0.38195503125 0.5455166296875 0.382172821875 0.54864738125 0.3853283328125 0.5554308875 0.388718753125 0.557081040625 0.3942470796875 0.555957603125 0.398376084375 0.56913285 0.40479727343749994 0.5943420359375 0.424253578125 0.628181840625 0.443708525
1 0.555957603125 0.398376084375 0.557081040625 0.3942470796875 0.5554308875 0.388718753125 0.54864738125 0.3853283328125 0.5288760640625 0.3654006515625 0.5041582874999999 0.35432413125 0.49047596875000005 0.3528860625 0.48446121875000003 0.36340990624999997 0.47642858749999994 0.369667434375 0.48705631250000003 0.3760533765625 0.48596480781249995 0.36198829843749997 0.4871938953125 0.3589378328125 0.5152633109375 0.3727897 0.521601703125 0.3816321296875 0.555957603125 0.398376084375
5 0.37937576875 0.4601852234375 0.36086195625 0.47469701249999996 0.332667915625 0.548074709375 0.3732502015625 0.5419094796875 0.38929369375 0.5297192109375 0.389538678125 0.514469803125 0.3966298828125 0.49886264062499996 0.404292659375 0.495295328125 0.4025485578125 0.49421661562499997 0.40036889999999997 0.4876810671875 0.40633236874999995 0.47220103281250003 0.3898224171875 0.46181410312500004 0.37937576875 0.4601852234375
5 0.7544586078125 0.5223980703125 0.8082076890625001 0.5698691328125001 0.82311133125 0.5796147859375 0.8546766546875 0.5209425703125 0.8585738875000001 0.50843763125 0.8743456828125 0.48125280625 0.8814241265625 0.463055434375 0.8897364484375 0.45359745 0.8915725421875 0.4443197578125 0.8675459109375 0.41897874062499996 0.8339730765625 0.394356321875 0.7995026421875 0.3618908265625 0.7771356703125 0.3453339515625 0.7311747453125 0.4348868453125 0.733256503125 0.44043554687500003 0.739587884375 0.4337796390625 0.7476505765625 0.43744297187500003 0.755567746875 0.44784918749999997 0.7565697578125 0.481182221875 0.76220195 0.5026119125 0.757044853125 0.5195285125 0.7544586078125 0.5223980703125
3 0.38929369375 0.5297192109375 0.3732502015625 0.5419094796875 0.2982325359375 0.5533061046875 0.26513914843749997 0.5536841109374999 0.2616980921875 0.554975121875 0.2560857609375 0.60837288125 0.2664105765625 0.6149670078125 0.2898974734375 0.6168846859375 0.368848740625 0.6362006828125 0.3898436265625 0.656586846875 0.399248478125 0.6618924140625 0.4063684890625 0.657931540625 0.4595162015625 0.6401569171875 0.47615522343750005 0.6390568875 0.4974820140625 0.6475659203124999 0.5324818859375 0.6403277375 0.5249741218749999 0.6347745296875 0.4910017578125 0.6238879328125 0.4773030953125 0.6216519359375 0.468577809375 0.61755003125 0.46720615624999995 0.61574715 0.462981275 0.6101940265625 0.4621712890625 0.5989619546875 0.46410901875 0.5929084812500001 0.420073053125 0.56537381875 0.3967567515625 0.5538384671875 0.385476365625 0.5444766109375 0.3892108484375 0.534875940625 0.38929369375 0.5297192109375
6 0.720794446875 0.4250461890625 0.712231590625 0.4100666546875 0.7073939734375 0.40786865624999996 0.6936757015625 0.42050634843749995 0.691126425 0.428686134375 0.700803340625 0.44378276093749996 0.7009843078125 0.44559923125 0.7116521031249999 0.4414564109375 0.7175918359375 0.4433075625 0.7349391734374999 0.49420521093750003 0.7378539171875 0.5329262453125 0.7468443890625001 0.530846396875 0.757044853125 0.5195285125 0.76220195 0.5026119125 0.7565697578125 0.481182221875 0.755567746875 0.44784918749999997 0.7476505765625 0.43744297187500003 0.739587884375 0.4337796390625 0.733256503125 0.44043554687500003 0.7297370140624999 0.43105472499999997 0.720794446875 0.4250461890625
5 0.42339191875 0.468970490625 0.4353293234375 0.4461506828125 0.47779024843749995 0.4051899578125 0.4873153390625 0.37939119374999997 0.48705631250000003 0.3760533765625 0.47155826875000006 0.36674097968749997 0.45003930781249996 0.358746103125 0.40036889999999997 0.4876810671875 0.409193925 0.486411475 0.4099636796875 0.4843658390625 0.42339191875 0.468970490625
5 0.5698567156250001 0.600483 0.6239582625 0.455514896875 0.409193925 0.486411475 0.4070443859375 0.49212391093749996 0.5698567156250001 0.600483
3 0.91612135625 0.67028946875 0.7516648953125 0.6914429140625 0.7424613921875001 0.6966100484375 0.7434025609375 0.705501109375 0.739188271875 0.7105790375 0.7202547265625 0.7179504031249999 0.7110926937500001 0.727878209375 0.637238321875 0.75290159375 0.609579028125 0.7579082968749999 0.6043490890625 0.807667840625 0.60458583125 0.8161718078125 0.6159742671874999 0.8207604140625 0.6405442640625 0.818255375 0.723643053125 0.823597775 0.7483927171875 0.8408961484375 0.7658136828125001 0.8472493453125001 0.9410692578125 0.8255351171875001 0.9546034015625 0.81508689375 0.9641348843750001 0.7996957953125 0.956525709375 0.6892332171875 0.9389855296875 0.6732578640625 0.91612135625 0.67028946875
3 0.4595162015625 0.6401569171875 0.4063684890625 0.657931540625 0.33314464374999997 0.6986660671875 0.32731973124999997 0.8137176640625 0.4107771203125 0.77861690625 0.4894587421875 0.74016533125 0.5033663203125001 0.7216850406249999 0.5157304875000001 0.6962052578125 0.5846845828125 0.66356855 0.59651736875 0.6539865484375 0.594880853125 0.6207677375 0.5899866234375 0.618544015625 0.557570446875 0.63137671875 0.5514131078125 0.6468592984375 0.5367759999999999 0.643503934375 0.5324818859375 0.6403277375 0.4974820140625 0.6475659203124999 0.47615522343750005 0.6390568875 0.4595162015625 0.6401569171875
5 0.6156503 0.47873854531250004 0.628181840625 0.443708525 0.5943420359375 0.424253578125 0.56913285 0.40479727343749994 0.521601703125 0.3816321296875 0.5152633109375 0.3727897 0.4871938953125 0.3589378328125 0.48596480781249995 0.36198829843749997 0.4873153390625 0.37939119374999997 0.47779024843749995 0.4051899578125 0.4353293234375 0.4461506828125 0.42339191875 0.468970490625 0.4099636796875 0.4843658390625 0.4061819765625 0.49441577968750006 0.3966298828125 0.49886264062499996 0.389538678125 0.514469803125 0.3892108484375 0.534875940625 0.385476365625 0.5444766109375 0.3967567515625 0.5538384671875 0.420073053125 0.56537381875 0.46410901875 0.5929084812500001 0.48321172968750004 0.533231571875 0.49299289531249996 0.5026751890625001 0.499498715625 0.493804459375 0.5091344796875 0.48924374843749996 0.5782308484375001 0.513624584375 0.5803016000000001 0.51618175 0.5800998703125 0.5024681296875 0.601012809375 0.484422990625 0.6156503 0.47873854531250004
6 0.5091344796875 0.48924374843749996 0.499498715625 0.493804459375 0.49299289531249996 0.5026751890625001 0.4621712890625 0.5989619546875 0.462981275 0.6101940265625 0.468577809375 0.61755003125 0.4773030953125 0.6216519359375 0.4910017578125 0.6238879328125 0.5372177484375 0.6386980546875 0.5472271703125 0.638157665625 0.5547901015625001 0.6305923578125 0.560300296875 0.6160435125 0.5827952359374999 0.5436377359375 0.580551753125 0.5331871046875001 0.5803016000000001 0.51618175 0.5782308484375001 0.513624584375 0.5091344796875 0.48924374843749996
6 0.7410830390625 0.5758236671875 0.7349391734374999 0.49420521093750003 0.7175918359375 0.4433075625 0.7116521031249999 0.4414564109375 0.601012809375 0.484422990625 0.5800998703125 0.5024681296875 0.580551753125 0.5331871046875001 0.6023776187500001 0.6348566953125 0.61628689375 0.7534836765625 0.6362123203125 0.7506704875 0.739188271875 0.7105790375 0.7434025609375 0.705501109375 0.7384776453125 0.6589762593749999 0.737861759375 0.6006357125 0.7410830390625 0.5758236671875