6 0.37395464375 0.460127228125 0.363691290625 0.48481475625000003 0.37587478281250003 0.4730119984375 0.3770315734375 0.47306983750000003 0.38643446875 0.4735399828125 0.40393970625 0.48214425156249996 0.43554794531249996 0.36474222031250003 0.457784715625 0.37044395625000004 0.4629342515625 0.37284529375000003 0.47026878906249997 0.36578240625 0.47202265781249997 0.361796340625 0.46305263593749996 0.35467580781249997 0.44444356249999994 0.3428336703125 0.4371127140625 0.341705846875 0.427526221875 0.3518562515625 0.40271412343749996 0.41050303125000004 0.3857967828125 0.43926250937500005 0.3853654828125 0.45306409218750004 0.383407621875 0.457763984375 0.37395464375 0.460127228125
6 0.58165725625 0.6662942671875001 0.5807497406250001 0.6663405109375 0.5361533484375001 0.6934861406249999 0.5265202765625 0.7201187499999999 0.5146206015625 0.7399515421875 0.4739568875 0.7654051640625 0.478569515625 0.7681727406250001 0.4997717625 0.771037909375 0.5576481640625001 0.732644653125 0.5754122078125 0.728060384375 0.5885919828125 0.7194648781249999 0.5897550953125 0.71655709375 0.5901164546875 0.7138468984374999 0.5921589203125001 0.71054753125 0.5931762515625 0.7080042046874999 0.5931762515625 0.6976895984375 0.5845807468750001 0.6793525203125 0.58165725625 0.6662942671875001
5 0.5906766953125 0.770991359375 0.5953532140625 0.78394171875 0.6286410640625 0.70516894375 0.6330828578125 0.699682021875 0.6305940734375 0.6886271890625 0.6136465265625 0.698160184375 0.5973995734375 0.7020818625 0.5901164546875 0.7138468984374999 0.5867550171875 0.7390576906249999 0.5906766953125 0.770991359375
6 0.7504329750000001 0.6041956734375 0.753788784375 0.6331776687499999 0.761684509375 0.67018888125 0.7702974828125 0.6640880250000001 0.839615771875 0.6476641796875 0.8408388812500001 0.642160184375 0.83831764375 0.6278731703125 0.8395782625000001 0.5992991437499999 0.8219295984375 0.5908950187500001 0.8026001109375 0.58837378125 0.792515159375 0.5917354312499999 0.786212065625 0.5963577 0.7761271140625 0.5917354312499999 0.7601592765625 0.5959374937499999 0.7504329750000001 0.6041956734375
5 0.7149285296875 0.7132313156250001 0.733756065625 0.7045646734375001 0.74183016875 0.693733559375 0.713132684375 0.7085279140625 0.7149285296875 0.7132313156250001
3 0.6359375 0.7450413203124999 0.66292193125 0.7371708609375001 0.6998258421875 0.7201833468750001 0.6969442390625 0.7173017453125 0.69655453125 0.717074415625 0.6616683359375 0.7350592234375 0.642146121875 0.7399397765625 0.6330828578125 0.699682021875 0.6286410640625 0.70516894375 0.5697745109375 0.8444714734375 0.56573024375 0.8615472671875001 0.5675276953124999 0.8700851640625 0.5643821546875001 0.8754775203125 0.5607872515625 0.8948001296875001 0.5666289703125 0.9100784718750001 0.5837047640625 0.9280529906250001 0.6039260984375 0.94108451875 0.624147434375 0.9460275109375 0.63268533125 0.9442300593749999 0.6371789609375 0.938837703125 0.6457168578125 0.9397364296875 0.6560522062499999 0.9262555390625 0.6650394671875001 0.8943507671875001 0.673128 0.8808698765624999 0.6920012468750001 0.8291931312499999 0.705706971875 0.8004967703125001 0.67304109375 0.8018210625 0.648867540625 0.8068806437499999 0.6370618515625 0.8035075890625001 0.6359375 0.7950749546875 0.6359375 0.7450413203124999
5 0.5457141546875001 0.3888598125 0.5450284703125 0.393083628125 0.5588027375 0.39809245312499997 0.5859075640625 0.414807096875 0.6215955859375 0.43061824531250004 0.618629246875 0.442801425 0.641202896875 0.4521514578125 0.6703207828125 0.43717173593750003 0.6275713078125 0.3184790734375 0.623988690625 0.30977843125 0.61938246875 0.30977843125 0.5426121046875 0.361982278125 0.5344232671875 0.369659315625 0.5328878593749999 0.37784815312500003 0.5329509906250001 0.3780605078125 0.5363944328125 0.3808714796875 0.5434951734375 0.3835342578125 0.5457141546875001 0.3888598125
1 0.47161554375000003 0.36421141874999996 0.4725190375 0.3610491890625 0.5018826 0.3718911203125 0.5091105546875 0.38002256874999996 0.5450284703125 0.393083628125 0.5457141546875001 0.3888598125 0.5434951734375 0.3835342578125 0.5363944328125 0.3808714796875 0.514648415625 0.3631196296875 0.4889082328125 0.3546875 0.47515054843750004 0.3546875 0.47026878906249997 0.36578240625 0.4629342515625 0.37284529375000003 0.47417126875 0.378085353125 0.47161554375000003 0.36421141874999996
5 0.402477878125 0.504434746875 0.3996270109375 0.49816283749999996 0.40393970625 0.48214425156249996 0.38643446875 0.4735399828125 0.37587478281250003 0.4730119984375 0.3589792859375 0.4893795109375 0.33860975312499997 0.5653023171875 0.378325284375 0.55492885625 0.3930066578125 0.541128365625 0.391656303125 0.5259368875 0.39707726875 0.509673990625 0.4043251828125 0.5053252421875001 0.402477878125 0.504434746875
5 0.7487164765625 0.421420771875 0.7531972484375 0.45446646562500004 0.7610386 0.4751900375 0.7576780203125 0.49255302968750003 0.7554058921875 0.4956772046875 0.8138226078124999 0.5372699062499999 0.8296633046874999 0.5454043171875 0.8549227937499999 0.4837540390625 0.8574915546874999 0.47091023125 0.8703353625 0.44222572656250003 0.8754728859375 0.4233881421875 0.8827510437500001 0.4131130953125 0.8836072968750001 0.403694303125 0.8570634281249999 0.381003575 0.821100765625 0.36002535625 0.7834255953125 0.3313408515625 0.7594504875 0.3172126625 0.7231021671875 0.4110792015625 0.72575251875 0.416379903125 0.731353484375 0.4090986484375 0.73975493125 0.41189913125000005 0.7487164765625 0.421420771875
3 0.4273443265625 0.5733703343750001 0.40294998125000003 0.5643353921875 0.390752809375 0.55620394375 0.3934632921875 0.5462655062499999 0.3930066578125 0.541128365625 0.378325284375 0.55492885625 0.30490984375 0.5741045312499999 0.2720372578125 0.5779396671875 0.26875 0.5795832953125 0.26875 0.633275184375 0.279707528125 0.63875395 0.3032662140625 0.6382060734375 0.3838040484375 0.6491636015625 0.40681485781250004 0.6672435234375 0.41672277031249993 0.6715369515625 0.42338975312500005 0.6668535328125 0.47438836406249996 0.6436208328124999 0.49082125000000004 0.6407875765625 0.5129206468749999 0.647020740625 0.5469721890625 0.6361637265625 0.5389250859375 0.6314257140625 0.504000865625 0.624149834375 0.490143521875 0.6233579859375 0.4810372671875 0.6201905937500001 0.47948467656249993 0.618540965625 0.4747024796875 0.6134598828125 0.47272285937499997 0.6023740078125 0.47401721406249997 0.5961511484375001 0.4273443265625 0.5733703343750001
6 0.73975493125 0.41189913125000005 0.731353484375 0.4090986484375 0.72575251875 0.416379903125 0.7212717468750001 0.4074183578125 0.7117501046875 0.4023774890625 0.7016683687499999 0.3883750765625 0.6966275000000001 0.3866947875 0.6843053765625 0.40069720000000003 0.6826250859375 0.4090986484375 0.6938270171875 0.4231010609375 0.694196865625 0.4248886640625 0.7043731796875 0.41965345000000004 0.710473871875 0.42087358906250005 0.73304643125 0.46967912500000003 0.7399926578125 0.5078833671874999 0.7487164765625 0.504875153125 0.7576780203125 0.49255302968750003 0.7610386 0.4751900375 0.7531972484375 0.45446646562500004 0.7487164765625 0.421420771875 0.73975493125 0.41189913125000005
5 0.43554794531249996 0.36474222031250003 0.3996270109375 0.49816283749999996 0.4082709828125 0.495977734375 0.40882269375 0.49386284218750004 0.42056811875 0.4771481984375 0.43005480937499996 0.4532056015625 0.4680015671875 0.4080308890625 0.4747777734375 0.381377809375 0.47417126875 0.378085353125 0.457784715625 0.37044395625000004 0.43554794531249996 0.36474222031250003
5 0.5799773671875 0.5926305281250001 0.618629246875 0.442801425 0.4082709828125 0.495977734375 0.40673033125 0.5018835640625 0.5799773671875 0.5926305281250001
3 0.9850485859375 0.7658418203124999 0.9929190453125001 0.7495387250000001 0.973805071875 0.640476646875 0.9546911 0.6264222562499999 0.931641896875 0.6258600796875 0.7702974828125 0.6640880250000001 0.761684509375 0.67018888125 0.7635498921874999 0.6789328578125 0.7598894765625 0.68442348125 0.74183016875 0.693733559375 0.733756065625 0.7045646734375001 0.66292193125 0.7371708609375001 0.6359375 0.7450413203124999 0.6359375 0.7950749546875 0.6370618515625 0.8035075890625001 0.648867540625 0.8068806437499999 0.67304109375 0.8018210625 0.7562430906250001 0.7984480078125 0.782665346875 0.813064575 0.80065496875 0.8175619812500001 0.9726807203125001 0.777647509375 0.9850485859375 0.7658418203124999
3 0.5515747828124999 0.638873665625 0.5469721890625 0.6361637265625 0.5129206468749999 0.647020740625 0.49082125000000004 0.6407875765625 0.47438836406249996 0.6436208328124999 0.42338975312500005 0.6668535328125 0.354824953125 0.7150188875000001 0.36105811718749997 0.8300490890625 0.4403892890625 0.78641694375 0.5146206015625 0.7399515421875 0.5265202765625 0.7201187499999999 0.5361533484375001 0.6934861406249999 0.6013182406250001 0.6538205546875 0.6120846140625 0.6430541812499999 0.6069847515625 0.610188409375 0.601884890625 0.60848845625 0.5709876765625 0.6246392734375 0.5664824375 0.6406806546875 0.5515747828124999 0.638873665625
5 0.5792264484375 0.505372596875 0.581553153125 0.5076993015625 0.5799190640624999 0.4940818921875 0.598831209375 0.47394960937499997 0.612794328125 0.4667662703125 0.6215955859375 0.43061824531250004 0.5859075640625 0.414807096875 0.5588027375 0.39809245312499997 0.5091105546875 0.38002256874999996 0.5018826 0.3718911203125 0.4725190375 0.3610491890625 0.47161554375000003 0.36421141874999996 0.4747777734375 0.381377809375 0.4680015671875 0.4080308890625 0.43005480937499996 0.4532056015625 0.42056811875 0.4771481984375 0.40882269375 0.49386284218750004 0.4061122109375 0.504253025 0.39707726875 0.509673990625 0.391656303125 0.5259368875 0.3934632921875 0.5462655062499999 0.390752809375 0.55620394375 0.40294998125000003 0.5643353921875 0.4273443265625 0.5733703343750001 0.47401721406249997 0.5961511484375001 0.4867773421875 0.534804378125 0.49331091406249994 0.5033929765625 0.49885385156249995 0.493890796875 0.50796010625 0.48834785937499997 0.5792264484375 0.505372596875
6 0.5869030609375 0.5347442250000001 0.5835794796875 0.5245853515625 0.581553153125 0.5076993015625 0.5792264484375 0.505372596875 0.50796010625 0.48834785937499997 0.49885385156249995 0.493890796875 0.49331091406249994 0.5033929765625 0.47272285937499997 0.6023740078125 0.4747024796875 0.6134598828125 0.4810372671875 0.6201905937500001 0.490143521875 0.6233579859375 0.504000865625 0.624149834375 0.5515117609375 0.6340479375 0.5614098640625 0.632464240625 0.5681405734375 0.624149834375 0.572099815625 0.6091047171875 0.5869030609375 0.5347442250000001
6 0.7598894765625 0.68442348125 0.7635498921874999 0.6789328578125 0.753788784375 0.6331776687499999 0.7470780234375 0.5752210953125 0.7476880921875 0.5502082578125 0.73304643125 0.46967912500000003 0.710473871875 0.42087358906250005 0.7043731796875 0.41965345000000004 0.598831209375 0.47394960937499997 0.5799190640624999 0.4940818921875 0.5835794796875 0.5245853515625 0.615913146875 0.6234165609375 0.642146121875 0.7399397765625 0.6616683359375 0.7350592234375 0.7598894765625 0.68442348125