5 0.6997029828125 0.9136770140625 0.7005912984375 0.9140565374999999 0.785342259375 0.6803968171875 0.710802134375 0.653276703125 0.6997029828125 0.9136770140625
1 0.6348370671875 0.9021738218750001 0.6326050453125001 0.9005182890625001 0.626844653125 0.89382371875 0.6115380453125 0.8719636187500001 0.588365234375 0.8699746828125001 0.5723063046875 0.8646241921875 0.5613201015625 0.851806071875 0.5590932093750001 0.85222105625 0.55625373125 0.853130446875 0.5594207796874999 0.8569066171875 0.655678584375 0.9805796453125 0.6645750296874999 0.9802542437499999 0.701522940625 0.9318406625 0.702926540625 0.9238804484375001 0.6783892296875 0.8893923593749999 0.675869909375 0.8879704765625 0.672343834375 0.889857753125 0.6677364171875 0.89093829375 0.6533746421875 0.8972397031250001 0.6439439984375 0.9006246984375 0.640452590625 0.90253300625 0.6386167171875 0.9022092921875 0.6348370671875 0.9021738218750001
5 0.44422373281249994 0.915556465625 0.47390160468750003 0.9262308640624999 0.5208683859375001 0.9252620140625 0.5224502906249999 0.9162905859375 0.5158357812500001 0.8982559625000001 0.5092087421875 0.8674474296874999 0.49905340625 0.870659690625 0.4825675140625 0.8746936078124999 0.4751885515625 0.8771784031250001 0.47151680625000003 0.876530975 0.4696809328125 0.8762072609375 0.4648562125 0.8677847234374999 0.46404411874999996 0.8660187140625 0.45522340781250004 0.864463384375 0.45012226093749996 0.8609212749999999 0.4488903015625 0.8554187703125 0.45197675156250006 0.83740875 0.45106494843749995 0.8350657109374999 0.4473562359375 0.8274709390625 0.443827865625 0.8224319031249999 0.43723970625 0.8168533437500001 0.434107484375 0.8131461281249999 0.4338354328125 0.8127928953125 0.4295350296875 0.8170731999999999 0.4223530015625 0.8200964578125 0.4258410421875 0.8747695171875 0.433667821875 0.9044448125000001 0.44422373281249994 0.915556465625
5 0.186960628125 0.651836028125 0.185292915625 0.6850440875 0.1805898671875 0.70934140625 0.23924306875 0.7234525359374999 0.2642329953125 0.72660260625 0.269083240625 0.72997049375 0.295927790625 0.7361743578125 0.2999062359375 0.7136114703125 0.3068781375 0.695070334375 0.23816354999999997 0.6999190078125 0.239734003125 0.6085720234374999 0.20006914843749998 0.5988689109374999 0.1963186515625 0.6011390328124999 0.19221404687500002 0.633917403125 0.186960628125 0.651836028125
3 0.7699227484375 0.8402758859375 0.763749134375 0.8788594953125 0.7484101125 0.8837114187499999 0.6900754765625 0.8787045265625 0.68209819375 0.8846368828125 0.675869909375 0.8879704765625 0.6789139875 0.889688528125 0.6848835906249999 0.8941163 0.6960538796875 0.9121179796875 0.7078240734375 0.9171466562499999 0.766072146875 0.9337458062499999 0.7989998328125 0.94798976875 0.80922919375 0.9497934812500001 0.823549303125 0.9451462671874999 0.8327903046875 0.9358064031250001 0.8443340640624999 0.8703384875 0.840289753125 0.8645626109375 0.8248122718750001 0.8542393828125 0.770136009375 0.8375337265624999 0.7699227484375 0.8402758859375
3 0.462643075 0.5306466046875 0.42535730625 0.5118944328125 0.39194316875 0.5007836109375 0.380631265625 0.5156058203125 0.37940866406249996 0.5258282578125 0.3795027546875 0.5319033515625 0.39486859375 0.5307679546874999 0.4003589390625 0.5322148390625 0.39902198125 0.5425124609374999 0.4010173640625 0.552918875 0.39982980156250003 0.5936643265625 0.39985109531249996 0.5936744953125 0.4271314390625 0.5644081546875 0.4516514140625 0.5507966375 0.4856542078125 0.5478247203125 0.49063270625 0.5483687203125001 0.462643075 0.5306466046875
3 0.3795027546875 0.5319033515625 0.37684415000000004 0.5320998 0.3103021828125 0.694828725 0.3467635484375 0.6922559203125 0.3551668609375 0.6925486750000001 0.35314072812499997 0.7040394421875 0.3538937765625 0.7097049453125 0.3181523609375 0.6977246921875 0.3033079234375 0.71193324375 0.3836297375 0.7983662328125 0.3795027546875 0.5319033515625
3 0.41011716875 0.8252471015625 0.4295350296875 0.8170731999999999 0.4338354328125 0.8127928953125 0.4284229984375 0.80576535625 0.39291087812500003 0.80176718125 0.3836297375 0.7983662328125 0.38425245 0.8006717359375 0.38000270625 0.8219918500000001 0.3799204859375 0.8221503453125001 0.41011716875 0.8252471015625
3 0.3604093015625 0.760665978125 0.371434146875 0.770456875 0.3798015921875 0.7841930921875 0.3836297375 0.7983662328125 0.39291087812500003 0.80176718125 0.4284229984375 0.80576535625 0.4222984546875 0.797813209375 0.4203901484375 0.7943218015625 0.41484556406250006 0.7864033171875 0.411949171875 0.7811041265625 0.41029990468750005 0.7815762484375 0.3912179078125 0.778211578125 0.3707873796875 0.7633661078125 0.3577315203125 0.7385779734375 0.3538937765625 0.7097049453125 0.3181523609375 0.6977246921875 0.3033079234375 0.71193324375 0.29787102499999996 0.73004406875 0.297872353125 0.7395790515625 0.3036653625 0.7512570000000001 0.3345891984375 0.7633827578125 0.335536803125 0.7626559078125 0.349637225 0.75778570625 0.3604093015625 0.760665978125
6 0.41948114375 0.6179228 0.44273247343750005 0.6231469374999999 0.462682334375 0.6407184078125 0.4729476609375 0.6622037421875 0.47596944218750004 0.6866807703125 0.49682846875 0.661411615625 0.49898805625 0.65989945625 0.5076988390625 0.6570185125 0.5179217796875 0.65629715625 0.5210954109375 0.6558265375000001 0.5262038796875 0.6268549703125 0.5312094046875 0.624207478125 0.5500615046874999 0.6298953046875 0.5391166625 0.595855303125 0.5413474796875 0.5911263890625 0.5457564609375 0.5931283203125 0.5380290375000001 0.5741217625 0.535313021875 0.5665549078125001 0.535023625 0.5624536234375 0.5366982921875 0.55869865625 0.541513575 0.55532695625 0.53023080625 0.5526956015625 0.4856542078125 0.5478247203125 0.4516514140625 0.5507966375 0.4271314390625 0.5644081546875 0.39985109531249996 0.5936744953125 0.39982980156250003 0.5936643265625 0.3989579171875 0.6235788125 0.41948114375 0.6179228
6 0.45197675156250006 0.83740875 0.4488903015625 0.8554187703125 0.45012226093749996 0.8609212749999999 0.45522340781250004 0.864463384375 0.46404411874999996 0.8660187140625 0.46075135312500004 0.8588581312500001 0.45844689687500007 0.8540349046875001 0.45197675156250006 0.83740875
6 0.785342259375 0.6803968171875 0.7810197046875 0.6512475765625 0.7706545359375 0.645634975 0.710802134375 0.653276703125 0.7084931671875 0.6583583125 0.7100739453125 0.6696502625 0.76002129375 0.6822036875 0.7574142296875 0.6963914515625 0.757508809375 0.6964006046875 0.7756153 0.7008527015625 0.7803580453125 0.706096996875 0.77950461875 0.7170705046875 0.7854643796875 0.7184164703125 0.785342259375 0.6803968171875
5 0.26433158749999996 0.60170645625 0.2923098171875 0.563985690625 0.3073137796875 0.551968953125 0.321329975 0.5455541203125 0.325156159375 0.536453884375 0.32574375 0.5358620953125001 0.24434120781250002 0.537262371875 0.23987051250000002 0.6006318281249999 0.23816354999999997 0.6999190078125 0.3467635484375 0.6922559203125 0.3551668609375 0.6925486750000001 0.3567015421875 0.6838450593750001 0.3530902609375 0.683514096875 0.3525517796875 0.683464746875 0.3473037578125 0.675430365625 0.345148128125 0.6674969421875 0.3384304171875 0.662757921875 0.33845434218750003 0.6525429328125 0.32342014375 0.6294535828125001 0.2971321828125 0.6097116515625001 0.26400268125 0.6060915953125 0.26433158749999996 0.60170645625
5 0.6646967203124999 0.49317515624999997 0.5876713578125 0.5251588921875 0.6401466609375001 0.581937928125 0.645097734375 0.5813563765625 0.6487080046875 0.5809804 0.6523182734375 0.5806044234375001 0.6566508359375 0.5818746531250001 0.672363340625 0.5846451921875 0.685302909375 0.5859142234375 0.6860755671875001 0.5860211484375 0.6646967203124999 0.49317515624999997
5 0.592417946875 0.5958627640625 0.5890389546875 0.5977983671875 0.5860643999999999 0.6003115640625001 0.5809526234375 0.6034604781249999 0.5789636609375 0.6044107703125 0.6118546499999999 0.613803240625 0.6629672625 0.6223501125 0.66947758125 0.6356052359375 0.671710603125 0.6467091734375 0.6715582171875 0.6600318515625 0.6726165015625 0.6602359640625 0.6935876296875 0.6655067031249999 0.6936585453124999 0.6651998453125 0.697040553125 0.6531765 0.7000633781250001 0.64676868125 0.6401466609375001 0.581937928125 0.6399278390625 0.5819636312500001 0.6316386921875 0.5830334390624999 0.62031686875 0.584074790625 0.61506039375 0.585173059375 0.612258996875 0.586704225 0.6064830453125001 0.590748590625 0.601284690625 0.5943885171875001 0.5975878421874999 0.5952555109375 0.592417946875 0.5958627640625
5 0.535023625 0.5624536234375 0.535313021875 0.5665549078125001 0.5380290375000001 0.5741217625 0.5457564609375 0.5931283203125 0.5564374609375 0.59797810625 0.5789636609375 0.6044107703125 0.5809526234375 0.6034604781249999 0.5860643999999999 0.6003115640625001 0.5890389546875 0.5977983671875 0.592417946875 0.5958627640625 0.5975878421874999 0.5952555109375 0.601284690625 0.5943885171875001 0.6064830453125001 0.590748590625 0.612258996875 0.586704225 0.61506039375 0.585173059375 0.62031686875 0.584074790625 0.6316386921875 0.5830334390624999 0.6399278390625 0.5819636312500001 0.645097734375 0.5813563765625 0.6487080046875 0.5809804 0.6523182734375 0.5806044234375001 0.6566508359375 0.5818746531250001 0.672363340625 0.5846451921875 0.685302909375 0.5859142234375 0.6986469140625 0.58776085 0.7202516078125 0.5915703406249999 0.7290033125 0.593619784375 0.7535541 0.59794875 0.757077790625 0.598063790625 0.7581464 0.5977459328125 0.7584061390625 0.596272884375 0.7549097109375 0.584518165625 0.753031028125 0.5750738265625001 0.752567275 0.5633475671875 0.7534330687499999 0.558437409375 0.7552227734375 0.5511587515625 0.756810859375 0.5478948 0.7605361687500001 0.543995134375 0.7602183124999999 0.5429265234375 0.7594960171875 0.5412803171875 0.7572140984375 0.5398653906249999 0.750599615625 0.53718023125 0.731160603125 0.529702353125 0.7016699984375 0.5189332624999999 0.682057828125 0.5124374140625 0.68018034375 0.51160008125 0.6788804546875 0.5103583125 0.6780715828125 0.5092031218749999 0.67835978125 0.5046974015625 0.6761063203125001 0.500249796875 0.67483489375 0.4959753546875 0.6737081625 0.4937515546875 0.6723216937500001 0.4930008 0.6646967203124999 0.49317515624999997 0.6634834109375001 0.4914423734375 0.663165553125 0.49037376093749996 0.6638581875 0.48644563593749995 0.6657060125 0.4817086375 0.6678716953125 0.478040246875 0.66790015625 0.47500757499999996 0.6669181234375 0.474834415625 0.663307853125 0.47521039218750005 0.6616616484375 0.47593268593750004 0.6548170875 0.48029490781249995 0.6476546671875 0.48358851718749996 0.6341387015625 0.49133092968750003 0.6244927453125 0.497224315625 0.6106304625 0.506930790625 0.6013023625 0.5138927890625 0.5993098390625 0.5165791468750001 0.5876713578125 0.5251588921875 0.5776790828125 0.5330163421874999 0.5739537734375 0.5369160078124999 0.5699971875000001 0.5392560484375 0.5649719906249999 0.54191394375 0.5587050234375 0.5458717296875 0.5424742421875 0.5546542921875 0.5366982921875 0.55869865625 0.535023625 0.5624536234375
6 0.4531001953125 0.7161685734375001 0.4695476296875 0.6944603171875 0.47596944218750004 0.6866807703125 0.4729476609375 0.6622037421875 0.462682334375 0.6407184078125 0.44273247343750005 0.6231469374999999 0.41948114375 0.6179228 0.3958466109375 0.6244362609375 0.3810758265625 0.6369160796875 0.3811118375 0.63740461875 0.3882875453125 0.6546651703124999 0.3730566890625 0.6755281671875 0.35779875 0.683945615625 0.3567015421875 0.6838450593750001 0.35314072812499997 0.7040394421875 0.3577315203125 0.7385779734375 0.3707873796875 0.7633661078125 0.3912179078125 0.778211578125 0.41029990468750005 0.7815762484375 0.411949171875 0.7811041265625 0.41102895000000006 0.779420503125 0.411388134375 0.7738049796875 0.41419514843750005 0.768621075 0.417506215625 0.7641570328125 0.42351639375000005 0.7551210421875 0.439351871875 0.7333048828125001 0.4531001953125 0.7161685734375001
5 0.41102895000000006 0.779420503125 0.41484556406250006 0.7864033171875 0.4203901484375 0.7943218015625 0.4222984546875 0.797813209375 0.434107484375 0.8131461281249999 0.43723970625 0.8168533437500001 0.443827865625 0.8224319031249999 0.4473562359375 0.8274709390625 0.45106494843749995 0.8350657109374999 0.45844689687500007 0.8540349046875001 0.46075135312500004 0.8588581312500001 0.4648562125 0.8677847234374999 0.4696809328125 0.8762072609375 0.47151680625000003 0.876530975 0.4751885515625 0.8771784031250001 0.4825675140625 0.8746936078124999 0.49905340625 0.870659690625 0.5144232890625 0.8657980046875 0.526913721875 0.86295253125 0.5410596875 0.8578750375 0.5463869671875 0.8562904437500001 0.5590932093750001 0.85222105625 0.5613201015625 0.851806071875 0.55768271875 0.8475621640625001 0.5495956828125 0.8184286453125 0.5535942875 0.77182804375 0.5009047140625 0.756033534375 0.5080355109375 0.7270328890625 0.5120001796875 0.68738796875 0.5128574859375 0.684875665625 0.49898805625 0.65989945625 0.49682846875 0.661411615625 0.4695476296875 0.6944603171875 0.4531001953125 0.7161685734375001 0.439351871875 0.7333048828125001 0.42351639375000005 0.7551210421875 0.417506215625 0.7641570328125 0.41419514843750005 0.768621075 0.411388134375 0.7738049796875 0.41102895000000006 0.779420503125
5 0.7758531625 0.7680307562500001 0.775453378125 0.769162078125 0.77629429375 0.7583494281250001 0.7054985625 0.6445721296875 0.7059671453125 0.6490716421875 0.7077675484375 0.6531750062499999 0.7100739453125 0.6696502625 0.6935876296875 0.6655067031249999 0.6936585453124999 0.6651998453125 0.697040553125 0.6531765 0.7000633781250001 0.64676868125 0.7014708749999999 0.6448710656250001 0.5206608796875 0.6582908875 0.51930465 0.665982446875 0.5128574859375 0.684875665625 0.6170092453125 0.8724332140625 0.6624234296875 0.8763311375 0.7741680046875 0.7856896375 0.774977578125 0.7752799953125 0.7750623609375 0.776094109375 0.77585465625 0.7787577515625 0.777655059375 0.7828611140625 0.7782640296875 0.76151503125 0.7758531625 0.7680307562500001
5 0.671710603125 0.6467091734375 0.66947758125 0.6356052359375 0.6629672625 0.6223501125 0.6118546499999999 0.613803240625 0.5564374609375 0.59797810625 0.5413474796875 0.5911263890625 0.5391166625 0.595855303125 0.5500615046874999 0.6298953046875 0.6116523 0.6484777296875001 0.6715582171875 0.6600318515625 0.671710603125 0.6467091734375
3 0.335536803125 0.7626559078125 0.3230597796875 0.77222625 0.30988540000000003 0.796877034375 0.3031758890625 0.834928559375 0.2875957171875 0.8620977312500001 0.28161113437499996 0.8821310828125 0.2833207265625 0.9030306906250001 0.287966890625 0.9156203125 0.3054818515625 0.9191991046875 0.33830129375 0.9249860578125 0.3474488078125 0.9148286328124999 0.3536022890625 0.9021815500000001 0.36084374218750004 0.866675984375 0.3681150890625 0.8449077953125 0.38000270625 0.8219918500000001 0.38425245 0.8006717359375 0.3798015921875 0.7841930921875 0.371434146875 0.770456875 0.3604093015625 0.760665978125 0.349637225 0.75778570625 0.335536803125 0.7626559078125
5 0.76002129375 0.6822036875 0.6726165015625 0.6602359640625 0.6116523 0.6484777296875001 0.5312094046875 0.624207478125 0.5262038796875 0.6268549703125 0.51930465 0.665982446875 0.5120001796875 0.68738796875 0.5080355109375 0.7270328890625 0.5009047140625 0.756033534375 0.5535942875 0.77182804375 0.5579524921875 0.7210365765625 0.5644521515625 0.7020316906249999 0.5745453875 0.69121705625 0.5832386781250001 0.688341896875 0.64668070625 0.6856746609375 0.7574142296875 0.6963914515625 0.76002129375 0.6822036875
6 0.5832386781250001 0.688341896875 0.5745453875 0.69121705625 0.5644521515625 0.7020316906249999 0.5579524921875 0.7210365765625 0.5495956828125 0.8184286453125 0.55768271875 0.8475621640625001 0.5723063046875 0.8646241921875 0.588365234375 0.8699746828125001 0.7484101125 0.8837114187499999 0.763749134375 0.8788594953125 0.7699227484375 0.8402758859375 0.7803580453125 0.706096996875 0.7756153 0.7008527015625 0.757508809375 0.6964006046875 0.64668070625 0.6856746609375 0.5832386781250001 0.688341896875
7 0.3730566890625 0.6755281671875 0.3882875453125 0.6546651703124999 0.3811118375 0.63740461875 0.3786230953125 0.6036422859374999 0.36966956562500003 0.56118670625 0.35212269687500003 0.5145500125 0.34730664375 0.514145125 0.325156159375 0.536453884375 0.321329975 0.5455541203125 0.3073137796875 0.551968953125 0.2923098171875 0.563985690625 0.26433158749999996 0.60170645625 0.26400268125 0.6060915953125 0.2971321828125 0.6097116515625001 0.32342014375 0.6294535828125001 0.33845434218750003 0.6525429328125 0.3384304171875 0.662757921875 0.345148128125 0.6674969421875 0.3473037578125 0.675430365625 0.3525517796875 0.683464746875 0.35779875 0.683945615625 0.3730566890625 0.6755281671875