5 0.7685033046874999 0.8727142718750001 0.7694440296875 0.8729337749999999 0.8123328484375 0.6281070203125 0.7342157968749999 0.6143426796875 0.7685033046874999 0.8727142718750001
1 0.7200244875 0.8645715125000001 0.7113249140625 0.8695426968750001 0.7082179234375 0.8720282890625001 0.7063537281250001 0.8720282890625001 0.702625340625 0.8726496875 0.7001397484375 0.8714068921875 0.69330436875 0.865814309375 0.6744343359375 0.8469442765625 0.651268196875 0.8490094750000001 0.6345241359375 0.8465288734374999 0.6214789953125 0.8358132234375001 0.6193579953125 0.8366085984374999 0.61671956875 0.83799724375 0.620494228125 0.8411660937500001 0.73676525625 0.9462452578124999 0.7454700390625 0.9443799484375001 0.7734496984375 0.890285940625 0.7734496984375 0.882202928125 0.7432963703125 0.85249965 0.7405684171875 0.8515368437499999 0.7374236328125 0.8540077453125001 0.733073846875 0.8558719390625 0.7200244875 0.8645715125000001
5 0.48566473437499996 0.8244922593749999 0.4791168 0.8287167328124999 0.4920457265625 0.88195349375 0.5049066609375 0.9098188484374999 0.517231721875 0.9189286765625001 0.5483123109375 0.9242873984375001 0.594397321875 0.915177571875 0.594397321875 0.9060677437500001 0.584751621875 0.8894557046875 0.5728754171875 0.860265996875 0.5634321671875 0.8651929109375001 0.5478972140625 0.8720282890625001 0.5410618359375 0.875756678125 0.5373334468750001 0.875756678125 0.535469253125 0.875756678125 0.529255271875 0.8682999015625 0.5281488515625 0.866701740625 0.5191920671875 0.866701740625 0.5135533375 0.8640992484375 0.5113845953125 0.8588942671875 0.511296746875 0.840621903125 0.50999193125 0.8384727921874999 0.5050207453125 0.8316374140624999 0.5006709593750001 0.8272876265625 0.49321418125000005 0.822937840625 0.48948579375 0.81983085 0.4891565375 0.819530225 0.48566473437499996 0.8244922593749999
5 0.26254136250000004 0.6521172859375 0.221794178125 0.649449315625 0.2184948625 0.652336215625 0.2201445203125 0.6853293671875 0.2180824484375 0.7038880140625 0.2222065921875 0.7368811640625 0.221794178125 0.761626028125 0.282006678125 0.76533775625 0.30716395625000004 0.7641005140625 0.3125253421875 0.766575 0.340039353125 0.76802310625 0.340039353125 0.74511215 0.3436857 0.7256420375 0.27685700468749996 0.7423492109375001 0.26254136250000004 0.6521172859375
3 0.9034114593749999 0.8049192312500001 0.8984256203125 0.799933390625 0.8813906671874999 0.79245463125 0.824644153125 0.7854972046875 0.824910303125 0.7882347375000001 0.825530453125 0.8273042125 0.81126699375 0.8347460171875 0.752949153125 0.83994489375 0.74612320625 0.8471723656249999 0.7405684171875 0.8515368437499999 0.743864584375 0.8527001953125 0.7505123703125001 0.8560240890624999 0.7646389171875 0.8718125828125001 0.777103515625 0.8747209890625 0.83734908125 0.8809532890625 0.8722499609375 0.889263021875 0.8826371265624999 0.889263021875 0.8959327 0.8821997484375 0.9034114593749999 0.8713970953124999 0.9034114593749999 0.8049192312500001
3 0.439422834375 0.57608314375 0.46120668125000003 0.558420565625 0.49417682812499997 0.5495892765625 0.49917415624999995 0.5492605046875 0.4685323375 0.5366679765625 0.4285567421875 0.524675296875 0.3937208671875 0.519535578125 0.3851546671875 0.5360968953125 0.385725746875 0.546376334375 0.3868733375 0.5523427953125 0.401808575 0.548556396875 0.407466759375 0.5490279124999999 0.40793827499999996 0.55940125 0.4117103984375 0.5693030734375 0.41761625156250004 0.609635728125 0.4176389875 0.60964204375 0.439422834375 0.57608314375
3 0.392528340625 0.7318901359375001 0.3552495671875 0.7262983203125 0.3430979390625 0.7428687218750001 0.43720841562499996 0.8140408640624999 0.3868733375 0.5523427953125 0.3842892359375 0.5529979203125001 0.347015771875 0.72480951875 0.38247644531249997 0.7159443515625 0.390802928125 0.7147734390625 0.390802928125 0.72644146875 0.392528340625 0.7318901359375001
3 0.43720841562499996 0.8140408640624999 0.4382220140625 0.8162032078125 0.43773903281250004 0.8379373812500001 0.43768558437499994 0.838107746875 0.4679612578125 0.8359138578125 0.48566473437499996 0.8244922593749999 0.4891565375 0.819530225 0.4826060109375 0.813549309375 0.44693912343750003 0.8157784906250001 0.43720841562499996 0.8140408640624999
3 0.350278446875 0.78153299375 0.3828380953125 0.7881046656249999 0.3836450890625 0.787224309375 0.3966855921875 0.779979584375 0.4077941703125 0.7809455468750001 0.42035169375 0.788673253125 0.4309772890625 0.8007477953125001 0.43720841562499996 0.8140408640624999 0.44693912343750003 0.8157784906250001 0.4826060109375 0.813549309375 0.4751936375 0.8067814890625 0.4727080453125 0.8036744984374999 0.46587266562499996 0.7968391203125 0.46210008125 0.7921233890625 0.46055785312499997 0.79287473125 0.4411814859375 0.79287473125 0.4184834546875 0.7818025203125 0.401321528125 0.7596581 0.392528340625 0.7318901359375001 0.3552495671875 0.7262983203125 0.3430979390625 0.7428687218750001 0.34088855156250003 0.7616485109375 0.34254559218749997 0.7710384046875001 0.350278446875 0.78153299375
6 0.439422834375 0.57608314375 0.4176389875 0.60964204375 0.41761625156250004 0.609635728125 0.421952209375 0.6392471468750001 0.4411814859375 0.630113240625 0.4649867375 0.6312204609375 0.48768476875 0.6450607234375 0.50152503125 0.6644370921875 0.5087512953125 0.6880175328125 0.524905484375 0.659510140625 0.5267696796875 0.657645946875 0.5348478546875 0.653296159375 0.5447902234375 0.6508105671875 0.54783391875 0.649796003125 0.54783391875 0.6203775015625 0.552303665625 0.6169010312500001 0.571857040625 0.6192288140625 0.5551674906249999 0.587606509375 0.55654325 0.582562059375 0.56123288125 0.583767965625 0.5503224 0.5663920140625 0.5463336765625 0.5594117468750001 0.5453364953125 0.5554230234374999 0.5463336765625 0.5514343 0.5504903156250001 0.547277659375 0.538922028125 0.5466455125 0.49417682812499997 0.5495892765625 0.46120668125000003 0.558420565625 0.439422834375 0.57608314375
6 0.5191920671875 0.866701740625 0.5281488515625 0.866701740625 0.5236626890625 0.8602217265625001 0.5205556984374999 0.8558719390625 0.511296746875 0.840621903125 0.5113845953125 0.8588942671875 0.5135533375 0.8640992484375 0.5191920671875 0.866701740625
6 0.806305790625 0.649941203125 0.8118871437499999 0.6542822562499999 0.8129522124999999 0.6652372484375 0.8190551562499999 0.6655278640625 0.8123328484375 0.6281070203125 0.80301425 0.6001512265625 0.7918319328125001 0.5964237859375 0.7342157968749999 0.6143426796875 0.7328243203125 0.6197480359374999 0.736341909375 0.6305939359375 0.7877103234375 0.6342833796875 0.787606546875 0.6487083124999999 0.7877012796875 0.6487009031250001 0.806305790625 0.649941203125
5 0.36739738593750004 0.678277571875 0.3485821671875 0.6581496625 0.3192654296875 0.6432725125000001 0.2860106234375 0.6454603296875 0.2855730609375 0.6410846968749999 0.306576096875 0.5990786265625 0.3192654296875 0.5846390390625 0.3319547640625 0.575887775 0.33414258124999996 0.5662613828125 0.33461848125000004 0.5655765500000001 0.2546957828125 0.58109095625 0.26129699687499996 0.644274015625 0.27685700468749996 0.7423492109375001 0.38247644531249997 0.7159443515625 0.390802928125 0.7147734390625 0.390802928125 0.70593555625 0.3871890390625 0.7062367140625 0.38665016875 0.7062816203125 0.3800867203125 0.6992806078125 0.3765862140625 0.6918420328125 0.36914763906250003 0.6883415265624999 0.36739738593750004 0.678277571875
5 0.6684883421875 0.5534286609375 0.6844432375 0.5534286609375 0.697406590625 0.55243148125 0.6981860765625 0.5524026109375 0.6610094859375 0.46467955625 0.590708228125 0.5095527 0.6522458906249999 0.5563568937500001 0.6570207609375001 0.5549244328125 0.6605108953125 0.5539272515625 0.6640010281250001 0.5529300703125 0.6684883421875 0.5534286609375
5 0.6256095609375001 0.5658934234374999 0.62062365625 0.570879328125 0.6161363421875 0.5753666421875 0.612646209375 0.5768624140624999 0.6076603046875 0.5783581859375 0.6046687609375 0.5808511375000001 0.602175809375 0.5838426796875 0.5976884953125 0.5878314046875001 0.595894765625 0.589112640625 0.6299170515625 0.5926509578125 0.6817372984375 0.592192371875 0.6904504375 0.6041156140624999 0.6945777140625 0.6146630984375 0.6967411015625 0.6278098359375 0.6978187515625 0.6278270781249999 0.7193865359375 0.6293761453125 0.7194030890625001 0.629061634375 0.720645884375 0.6166336718750001 0.7225100796875 0.60979829375 0.6522458906249999 0.5563568937500001 0.65203485625 0.5564202046875 0.644057409375 0.55891315625 0.63308841875 0.5619047 0.6281025140625001 0.5638990609375 0.6256095609375001 0.5658934234374999
5 0.5712632 0.5299949093749999 0.5657787046875 0.5349808140625 0.55131958125 0.5464483953125 0.5463336765625 0.5514343 0.5453364953125 0.5554230234374999 0.5463336765625 0.5594117468750001 0.5503224 0.5663920140625 0.56123288125 0.583767965625 0.57259376875 0.5866893359375001 0.595894765625 0.589112640625 0.5976884953125 0.5878314046875001 0.602175809375 0.5838426796875 0.6046687609375 0.5808511375000001 0.6076603046875 0.5783581859375 0.612646209375 0.5768624140624999 0.6161363421875 0.5753666421875 0.62062365625 0.570879328125 0.6256095609375001 0.5658934234374999 0.6281025140625001 0.5638990609375 0.63308841875 0.5619047 0.644057409375 0.55891315625 0.65203485625 0.5564202046875 0.6570207609375001 0.5549244328125 0.6605108953125 0.5539272515625 0.6640010281250001 0.5529300703125 0.6684883421875 0.5534286609375 0.6844432375 0.5534286609375 0.697406590625 0.55243148125 0.7108685328125001 0.5519328906250001 0.7328065140625 0.5519328906250001 0.7417811421875 0.55243148125 0.766710665625 0.55243148125 0.7702008 0.5519328906250001 0.7711979796875 0.5514343 0.7711979796875 0.549938528125 0.765713484375 0.5389695375 0.7622233515625 0.5299949093749999 0.7597304 0.518527328125 0.7597304 0.5135414234375 0.760228990625 0.506062565625 0.7612261703125001 0.5025724328125001 0.7642177140624999 0.49808511875 0.7637191234375 0.4970879375 0.7627219421875 0.495592165625 0.760228990625 0.4945949859375 0.7532487234375 0.4930992140625 0.7328065140625 0.489110490625 0.7018939046875 0.48362599531250006 0.6814516953124999 0.48063445156249995 0.6794573328125 0.4801358609375 0.6779615609375 0.47913868125 0.67696438125 0.4781415 0.676465790625 0.4736541859375 0.673474246875 0.4696654609375 0.6714798859375 0.46567673750000005 0.6699841140625 0.46368237656250005 0.6684883421875 0.4631837859375 0.6610094859375 0.46467955625 0.6595137140625 0.4631837859375 0.6590151234375 0.46218660468749995 0.6590151234375 0.45819788125 0.6600123046874999 0.45321197656249995 0.6615080765625 0.4492232515625 0.6610094859375 0.446231709375 0.6600123046874999 0.446231709375 0.6565221703125 0.44722889062500004 0.6550264 0.448226071875 0.6490433140625 0.45371056718749997 0.6425616375 0.45819788125 0.630595465625 0.468169690625 0.622119428125 0.475648546875 0.61015325625 0.48761471875 0.602175809375 0.49609075625 0.6006800375 0.4990823 0.590708228125 0.5095527 0.582232190625 0.5190259187499999 0.579240646875 0.5235132328125001 0.5757505140625 0.5265047765624999 0.5712632 0.5299949093749999
6 0.4621442765625 0.7794399734375 0.46462986875 0.7744687890625 0.46897965625 0.7645264187499999 0.48078622031249996 0.74029189375 0.49134998750000003 0.721028553125 0.50377795 0.6967940265625 0.5087512953125 0.6880175328125 0.50152503125 0.6644370921875 0.48768476875 0.6450607234375 0.4649867375 0.6312204609375 0.4411814859375 0.630113240625 0.419037065625 0.640631840625 0.40665777968750005 0.6554869828125 0.406778078125 0.655961846875 0.41684203281250004 0.6717141234375 0.40546538906249996 0.694904975 0.391900928125 0.70584405625 0.390802928125 0.70593555625 0.390802928125 0.72644146875 0.401321528125 0.7596581 0.4184834546875 0.7818025203125 0.4411814859375 0.79287473125 0.46055785312499997 0.79287473125 0.46210008125 0.7921233890625 0.46090148124999997 0.7906251390625 0.4602800828125 0.78503255625 0.4621442765625 0.7794399734375
5 0.46897965625 0.7645264187499999 0.46462986875 0.7744687890625 0.4621442765625 0.7794399734375 0.4602800828125 0.78503255625 0.46090148124999997 0.7906251390625 0.46587266562499996 0.7968391203125 0.4727080453125 0.8036744984374999 0.4751936375 0.8067814890625 0.48948579375 0.81983085 0.49321418125000005 0.822937840625 0.5006709593750001 0.8272876265625 0.5050207453125 0.8316374140624999 0.50999193125 0.8384727921874999 0.5205556984374999 0.8558719390625 0.5236626890625 0.8602217265625001 0.529255271875 0.8682999015625 0.535469253125 0.875756678125 0.5373334468750001 0.875756678125 0.5410618359375 0.875756678125 0.5478972140625 0.8720282890625001 0.5634321671875 0.8651929109375001 0.5777243234375 0.8577361328125 0.5895308874999999 0.8527649484375001 0.602580246875 0.845308171875 0.60755143125 0.8428225796875 0.6193579953125 0.8366085984374999 0.6214789953125 0.8358132234375001 0.6171599249999999 0.832265415625 0.6041367671875 0.8049787984375 0.5999825140625 0.7583918140625 0.5453507265625 0.7519867078125 0.54733728125 0.722188396875 0.54435745 0.682457315625 0.5447654734375 0.679834309375 0.5267696796875 0.657645946875 0.524905484375 0.659510140625 0.50377795 0.6967940265625 0.49134998750000003 0.721028553125 0.48078622031249996 0.74029189375 0.46897965625 0.7645264187499999
5 0.8188267843749999 0.7241355421875 0.8200695796874999 0.7266211359375 0.8225551718749999 0.7303495234375 0.8194481828125 0.7092219890625 0.8182053859374999 0.7160573671875 0.8180081265625001 0.717240925 0.8169586703125 0.70644651875 0.7274812640625 0.6066913031250001 0.7287240609375 0.6110410890625 0.731209653125 0.614769478125 0.736341909375 0.6305939359375 0.7193865359375 0.6293761453125 0.7194030890625001 0.629061634375 0.720645884375 0.6166336718750001 0.7225100796875 0.60979829375 0.7235666765625 0.6076850984375 0.54783391875 0.65229836875 0.54783391875 0.6601085828125 0.5447654734375 0.679834309375 0.6799039609374999 0.846456675 0.72530506875 0.8424092890624999 0.8196122609375 0.7337405953125 0.8186019203124999 0.7233485187500001 0.8188267843749999 0.7241355421875
5 0.5551674906249999 0.587606509375 0.571857040625 0.6192288140625 0.6357389375 0.6268338015625 0.6967411015625 0.6278098359375 0.6945777140625 0.6146630984375 0.6904504375 0.6041156140624999 0.6817372984375 0.592192371875 0.6299170515625 0.5926509578125 0.57259376875 0.5866893359375001 0.55654325 0.582562059375 0.5551674906249999 0.587606509375
3 0.4309772890625 0.8007477953125001 0.42035169375 0.788673253125 0.4077941703125 0.7809455468750001 0.3966855921875 0.779979584375 0.3836450890625 0.787224309375 0.37301949218749997 0.79881586875 0.36432582343750003 0.825379859375 0.36432582343750003 0.864018390625 0.3537002265625 0.8934802703125 0.35128531875 0.9142484812499999 0.3565981171875 0.934533709375 0.363359859375 0.94612526875 0.3812301796875 0.94660825 0.41455591406250003 0.94660825 0.4218006390625 0.9350166906249999 0.4256644921875 0.9214932046875 0.42663045468750005 0.8852695828125 0.43001132656249996 0.8625694453125 0.43773903281250004 0.8379373812500001 0.4382220140625 0.8162032078125 0.4309772890625 0.8007477953125001
5 0.60661736875 0.67536736875 0.6146793234375 0.671026315625 0.6766943624999999 0.6573830078125 0.787606546875 0.6487083124999999 0.7877103234375 0.6342833796875 0.6978187515625 0.6278270781249999 0.6357389375 0.6268338015625 0.552303665625 0.6169010312500001 0.54783391875 0.6203775015625 0.54783391875 0.6601085828125 0.54435745 0.682457315625 0.54733728125 0.722188396875 0.5453507265625 0.7519867078125 0.5999825140625 0.7583918140625 0.5954546625 0.7076151890625 0.5985554140625 0.6877703765625001 0.60661736875 0.67536736875
6 0.8118871437499999 0.6542822562499999 0.806305790625 0.649941203125 0.7877012796875 0.6487009031250001 0.6766943624999999 0.6573830078125 0.6146793234375 0.671026315625 0.60661736875 0.67536736875 0.5985554140625 0.6877703765625001 0.5954546625 0.7076151890625 0.6041367671875 0.8049787984375 0.6171599249999999 0.832265415625 0.6345241359375 0.8465288734374999 0.651268196875 0.8490094750000001 0.81126699375 0.8347460171875 0.825530453125 0.8273042125 0.824910303125 0.7882347375000001 0.8118871437499999 0.6542822562499999
7 0.3765862140625 0.6918420328125 0.3800867203125 0.6992806078125 0.38665016875 0.7062816203125 0.391900928125 0.70584405625 0.40546538906249996 0.694904975 0.41684203281250004 0.6717141234375 0.406778078125 0.655961846875 0.3984643765625 0.6231446046875 0.38227453749999996 0.5828887859375 0.35689586875 0.5400075890625 0.3520826734375 0.5404451515625001 0.33414258124999996 0.5662613828125 0.3319547640625 0.575887775 0.3192654296875 0.5846390390625 0.306576096875 0.5990786265625 0.2855730609375 0.6410846968749999 0.2860106234375 0.6454603296875 0.3192654296875 0.6432725125000001 0.3485821671875 0.6581496625 0.36739738593750004 0.678277571875 0.36914763906250003 0.6883415265624999 0.3765862140625 0.6918420328125