1 0.6765489765625 0.906981946875 0.66494523125 0.9414495109375001 0.7278658109375 0.8792480234375001 0.70498550625 0.8193060609374999 0.6762521375 0.9069576203124999 0.6765489765625 0.906981946875
1 0.7415902078125 1 0.7474731625000001 0.9910184109375001 0.77287571875 0.9680810609374999 0.792077053125 0.8864997203125 0.7355447374999999 0.89936533125 0.7344482250000001 0.901326234375 0.7198141328125 0.9221210484375 0.69017710625 0.950304709375 0.6833380296875 0.9816459875 0.67097869375 1 0.7415902078125 1
0 0.5970535578125 0.809553571875 0.6148059906250001 0.7865654296875 0.5656322625 0.791560215625 0.5418390640624999 0.7860671234375001 0.5396940359375 0.787694959375 0.523598615625 0.7917842687500001 0.52353079375 0.79189355 0.5253279234375 0.797746628125 0.537512053125 0.8158722703124999 0.5385510921875001 0.838817215625 0.54360250625 0.8420955250000001 0.5691319921875 0.83214873125 0.5970535578125 0.809553571875
1 0.6942561765625 0.8059776265625 0.7023775 0.8111097390625 0.70498550625 0.8193060609374999 0.72565971875 0.812327815625 0.7266896875 0.8121634328124999 0.746937525 0.7780164828125 0.7560350203125 0.76700583125 0.7625882296875 0.7652410140625 0.77479610625 0.7709274500000001 0.784367115625 0.7815208234375 0.78988536875 0.7787326796875 0.792876284375 0.7738394875 0.8135732078125001 0.7567482562500001 0.8206425421875 0.7462823234375 0.8272712500000001 0.7236166468749999 0.83475138125 0.6811392796875 0.8296954062499999 0.6022655218749999 0.8237845968749999 0.579496721875 0.80631808125 0.574533640625 0.728499725 0.5588944 0.7240566375 0.5607382109375 0.787653521875 0.5764392203125001 0.7700967578125 0.6842138734375001 0.6726257875 0.66083545 0.6751680953125 0.6675670015625 0.6632485046875 0.7305930328125 0.663645028125 0.7309754671875 0.6721032874999999 0.7668957187500001 0.6802572828125 0.7859946250000001 0.6942561765625 0.8059776265625
6 0.4271106953125 0.76370374375 0.4270254203125 0.7740726890625 0.43635261875 0.7996657796875 0.45453940312499996 0.8173423765625 0.4731980953125 0.8228220625 0.495966190625 0.8181166046874999 0.516338625 0.8034821687499999 0.523598615625 0.7917842687500001 0.520621353125 0.7925406921875 0.495907053125 0.7911874203125 0.48916469375 0.78849389375 0.48657274375000004 0.7889383296875 0.47850883906249997 0.784555590625 0.467903703125 0.7846282421875 0.46674845 0.7798402249999999 0.460836290625 0.7829593421875 0.4405261140625 0.7992694109375 0.43485696718750005 0.7935062421875 0.42734632031249997 0.7637978734375 0.4271106953125 0.76370374375
6 0.5633450546875001 0.687607721875 0.56784555 0.70478571875 0.5716348875 0.705453009375 0.5693007875 0.71034023125 0.5725997125 0.7229319453125 0.5705259640625 0.727787984375 0.6493389578125 0.71508595 0.65342616875 0.7170379734375001 0.6551192968749999 0.724991978125 0.6536389828125 0.7564384671875 0.660814134375 0.743465009375 0.6751680953125 0.6675670015625 0.6726257875 0.66083545 0.6613599796875 0.6581333468749999 0.646096575 0.6502145265625 0.646105 0.6501616640625001 0.6381128281249999 0.6476961359375 0.542579134375 0.6301668390625 0.5216850734375 0.6278281640625 0.5405097796875 0.6669081078125 0.545784421875 0.6694079890625 0.5633450546875001 0.687607721875
3 0.7671313234375 0.8000427968749999 0.784108175 0.7964290234375 0.7921168359374999 0.7947242625000001 0.7888283328125001 0.7864585843749999 0.77479610625 0.7709274500000001 0.7625882296875 0.7652410140625 0.7560350203125 0.76700583125 0.746937525 0.7780164828125 0.7266896875 0.8121634328124999 0.745188621875 0.8092110124999999 0.7671313234375 0.8000427968749999
3 0.656281996875 0.9914456812499999 0.6613690703125 0.9889326640625 0.672172846875 0.9705312953125 0.6830659296875 0.9570671609374999 0.7198141328125 0.9221210484375 0.7344482250000001 0.901326234375 0.7355447374999999 0.89936533125 0.7353562375 0.8994082296875 0.6953182234375 0.9085200703125 0.6765489765625 0.906981946875 0.663677215625 0.945216 0.64610985 0.9751668468749999 0.6462586906250001 0.98339556875 0.6496394828125001 0.9882732656250001 0.656281996875 0.9914456812499999
3 0.8072288890625 0.7915074390625 0.7671313234375 0.8000427968749999 0.745188621875 0.8092110124999999 0.72565971875 0.812327815625 0.6854131734375 0.82591238125 0.6136432171874999 0.87034621875 0.5801541921875 0.8788821984374999 0.5696094546875 0.88712331875 0.56756624375 0.9003773359375 0.5707212234375 0.9087311234375001 0.5806337234375001 0.9120363250000001 0.593145940625 0.9062828734374999 0.6304584953125 0.90320486875 0.6953182234375 0.9085200703125 0.8117498328125 0.8820225953125 0.8190644812500001 0.874560828125 0.8218501125 0.862494934375 0.8222613609374999 0.8320882609375 0.8170293421875 0.801903815625 0.8133917281249999 0.793438603125 0.8072288890625 0.7915074390625
6 0.3167171828125 0.5348475390625 0.3163763671875 0.5323352531250001 0.3126944265625 0.5271478328125 0.3075470578125 0.52595946875 0.290138896875 0.5315361265625 0.3167171828125 0.5348475390625
3 0.5285035109375 0.5010525140625 0.5253781046875 0.4864921984375 0.513882465625 0.4782162234375 0.5065234921874999 0.478247115625 0.4945528484375 0.4832677796875 0.4819495734375 0.49852145625000005 0.47130386875 0.52028153125 0.4679228734375 0.5367994171875 0.4686167640625 0.5469062234375001 0.4719636953125 0.5567606109375001 0.47685597812499997 0.5624391515625 0.483175434375 0.560673484375 0.4899668421875 0.56490481875 0.4949874515625 0.563805909375 0.49806612499999997 0.5699510109375 0.5023655375 0.5726297265625 0.5046579546875 0.580595678125 0.5136509015625 0.58973776875 0.5258734359374999 0.5929920234375 0.540497121875 0.58771894375 0.5543949703125 0.5762238296875 0.5624499453125 0.563812246875 0.5691160859375 0.5424308 0.56930725 0.524744021875 0.5673182578125 0.516500525 0.5541808374999999 0.5022235187499999 0.5445165578125 0.49912742187500003 0.5285035109375 0.5010525140625
5 0.33802661562499997 0.5778716671875 0.33332558125 0.5717915609374999 0.33125900937499997 0.5663196687500001 0.3312596875 0.559105134375 0.33324765 0.5384749953125 0.31849465 0.535068996875 0.250607453125 0.52661086875 0.25175436093750003 0.5271912375000001 0.302839153125 0.5729110000000001 0.3386410453125 0.59790055625 0.3484790953125 0.6305994046875 0.35144767187500003 0.6285678484375 0.35226751093750003 0.6088453609375 0.35854525625 0.5789369515625 0.35882834531249996 0.5781706328125 0.3572790421875 0.5762117 0.3547662203125 0.5750765953125 0.3452814734375 0.5801015578125 0.3413499375 0.58030384375 0.33802661562499997 0.5778716671875
5 0.17928719531249998 0.7870782609375 0.1802179828125 0.8022775093750001 0.18260780468749999 0.8183685781250001 0.185727484375 0.8312982906249999 0.189050128125 0.8409450015625 0.1925757359375 0.8473087156249999 0.19727677187499998 0.8533888218750001 0.2052608078125 0.859671890625 0.20935430625 0.8611719265625 0.21052973437500003 0.86088831875 0.21425898437500002 0.8567544968749999 0.21733969687500002 0.8530259265625 0.2202987671875 0.8498242484375 0.2385397625 0.82850660625 0.24522808281250003 0.8211711062499999 0.2688603265625 0.7933284656249999 0.28673639375 0.7735915015625 0.2962218203125 0.7613520031250001 0.29954581875 0.756569646875 0.303153425 0.7529627171875 0.30402556718749996 0.7508532578125 0.265028653125 0.7553136421875 0.241055215625 0.7473897875 0.22639528593749997 0.7350571859375 0.205044440625 0.7170958796875 0.182097359375 0.692251253125 0.17637658125 0.7059347359375 0.1706607265625 0.716269628125 0.1606080859375 0.7261582718749999 0.1602431578125 0.72773895 0.1666048375 0.745856946875 0.1764914453125 0.7775531906250001 0.17928719531249998 0.7870782609375
6 0.3342299875 0.7473985421875 0.35083970781249996 0.7603119640625 0.3576097421875 0.7599636296875001 0.363298309375 0.7560208125 0.36790574375 0.740051765625 0.3539434875 0.734473940625 0.3331651015625 0.70900261875 0.3240698859375 0.6682746109375 0.3145338765625 0.6671611687500001 0.304164446875 0.6555181875 0.3070264453125 0.643121509375 0.3150932546875 0.63410269375 0.3237549875 0.636646471875 0.328205434375 0.633865521875 0.3356351375 0.6393892203125 0.3484790953125 0.6305994046875 0.3386410453125 0.59790055625 0.302839153125 0.5729110000000001 0.25175436093750003 0.5271912375000001 0.22223297187500002 0.5122525812500001 0.19637491406250002 0.506282778125 0.1859750953125 0.512004896875 0.17958752656250002 0.52725425 0.170374490625 0.52990555 0.16416225625 0.53611661875 0.1602176875 0.549063003125 0.1600770703125 0.5600206234375 0.1513171015625 0.5689883078125 0.1351239796875 0.57910689375 0.1312847296875 0.585387978125 0.12985259531249999 0.5998700640625 0.13435262812499998 0.6176330203125 0.1534371484375 0.6612210640625 0.205044440625 0.7170958796875 0.241055215625 0.7473897875 0.265028653125 0.7553136421875 0.3342299875 0.7473985421875
6 0.354598259375 0.6639459249999999 0.35102804375 0.6386626375 0.35144767187500003 0.6285678484375 0.3356351375 0.6393892203125 0.328205434375 0.633865521875 0.3237549875 0.636646471875 0.3150932546875 0.63410269375 0.3070264453125 0.643121509375 0.304164446875 0.6555181875 0.3145338765625 0.6671611687500001 0.3240698859375 0.6682746109375 0.359284984375 0.6760192093749999 0.354598259375 0.6639459249999999
6 0.41573133125000006 0.7178547765625 0.3240698859375 0.6682746109375 0.3331651015625 0.70900261875 0.3539434875 0.734473940625 0.42734632031249997 0.7637978734375 0.41573133125000006 0.7178547765625
6 0.5418390640624999 0.7860671234375001 0.541057371875 0.715995071875 0.359284984375 0.6760192093749999 0.3612837984375 0.6811682734375 0.37616850625 0.6927576921874999 0.39650464687500003 0.6943168859375 0.4085122765625 0.68929979375 0.41573133125000006 0.7178547765625 0.5418390640624999 0.7860671234375001
6 0.495907053125 0.7911874203125 0.520621353125 0.7925406921875 0.5396940359375 0.787694959375 0.5418390640624999 0.7860671234375001 0.5306309437500001 0.783479525 0.523945971875 0.7879843421875 0.5168280703125 0.78375053125 0.48916469375 0.78849389375 0.495907053125 0.7911874203125
6 0.541057371875 0.715995071875 0.561796740625 0.7205561281249999 0.56670779375 0.715769521875 0.5675213828125 0.7140660046875 0.5615730343750001 0.7036811484375 0.5600168640625001 0.7034071109375 0.5550913234375 0.697179284375 0.5405097796875 0.6669081078125 0.541057371875 0.715995071875
6 0.5618821406250001 0.7291810812499999 0.5705259640625 0.727787984375 0.5725997125 0.7229319453125 0.561796740625 0.7205561281249999 0.55192806875 0.7301747234375 0.5508718218750001 0.73606109375 0.5618821406250001 0.7291810812499999
6 0.5405097796875 0.6669081078125 0.5615730343750001 0.7036811484375 0.56784555 0.70478571875 0.5633450546875001 0.687607721875 0.545784421875 0.6694079890625 0.5405097796875 0.6669081078125
3 0.5430471015625 0.7796674921875 0.53449598125 0.780874984375 0.5306309437500001 0.783479525 0.5656322625 0.791560215625 0.6384327515625 0.784165559375 0.6505851 0.7773912015625 0.6530530640625 0.7688852359375 0.6551192968749999 0.724991978125 0.65342616875 0.7170379734375001 0.6493389578125 0.71508595 0.5618821406250001 0.7291810812499999 0.5508718218750001 0.73606109375 0.543143915625 0.7791279515625 0.5430471015625 0.7796674921875
1 0.5716348875 0.705453009375 0.5600168640625001 0.7034071109375 0.5550913234375 0.697179284375 0.5150859890625 0.6141285125 0.5097199671875 0.606145784375 0.510102153125 0.615180928125 0.5025880046875 0.6422952703125 0.4903568359375 0.6626762125 0.47849325625 0.6705989203125 0.466080590625 0.6727504703125 0.4571493078125 0.670688521875 0.44629507031250004 0.6606567640625001 0.42357495468749995 0.683006225 0.4085122765625 0.68929979375 0.43485696718750005 0.7935062421875 0.4405261140625 0.7992694109375 0.460836290625 0.7829593421875 0.4767772734375 0.7745492515625 0.4872802734375 0.7731560515625 0.5099584203124999 0.779664384375 0.523945971875 0.7879843421875 0.53449598125 0.780874984375 0.5430471015625 0.7796674921875 0.55192806875 0.7301747234375 0.56670779375 0.715769521875 0.5716348875 0.705453009375
1 0.6591572625000001 0.5682601140625 0.646096575 0.6502145265625 0.6613599796875 0.6581333468749999 0.7700967578125 0.6842138734375001 0.787653521875 0.5764392203125001 0.6656858156250001 0.5463274296875 0.663189121875 0.5486810125 0.6591572625000001 0.5682601140625
3 0.42357495468749995 0.683006225 0.44629507031250004 0.6606567640625001 0.4571493078125 0.670688521875 0.466080590625 0.6727504703125 0.47849325625 0.6705989203125 0.4903568359375 0.6626762125 0.5025880046875 0.6422952703125 0.510102153125 0.615180928125 0.5093252374999999 0.5968140734375 0.5023655375 0.5726297265625 0.483175434375 0.560673484375 0.46842665937500005 0.5647943203125 0.4402620046875 0.52379848125 0.41333145625 0.5100552171875 0.3966589609375 0.5143590812500001 0.3828253296875 0.5280985140625 0.3685785453125 0.5517770421875 0.35854525625 0.5789369515625 0.35226751093750003 0.6088453609375 0.35102804375 0.6386626375 0.354598259375 0.6639459249999999 0.3612837984375 0.6811682734375 0.37616850625 0.6927576921874999 0.39650464687500003 0.6943168859375 0.42357495468749995 0.683006225