1 0.7150344984375 0.4924020921875 0.7152646375 0.47513591875000005 0.7104623812499999 0.4556811234375 0.731997228125 0.44689328125000005 0.75797285 0.3629390359375 0.620279021875 0.3935299484375 0.616420346875 0.3953395140625 0.6164806734375 0.39620221718750004 0.7150344984375 0.4924020921875
1 0.731997228125 0.44689328125000005 0.7172481546875 0.494562875 0.755265321875 0.5372158453125 0.7611695843749999 0.5446140296875 0.8251377578125 0.5404098203125 0.7981868109375 0.44434586718749997 0.7874808171875001 0.39856532968749997 0.7702175312499999 0.4051304171875 0.7585377359375001 0.42698177812500004 0.744886946875 0.441633303125 0.731997228125 0.44689328125000005
3 0.543040328125 0.483453425 0.552853565625 0.46809296875 0.57119686875 0.4447304734375 0.6019860625 0.418920546875 0.6132732875 0.4154285953125 0.61495481875 0.39471280625 0.6141746671874999 0.3835561234375 0.607486359375 0.37536058906249997 0.5841694140625 0.3698566453125 0.56087726875 0.37199499375 0.550252509375 0.380381971875 0.5433298718749999 0.45628708749999997 0.543040328125 0.483453425
4 0.5509207859374999 0.515199209375 0.57074384375 0.522338271875 0.5915160890625 0.543051325 0.6104921890624999 0.5713594875 0.6116598109375 0.5716971375 0.6195603640625 0.5790958015625 0.6204892906249999 0.581017259375 0.6293578906249999 0.5670409000000001 0.6391198375 0.566358278125 0.6423283578125 0.552120084375 0.6599896515625 0.5307985921875 0.68867425 0.4867512734375 0.698013621875 0.48002554062499997 0.7037219015625 0.48149489062499995 0.7150342078125 0.4924239359375 0.7152646375 0.47513591875000005 0.7104623812499999 0.4556811234375 0.6754484984375 0.4699694296875 0.6228879796875 0.4878309640625 0.6177287265625 0.4140502046875 0.6019860625 0.418920546875 0.57119686875 0.4447304734375 0.552853565625 0.46809296875 0.54195513125 0.4851520609375 0.5386113109374999 0.49747720624999997 0.5160576671875 0.5286536749999999 0.5509207859374999 0.515199209375
6 0.332882596875 0.662183325 0.3449764921875 0.6726963890625 0.3753140359375 0.68420548125 0.49533161718749996 0.708366178125 0.511418515625 0.6866458953125 0.49446485156250003 0.6669175859375 0.47322990625 0.6314598296875 0.4721739625 0.6082313828125 0.4756031328125 0.5841209562499999 0.4782847421875 0.57370316875 0.4910400828125 0.552919034375 0.502819375 0.5411748921874999 0.503559521875 0.5404369546875001 0.4835551859375 0.5346521484375 0.3859066671875 0.5108117734375 0.36778158125 0.5115112640625 0.3598177421875 0.5194513390625 0.3414751609375 0.5576499125 0.33225026406249997 0.65314054375 0.332882596875 0.662183325
3 0.7889826703125 0.63362435625 0.8576498906250001 0.6301564125 0.831360715625 0.5400008234375 0.7611695843749999 0.5446140296875 0.7859846109374999 0.5757078578125 0.7906136109374999 0.58846374375 0.7850483140625 0.6023996125 0.7546544296875 0.64425334375 0.7606239031250001 0.6446079546875 0.7669776796875001 0.640789603125 0.7889826703125 0.63362435625
3 0.8741818953125 0.821756734375 0.8877898203125 0.782677 0.8883246828125 0.7457760875 0.882589771875 0.7218190640625 0.8660218828125 0.727184953125 0.81985651875 0.7421366593750001 0.8132759234375 0.8503207046875 0.8234468796875 0.8723258171875001 0.8782147421875001 0.868496075 0.8741818953125 0.821756734375
3 0.6228879796875 0.4878309640625 0.6754484984375 0.4699694296875 0.744886946875 0.441633303125 0.7585377359375001 0.42698177812500004 0.7702175312499999 0.4051304171875 0.8316867921875 0.3817541484375 0.8424065625000001 0.374156065625 0.842832178125 0.3452648359375 0.8387676015625001 0.3431031703125 0.7928520421874999 0.3580541578125 0.75797285 0.3629390359375 0.7397333109375 0.35394174375 0.7255481140625 0.35395531406249997 0.6789415171875001 0.3660195578125 0.616420346875 0.3953395140625 0.6228879796875 0.4878309640625
3 0.8280080375000001 0.6530998296875 0.8203151734375 0.73459645 0.81985651875 0.7421366593750001 0.88786770625 0.720109684375 0.8963956328125 0.71332419375 0.9051428671874999 0.6935823984375 0.9073277578125 0.6765500890625 0.9037960593750001 0.658229571875 0.8958242078125 0.640782190625 0.8844811078125 0.6314476609375 0.8758866484375 0.629235390625 0.7889826703125 0.63362435625 0.7669776796875001 0.640789603125 0.7606239031250001 0.6446079546875 0.8203578140625 0.6481563796875001 0.8280080375000001 0.6530998296875
5 0.5885540828125 0.850022803125 0.577212521875 0.8486935046875 0.572626865625 0.8590854625000001 0.5767144953125001 0.8608034140624999 0.5782304515625001 0.8824826046875 0.591611834375 0.907689121875 0.5878284328125 0.9297388796874999 0.589411765625 0.9523815890625 0.6395147828125001 0.9488780437500001 0.72812159375 0.9213809718749999 0.734259846875 0.912237665625 0.7416648109375 0.9073628203125 0.76452660625 0.8742966624999999 0.766945534375 0.8673498984375 0.7633271875000001 0.8594307000000001 0.5885540828125 0.850022803125
5 0.7719604343750001 0.8012915218750001 0.769447634375 0.80477489375 0.746153453125 0.8185318609375001 0.7253414859375 0.7968335671875 0.71257038125 0.7955215046874999 0.7033325421875001 0.789552159375 0.682881121875 0.7887771578125 0.678580628125 0.7824625593750001 0.6480511765625 0.78735376875 0.630956509375 0.7951644625000001 0.6279833703125 0.7920647046875 0.627476128125 0.7905884015625 0.6299491171875 0.825953775 0.5955930328125 0.8202259828124999 0.5865405421875 0.82755445625 0.577212521875 0.8486935046875 0.5885540828125 0.850022803125 0.7852998859375 0.860613471875 0.808966490625 0.8595672546875001 0.8129525921875 0.8556362468750001 0.8203151734375 0.73459645 0.8280080375000001 0.6530998296875 0.8203578140625 0.6481563796875001 0.7546544296875 0.64425334375 0.7407341421875 0.6634222015625 0.7327243203125 0.669120709375 0.7226048078125 0.6646899281249999 0.7229071968749999 0.671878140625 0.7233101625 0.681457203125 0.719437259375 0.6867681015625 0.7599874015625 0.7640906875 0.7719604343750001 0.8012915218750001
6 0.7037219015625 0.48149489062499995 0.698013621875 0.48002554062499997 0.68867425 0.4867512734375 0.6599896515625 0.5307985921875 0.6423283578125 0.552120084375 0.6391198375 0.566358278125 0.6293578906249999 0.5670409000000001 0.6180962125 0.5847886 0.62531638125 0.6037744546875 0.625252615625 0.607209078125 0.6382845625 0.584615728125 0.651680984375 0.5869866171875 0.6648357046875 0.59378461875 0.703375175 0.6561402921874999 0.719437259375 0.6867681015625 0.7233101625 0.681457203125 0.7226048078125 0.6646899281249999 0.7327243203125 0.669120709375 0.7407341421875 0.6634222015625 0.7850483140625 0.6023996125 0.7906136109374999 0.58846374375 0.7859846109374999 0.5757078578125 0.755265321875 0.5372158453125 0.7172481546875 0.494562875 0.7037219015625 0.48149489062499995
0 0.4840510875 0.90071934375 0.4964250109375 0.899854075 0.5113516796875001 0.8739414421875 0.5364290625 0.8564056984375 0.5448092156250001 0.8668193890625 0.566724815625 0.8724606109374999 0.5865405421875 0.82755445625 0.5955930328125 0.8202259828124999 0.6299491171875 0.825953775 0.627476128125 0.7905884015625 0.606527034375 0.7296170171874999 0.5935929609375 0.712522140625 0.588694153125 0.72840666875 0.5785466984375 0.740594184375 0.5234132640625 0.7181458875 0.47011020625000005 0.7218732 0.47121843593749996 0.7308824046875 0.4509868265625 0.7356448671875 0.4440409578125 0.76626015 0.4460610046875 0.8019874421875001 0.47668933437499994 0.8911909343750001 0.4840510875 0.90071934375
5 0.746153453125 0.8185318609375001 0.769447634375 0.80477489375 0.7719604343750001 0.8012915218750001 0.7599874015625 0.7640906875 0.703375175 0.6561402921874999 0.6648357046875 0.59378461875 0.651680984375 0.5869866171875 0.6382845625 0.584615728125 0.625252615625 0.607209078125 0.6244817046875 0.6487323468749999 0.6175799390625001 0.671948903125 0.5981048078125 0.7022965078125 0.590094296875 0.7078979796875 0.606527034375 0.7296170171874999 0.6279833703125 0.7920647046875 0.630956509375 0.7951644625000001 0.6480511765625 0.78735376875 0.678580628125 0.7824625593750001 0.682881121875 0.7887771578125 0.7033325421875001 0.789552159375 0.71257038125 0.7955215046874999 0.7253414859375 0.7968335671875 0.746153453125 0.8185318609375001
6 0.5981048078125 0.7022965078125 0.6175799390625001 0.671948903125 0.6244817046875 0.6487323468749999 0.62531638125 0.6037744546875 0.6162631796875 0.5799685343750001 0.5915160890625 0.543051325 0.57074384375 0.522338271875 0.5509207859374999 0.515199209375 0.5149488875 0.529081578125 0.4910400828125 0.552919034375 0.4782847421875 0.57370316875 0.4756031328125 0.5841209562499999 0.4721739625 0.6082313828125 0.47322990625 0.6314598296875 0.49446485156250003 0.6669175859375 0.516119075 0.6921157515624999 0.550057921875 0.7141815 0.571012146875 0.7212414640625 0.5981048078125 0.7022965078125