1 0.76690533125 0.3812681859375 0.627413003125 0.40217954375 0.6234375 0.403715534375 0.6234375 0.40458034375 0.7150406890625 0.5074206484375 0.7164746937500001 0.49021258906250004 0.713041234375 0.4704701953125 0.73513663125 0.46320595468750003 0.76690533125 0.3812681859375
1 0.793856253125 0.41886606718749997 0.7761770625 0.4242109375 0.7630014453125 0.44519432812500004 0.7483618703125 0.45885793125 0.73513663125 0.46320595468750003 0.7170982234375 0.509730584375 0.7520474625 0.5549315984375001 0.7574212703125001 0.562723621875 0.8215268921875 0.5629918468749999 0.801342678125 0.4652818984375 0.793856253125 0.41886606718749997
3 0.5930427234375 0.37604502968750003 0.569658153125 0.376553390625 0.5584742281249999 0.38417879374999997 0.54627358125 0.45941610937500005 0.5440897140625001 0.4864960734375 0.5549505390625 0.47185757031250003 0.57487884375 0.44983155 0.607393446875 0.426232240625 0.6188967625 0.42353615156249996 0.6220192578125 0.4029881234375 0.6220192578125 0.391804196875 0.615918934375 0.3831620734375 0.5930427234375 0.37604502968750003
4 0.5549505390625 0.47185757031250003 0.5428886703125 0.48811487187499997 0.5386932375 0.500176740625 0.5140197718749999 0.5297040015625 0.5497365015625 0.5187142390624999 0.5690132765625 0.5272186984375 0.5882900515625 0.54933029375 0.6052452500000001 0.5788932046874999 0.6063864734375 0.57931148125 0.6137516765625 0.5872432375 0.61454430625 0.5892248140625 0.62436624375 0.5759011421875 0.6341520296875001 0.5759011421875 0.6383459390625 0.561921446875 0.6574515234375 0.5418838828125 0.6891388328125 0.49994479687500004 0.69892461875 0.4938869296875 0.704516496875 0.49575088906250003 0.7150388750000001 0.50744241875 0.7164746937500001 0.49021258906250004 0.713041234375 0.4704701953125 0.677115940625 0.4822812515625 0.6234375 0.4964328390625 0.6234375 0.42247191562499997 0.607393446875 0.426232240625 0.57487884375 0.44983155 0.5549505390625 0.47185757031250003
6 0.3673006734375 0.5022601328125 0.35880236249999997 0.5096253359375 0.3378398640625 0.546451346875 0.32197635 0.6410658703125 0.32197635 0.650130734375 0.33330743125 0.661461815625 0.362768240625 0.6750591125 0.48080809999999996 0.707532959375 0.498370940625 0.68698775 0.482834753125 0.6661248703125 0.4641249421875 0.6292722125 0.46469190625 0.606026690625 0.46979458125000007 0.582214203125 0.47319636562499995 0.5720088515625 0.4873704640625 0.5521651140625 0.4999402921875 0.5412712625 0.5007301125 0.5405867515625 0.4811780328125 0.5334206046875 0.38543040156249997 0.5028266875 0.3673006734375 0.5022601328125
3 0.7772109140625 0.6220341375 0.7439715 0.6616657453125 0.7499016953125001 0.6624359015625 0.7565063484375 0.65907006875 0.778957559375 0.653457265625 0.847699421875 0.654787753125 0.827763221875 0.5630179390625 0.7574212703125001 0.562723621875 0.780006853125 0.5954727156249999 0.7837347718750001 0.60852043125 0.7772109140625 0.6220341375
3 0.802186765625 0.7638588890625 0.7880756625 0.8713203640625 0.79668684375 0.8939813640625 0.8515884437500001 0.8939813640625 0.8508257921875 0.8470745609374999 0.8671266328125 0.8090392640624999 0.8702342703125 0.77226555 0.8661844859375 0.7479668375 0.8492826499999999 0.7521639375 0.802186765625 0.7638588890625
3 0.7493378421875 0.371020484375 0.735186253125 0.3700445125 0.687851628125 0.37882825625 0.6234375 0.403715534375 0.6234375 0.4964328390625 0.677115940625 0.4822812515625 0.7483618703125 0.45885793125 0.7630014453125 0.44519432812500004 0.7761770625 0.4242109375 0.8391272328125 0.40517949062499997 0.8503509062499999 0.3983476890625 0.8527908359374999 0.3695565265625 0.84888695 0.367116596875 0.8020403109375 0.37882825625 0.76690533125 0.3812681859375 0.7493378421875 0.371020484375
3 0.778957559375 0.653457265625 0.7565063484375 0.65907006875 0.7499016953125001 0.6624359015625 0.809242571875 0.670142509375 0.8165293218749999 0.6756075703125 0.8031702812500001 0.7563690421875 0.802186765625 0.7638588890625 0.8715688046875 0.7466297921875 0.8805492890625001 0.7404557078125 0.8906523343750001 0.7213721796875 0.894020015625 0.7045337703125 0.8917748953125001 0.686011521875 0.88503953125 0.668050553125 0.8743752062500001 0.6579475078125 0.8659560031250001 0.65514110625 0.778957559375 0.653457265625
5 0.712659934375 0.923228190625 0.7377726171875 0.8918373374999999 0.740670234375 0.88507623125 0.7376131171875 0.8769239203125 0.5639220125 0.8553473859375 0.5527008062500001 0.853230178125 0.5474014140625 0.8632769421875001 0.5513592484375 0.8652758484374999 0.5513592484375 0.8870079765625001 0.5629497171875 0.9130865296874999 0.55763741875 0.9348186593750001 0.55763741875 0.957516659375 0.6078627828125 0.957516659375 0.69817185 0.9362674671875 0.70493295625 0.927574615625 0.712659934375 0.923228190625
5 0.71037459375 0.6870086734374999 0.710108375 0.6965925125 0.7058744375 0.7016203140624999 0.74093205 0.7815831796875 0.7502809187499999 0.8195285921875 0.7475312515625 0.82282819375 0.7233341765625 0.8349267296875 0.704086503125 0.8118295234374999 0.6914380328124999 0.8096297890624999 0.682639096875 0.8030305859375 0.66229155625 0.800830853125 0.658442021875 0.79423165 0.6276457453125001 0.7969813171875 0.6100478734375 0.8035805203124999 0.6072982046875001 0.8002809187500001 0.60689518125 0.798772828125 0.60689518125 0.8342245593750001 0.5730223375 0.8261141609375 0.563480690625 0.8327933125 0.5527008062500001 0.853230178125 0.5639220125 0.8553473859375 0.7594497859375 0.8796365500000001 0.7831317203125 0.8802437796874999 0.787382325 0.8766004046875 0.8031702812500001 0.7563690421875 0.8165293218749999 0.6756075703125 0.809242571875 0.670142509375 0.7439715 0.6616657453125 0.72874796875 0.679816878125 0.7203601515625 0.6849427671874999 0.710574365625 0.679816878125 0.71037459375 0.6870086734374999
6 0.7837347718750001 0.60852043125 0.780006853125 0.5954727156249999 0.7520474625 0.5549315984375001 0.7170982234375 0.509730584375 0.704516496875 0.49575088906250003 0.69892461875 0.4938869296875 0.6891388328125 0.49994479687500004 0.6574515234375 0.5418838828125 0.6383459390625 0.561921446875 0.6341520296875001 0.5759011421875 0.62436624375 0.5759011421875 0.6118939828125 0.5928200343750001 0.6177721765624999 0.61226329375 0.6174689796874999 0.615685103125 0.6320452140625 0.5940558515625 0.6452436171875 0.5973554531249999 0.6578920890625 0.605054521875 0.6919879671875 0.6699466765625 0.7058744375 0.7016203140624999 0.710108375 0.6965925125 0.710574365625 0.679816878125 0.7203601515625 0.6849427671874999 0.72874796875 0.679816878125 0.7772109140625 0.6220341375 0.7837347718750001 0.60852043125
0 0.434668465625 0.7316518624999999 0.42560390156250005 0.7617080484375001 0.42512681875 0.797489221875 0.44945801718749995 0.88861194375 0.4561371703125 0.8986306718750001 0.46854130937500005 0.8986306718750001 0.48523919062500004 0.8738223921875001 0.5114787187500001 0.858078675 0.5191120359375 0.86905156875 0.5405807390625 0.876207803125 0.563480690625 0.8327933125 0.5730223375 0.8261141609375 0.60689518125 0.8342245593750001 0.60689518125 0.798772828125 0.5902502671875001 0.7364886312500001 0.578540178125 0.7185331625 0.5725452546875001 0.7340372734375 0.5615723609375001 0.7454872499999999 0.5081391421875 0.719247721875 0.45470592343750005 0.719247721875 0.45518300468749995 0.7283122859375 0.434668465625 0.7316518624999999
5 0.66229155625 0.800830853125 0.682639096875 0.8030305859375 0.6914380328124999 0.8096297890624999 0.704086503125 0.8118295234374999 0.7233341765625 0.8349267296875 0.7475312515625 0.82282819375 0.7502809187499999 0.8195285921875 0.74093205 0.7815831796875 0.6919879671875 0.6699466765625 0.6578920890625 0.605054521875 0.6452436171875 0.5973554531249999 0.6320452140625 0.5940558515625 0.6174689796874999 0.615685103125 0.6138034296875 0.657053446875 0.6052989703125 0.67973200625 0.5837543390625 0.70864716875 0.5753726015625 0.7136762109375 0.5902502671875001 0.7364886312500001 0.6072982046875001 0.8002809187500001 0.6100478734375 0.8035805203124999 0.6276457453125001 0.7969813171875 0.658442021875 0.79423165 0.66229155625 0.800830853125
6 0.482834753125 0.6661248703125 0.5026784921874999 0.6927721765625 0.5349954375 0.717151628125 0.5554061406249999 0.7256560875 0.5837543390625 0.70864716875 0.6052989703125 0.67973200625 0.6138034296875 0.657053446875 0.6177721765624999 0.61226329375 0.6104016453125001 0.58788384375 0.5882900515625 0.54933029375 0.5690132765625 0.5272186984375 0.5497365015625 0.5187142390624999 0.51288384375 0.5300535187500001 0.4873704640625 0.5521651140625 0.47319636562499995 0.5720088515625 0.46979458125000007 0.582214203125 0.46469190625 0.606026690625 0.4641249421875 0.6292722125 0.482834753125 0.6661248703125