6 0.387788771875 0.6628901218750001 0.373258690625 0.6649081875 0.37770894374999997 0.668004015625 0.3931471671875 0.67874365 0.41616073125 0.6893652953125 0.4322708609375 0.6930981296875001 0.433409384375 0.6919843578125 0.463941515625 0.6694375531250001 0.43728540625 0.6628946906250001 0.43371545781250004 0.661109715625 0.42825781406249996 0.6624195515625 0.387788771875 0.6628901218750001
6 0.6716626296875 0.7710386921875 0.6615662890625 0.7657248296875 0.6592233765625 0.7603696 0.657623428125 0.7608322359375 0.62040929375 0.758506353125 0.5948245765625 0.7478072890624999 0.5909513203125 0.742999109375 0.584833325 0.7453783296875 0.5803581624999999 0.7476159109375 0.5652544859375 0.75432865625 0.5641356953125001 0.7548880515625 0.5445455171875 0.7548880515625 0.5435974609375 0.7651586515625 0.5371104890625 0.778132596875 0.5276748921875 0.7846195687499999 0.4772247515625 0.7826313859375 0.47688436718749994 0.7828645265625 0.48490228281250003 0.7884422078125 0.6493095421875 0.8323828859375 0.6769576109375001 0.8368263265625 0.694237653125 0.8343577484375 0.6981873765625 0.8299143093750001 0.7011496703125 0.8195462843750001 0.705474528125 0.7965797953125 0.700962678125 0.7996203890625 0.6744692125 0.7748361796875 0.672430446875 0.7710499015625001 0.6716626296875 0.7710386921875
5 0.7964330000000001 0.5055362718749999 0.7973990953125 0.5021549375000001 0.8056109093750001 0.48718045468750004 0.80899224375 0.47703645000000006 0.812373578125 0.4572314890625 0.8133396749999999 0.453850153125 0.8128566265625 0.45143491406249997 0.8118905312500001 0.44998577187500005 0.8099583390625 0.4495027234375 0.8031956703124999 0.448536628125 0.7877381390625 0.44612138906250004 0.774695846875 0.4446722453125 0.7735451906249999 0.4446722453125 0.7788557046875 0.4485770359375 0.797619153125 0.555639059375 0.7988482390625 0.549493625 0.7993312875 0.541764859375 0.7983651921875 0.5248581859375 0.7959499515624999 0.5079515109375 0.7964330000000001 0.5055362718749999
5 0.7381076625 0.6064855296875 0.7381076625 0.6100046453125 0.7378075515625 0.624410028125 0.74274368125 0.645973121875 0.7550902859375 0.647225675 0.779588853125 0.651494365625 0.7814585171874999 0.6490014796875 0.7829076609375 0.648035384375 0.7848398515625 0.6475523359375 0.7920855703125 0.6485184312500001 0.79788214375 0.6490014796875 0.80078043125 0.6490014796875 0.8022295734375 0.6485184312500001 0.8051278609375 0.6441710015625 0.8085091953125 0.6407896671875 0.8109244359375 0.6287134703125 0.8099583390625 0.624366040625 0.8046448140625 0.607459365625 0.8036787171875 0.605527175 0.801263478125 0.6021458390625 0.8002973828125001 0.6006966953124999 0.8002973828125001 0.5968323140625 0.8002973828125001 0.5924848828125 0.8017465265625001 0.5876544046875 0.8017465265625001 0.582340878125 0.799354446875 0.5755633203125 0.7988482390625 0.574129065625 0.7975117390625 0.5711219390625 0.7910472421875 0.5845126796875 0.7776365515625 0.5973137937499999 0.7381076625 0.6064855296875
1 0.740957184375 0.7720502921875 0.672430446875 0.7710499015625001 0.6744692125 0.7748361796875 0.700962678125 0.7996203890625 0.7206191203125 0.78637365625 0.7257468874999999 0.77910931875 0.7402755625 0.7739815515624999 0.740957184375 0.7720502921875
6 0.463941515625 0.6694375531250001 0.4661416515625 0.6678128359375 0.49875933124999994 0.63957336875 0.49756764374999995 0.636296228125 0.49182544687499996 0.6219407343750001 0.45273207343750005 0.6235256 0.4527274671875 0.6235265640625001 0.4527274671875 0.64830244375 0.4400220703125 0.6595961296875 0.43371545781250004 0.661109715625 0.43728540625 0.6628946906250001 0.463941515625 0.6694375531250001
6 0.7375482671875 0.6368556234375 0.7360801828125 0.6452971140625 0.74274368125 0.645973121875 0.7378075515625 0.624410028125 0.7375482671875 0.6368556234375
3 0.4849138125 0.410021553125 0.471373525 0.4092009296875 0.45824355 0.410021553125 0.4422413921875 0.416586540625 0.41885362343750004 0.436691815625 0.40941645312499997 0.451052725 0.3991586609375 0.476081740625 0.39505554374999996 0.491263275 0.3938246078125 0.5183438484375 0.3954658546875 0.5368078765625001 0.3998639765625 0.5547668765625 0.412258425 0.55324725 0.43080504687500004 0.5566193625 0.441759690625 0.5534242593750001 0.5185663765624999 0.5180688 0.5435590296874999 0.484542071875 0.5446169890625 0.4837926828125 0.5362027781250001 0.45679708906250005 0.5234831140625 0.43546087968749997 0.513225321875 0.42479277499999996 0.4972231640625 0.4141246703125 0.4849138125 0.410021553125
5 0.5728247703125 0.720556990625 0.5767625453125 0.7215195578125 0.581334453125 0.731060928125 0.5859165328125 0.7367490265625001 0.7001111078125 0.641648078125 0.6817589703125 0.6397862671875 0.6775530375 0.6414219078125 0.6753001421875 0.6408166515625 0.63983118125 0.6381113921875 0.6410718296875 0.6290003796875 0.7094325859375 0.613138896875 0.5032636703125 0.6356736390625 0.49919529999999995 0.63919591875 0.5516104937499999 0.732574246875 0.568043584375 0.7202154765625 0.5728247703125 0.720556990625
3 0.42670672343750005 0.6985413078125 0.5164701218750001 0.7014683749999999 0.5176951703125 0.7015908796875 0.5414729765625 0.680703015625 0.55050654375 0.6658241968749999 0.56357286875 0.6655447031249999 0.561941009375 0.664239215625 0.566158271875 0.6327070609375001 0.542949453125 0.6198681390624999 0.52046686875 0.6207795953125 0.4661416515625 0.6678128359375 0.433409384375 0.6919843578125 0.42670672343750005 0.6985413078125
3 0.5420292453125 0.71048553125 0.5441917265625 0.7126480140625 0.5414729765625 0.680703015625 0.5414729765625 0.7087054734375 0.5412385625 0.7079553468750001 0.534161865625 0.7032375484375 0.5176951703125 0.7015908796875 0.42766558593750004 0.780678315625 0.46473534375 0.78213919375 0.546231859375 0.7366193359375 0.5447481625 0.71918606875 0.5420292453125 0.71048553125
3 0.339744740625 0.8042812140625 0.337730446875 0.8188848421875001 0.344780475 0.8355027625 0.35031978124999996 0.8405384953124999 0.3583769546875 0.8415456421874999 0.42766558593750004 0.780678315625 0.40796076093750006 0.779901771875 0.379653971875 0.7633894765625 0.378612178125 0.7633077671875 0.3593841015625 0.786656146875 0.339744740625 0.8042812140625
3 0.5414729765625 0.7099292640625 0.5414729765625 0.7087054734375 0.5412385625 0.7079553468750001 0.534161865625 0.7032375484375 0.5164701218750001 0.7014683749999999 0.40796076093750006 0.6979300265624999 0.38614094374999997 0.710903971875 0.30593837343749997 0.71798066875 0.300041125 0.7268265406250001 0.29886167656249996 0.7386210359375001 0.3041691984375 0.75218470625 0.33424516249999997 0.75395388125 0.34957800781250004 0.761030578125 0.379653971875 0.7633894765625 0.40796076093750006 0.779901771875 0.5276748921875 0.7846195687499999 0.5371104890625 0.778132596875 0.5435974609375 0.7651586515625 0.5471358093750001 0.7268265406250001 0.5420292453125 0.71048553125 0.5414729765625 0.7099292640625
3 0.1859141296875 0.6186565171875 0.1859141296875 0.6313619140625 0.1925021125 0.6492435828125 0.19861952656249998 0.6539492859375 0.21838347656249998 0.651596434375 0.277204759375 0.6572432781249999 0.285675025 0.659125559375 0.305438975 0.672772096875 0.320026653125 0.6723015265625001 0.387788771875 0.6628901218750001 0.42825781406249996 0.6624195515625 0.4400220703125 0.6595961296875 0.4527274671875 0.64830244375 0.4527274671875 0.6235265640625001 0.42652026875000004 0.6290117921875 0.413719153125 0.62535433125 0.4125 0.6162106781250001 0.4125 0.5619583359375 0.43080504687500004 0.5566193625 0.412258425 0.55324725 0.2894395875 0.5683054984375 0.27014620625 0.5875988796875 0.216501196875 0.606892259375 0.1892081203125 0.6120685328125 0.1859141296875 0.6186565171875
5 0.5954008578125001 0.4140625 0.5883152140625 0.4670413171875 0.666913840625 0.4484186453125 0.6710278578125 0.44744389531250006 0.6741601937499999 0.43002027343749993 0.6659239234375 0.4243578375 0.622683503125 0.4140625 0.5954008578125001 0.4140625
5 0.6410718296875 0.6290003796875 0.5912359265625 0.6405636125 0.5911060265625 0.640593753125 0.5715995656249999 0.6357171375 0.566158271875 0.6327070609375001 0.561941009375 0.664239215625 0.56357286875 0.6655447031249999 0.581548353125 0.6651602015625 0.5869165734374999 0.6552371296875 0.5938942234375 0.6468639484375001 0.62040929375 0.6366300625 0.63983118125 0.6381113921875 0.6410718296875 0.6290003796875
6 0.6753001421875 0.6408166515625 0.62040929375 0.6366300625 0.5938942234375 0.6468639484375001 0.5869165734374999 0.6552371296875 0.581548353125 0.6651602015625 0.614003540625 0.6644659734375 0.649875790625 0.6636986515625 0.6589093578125 0.6594475609375 0.6721940156249999 0.6435059703125 0.6775530375 0.6414219078125 0.6753001421875 0.6408166515625
6 0.657623428125 0.7608322359375 0.6592233765625 0.7603696 0.6541268812500001 0.7487204671875001 0.6445619265625 0.7380927390625 0.599589946875 0.7270995890624999 0.5767625453125 0.7215195578125 0.581334453125 0.731060928125 0.5948245765625 0.7478072890624999 0.62040929375 0.758506353125 0.657623428125 0.7608322359375
3 0.6589093578125 0.6594475609375 0.649875790625 0.6636986515625 0.55050654375 0.6658241968749999 0.5414729765625 0.680703015625 0.5414729765625 0.7099292640625 0.55050654375 0.71896283125 0.5728247703125 0.720556990625 0.6445619265625 0.7380927390625 0.6541268812500001 0.7487204671875001 0.6615662890625 0.7657248296875 0.6716626296875 0.7710386921875 0.7444625593749999 0.772101465625 0.8650872578125 0.794951078125 0.8650872578125 0.6594475609375 0.8252332828125001 0.6594475609375 0.7550902859375 0.647225675 0.6817589703125 0.6397862671875 0.6721940156249999 0.6435059703125 0.6589093578125 0.6594475609375
3 0.542949453125 0.6198681390624999 0.5715995656249999 0.6357171375 0.5911060265625 0.640593753125 0.7776365515625 0.5973137937499999 0.7910472421875 0.5845126796875 0.7995813187499999 0.56683495 0.7788557046875 0.4485770359375 0.758130090625 0.4333376140625 0.7331374390625001 0.4327280359375 0.558188875 0.47417926406250005 0.5435590296874999 0.484542071875 0.5185663765624999 0.5180688 0.441759690625 0.5534242593750001 0.4125 0.5619583359375 0.4125 0.6162106781250001 0.413719153125 0.62535433125 0.42652026875000004 0.6290117921875 0.45273207343750005 0.6235256 0.542949453125 0.6198681390624999