5 0.3810287125 0.618381471875 0.3861074109375 0.6201830046875 0.400133096875 0.6126622515625 0.44971367500000003 0.5911981140625 0.46554617187499997 0.57374856875 0.4690828546875 0.5771667515625001 0.481990625 0.5107620296875 0.48048129843750004 0.508300040625 0.4820869671875 0.5000395906249999 0.484035334375 0.5002429140625 0.49604824062499997 0.43844186562500004 0.5066806953125 0.4335367609375 0.5073517015625 0.42777531875 0.5159539703125 0.41847252656249995 0.5357613390625 0.41605131562500003 0.5417001781249999 0.41738110468749995 0.5430805125 0.41674431093750003 0.518838325 0.40497362031249995 0.44531808125000005 0.39068273124999997 0.391357740625 0.40660478906249997 0.3806495515625 0.41137059374999996 0.37841122656250004 0.41533732187499994 0.3810287125 0.618381471875
5 0.4915825890625 0.584211365625 0.49007524843750006 0.5951864765625 0.5727714578125 0.6652661328125 0.49604824062499997 0.43844186562500004 0.471014984375 0.5790341437500001 0.4915825890625 0.584211365625
5 0.6644912625 0.3736579203125 0.6624193140625 0.37024663593749996 0.654254303125 0.37139787343749997 0.653896015625 0.3715984125 0.6533627203125 0.371523584375 0.6362433609375 0.37393735625 0.633115475 0.37520817968750003 0.60109855625 0.389978653125 0.57379125 0.604904703125 0.668562596875 0.3882742171875 0.6644912625 0.3736579203125
5 0.7369472171875 0.41674007968750004 0.7178325609375 0.3891803171875 0.7041270374999999 0.37898646875 0.6773715921875 0.368138415625 0.668562596875 0.3882742171875 0.668996465625 0.3898318328125 0.6984781890625 0.541763740625 0.7139120890624999 0.5447637875 0.7305461156249999 0.543281928125 0.7315464609375 0.5349115328125 0.7289254453125 0.5193425328125 0.7403767390625 0.4701150546875 0.740424915625 0.43435804375 0.7369472171875 0.41674007968750004
6 0.747510484375 0.8208662062500001 0.72870818125 0.8902304187500001 0.8129004468750001 0.9065957359375 0.826577146875 0.836235209375 0.747510484375 0.8208662062500001
3 0.3595040375 0.610746175 0.3448156 0.624322203125 0.339216578125 0.641855859375 0.33915591875 0.6453589984375 0.3861074109375 0.6201830046875 0.3595040375 0.610746175
5 0.5163011828124999 0.7272212703125 0.5288980328124999 0.7232811296875 0.5434837390625 0.7147416078125 0.543635425 0.7059815546875 0.5356452671875 0.673974990625 0.5185327953125001 0.6792000953125 0.5171429921875 0.6799820765625 0.52416788125 0.7066933703125 0.5249596203125 0.70970386875 0.5104295875 0.7245796859375 0.5121370578125 0.7246468875 0.5163011828124999 0.7272212703125
5 0.2681172734375 0.7242936484375 0.23692388437499998 0.7171962046875 0.23678619531249998 0.7285441359375 0.3018593078125 0.75882254375 0.2947842421875 0.7247661234375 0.2681172734375 0.7242936484375
6 0.5693872703125 0.6037961453125 0.4915825890625 0.584211365625 0.489531471875 0.599145784375 0.500971128125 0.618541865625 0.5159002671875 0.6214437953124999 0.571694 0.6193271828125 0.57379125 0.604904703125 0.5693872703125 0.6037961453125
6 0.7790978390625 0.543340559375 0.7534679171875001 0.54575858125 0.735786815625 0.542815053125 0.7139120890624999 0.5447637875 0.8125796453125 0.5639428171875001 0.8131657078125001 0.5670146500000001 0.8114408750000001 0.5850184359374999 0.747510484375 0.8208662062500001 0.8467103765624999 0.8401487124999999 0.892634475 0.603889703125 0.8951683203125 0.5807023203125 0.89725460625 0.5801211921875 0.9011355156249999 0.560155640625 0.8966857359375 0.5627440109374999 0.8945337625 0.5687390203125 0.8874032078124999 0.56735298125 0.8741051015625001 0.549474815625 0.855750465625 0.544920371875 0.7790978390625 0.543340559375
0 0.481990625 0.5107620296875 0.484035334375 0.5002429140625 0.4820869671875 0.5000395906249999 0.48048129843750004 0.508300040625 0.481990625 0.5107620296875
5 0.700231575 0.8263657171875 0.6628410671875 0.8263357390625 0.6469715328125 0.8335048484375 0.6320861109375 0.82940508125 0.6242718140625 0.823060803125 0.6170700421875 0.8011532515625 0.617268128125 0.8001341921874999 0.589251546875 0.818098278125 0.5834275250000001 0.8393639374999999 0.5906353921874999 0.8364656265624999 0.594456975 0.8519024125 0.6009609046875 0.85893926875 0.6119590953125 0.856354046875 0.61172105 0.8683778015625 0.6157948859375 0.8744175140625 0.623833240625 0.8827391546875001 0.662918021875 0.8986748406249999 0.69891089375 0.9204607109375 0.7194324859375001 0.9244497031250001 0.8114408750000001 0.5850184359374999 0.8131657078125001 0.5670146500000001 0.8125796453125 0.5639428171875001 0.6984781890625 0.541763740625 0.70887381875 0.5953368578125 0.7185189921874999 0.593558328125 0.7683492625 0.590496 0.7827633406250001 0.5954958046875001 0.7877174921875 0.6039319671875 0.7914365703125 0.618722028125 0.7899544828125 0.6263467109375 0.7917202703124999 0.6398778953125001 0.7877680359375 0.660210378125 0.7814855484375001 0.6721771359375001 0.7737318984375 0.6781431515625 0.7169366296875 0.692160375 0.6551856734375 0.695435775 0.6549883109375 0.6959953796875 0.64241661875 0.7089328359375 0.641102971875 0.7187343937499999 0.6454737484375 0.726682978125 0.642592809375 0.741504128125 0.6378428796875 0.7476798265625 0.6366397828125 0.7558297031250001 0.6540699484375 0.7504413015625 0.662206840625 0.752022953125 0.67819069375 0.7659868999999999 0.7122885937500001 0.779852859375 0.7183919328124999 0.79189623125 0.7190221328125 0.8010662296875 0.71216196875 0.8208435843749999 0.700231575 0.8263657171875
1 0.6644912625 0.3736579203125 0.6608696140625 0.367695190625 0.653896015625 0.3715984125 0.6450538796874999 0.37035774374999997 0.633115475 0.37520817968750003 0.49604824062499997 0.43844186562500004 0.4690828546875 0.5771667515625001 0.471014984375 0.5790341437500001 0.5894847249999999 0.608855021875 0.601960896875 0.5971972140624999 0.6746682359375 0.5920477046875 0.682587728125 0.59780511875 0.6826845640625 0.60016604375 0.70887381875 0.5953368578125 0.668996465625 0.3898318328125 0.6644912625 0.3736579203125
5 0.628956984375 1 0.654131575 0.9390708406250001 0.6645530453124999 0.923253921875 0.6635132734375 0.917803971875 0.650744628125 0.9105989453125 0.6157948859375 0.8744175140625 0.61172105 0.8683778015625 0.6119590953125 0.856354046875 0.6052598484375 0.8579287656249999 0.6009609046875 0.85893926875 0.594456975 0.8519024125 0.5906353921874999 0.8364656265624999 0.5809576453124999 0.8403570859375 0.57029579375 0.830412875 0.5699582875 0.824049865625 0.5752815250000001 0.818262409375 0.5750423109375 0.8113937218749999 0.5693247312499999 0.8003114468750001 0.56265263125 0.79953930625 0.5562339546875 0.8082625312499999 0.5517953609374999 0.8094988921875 0.539612525 0.798812409375 0.541273853125 0.8289269765625 0.5374202953125 0.8487518140624999 0.5383382812499999 0.8584820499999999 0.5232062203125001 0.8947287218750001 0.518211803125 0.9012222937500001 0.5115020515625 0.9005400828125 0.491788315625 0.8867556015625 0.46796170625 0.8653293 0.46801439843750003 0.8651537843750001 0.4082572046875 0.8619249437500001 0.40375022656250004 0.8772820421875 0.49727679687500004 0.9657827875 0.515116425 0.9765974328125001 0.5303751765625 1 0.628956984375 1
6 0.6228317734375 0.7715117171875 0.6170700421875 0.8011532515625 0.6242718140625 0.823060803125 0.6320861109375 0.82940508125 0.6469715328125 0.8335048484375 0.6628410671875 0.8263357390625 0.700231575 0.8263657171875 0.71216196875 0.8208435843749999 0.7190221328125 0.8010662296875 0.7183919328124999 0.79189623125 0.7122885937500001 0.779852859375 0.67819069375 0.7659868999999999 0.662206840625 0.752022953125 0.6540699484375 0.7504413015625 0.6361015390625 0.7559960968749999 0.6228317734375 0.7715117171875
3 0.500971128125 0.618541865625 0.5009955078125 0.618583203125 0.5171429921875 0.6799820765625 0.5185327953125001 0.6792000953125 0.559530884375 0.6666817796875 0.5732389703125 0.6652161484375 0.572620246875 0.6566349406249999 0.5777728265625 0.6391733687500001 0.5953514640625001 0.6346775421874999 0.60467051875 0.6364889828125 0.6237897765625 0.6195442671875 0.641920978125 0.6076826734375 0.6661446609375 0.6032159296875 0.6826845640625 0.60016604375 0.682587728125 0.59780511875 0.6746682359375 0.5920477046875 0.601960896875 0.5971972140624999 0.5806078828125 0.61714959375 0.572963065625 0.619279040625 0.5159002671875 0.6214437953124999 0.500971128125 0.618541865625
7 0.3022212421875 0.6651638484375 0.2923320734375 0.6744381734375 0.2897520390625 0.68451121875 0.29328375156250003 0.717543403125 0.305896171875 0.7782543234375 0.31252743125000004 0.77828454375 0.3683865171875 0.7696559890625 0.390813390625 0.7545288718750001 0.4813982515625 0.7608792531249999 0.48768398125 0.7478665890625 0.5249596203125 0.70970386875 0.5009955078125 0.618583203125 0.4864923640625 0.5939929390625001 0.46554617187499997 0.57374856875 0.44971367500000003 0.5911981140625 0.400133096875 0.6126622515625 0.3022212421875 0.6651638484375
6 0.53490776875 0.5107760015625 0.5493962515625 0.5020397296875 0.5654861796875 0.49567770156249996 0.573349115625 0.4955557375 0.57143763125 0.479918315625 0.5685550234375001 0.47564467343750005 0.56457933125 0.4748718765625 0.545706415625 0.48069294687499997 0.5290094203125 0.49230065625 0.5266686890625001 0.500097484375 0.5296071515625 0.5146967578125 0.5319925671875 0.5151604359374999 0.53490776875 0.5107760015625
3 0.28115875468749996 0.8149622453124999 0.2862222203125 0.820699278125 0.3059022984375 0.8221483015625 0.3620809796875 0.838771684375 0.369968453125 0.8422059718750001 0.386621803125 0.8592261625000001 0.4009080640625 0.8615278484375001 0.46863696250000003 0.8651874234375001 0.508111878125 0.872385290625 0.5200953953125 0.871862971875 0.534597246875 0.8632751390625 0.541273853125 0.8289269765625 0.5383319156249999 0.775599096875 0.5326324312499999 0.77068899375 0.5131936796875001 0.763108246875 0.390813390625 0.7545288718750001 0.3683865171875 0.7696559890625 0.31252743125000004 0.77828454375 0.2849856171875 0.77815903125 0.28053348906250003 0.7839475375 0.2781299109375 0.796312878125 0.28115875468749996 0.8149622453124999
6 0.6326425203125 0.6916008 0.6494215796875 0.695741515625 0.7169366296875 0.692160375 0.7737318984375 0.6781431515625 0.7814855484375001 0.6721771359375001 0.7877680359375 0.660210378125 0.7917202703124999 0.6398778953125001 0.7899544828125 0.6263467109375 0.7914365703125 0.618722028125 0.7877174921875 0.6039319671875 0.7827633406250001 0.5954958046875001 0.7683492625 0.590496 0.7185189921874999 0.593558328125 0.641920978125 0.6076826734375 0.6237897765625 0.6195442671875 0.60467051875 0.6364889828125 0.5953514640625001 0.6346775421874999 0.5777728265625 0.6391733687500001 0.572620246875 0.6566349406249999 0.5738096671874999 0.673131278125 0.576963303125 0.67726106875 0.5841643890625 0.67866081875 0.6064025546875 0.6750707109375 0.6326425203125 0.6916008
3 0.8455894546874999 0.48257750625 0.8460238296875 0.473912734375 0.8424210421874999 0.4602969296875 0.83798241875 0.45526786250000006 0.8287375546875 0.451387696875 0.8168056281249999 0.45490116875000003 0.8141618312500001 0.440638515625 0.808317634375 0.4278369125 0.796719484375 0.41891639999999997 0.7849878234375 0.41496948125 0.773290003125 0.417278571875 0.7617040609375 0.42544221249999997 0.748189778125 0.44781303125000005 0.7424931546875 0.47711962343750003 0.7436204265625 0.492754009375 0.7489964078125 0.507964375 0.75657995625 0.516104528125 0.7677428046875 0.5186909953125001 0.7905583515625 0.5106270234375 0.8040509984374999 0.49908434843749994 0.8155043578125 0.51089311875 0.8261764296875 0.511717671875 0.8332908359375001 0.5072677703124999 0.841887925 0.49519012343749996 0.8455894546874999 0.48257750625