6 0.6083871765625 0.540864096875 0.6128100125 0.5489424296875 0.612280765625 0.53929539375 0.6083871765625 0.540864096875
6 0.6160818406249999 0.258080790625 0.623340559375 0.25626926875 0.6275330765625 0.2510480484375 0.6322182546875 0.25454361875 0.64079494375 0.2656947421875 0.6480151843749999 0.276820790625 0.656989490625 0.2646880859375 0.6904208296875 0.20803107187499997 0.6725824593749999 0.1162606109375 0.54729894375 0.13807358281249998 0.511980621875 0.20462117812499997 0.49350619531250006 0.2304344171875 0.473485775 0.248294215625 0.47013734375 0.2571990375 0.4407006203125 0.29847643437500004 0.413183846875 0.34636474375000004 0.40288351406249995 0.37503353281249996 0.3932795265625 0.41055108125000006 0.393694609375 0.46215963125000004 0.397435175 0.4608724296875 0.4066729859375 0.4634456 0.4306597375 0.4604213546875 0.4448233140625 0.46585977031250003 0.4694681421875 0.4577926859375 0.4743084859375 0.4803261484375 0.5258820515625 0.457528184375 0.528678246875 0.4491017734375 0.53712833125 0.43715537031249996 0.5285451375 0.392998665625 0.5235802390625001 0.3902685609375 0.517238721875 0.37903021406250004 0.514210753125 0.363452665625 0.518464471875 0.3496929265625 0.522754678125 0.34562576875 0.5363841828125 0.342117778125 0.6083295703125 0.2655962390625 0.6160818406249999 0.258080790625
1 0.6083295703125 0.2655962390625 0.5363841828125 0.342117778125 0.5447487796875 0.33996488125 0.5864511453125 0.307378628125 0.59723775625 0.3023404390625 0.603388925 0.29946736406249996 0.6566812625 0.2901748078125 0.64079494375 0.2656947421875 0.6322182546875 0.25454361875 0.6275330765625 0.2510480484375 0.623340559375 0.25626926875 0.6160818406249999 0.258080790625 0.6083295703125 0.2655962390625
1 0.5642850125 0.4115040234375 0.5640779265625 0.4115442765625 0.5589653359375 0.40886467812499994 0.5544185015624999 0.39964668593749997 0.553863315625 0.3885720125 0.5328892515625 0.3953874125 0.5285451375 0.392998665625 0.53712833125 0.43715537031249996 0.5388497671875 0.4347216734375 0.5642850125 0.4115040234375
3 0.36467718437499996 0.725907709375 0.3811344015625 0.7219071296874999 0.3915415921875 0.7082245578124999 0.3589785 0.7233714421874999 0.36467718437499996 0.725907709375
3 0.32009943750000003 0.7359708265625 0.302733846875 0.733282840625 0.30282897656249996 0.7335208671875 0.3098017078125 0.7425865796875 0.31927444843749997 0.7459558015625001 0.3250677140625 0.7448297046875 0.3382973171875 0.7324335171875 0.32009943750000003 0.7359708265625
5 0.959441265625 0.5019415781250001 0.96134988125 0.49708911718750004 0.95910384375 0.49182202343750003 0.930263940625 0.4440577765625 0.9112696359375001 0.4176018703125 0.8214540031249999 0.318134809375 0.7700658328125 0.3281236578125 0.78069328125 0.3845677703125 0.8245069578124999 0.3820160203125 0.83660878125 0.5724661140625 0.8608696546875001 0.5712128671875 0.9221110265625001 0.55930875 0.9315447156250001 0.540771390625 0.959441265625 0.5019415781250001
3 0.5328892515625 0.3953874125 0.553863315625 0.3885720125 0.55378019375 0.386913915625 0.5577995890625 0.379245028125 0.62377518125 0.357237209375 0.639151275 0.341850728125 0.6589881984375 0.3352397828125 0.702470575 0.3279639953125 0.702501571875 0.32223374374999997 0.6978663390625 0.307892396875 0.6897570359375 0.29468822656250004 0.6797434109375 0.28832067031249997 0.6726347515625 0.28739300624999997 0.603388925 0.29946736406249996 0.5864511453125 0.307378628125 0.5447487796875 0.33996488125 0.522754678125 0.34562576875 0.518464471875 0.3496929265625 0.514210753125 0.363452665625 0.517238721875 0.37903021406250004 0.5235802390625001 0.3902685609375 0.5328892515625 0.3953874125
3 0.1164323796875 0.58738088125 0.1002801375 0.595442578125 0.0978554203125 0.605757940625 0.11449308124999999 0.630579428125 0.189601790625 0.6017059125 0.20758452656249998 0.605593453125 0.21962595937499998 0.6042372406250001 0.2655773859375 0.58134514375 0.26537750312499997 0.5793792375 0.26021880625 0.5612684046874999 0.259240296875 0.5478060484375 0.24899683437500003 0.49791745625 0.2509119265625 0.49372248281250003 0.269022759375 0.48856378749999996 0.27409516875 0.48375509375 0.28879298750000004 0.483176628125 0.289994525 0.47945863749999995 0.29851985000000003 0.4654905078125 0.3368441109375 0.47549352968749997 0.344274778125 0.47395602812500004 0.34137860781249996 0.4658878234375 0.33387005468750003 0.4525812734375 0.3269013203125 0.4445840171875 0.31449112343749996 0.44404310156250004 0.18644502031250001 0.5196295640625 0.1778679640625 0.5286798078125 0.16571991875 0.5497448296874999 0.1164323796875 0.58738088125
5 0.47412683125 0.651031090625 0.4562037375 0.65162006875 0.4407400015625 0.6481706796875 0.437021453125 0.651134146875 0.43207611718749994 0.6462380890625 0.4254301359375 0.6447556156250001 0.42428201718749997 0.6443068875 0.42427905312499997 0.6448544828125 0.4319263734375 0.65811584375 0.4416464609375 0.66544385625 0.45453812187500003 0.6808841953125 0.4615635375 0.6653697421875 0.47412683125 0.651031090625
3 0.21563329375 0.687950221875 0.210792928125 0.703607628125 0.21423849687500002 0.7213335453124999 0.2214546 0.734121821875 0.23204745781249997 0.7399466343750001 0.2602262671875 0.7307900968750001 0.29300469218749997 0.7317768828125 0.32009943750000003 0.7359708265625 0.340357628125 0.732033034375 0.41217693125 0.6986259265625 0.41919731406249994 0.6914798078125 0.424966375 0.6724883375 0.42505175937499995 0.656704025 0.42057686875 0.642858775 0.3906740921875 0.6311716359374999 0.3751119625 0.619840121875 0.3189882375 0.6296263859375 0.28461166875 0.69799370625 0.2729640015625 0.6897170046875 0.2594358203125 0.6660243593749999 0.2455425875 0.6768805390625 0.2205151828125 0.6833221453125 0.21563329375 0.687950221875
0 0.6218691703125 0.6821492390625 0.6249866890625 0.6893896859375 0.6389460375 0.7218103046875 0.630921815625 0.7343906890625 0.6151543859374999 0.746823103125 0.5679839234374999 0.798972584375 0.549871278125 0.813513959375 0.538795384375 0.818416340625 0.5528955 0.8546724843750001 0.5783407296874999 0.878688340625 0.6169823875 0.8831396921874999 0.6461373109374999 0.87117648125 0.6555416125 0.85801555 0.6609221375 0.782046484375 0.67153003125 0.763626053125 0.6678945406250001 0.7578274671874999 0.66703225625 0.7459641359375 0.67558973125 0.7273645703125 0.6842900843749999 0.6999549484375 0.6411710328125 0.7021776984375 0.6351052203124999 0.6709717937499999 0.62600526875 0.6715346578125 0.626619925 0.6746967921875 0.6169858828125 0.6765694609375 0.6218691703125 0.6821492390625
5 0.60586695 0.567931990625 0.62600526875 0.6715346578125 0.6351052203124999 0.6709717937499999 0.613370303125 0.5591553390625 0.6133522796875 0.5588268140625 0.5903351546875 0.5572098875 0.58084659375 0.5582240734374999 0.5816836359375 0.5619275546875 0.586611859375 0.565251684375 0.60586695 0.567931990625
3 0.7705886937499999 0.6955063265625 0.768305478125 0.69875220625 0.768600375 0.6990448921875 0.7757502796875 0.71401180625 0.7787319328125 0.7449340546875 0.7698772968750001 0.7648293484375001 0.759904371875 0.775854953125 0.7751132796875 0.7886495515624999 0.788766425 0.7872072578125 0.8704610484374999 0.7337675671875 0.88620719375 0.7119268937500001 0.8913324015624999 0.6915449171875 0.88943623125 0.67555678125 0.8812323015624999 0.6614005515625 0.8615160859375001 0.6410008265625 0.8533764171874999 0.6365249765625001 0.8407856609375 0.6381989484374999 0.8436659750000001 0.6835273140625 0.786171934375 0.6947030234375 0.7705886937499999 0.6955063265625
5 0.49112215 0.594477975 0.48393007499999996 0.6024292 0.41607729375 0.610157421875 0.40483689062500006 0.60851961875 0.39647651875 0.5992226625 0.3917405390625 0.60014324375 0.3825310859375 0.6117632234375 0.371904403125 0.6132827390625 0.36195058593749996 0.6070260296875001 0.35996541406250004 0.6088112125 0.3906740921875 0.6311716359374999 0.4254301359375 0.6447556156250001 0.4562037375 0.65162006875 0.47412683125 0.651031090625 0.5517599140625 0.5624274328125 0.5609928203125001 0.5617348015625 0.5668919375 0.569404634375 0.5823025265624999 0.6033282421874999 0.5910604609375001 0.6512187234375 0.5992015875 0.656248628125 0.6090490390625 0.6675006031249999 0.6128378125 0.6698821265625 0.616413684375 0.6759156484375 0.6169858828125 0.6765694609375 0.626619925 0.6746967921875 0.60586695 0.567931990625 0.586611859375 0.565251684375 0.5816836359375 0.5619275546875 0.578384571875 0.5473308765625 0.5647220734375 0.54752070625 0.53202303125 0.5330172359375001 0.5231949859375 0.5398071703125 0.506580846875 0.5413453203125 0.4961701140625 0.5196905875 0.50676401875 0.507483465625 0.5148070984374999 0.5053562796875 0.5190792453124999 0.47802862968750004 0.5258820515625 0.457528184375 0.4743084859375 0.4803261484375 0.4861552140625 0.5354767500000001 0.48669667656250004 0.5379974546875 0.49112215 0.594477975
6 0.5148070984374999 0.5053562796875 0.50676401875 0.507483465625 0.4961701140625 0.5196905875 0.506580846875 0.5413453203125 0.5231949859375 0.5398071703125 0.53202303125 0.5330172359375001 0.5647220734375 0.54752070625 0.5928346890625 0.547130103125 0.612280765625 0.53929539375 0.60542046875 0.4142467984375 0.629201684375 0.40962419843750003 0.6020918 0.4110427234375 0.5804487796875 0.4083621046875 0.5642850125 0.4115040234375 0.5388497671875 0.4347216734375 0.528678246875 0.4491017734375 0.5190792453124999 0.47802862968750004 0.5148070984374999 0.5053562796875
0 0.32315992968749996 0.6213298234375 0.29436030468749996 0.6245330671875 0.2766816734375 0.6225644546875 0.27330264375 0.6449783515624999 0.25774375312500003 0.66306095 0.2729640015625 0.6897170046875 0.28461166875 0.69799370625 0.32315992968749996 0.6213298234375
1 0.8193841515625 0.5903872328124999 0.8267353671875 0.6064237171875 0.8256580765624999 0.617218221875 0.7705886937499999 0.6955063265625 0.786171934375 0.6947030234375 0.8436659750000001 0.6835273140625 0.8245069578124999 0.3820160203125 0.78069328125 0.3845677703125 0.7831161984375 0.3974362796875 0.7793796796875 0.40183596875000005 0.7693752140625 0.40469898593750003 0.7344460984375 0.40689678906250004 0.6552590046875 0.41999333437499997 0.6311829890625 0.40952052656250004 0.629201684375 0.40962419843750003 0.60542046875 0.4142467984375 0.613370303125 0.5591553390625 0.6411710328125 0.7021776984375 0.6842900843749999 0.6999549484375 0.6854370921874999 0.6963414109375 0.684021771875 0.675446321875 0.6873802578125 0.6573280828125 0.7431871984375 0.54962664375 0.757127596875 0.534214784375 0.764777384375 0.532727815625 0.775854953125 0.537984125 0.7951197765625 0.5554096234375 0.8193841515625 0.5903872328124999
1 0.3825310859375 0.6117632234375 0.3917405390625 0.60014324375 0.39647651875 0.5992226625 0.40483689062500006 0.60851961875 0.41607729375 0.610157421875 0.48393007499999996 0.6024292 0.49112215 0.594477975 0.48669667656250004 0.5379974546875 0.4694681421875 0.4577926859375 0.4448233140625 0.46585977031250003 0.4306597375 0.4604213546875 0.4066729859375 0.4634456 0.397435175 0.4608724296875 0.368258940625 0.470912534375 0.3546067984375 0.46810521875 0.34585084843749997 0.47362991875000005 0.30227689375 0.482645940625 0.27409516875 0.48375509375 0.269022759375 0.48856378749999996 0.2509119265625 0.49372248281250003 0.24899683437500003 0.49791745625 0.259240296875 0.5478060484375 0.26021880625 0.5612684046874999 0.26537750312499997 0.5793792375 0.2683721765625 0.608832759375 0.2764984046875 0.6225440453125 0.29436030468749996 0.6245330671875 0.340331215625 0.61941994375 0.350329390625 0.617476496875 0.36195058593749996 0.6070260296875001 0.371904403125 0.6132827390625 0.3825310859375 0.6117632234375
3 0.775854953125 0.537984125 0.764777384375 0.532727815625 0.757127596875 0.534214784375 0.7431871984375 0.54962664375 0.6873802578125 0.6573280828125 0.684021771875 0.675446321875 0.6854370921874999 0.6963414109375 0.67558973125 0.7273645703125 0.66703225625 0.7459641359375 0.6679805796875 0.7590111765625001 0.6750630625 0.76821958125 0.687996640625 0.7694103328125 0.720382509375 0.7345353875 0.7384302765624999 0.7320857671875001 0.7501886109375 0.724507628125 0.8256580765624999 0.617218221875 0.8267353671875 0.6064237171875 0.8193841515625 0.5903872328124999 0.7951197765625 0.5554096234375 0.775854953125 0.537984125
3 0.7344460984375 0.40689678906250004 0.7693752140625 0.40469898593750003 0.7793796796875 0.40183596875000005 0.7831161984375 0.3974362796875 0.7689378671875 0.322132846875 0.7661235578125 0.3194656828125 0.7608265249999999 0.3181994546875 0.6589881984375 0.3352397828125 0.639151275 0.341850728125 0.62377518125 0.357237209375 0.5577995890625 0.379245028125 0.55378019375 0.386913915625 0.5544185015624999 0.39964668593749997 0.5589653359375 0.40886467812499994 0.5640779265625 0.4115442765625 0.5804487796875 0.4083621046875 0.6020918 0.4110427234375 0.6311829890625 0.40952052656250004 0.6552590046875 0.41999333437499997 0.7344460984375 0.40689678906250004
6 0.49391304218750004 0.8232890749999999 0.5071574453125 0.826224940625 0.5321130203125 0.82137406875 0.549871278125 0.813513959375 0.5679839234374999 0.798972584375 0.6151543859374999 0.746823103125 0.630921815625 0.7343906890625 0.6389460375 0.7218103046875 0.6218691703125 0.6821492390625 0.5992015875 0.656248628125 0.5910604609375001 0.6512187234375 0.5823025265624999 0.6033282421874999 0.5668919375 0.569404634375 0.5609928203125001 0.5617348015625 0.5517599140625 0.5624274328125 0.4615635375 0.6653697421875 0.4445998953125 0.7028311046875 0.4365744453125 0.7352488671875 0.43753195 0.75434885625 0.443534278125 0.7625496593750001 0.4620436203125 0.7727276 0.465184678125 0.7803825171875001 0.464858903125 0.8013850437500001 0.47476952031249997 0.812683375 0.48760108437499994 0.8134953625 0.49391304218750004 0.8232890749999999