6 0.6027199375000001 0.55999760625 0.5985985609375 0.5607945562500001 0.60139871875 0.569568384375 0.6027199375000001 0.55999760625
6 0.54680516875 0.35597767812500003 0.551792603125 0.35280385625 0.5658410515625001 0.35196094843750003 0.651065596875 0.290573153125 0.6601094515625 0.2846749875 0.6675804624999999 0.2842817765625 0.67269220625 0.2799564546875 0.67662431875 0.2842817765625 0.6829156953125 0.29686453125 0.6878803296875 0.30916385 0.69900478125 0.2989664359375 0.7426325609375 0.2497293703125 0.7426325609375 0.15624127031249999 0.6154887453125 0.1537482546875 0.5681214406249999 0.2123341296875 0.5450610421875 0.2341480203125 0.52200064375 0.2478596078125 0.5170146124999999 0.2559619109375 0.4802426265625 0.29086413437499997 0.44409389375 0.332622153125 0.42851254375 0.3587988203125 0.412307940625 0.3918312828125 0.402868021875 0.442570840625 0.40678547187499997 0.44202102187500003 0.41536257499999996 0.4463095734375 0.43948567499999996 0.44791777968749996 0.45235132812499995 0.45595881406250005 0.47808263437500004 0.4527424 0.47853445937499994 0.475785440625 0.5335105296875 0.46324703906250003 0.5378631859375 0.45550898437500004 0.5484375 0.4453944234375 0.5484375 0.40041125 0.54408475 0.3967839578125 0.540004121875 0.3845420734375 0.540004121875 0.3686729640625 0.54680516875 0.35597767812500003
1 0.67662431875 0.2842817765625 0.67269220625 0.2799564546875 0.6675804624999999 0.2842817765625 0.6601094515625 0.2846749875 0.651065596875 0.290573153125 0.5658410515625001 0.35196094843750003 0.574462759375 0.351443646875 0.621616684375 0.32741328125 0.633166446875 0.324525840625 0.639752809375 0.32287925 0.6938391203125 0.32392608125 0.6829156953125 0.29686453125 0.67662431875 0.2842817765625
1 0.5522460062500001 0.40358500468749997 0.5484375 0.40041125 0.5484375 0.4453944234375 0.5505916796875 0.4433339046875 0.57998974375 0.4253961015625 0.5797787828125001 0.4253961015625 0.575271415625 0.42179020781250004 0.5725669953125 0.4118739984375 0.5741351578125 0.40089686406249997 0.5522460062500001 0.40358500468749997
3 0.324058221875 0.6959363375 0.3409764203125 0.6951494453125 0.353803159375 0.683704046875 0.31894818125 0.692359309375 0.324058221875 0.6959363375
3 0.267008484375 0.7018380359374999 0.27566430625 0.7069528390625 0.281566003125 0.7069528390625 0.2969178453125 0.6973087328124999 0.2783793609375 0.6973087328124999 0.2618457171875 0.691356621875 0.26189368125 0.6916084265625 0.267008484375 0.7018380359374999
5 0.8165971437499999 0.635362690625 0.8406514078124999 0.6387616625 0.903039015625 0.6387616625 0.9158364750000001 0.62236491875 0.9506295640625 0.5895714328125 0.9534290078125001 0.5851723062499999 0.9522292453125001 0.57957341875 0.933033059375 0.5271838234375 0.919435759375 0.4975897015625 0.8502495015625 0.3828125 0.7978995156249999 0.3828125 0.7975616624999999 0.4402473890625 0.84105725625 0.44610256562500006 0.8165971437499999 0.635362690625
3 0.54680516875 0.35597767812500003 0.540004121875 0.3686729640625 0.540004121875 0.3845420734375 0.54408475 0.3967839578125 0.5522460062500001 0.40358500468749997 0.5741351578125 0.40089686406249997 0.5743699421875 0.39925337031249997 0.5797787828125001 0.39249231875 0.6487415078125001 0.3834775828125 0.666770978125 0.371307690625 0.6875048687499999 0.3686032703125 0.7315766375 0.3697579890625 0.7327004484375 0.3641389328125 0.7308868359375 0.34917663125 0.7254459984375 0.33466773125 0.7168313390625001 0.326506475 0.7100302921874999 0.324239459375 0.639752809375 0.32287925 0.621616684375 0.32741328125 0.574462759375 0.351443646875 0.551792603125 0.35280385625 0.54680516875 0.35597767812500003
3 0.3285765234375 0.40967442500000006 0.1884604109375 0.459439803125 0.17831407187499998 0.4666871890625 0.162369825 0.48504723125 0.1068065390625 0.5125872953124999 0.0894128140625 0.5174188843749999 0.08506438281249999 0.5270820656249999 0.0966602 0.554622128125 0.1758982765625 0.5406105171875 0.1928088421875 0.5478579015625 0.20488781718750002 0.5488242203125 0.2543630046875 0.5351206609375 0.25454190625 0.533152734375 0.2529337 0.5143903234375 0.25454190625 0.5009886 0.2540058375 0.45006205625 0.2566861828125 0.4463095734375 0.27544859375 0.44470136718750003 0.2813453515625 0.440948884375 0.29588350625 0.4431855234375 0.29777239375 0.43976510625 0.3088063296875 0.42768031874999995 0.34451779843749997 0.44481217187500005 0.3521053125 0.44472075625 0.3508018390625 0.436248171875 0.3459702484375 0.42175340156249996 0.3406554984375 0.4125733796875 0.3285765234375 0.40967442500000006
5 0.403007153125 0.64222175 0.411150403125 0.65126980625 0.42085905312499994 0.6688863078125 0.4307156890625 0.6549974109375001 0.445784103125 0.643319390625 0.428077925 0.640477659375 0.41355647656250005 0.6341410265625 0.4093407921875 0.6363405140625 0.40542052812499996 0.6305907953125 0.39917952031250004 0.6278674468750001 0.3981381171875 0.627207890625 0.398030721875 0.6277448609375 0.403007153125 0.64222175
3 0.24093558124999997 0.6429108578125 0.23217672031249997 0.6170722140625 0.21646728906249998 0.6250779828125 0.1906705921875 0.626625784375 0.18499531875 0.6302373218749999 0.177256309375 0.644683471875 0.177256309375 0.662741159375 0.1818997140625 0.6766713765625 0.191186525 0.684410384375 0.220594759375 0.6807988468749999 0.2525826640625 0.688021921875 0.2783793609375 0.6973087328124999 0.29901671875 0.6973087328124999 0.37589087499999996 0.678219178125 0.38414581718749996 0.6725439046874999 0.393432628125 0.65500215 0.39652823125 0.6395241328125 0.39477735625 0.625079409375 0.3676539890625 0.6079012765625 0.35453993437500003 0.5938085609375 0.297580053125 0.5927061109375 0.250789978125 0.6532579734375 0.24093558124999997 0.6429108578125
0 0.6 0.6936098515625 0.590959840625 0.692426021875 0.590959840625 0.695647340625 0.58114548125 0.695647340625 0.5848743765625 0.702056378125 0.5865530765625 0.7097586484375 0.59406980625 0.744247178125 0.5837925609375 0.75506533125 0.5659426078124999 0.7642607609375001 0.5096882093749999 0.806451559375 0.48913371874999995 0.8172697140625 0.47732590156250004 0.81996864375 0.4842489609375 0.8582490890625 0.5046442484375 0.8866788859374999 0.5417265921875 0.8984216281249999 0.5726285453125 0.8922412375000001 0.5843712875 0.881116534375 0.6041485375 0.8075698875 0.61807631875 0.7915119734375 0.6156140453125001 0.7851262390625 0.6170312328125 0.7733163390625 0.6289804484375 0.75669134375 0.642750953125 0.73144541875 0.6 0.725399828125 0.6 0.6936098515625
5 0.5777592828125 0.573395540625 0.5682515375 0.572580590625 0.5683665421875 0.57637574375 0.5725699468750001 0.5805791484375 0.590959840625 0.5868842546875 0.590959840625 0.692426021875 0.6 0.6936098515625 0.6 0.5797005625 0.60004499375 0.5793746343749999 0.5777592828125 0.573395540625
3 0.820833703125 0.7014440265624999 0.8081548656249999 0.7006848140625 0.8023332 0.745729959375 0.7437630625 0.745729959375 0.7283128515625 0.74354508125 0.7254522421875 0.7462956671875001 0.7256858734375 0.7466392453124999 0.7298485921875 0.762695440625 0.7268752218750001 0.7936184859375001 0.71438706875 0.811458703125 0.7024935906249999 0.8203788125000001 0.71498174375 0.835840334375 0.72865924375 0.8370296828124999 0.8190496812499999 0.8001598984375 0.838673921875 0.7817250062500001 0.8475940296875001 0.762695440625 0.848783378125 0.7466392453124999 0.8434313124999999 0.731177721875 0.827969790625 0.707390765625 0.820833703125 0.7014440265624999
5 0.5335105296875 0.46324703906250003 0.47853445937499994 0.475785440625 0.4796402984375 0.5321832328125 0.479690840625 0.534760940625 0.4732580140625 0.591048175 0.4646809125 0.5974810015625 0.3966001625 0.5921203125 0.3858787859375 0.5883678296875 0.37944595937500003 0.5776464515625 0.3746213390625 0.5776464515625 0.3633638921875 0.5872956921875 0.35264251406249997 0.5867596234375 0.3440654125 0.5787185906250001 0.3417760859375 0.5800921859375 0.3676539890625 0.6079012765625 0.39917952031250004 0.6278674468750001 0.428077925 0.640477659375 0.445784103125 0.643319390625 0.5388972234375 0.571156721875 0.5480926546875 0.5722385375 0.552419915625 0.580893059375 0.5610744390625 0.6171338734375 0.56053353125 0.6658155640625 0.56756533125 0.6723064562500001 0.5750848796875 0.6852306828125 0.5783496265625 0.6882913828125 0.5807085484375001 0.6948963609375001 0.58114548125 0.695647340625 0.590959840625 0.695647340625 0.590959840625 0.5868842546875 0.5725699468750001 0.5805791484375 0.5683665421875 0.57637574375 0.5679132703125 0.56141775625 0.55446556875 0.5589971703125001 0.5251346921875 0.5385208984375 0.5151732625000001 0.5435016125 0.49857087968749997 0.541841375 0.4924833390625 0.5185980390625 0.5052118328125 0.508636609375 0.5135130234374999 0.508083196875 0.522921040625 0.482072796875 0.5335105296875 0.46324703906250003
6 0.57998974375 0.4253961015625 0.5505916796875 0.4433339046875 0.5378631859375 0.45550898437500004 0.522921040625 0.482072796875 0.5135130234374999 0.508083196875 0.5052118328125 0.508636609375 0.4924833390625 0.5185980390625 0.49857087968749997 0.541841375 0.5151732625000001 0.5435016125 0.5251346921875 0.5385208984375 0.55446556875 0.5589971703125001 0.5821362062500001 0.5639778843750001 0.6027199375000001 0.55999760625 0.6198460796874999 0.4359375 0.6440724015625 0.4359375 0.617189934375 0.432157153125 0.59645604375 0.4253961015625 0.57998974375 0.4253961015625
0 0.24980453906250003 0.599058796875 0.23108118593750002 0.613840390625 0.24093558124999997 0.6429108578125 0.250789978125 0.6532579734375 0.3032581578125 0.5853579765625 0.27437645625 0.583007140625 0.257398259375 0.5777014546875 0.24980453906250003 0.599058796875
1 0.7458749499999999 0.5826484203125 0.753667915625 0.5826484203125 0.7635390078125 0.5899218562499999 0.779124940625 0.6107031 0.7962694671875 0.649667934375 0.8004257156250001 0.6668124609375 0.7973085296875 0.6772030828125 0.7283128515625 0.74354508125 0.7437630625 0.745729959375 0.8023332 0.745729959375 0.84105725625 0.44610256562500006 0.7975616624999999 0.4402473890625 0.7974846375 0.45334178124999996 0.79297726875 0.456947675 0.7826103234375 0.4578491484375 0.74790359375 0.45334178124999996 0.6676724515625 0.45108809687500007 0.6460370859375 0.436213784375 0.6440724015625 0.4359375 0.6198460796874999 0.4359375 0.6 0.5797005625 0.6 0.725399828125 0.642750953125 0.73144541875 0.6445663828125 0.72811713125 0.6471640375 0.7073358875 0.6539179421875 0.6901913609375 0.7292499546875 0.5951171671875 0.7458749499999999 0.5826484203125
1 0.32047838125 0.5867596234375 0.3306636890625 0.5867596234375 0.3440654125 0.5787185906250001 0.35264251406249997 0.5867596234375 0.3633638921875 0.5872956921875 0.3746213390625 0.5776464515625 0.37944595937500003 0.5776464515625 0.3858787859375 0.5883678296875 0.3966001625 0.5921203125 0.4646809125 0.5974810015625 0.4732580140625 0.591048175 0.479690840625 0.534760940625 0.47808263437500004 0.4527424 0.45235132812499995 0.45595881406250005 0.43948567499999996 0.44791777968749996 0.41536257499999996 0.4463095734375 0.40678547187499997 0.44202102187500003 0.3762295453125 0.4463095734375 0.3633638921875 0.440948884375 0.3537146515625 0.44470136718750003 0.309220934375 0.4452374359375 0.2813453515625 0.440948884375 0.27544859375 0.44470136718750003 0.2566861828125 0.4463095734375 0.2540058375 0.45006205625 0.25454190625 0.5009886 0.2529337 0.5143903234375 0.25454190625 0.533152734375 0.25186156249999997 0.5626365234375 0.2572222515625 0.5776464515625 0.27437645625 0.583007140625 0.32047838125 0.5867596234375
3 0.7973085296875 0.6772030828125 0.8004257156250001 0.6668124609375 0.7962694671875 0.649667934375 0.779124940625 0.6107031 0.7635390078125 0.5899218562499999 0.753667915625 0.5826484203125 0.7458749499999999 0.5826484203125 0.7292499546875 0.5951171671875 0.6539179421875 0.6901913609375 0.6471640375 0.7073358875 0.6445663828125 0.72811713125 0.6289804484375 0.75669134375 0.6170312328125 0.7733163390625 0.615472640625 0.7863046171875 0.6206679515625 0.7966952390625 0.6331366984375 0.80033195625 0.671582 0.7722772765625 0.6897655890625 0.7733163390625 0.7027538671875 0.768121028125 0.7973085296875 0.6772030828125
3 0.59645604375 0.4253961015625 0.617189934375 0.432157153125 0.6460370859375 0.436213784375 0.6676724515625 0.45108809687500007 0.74790359375 0.45334178124999996 0.7826103234375 0.4578491484375 0.79297726875 0.456947675 0.7974846375 0.45334178124999996 0.7979353734375 0.37671653125 0.795681690625 0.37356137500000003 0.7907235859374999 0.371307690625 0.6875048687499999 0.3686032703125 0.666770978125 0.371307690625 0.6487415078125001 0.3834775828125 0.5797787828125001 0.39249231875 0.5743699421875 0.39925337031249997 0.5725669953125 0.4118739984375 0.575271415625 0.42179020781250004 0.5797787828125001 0.4253961015625 0.59645604375 0.4253961015625
6 0.41232482812500004 0.7685880234375 0.4079975671875 0.7891425140624999 0.415570275 0.8021242984375 0.4280111515625 0.8053697453125 0.43233841249999994 0.8161878984375001 0.4447792890625 0.821596975 0.47020195 0.821596975 0.48913371874999995 0.8172697140625 0.5096882093749999 0.806451559375 0.5659426078124999 0.7642607609375001 0.5837925609375 0.75506533125 0.59406980625 0.744247178125 0.5848743765625 0.702056378125 0.56756533125 0.6723064562500001 0.56053353125 0.6658155640625 0.5610744390625 0.6171338734375 0.552419915625 0.580893059375 0.5480926546875 0.5722385375 0.5388972234375 0.571156721875 0.4307156890625 0.6549974109375001 0.40691575156250004 0.6885336875 0.3928521515625 0.7188245171875 0.3901476140625 0.7377562859375 0.394474875 0.7469517156250001 0.41070210625000003 0.7604744078125 0.41232482812500004 0.7685880234375