6 0.5996445546875 0.5590645140625 0.6025974109375001 0.5677881375 0.6037513953125 0.5581957578125001 0.5996445546875 0.5590645140625
6 0.6563271265624999 0.2819134875 0.6637901375 0.2813899484375 0.668825615625 0.2769760734375 0.672832615625 0.2812321125 0.679342634375 0.29370314999999997 0.6845211640625 0.3059139515625 0.695465953125 0.2955239421875 0.7382277828125 0.245532965625 0.7365961890625 0.1520591046875 0.6094282296875 0.151785434375 0.563090603125 0.21118905937500002 0.540414421875 0.23340208750000002 0.5175968359375 0.2475140453125 0.51275296875 0.2557021328125 0.4765957109375 0.2912408 0.44118126249999995 0.3336233421875 0.42605913125 0.36006795468749997 0.4104334921875 0.3933781953125 0.40188053906250004 0.4442747734375 0.405787796875 0.4436566703125 0.41443843906250005 0.447794878125 0.43858593125 0.4489818328125 0.45158996093750003 0.45679710625 0.4772612140625 0.4531321078125 0.4781151265625 0.4761637546875 0.5328639984375 0.46266779687500004 0.53708094375 0.45485495625 0.5474771234375 0.4445573890625 0.546692059375 0.3995810671875 0.5422766671875 0.39603029375 0.5379830109375 0.383861490625 0.53770605625 0.36799479687500003 0.5442845046875 0.35518275 0.5492157875 0.35192236875 0.5632473859375 0.3508344109375 0.6473875859375 0.28796859218750004 0.6563271265624999 0.2819134875
1 0.6473875859375 0.28796859218750004 0.5632473859375 0.3508344109375 0.571858753125 0.35016671875 0.6185861078125 0.32531706250000003 0.63008371875 0.32222849062500003 0.636640340625 0.320467203125 0.690736684375 0.3205699390625 0.679342634375 0.29370314999999997 0.672832615625 0.2812321125 0.668825615625 0.2769760734375 0.6637901375 0.2813899484375 0.6563271265624999 0.2819134875 0.6473875859375 0.28796859218750004
1 0.57867554375 0.42401144999999996 0.5784646140625 0.42401513281250003 0.5738950015625 0.42048845156250003 0.5710179328125 0.4106209515625 0.572394278125 0.3996181203125 0.550555375 0.4026878703125 0.546692059375 0.3995810671875 0.5474771234375 0.4445573890625 0.5495950140625 0.44245958906249994 0.57867554375 0.42401144999999996
3 0.3275045796875 0.698977103125 0.3444064671875 0.6978950671875 0.357031503125 0.6862275546875 0.3223328890625 0.6954898015625 0.3275045796875 0.698977103125
3 0.2818566265625 0.7011464953125001 0.2652216234375 0.6954838421875 0.2652739734375 0.695734771875 0.2705665296875 0.7058735578124999 0.2793102984375 0.7108365171875 0.285211096875 0.71073351875 0.3003922875 0.7008229546875 0.2818566265625 0.7011464953125001
5 0.9521241687499999 0.5816932203125 0.9548464093750001 0.57724590625 0.953549115625 0.5716688109375 0.9334415296874999 0.5196222140625 0.9193298125 0.4902699046875 0.848150953125 0.37671765156250003 0.795808940625 0.377631284375 0.796473515625 0.43506332187499996 0.840064671875 0.44015850468749995 0.8189113296875 0.6298166921874999 0.8430212499999999 0.6327953421875 0.90539935625 0.6317065281249999 0.9179087031250001 0.615088934375 0.9521241687499999 0.5816932203125
3 0.550555375 0.4026878703125 0.572394278125 0.3996181203125 0.57260034375 0.3979707796875 0.5778903640624999 0.3911163609375 0.6466852578125 0.3808994328125 0.6644995875 0.3684167359375 0.685183121875 0.365350871875 0.72926833125 0.36573625625 0.7302939046875 0.3600984421875 0.728219440625 0.34517007187500004 0.7225262156250001 0.3307583375 0.713770434375 0.3227486703125 0.706930859375 0.3206006953125 0.636640340625 0.320467203125 0.6185861078125 0.32531706250000003 0.571858753125 0.35016671875 0.5492157875 0.35192236875 0.5442845046875 0.35518275 0.53770605625 0.36799479687500003 0.5379830109375 0.383861490625 0.5422766671875 0.39603029375 0.550555375 0.4026878703125
3 0.107086103125 0.51944755 0.08977935000000001 0.524581965625 0.0856002265625 0.5343195656249999 0.09767491874999999 0.561653059375 0.176656390625 0.5462606875 0.1936908640625 0.5532118374999999 0.20578486406250002 0.5539672015625 0.25501335625 0.53940226875 0.2551578859375 0.53743151875 0.253222475 0.5187000328125 0.25459654375 0.5052722843749999 0.253171765625 0.45436285156249995 0.2557862140625 0.4505641625 0.2745177 0.44862875156250004 0.2803480703125 0.44477392812499994 0.2949230453125 0.44675649999999995 0.29675195 0.44330363906250003 0.307573296875 0.4310281234375 0.34357831875 0.447534115625 0.35116308125 0.44731029375000003 0.349711940625 0.4388617484375 0.34462811718749997 0.424453509375 0.3391539625 0.415367640625 0.3270262328125 0.412679934375 0.1877999875 0.46488309687499996 0.177781678125 0.47230645625 0.1621602859375 0.4909419671875 0.107086103125 0.51944755
5 0.44829362812499995 0.6442437609375 0.4305405515625 0.6417114765624999 0.4159107265625 0.63562924375 0.4117340703125 0.6379019703125001 0.40771405625 0.6322215453125 0.4014264703125 0.6296075328125 0.40037371562499996 0.6289662515625001 0.4002757078125 0.6295050140625 0.40550403749999997 0.643892846875 0.4138039578125 0.65279740625 0.42381857968750003 0.6702417859375001 0.43343131875 0.6561829828125 0.44829362812499995 0.6442437609375
3 0.18731625000000002 0.6357150765624999 0.1798305390625 0.650294090625 0.1801456890625 0.6683490265625001 0.185031503125 0.682196084375 0.1944519640625 0.6897718359375 0.2237926890625 0.6856476046875 0.25590178125 0.6923113125 0.2818566265625 0.7011464953125001 0.3024908421875 0.7007863234375 0.37902013125 0.6803580375 0.38717476875 0.674539559375 0.39615401875 0.6568384 0.398979021875 0.6413087140625 0.39697631875 0.626896746875 0.3695572828125 0.6101945984375 0.3561992734375 0.5963329015625 0.299228828125 0.59622470625 0.2535026546875 0.657583946875 0.24346917656249997 0.6474103890625 0.234260703125 0.62172854375 0.218693384375 0.6300072609375 0.1929276296875 0.632005040625 0.18731625000000002 0.6357150765624999
0 0.5883878203124999 0.7005443421875001 0.5902006875 0.7082161421875 0.5983181796875 0.742568234375 0.5882313031249999 0.7535641015625 0.5705445499999999 0.76306965625 0.5150350515625 0.806235803125 0.49467249375 0.817411034375 0.48291357812499996 0.8203156281249999 0.49050366875 0.85846941875 0.51139201875 0.8865389390624999 0.548673653125 0.8976327171875 0.5794630374999999 0.8909139546875 0.5910098374999999 0.8795860062499999 0.609500509375 0.8057054000000001 0.6231459203124999 0.789406859375 0.620572575 0.7830650703125001 0.6217834359375 0.771232234375 0.6334406859375 0.7544012296875 0.646768490625 0.7289188203125 0.6039185390624999 0.7236202578125 0.6033637265625 0.6918351234375 0.5943042843749999 0.690809246875 0.5943605046875 0.6940300749999999 0.5845476390625 0.6942013593749999 0.5883878203124999 0.7005443421875001
5 0.5924623265625 0.585283553125 0.5943042843749999 0.690809246875 0.6033637265625 0.6918351234375 0.6013757359375 0.5779431828125 0.601415034375 0.57761651875 0.57902836875 0.5720272750000001 0.5695078484375 0.5713783828125 0.5696890703124999 0.57517095 0.57396519375 0.57930035625 0.5924623265625 0.585283553125
3 0.7325285265625 0.7395233796875 0.72971635625 0.7423234703125 0.7299559484375 0.74266291875 0.734398253125 0.7586440203125 0.7319650171875 0.7896142484374999 0.7197901203125 0.8076696968749999 0.70805413125 0.8167960171875001 0.7208102234375 0.8320372359375 0.734506396875 0.832987696875 0.8242396015625 0.7945459984375 0.8435391187500001 0.7757714234375 0.8521257578125001 0.756589078125 0.8530347046875001 0.740514571875 0.8474136140624999 0.725148809375 0.8315393078125 0.7016353171875 0.8243005218749999 0.695814025 0.8116103656250001 0.6952762046875 0.8065757328125001 0.7404160921875 0.748014515625 0.74143828125 0.7325285265625 0.7395233796875
5 0.474851096875 0.5915010203125 0.4663875703125 0.5980825578125 0.39822363125 0.5939108578125001 0.3874383984375 0.5903460609375 0.38081943749999997 0.579738584375 0.37599555156250003 0.579822784375 0.364908221875 0.589667025 0.354179121875 0.5893181515625 0.345462990625 0.5814280359375 0.3431979859375 0.582841375 0.3695572828125 0.6101945984375 0.4014264703125 0.6296075328125 0.4305405515625 0.6417114765624999 0.44829362812499995 0.6442437609375 0.5401331546875 0.570467034375 0.549346065625 0.5713882031249999 0.5538237109375 0.5799658859375 0.5631094046875 0.6160501375 0.5634181921875 0.664733853125 0.570562203125 0.6711010359375 0.578306165625 0.683892059375 0.5816238312500001 0.686895315625 0.5840976671875 0.69345811875 0.5845476390625 0.6942013593749999 0.5943605046875 0.6940300749999999 0.5924623265625 0.585283553125 0.57396519375 0.57930035625 0.5696890703124999 0.57517095 0.5689748140625001 0.5602231515625 0.555486915625 0.5580376296875 0.525803146875 0.5380763703125 0.5159301593750001 0.5432301765625 0.49930132968749996 0.54185994375 0.4928090640625 0.518726390625 0.50536176875 0.508544334375 0.5136520359375 0.50784613125 0.5226046765625 0.4816755 0.5328639984375 0.46266779687500004 0.4781151265625 0.4761637546875 0.4802050734375 0.53253365625 0.4803005953125 0.535110090625 0.474851096875 0.5915010203125
6 0.5136520359375 0.50784613125 0.50536176875 0.508544334375 0.4928090640625 0.518726390625 0.49930132968749996 0.54185994375 0.5159301593750001 0.5432301765625 0.525803146875 0.5380763703125 0.555486915625 0.5580376296875 0.5832402640625001 0.562534665625 0.6037513953125 0.5581957578125001 0.61870978125 0.4338556546875 0.6429324140625 0.433432846875 0.6159880640625001 0.4301222390625 0.5951393359375 0.42372407343749996 0.57867554375 0.42401144999999996 0.5495950140625 0.44245958906249994 0.53708094375 0.45485495625 0.5226046765625 0.4816755 0.5136520359375 0.50784613125
0 0.304777825 0.5887785953125 0.27585949374999996 0.586932171875 0.2587912859375 0.5819236046875 0.251571459375 0.603410221875 0.2331089328125 0.6185163328125001 0.24346917656249997 0.6474103890625 0.2535026546875 0.657583946875 0.304777825 0.5887785953125
1 0.798836409375 0.6444745234375 0.8032912375000001 0.661543903125 0.80035586875 0.6719873453125 0.7325285265625 0.7395233796875 0.748014515625 0.74143828125 0.8065757328125001 0.7404160921875 0.840064671875 0.44015850468749995 0.796473515625 0.43506332187499996 0.79662503125 0.4481570640625 0.7921812796875 0.4518410734375 0.781831646875 0.45292333749999997 0.7470515390625 0.4490223734375 0.666793284375 0.448169259375 0.6449016203125 0.4336748 0.6429324140625 0.433432846875 0.61870978125 0.4338556546875 0.6013757359375 0.5779431828125 0.6039185390624999 0.7236202578125 0.646768490625 0.7289188203125 0.6485255578125 0.72555935625 0.650760134375 0.7047359421875 0.657213796875 0.6874761546875 0.7308750625 0.5911017171874999 0.747279915625 0.5783447234375 0.7550716953125 0.5782087171875 0.765068221875 0.5853087703125001 0.7810144640625001 0.6058148375 0.798836409375 0.6444745234375
1 0.364908221875 0.589667025 0.37599555156250003 0.579822784375 0.38081943749999997 0.579738584375 0.3874383984375 0.5903460609375 0.39822363125 0.5939108578125001 0.4663875703125 0.5980825578125 0.474851096875 0.5915010203125 0.4803005953125 0.535110090625 0.4772612140625 0.4531321078125 0.45158996093750003 0.45679710625 0.43858593125 0.4489818328125 0.41443843906250005 0.447794878125 0.405787796875 0.4436566703125 0.37531136875 0.44847784375 0.36235411875 0.44334250781250006 0.3527718375 0.4472628203125 0.30829425312500003 0.4485753296875 0.2803480703125 0.44477392812499994 0.2745177 0.44862875156250004 0.2557862140625 0.4505641625 0.253171765625 0.45436285156249995 0.25459654375 0.5052722843749999 0.253222475 0.5187000328125 0.2551578859375 0.53743151875 0.2529925125 0.566957596875 0.2586143453125 0.58187168125 0.27585949374999996 0.586932171875 0.3220198875 0.58987949375 0.33220364375 0.5897017359375 0.345462990625 0.5814280359375 0.354179121875 0.5893181515625 0.364908221875 0.589667025
3 0.765068221875 0.5853087703125001 0.7550716953125 0.5782087171875 0.747279915625 0.5783447234375 0.7308750625 0.5911017171874999 0.657213796875 0.6874761546875 0.650760134375 0.7047359421875 0.6485255578125 0.72555935625 0.6334406859375 0.7544012296875 0.6217834359375 0.771232234375 0.6204517578125001 0.7842457359375 0.62582761875 0.7945441046874999 0.6383579359375 0.7979626578125 0.6763077609375 0.7692412890625 0.6945067140625001 0.7699628453125 0.70740234375 0.7645416484374999 0.80035586875 0.6719873453125 0.8032912375000001 0.661543903125 0.798836409375 0.6444745234375 0.7810144640625001 0.6058148375 0.765068221875 0.5853087703125001
3 0.7470515390625 0.4490223734375 0.781831646875 0.45292333749999997 0.7921812796875 0.4518410734375 0.79662503125 0.4481570640625 0.795738403125 0.37153561874999996 0.7934299984375001 0.36842027499999996 0.7884333171875 0.366253465625 0.685183121875 0.365350871875 0.6644995875 0.3684167359375 0.6466852578125 0.3808994328125 0.5778903640624999 0.3911163609375 0.57260034375 0.3979707796875 0.5710179328125 0.4106209515625 0.5738950015625 0.42048845156250003 0.5784646140625 0.42401513281250003 0.5951393359375 0.42372407343749996 0.6159880640625001 0.4301222390625 0.6449016203125 0.4336748 0.666793284375 0.448169259375 0.7470515390625 0.4490223734375
6 0.43786695781249996 0.8173205984375 0.450400340625 0.8225117281250001 0.4758191296875 0.8220680421875001 0.49467249375 0.817411034375 0.5150350515625 0.806235803125 0.5705445499999999 0.76306965625 0.5882313031249999 0.7535641015625 0.5983181796875 0.742568234375 0.5883878203124999 0.7005443421875001 0.570562203125 0.6711010359375 0.5634181921875 0.664733853125 0.5631094046875 0.6160501375 0.5538237109375 0.5799658859375 0.549346065625 0.5713882031249999 0.5401331546875 0.570467034375 0.43343131875 0.6561829828125 0.41022029531250004 0.6901295171874999 0.396687484375 0.7206611765625001 0.39431376406249996 0.7396372625 0.39880084843749997 0.7487557703125 0.4152616125 0.7619932 0.4170256890625 0.770077259375 0.41305781250000007 0.790704140625 0.4208559296875 0.8035517859375 0.43335155312499996 0.8065796140625 0.43786695781249996 0.8173205984375