1 0.544843590625 0.681340346875 0.52183500625 0.6845176656249999 0.5257992234375 0.69251381875 0.5331123171875001 0.6959965875 0.5554557124999999 0.6969276015625 0.5627995921875 0.6913379953125001 0.572388475 0.6925603703125 0.5761933890625001 0.6889294171875 0.575098171875 0.68016279375 0.5519500671875 0.69131594375 0.544843590625 0.681340346875
3 0.483937484375 0.654432309375 0.44118319531249994 0.7455594703124999 0.42825053906250005 0.7688720265625 0.40691871874999996 0.7912558328125 0.4027569296875 0.7943925796875 0.3953621015625 0.79226690625 0.3848030859375 0.779327515625 0.3846912671875 0.7792435421875 0.3822422984375 0.782162109375 0.4040506890625 0.8110501843750001 0.41904208125000003 0.8271969765625 0.43091132187500003 0.835372690625 0.4508299578125 0.8302353531250001 0.4591858765625 0.84259808125 0.4716387078125 0.846358146875 0.48123423593750003 0.8285452328125 0.48863983125 0.82450264375 0.5000160203124999 0.81041358125 0.5142078390625 0.7786198125 0.530306634375 0.7519937078125001 0.5317386671875 0.72956050625 0.52042901875 0.7111517843749999 0.51962311875 0.6908541953125 0.5115710265625 0.6787396203125 0.5002941390625 0.670900353125 0.483937484375 0.654432309375
1 0.8090331468749999 0.5641625453125 0.8101684562499999 0.5434016671874999 0.69886605 0.4314116859375 0.6971517281249999 0.4310151234375 0.760682021875 0.5889082390625 0.790821521875 0.5962831921875 0.8090331468749999 0.5641625453125
3 0.359991240625 0.4792471421875 0.369954203125 0.4696503390625 0.3733199265625 0.46063072031249996 0.373938603125 0.443957246875 0.37090296875 0.433004771875 0.3645687125 0.42234088906249995 0.3538070734375 0.413310803125 0.343586546875 0.41046562968750006 0.33218566875 0.41312501093750004 0.3244441546875 0.41961907812500004 0.3195734171875 0.4304323046875 0.3171095453125 0.44976011250000003 0.3195008953125 0.4628463734375 0.32673195625 0.4742627640625 0.3346228140625 0.4789736890625 0.3485542890625 0.48149419687500006 0.359991240625 0.4792471421875
6 0.360527603125 0.7553885578124999 0.37008277968750003 0.7251626359375 0.3554375625 0.722562234375 0.3441630875 0.714121659375 0.3394856578125 0.6923497843749999 0.3287822046875 0.6777594484375 0.31549905312500004 0.67171271875 0.3133939078125 0.6691673359375 0.30573130625 0.6599023046875 0.2900488046875 0.67616206875 0.2897375875 0.68454943125 0.2939829796875 0.6972407125 0.37007755468750003 0.7846347875 0.38002053125 0.78480990625 0.3846912671875 0.7792435421875 0.3616556734375 0.76194419375 0.360527603125 0.7553885578124999
5 0.5829306937500001 0.44022689687499994 0.582569590625 0.4344159171875 0.5761103249999999 0.437775453125 0.5716208515625001 0.44241985 0.57639811875 0.4425715015625 0.5829306937500001 0.44022689687499994
3 0.3995376828125 0.3825466796875 0.3910135203125 0.3931557546875 0.382953228125 0.4090668703125 0.3784208484375 0.423025446875 0.3759123734375 0.44132763906249994 0.380648121875 0.4766678 0.38913623125 0.49852859687500006 0.398684821875 0.5137210750000001 0.4093998703125 0.5254066703125 0.42614530625 0.493665296875 0.4306481640625 0.48619642656249995 0.4370876984375 0.425834471875 0.47355830781249997 0.43110236718749995 0.4731346703125 0.4304300625 0.4644111390625 0.4054932 0.46212173749999996 0.384666165625 0.4632478 0.3736573015625 0.46110259062500003 0.372228796875 0.44710832968750003 0.3672885703125 0.42338170625 0.36854243750000004 0.4102795 0.37379844375000004 0.3995376828125 0.3825466796875
3 0.5716208515625001 0.44241985 0.5658488187499999 0.448391065625 0.6338446265625 0.4659707375 0.731287284375 0.496718075 0.7337152812500001 0.510219846875 0.7240546671875 0.579945746875 0.80705935 0.600256490625 0.8152416640625001 0.45063020312499996 0.770695371875 0.44802744062500005 0.6947021999999999 0.4304484921875 0.6132552171875 0.41807400625 0.6029047750000001 0.42134320937499997 0.58728368125 0.43866456718749997 0.57639811875 0.4425715015625 0.5716208515625001 0.44241985
6 0.42614530625 0.493665296875 0.398469728125 0.5461250140625 0.40956976093749997 0.5553497578125 0.4222546859375 0.5648739953125 0.4306481640625 0.48619642656249995 0.42614530625 0.493665296875
3 0.6024095625 0.41257813906249996 0.6062528421875 0.3977564 0.606061759375 0.3795494296875 0.597541084375 0.3569311890625 0.5895303796875 0.3454829109375 0.581421084375 0.3382487234375 0.5703497125 0.334544603125 0.5452566640625001 0.3147780796875 0.5228530484375 0.30972903125 0.5089413109375001 0.31094615000000003 0.49484984374999996 0.3154499125 0.482595828125 0.3249329328125 0.4698431921875 0.34473960625 0.4643884375 0.3625059734375 0.46212173749999996 0.384666165625 0.4644111390625 0.4054932 0.4731346703125 0.4304300625 0.47355830781249997 0.43110236718749995 0.531158978125 0.43942233750000004 0.5658488187499999 0.448391065625 0.5761103249999999 0.437775453125 0.5890714890625001 0.4310342078125 0.596346246875 0.4233886390625 0.6024095625 0.41257813906249996
5 0.3441630875 0.714121659375 0.3554375625 0.722562234375 0.37008277968750003 0.7251626359375 0.360527603125 0.7553885578124999 0.3616556734375 0.76194419375 0.3848030859375 0.779327515625 0.3953621015625 0.79226690625 0.4027569296875 0.7943925796875 0.40691871874999996 0.7912558328125 0.42825053906250005 0.7688720265625 0.44118319531249994 0.7455594703124999 0.483937484375 0.654432309375 0.4729507078125 0.6433707156249999 0.451236709375 0.6303095046875 0.44194957968750004 0.6167844578125 0.4373950515625 0.6003518703124999 0.4242104515625 0.5921547875 0.42030540937499994 0.5831458453125 0.4222546859375 0.5648739953125 0.40956976093749997 0.5553497578125 0.282792225 0.4499906046875 0.2332638640625 0.45432377500000004 0.1906546046875 0.5567574765625001 0.1911360671875 0.5622606265625001 0.2179705421875 0.5837575921875 0.24073951718750003 0.609491934375 0.269582665625 0.6285950546875 0.30309650625 0.65671650625 0.31549905312500004 0.67171271875 0.3287822046875 0.6777594484375 0.3394856578125 0.6923497843749999 0.3441630875 0.714121659375
5 0.5962137578125 0.6699889437500001 0.6256918515625001 0.6649164546875 0.637097940625 0.6670354125 0.641915515625 0.67222428125 0.6455575109375 0.6924769390625001 0.6557338968749999 0.70904105 0.6897897921875 0.7135420156250001 0.7033922390625 0.6980143890625 0.7098108109375 0.6787516625000001 0.7233986781249999 0.58468038125 0.7337152812500001 0.510219846875 0.731287284375 0.496718075 0.6338446265625 0.4659707375 0.531158978125 0.43942233750000004 0.4370876984375 0.425834471875 0.42030540937499994 0.5831458453125 0.4242104515625 0.5921547875 0.4373950515625 0.6003518703124999 0.44194957968750004 0.6167844578125 0.451236709375 0.6303095046875 0.4729507078125 0.6433707156249999 0.5002941390625 0.670900353125 0.5202063484375 0.684742571875 0.544843590625 0.681340346875 0.5519500671875 0.69131594375 0.5962137578125 0.6699889437500001