1 0.5553302734375001 0.698136690625 0.5594371671875 0.6948511749999999 0.559110178125 0.68602245625 0.5350780984375 0.695115675 0.5288680953125 0.68455866875 0.50567014375 0.6857185671875 0.5089223640625 0.6940297953125001 0.5159040859374999 0.698136690625 0.5380813156250001 0.7010115171875 0.545884415625 0.6960832421875 0.5553302734375001 0.698136690625
3 0.5019481890625 0.71212879375 0.5029144078125001 0.6918382046875 0.4959488109375 0.67906794375 0.485398071875 0.6702756609375 0.47053894375 0.6524447078125 0.42000509218750004 0.7394988203125 0.40508982656250003 0.761595509375 0.381888303125 0.7820349484375 0.377468965625 0.784797034375 0.370287540625 0.7820349484375 0.3608964484375 0.7682245171875 0.3607923734375 0.7681311171874999 0.358098353125 0.7708251374999999 0.37730599531250003 0.8015040109375 0.39083305468749996 0.8188959453125 0.40194456875 0.828075021875 0.4222351578125 0.82469325625 0.42948179687500004 0.8377372062499999 0.4415595296875 0.8425682999999999 0.45267104218750004 0.8256594749999999 0.46040079062499994 0.822277709375 0.47296163281250003 0.8092337593750001 0.4898704578125 0.778797875 0.5082286093749999 0.7536761921874999 0.511610375 0.731453165625 0.5019481890625 0.71212879375
1 0.7040871703125 0.449005003125 0.702413934375 0.44846053750000003 0.751941184375 0.6112898515625 0.7813232250000001 0.6212635718749999 0.8022650484374999 0.5908524015625 0.8052054671875 0.5702694734375 0.7040871703125 0.449005003125
3 0.3234259015625 0.4472562203125 0.32963444062499997 0.459259396875 0.3370846875 0.4646401296875 0.3507434734375 0.468365253125 0.362332746875 0.4671235453125 0.3730942140625 0.45843159062499994 0.37723324062499997 0.4497396359375 0.379302753125 0.43318353125 0.37723324062499997 0.4220081609375 0.37185250625 0.41083279062500005 0.36191884375 0.400899128125 0.35198518125 0.39717400468749997 0.3403959078125 0.3988296140625 0.33211785625 0.4046242515625 0.32632321875 0.4149718171875 0.32218419374999996 0.4340113375 0.3234259015625 0.4472562203125
6 0.3457643921875 0.7722281796875 0.35565427031249996 0.77326921875 0.3607923734375 0.7681311171874999 0.33935217500000003 0.7488899140624999 0.3387997578125 0.7422609062500001 0.3509529375 0.7129827921875 0.3365900890625 0.709115871875 0.3260941625 0.6997247796875 0.323332075 0.6776280890625 0.3139409828125 0.66216040625 0.3012353859375 0.6549789828125 0.2993600953125 0.6522598109375 0.292534153125 0.6423621953125 0.275494196875 0.6571932671875 0.27445315625 0.6655215875 0.2775762765625 0.6785345859375 0.3457643921875 0.7722281796875
5 0.5879714171875 0.44186189843749996 0.5812439281249999 0.4446456875 0.5763667531250001 0.44888112812500003 0.581112625 0.44944856875 0.5878246859375 0.4476822375 0.5879714171875 0.44186189843749996
3 0.4723866015625 0.369324871875 0.4588761625 0.3631837640625 0.43513054375 0.3623649484375 0.4216201046875 0.366459021875 0.410156703125 0.3742377578125 0.4007403359375 0.38406353125 0.3913239703125 0.3992116 0.38559226875 0.4127220375 0.38149819687500003 0.43073595625000005 0.3831358265625 0.46635438437500004 0.3896863421875 0.48887178125 0.39787448593749997 0.5048386625 0.40753029375 0.5174136687499999 0.4269784515625 0.4872525421875 0.4321151296875 0.4802045421875 0.44379105 0.42063352500000006 0.47966375 0.4290599984375 0.47930032031250003 0.42835332968750006 0.4727833765625 0.402751053125 0.47231788124999996 0.38180373749999996 0.4743991453125 0.3709349078125 0.4723866015625 0.369324871875
3 0.6199645671875 0.4282566015625 0.6093685828125001 0.4306112640625 0.592297275 0.44650524062499997 0.581112625 0.44944856875 0.5763667531250001 0.44888112812500003 0.570096259375 0.45432655625 0.636301153125 0.47776555624999995 0.7306932046875 0.516888578125 0.73193520625 0.5305505859374999 0.716234340625 0.5991691796875 0.7971529671875001 0.6266369703125 0.8183449359375 0.4782931921875 0.7741950015625 0.47181786875 0.7000231125 0.447682571875 0.6199645671875 0.4282566015625
6 0.394836021875 0.5371005484375 0.40508982656250003 0.5472576203124999 0.41689638906250004 0.5578511796875001 0.4321151296875 0.4802045421875 0.4269784515625 0.4872525421875 0.394836021875 0.5371005484375
3 0.570096259375 0.45432655625 0.5812439281249999 0.4446456875 0.594743309375 0.4390597359375 0.602656740625 0.432077296875 0.6096391796875 0.42183638749999997 0.614759634375 0.40740601249999997 0.616156121875 0.389251671875 0.6096391796875 0.365976875 0.602656740625 0.35387398124999997 0.5952088046874999 0.3459605515625 0.5845023984375 0.3413055921875 0.5612276031250001 0.3194272828125 0.53934929375 0.31244484375 0.5253844156249999 0.31244484375 0.5109540421875 0.315703315625 0.49792015625 0.3240822421875 0.48348978281250005 0.3427020796875 0.47650734375 0.359925428125 0.47231788124999996 0.38180373749999996 0.4727833765625 0.402751053125 0.47930032031250003 0.42835332968750006 0.47966375 0.4290599984375 0.5363201 0.4423685375 0.570096259375 0.45432655625
5 0.290187040625 0.6389588828125 0.3012353859375 0.6549789828125 0.3139409828125 0.66216040625 0.323332075 0.6776280890625 0.3260941625 0.6997247796875 0.3365900890625 0.709115871875 0.3509529375 0.7129827921875 0.3387997578125 0.7422609062500001 0.33935217500000003 0.7488899140624999 0.3608964484375 0.7682245171875 0.370287540625 0.7820349484375 0.377468965625 0.784797034375 0.381888303125 0.7820349484375 0.40508982656250003 0.761595509375 0.42000509218750004 0.7394988203125 0.47053894375 0.6524447078125 0.46055805781250003 0.6404676453125 0.44006504687500003 0.6255636375 0.4319920421875 0.6112806296875 0.428887040625 0.5945136203125 0.416467034375 0.585198615625 0.41336203281249995 0.575883609375 0.41689638906250004 0.5578511796875001 0.40508982656250003 0.5472576203124999 0.287977371875 0.43125 0.2382598203125 0.43125 0.1868850171875 0.52958026875 0.1868850171875 0.535104440625 0.21174379375000002 0.5588583828125 0.23218323125 0.5864792453125001 0.259251675 0.6080235171874999 0.290187040625 0.6389588828125
5 0.485398071875 0.6702756609375 0.50402808125 0.6858006703124999 0.5288680953125 0.68455866875 0.5350780984375 0.695115675 0.5810321234375 0.677727665625 0.6108401406249999 0.6752436640624999 0.6220181453125 0.678348665625 0.6263651484375 0.68393766875 0.62822815 0.7044306796875001 0.6369221546875 0.7218186890625 0.670456171875 0.72927069375 0.6853601796875 0.7149876859375001 0.693433184375 0.696357675 0.715168196875 0.603828625 0.73193520625 0.5305505859374999 0.7306932046875 0.516888578125 0.636301153125 0.47776555624999995 0.5363201 0.4423685375 0.44379105 0.42063352500000006 0.41336203281249995 0.575883609375 0.416467034375 0.585198615625 0.428887040625 0.5945136203125 0.4319920421875 0.6112806296875 0.44006504687500003 0.6255636375 0.46055805781250003 0.6404676453125 0.485398071875 0.6702756609375