6 0.3159165921875 0.598238359375 0.3101786109375 0.587998453125 0.3149370796875 0.5739968281250001 0.317696490625 0.5719529171875 0.31563907812499997 0.5627221437500001 0.2943044390625 0.5945927984375 0.2922031515625 0.6006287640625 0.3026588703125 0.5974848390624999 0.306576228125 0.5985983390625 0.323650578125 0.6034516828125 0.3159165921875 0.598238359375
6 0.635349546875 0.853572021875 0.6229397859375 0.8519426093750001 0.616299696875 0.8471533796875 0.6075325671875 0.8512705515625001 0.584608109375 0.8390627953124999 0.5585782453125 0.88997534375 0.551593875 0.8975030953124999 0.5868240078125 0.9270681937499999 0.5978250671875001 0.9243462625 0.6058222062499999 0.9166249656250001 0.6165382015625 0.9150463625 0.6208218359375001 0.9100423890625 0.6303837484375 0.8911744296874999 0.625372090625 0.8747448734375001 0.6259391453125 0.8675998515625001 0.635349546875 0.853572021875
1 0.46929631875 0.5898095390625 0.4600841125 0.5993551765625 0.4540489296875 0.6028481375 0.459168253125 0.6054037515624999 0.526522159375 0.6450536203125 0.529412846875 0.5164764828124999 0.606976759375 0.5117142890624999 0.6049774296875 0.4808563375 0.5985831953125 0.4561727609375 0.579798425 0.4509872515625 0.4961569859375 0.4341486296875 0.48883540625000005 0.43734257187500003 0.46276934531249997 0.433978125 0.481756115625 0.4612821921875 0.49195708906249996 0.48978798125 0.4931585421875 0.5251595515624999 0.481931040625 0.5683637703125 0.46929631875 0.5898095390625
3 0.6525063375 0.8539120499999999 0.654895853125 0.8494248765625001 0.6549583046875 0.845866146875 0.6493385203125001 0.8449331687500001 0.6476163046875001 0.8430747421874999 0.6229397859375 0.8519426093750001 0.652656209375 0.8558444046875 0.6525063375 0.8539120499999999
3 0.6407537296875 0.8356694093750001 0.6476163046875001 0.8430747421874999 0.7625575609374999 0.8017689265625 0.8120295578125001 0.6514790875 0.6363301984375 0.8377467640624999 0.6407537296875 0.8356694093750001
3 0.7663502531249999 0.8479993125 0.7401323796875 0.8698938734375 0.8055214453125 0.8833827796874999 0.8167416265625 0.8808819578125 0.80053604375 0.868237846875 0.7663502531249999 0.8479993125
3 0.84794844375 0.7710824671875 0.7625575609374999 0.8017689265625 0.750440109375 0.8385802546875001 0.7663502531249999 0.8479993125 0.8465581703125 0.7810176390625 0.8459931328125 0.7800772609375 0.84794844375 0.7710824671875
3 0.8491534203125 0.7853368625 0.865997446875 0.79624403125 0.8506530218749999 0.8577871578125 0.8619717187499999 0.8313306546874999 0.8851722359374999 0.7346245312499999 0.8710130203125 0.7596263046875 0.8663917703124999 0.7644545890625001 0.8465581703125 0.7810176390625 0.8491534203125 0.7853368625
3 0.893156978125 0.7013419328125 0.8938647578125 0.681313003125 0.889101684375 0.6684920234375 0.8804502843750001 0.6589875703125 0.86315523125 0.652226290625 0.8179108703125 0.65196673125 0.8120295578125001 0.6514790875 0.8132417171874999 0.652097490625 0.8226473593750001 0.6577327875 0.855650125 0.658396609375 0.8546114499999999 0.67688375625 0.8559824734375001 0.6777051890625 0.859804775 0.681221265625 0.8612215828125 0.6960985671875 0.8636368078125001 0.7001181734374999 0.8762088890624999 0.7096604171875 0.8869673921875 0.712769990625 0.888779890625 0.717493678125 0.8876756296874999 0.7241896953125 0.893156978125 0.7013419328125
5 0.5944404421875 0.788282046875 0.58632515625 0.8357043765625001 0.584608109375 0.8390627953124999 0.6075325671875 0.8512705515625001 0.6407537296875 0.8356694093750001 0.6493385203125001 0.8449331687500001 0.6549583046875 0.845866146875 0.6550882796875 0.8384598015625 0.6507988921875001 0.833578128125 0.650395815625 0.8267003671875001 0.6577653609375 0.815830434375 0.65925358125 0.8047648593750001 0.6597239546875 0.785249009375 0.6384872890625 0.7629892359375 0.5950615234375001 0.762571315625 0.5916185453125 0.7672572984375 0.5944404421875 0.788282046875
5 0.660552315625 0.508424909375 0.529412846875 0.5164764828124999 0.526522159375 0.6450536203125 0.5439586484375 0.6553181265625 0.5593794546875 0.591235515625 0.5660198453125 0.599783071875 0.57122770625 0.6064866671875 0.5808298765625 0.606085971875 0.609091753125 0.5756823437499999 0.6231606249999999 0.5663341 0.6514878937499999 0.5897921296875 0.652964440625 0.5163834375 0.66871590625 0.510878190625 0.660552315625 0.508424909375
6 0.278172371875 0.674241909375 0.2538111984375 0.6657247453124999 0.2368888546875 0.6684651390624999 0.2315416359375 0.6731635875 0.22958945156250002 0.6940196546874999 0.2218567515625 0.725033821875 0.22230061406249998 0.7362798625 0.2535586328125 0.7514502953125 0.2499241703125 0.744964290625 0.25088230624999996 0.7308201109375 0.278172371875 0.674241909375
3 0.3242852859375 0.6036320984375 0.3286510859375 0.6022699031250001 0.3397335640625 0.6080232359375 0.3430414046875 0.6089634828125 0.33295822343750003 0.59954278125 0.324267928125 0.586899990625 0.3178275109375 0.5725407546875 0.317696490625 0.5719529171875 0.3149370796875 0.5739968281250001 0.3094355171875 0.5866723421875 0.3159165921875 0.598238359375 0.323650578125 0.6034516828125 0.3242852859375 0.6036320984375
3 0.29701556875 0.6351758875 0.3703105375 0.6238968921875 0.371067453125 0.62225341875 0.3635198484375 0.620371590625 0.34491291562500004 0.6107120312500001 0.3005983671875 0.6277479718750001 0.29701556875 0.6351758875
3 0.2188314 0.6177606515625 0.24000631718749998 0.62438285625 0.24970132656250002 0.6321709234374999 0.270771184375 0.6392145046875 0.3005983671875 0.6277479718750001 0.3061752328125 0.616185925 0.3158397796875 0.606267221875 0.3242852859375 0.6036320984375 0.3026588703125 0.5974848390624999 0.284756684375 0.602867840625 0.2261890296875 0.5936361109375 0.220399378125 0.5989061234374999 0.2174554203125 0.6071234921875 0.2188314 0.6177606515625
6 0.4105172796875 0.6447697234375 0.41814107500000003 0.6574578515625 0.4170610625 0.6700306 0.41273447343749997 0.6792005828125001 0.42665872499999996 0.6679543203125 0.45094083749999997 0.654848325 0.4730451359375 0.6479981203125 0.496171275 0.6469653296875 0.5191554578125 0.6514597890625 0.5409805375000001 0.6630821046875 0.55269845625 0.6750081203125 0.5612902578125001 0.6717943203125001 0.5438984234375 0.6555683906249999 0.5439586484375 0.6553181265625 0.459168253125 0.6054037515624999 0.4540489296875 0.6028481375 0.4270820203125 0.618455671875 0.412182434375 0.617929153125 0.3757416890625 0.6234188374999999 0.371067453125 0.62225341875 0.3703105375 0.6238968921875 0.4105172796875 0.6447697234375
5 0.6268375453125 0.9313807203125 0.6311269328125 0.9362623953125 0.6551579546874999 0.948607684375 0.69074848125 0.9553635046875 0.7182670265625 0.9656132796874999 0.733119484375 0.965504203125 0.742762578125 0.834035034375 0.7303989328125 0.8267155578125 0.689478928125 0.809246615625 0.6636845250000001 0.7894003859375001 0.6597239546875 0.785249009375 0.65925358125 0.8047648593750001 0.6577653609375 0.815830434375 0.650395815625 0.8267003671875001 0.6507988921875001 0.833578128125 0.6550882796875 0.8384598015625 0.654895853125 0.8494248765625001 0.6525063375 0.8539120499999999 0.65320984375 0.8629826109375 0.6475370265625 0.8772406374999999 0.646250878125 0.8925923812500001 0.6284187640625001 0.909748859375 0.6268375453125 0.9313807203125
3 0.374988071875 0.8691921171875 0.3692181140625 0.8802781187500001 0.357195121875 0.8842942359375 0.350205234375 0.8842015765625 0.3523275203125 0.889233103125 0.36644909999999997 0.9094419328125 0.38333039375 0.9235400500000001 0.40268123593749994 0.9326912546875 0.45199121406250004 0.9357145453125 0.47221255624999997 0.9413743640625001 0.4827611 0.8368123640625 0.47518036874999997 0.833965678125 0.45517269843749997 0.8333370765625 0.4468381234375 0.8361638859375 0.4345322875 0.8461753078124999 0.4208206328125 0.864010975 0.41517528593749997 0.860423496875 0.376702571875 0.7857700109375 0.376390384375 0.84950236875 0.374988071875 0.8691921171875
3 0.5569268109375 0.7841423875 0.539619440625 0.7746497671875 0.52718253125 0.7601586015625 0.51768205 0.7650382359375001 0.5112177859375 0.76457099375 0.5100248328125 0.770715525 0.5004151234374999 0.7852140515625 0.5027509125 0.8283051609375001 0.49557044218749996 0.8308747390625 0.4890109140625 0.8378955453125 0.47221255624999997 0.9413743640625001 0.5207830390625 0.9250530703125 0.5357579140625 0.9145710875 0.5585782453125 0.88997534375 0.58632515625 0.8357043765625001 0.5944404421875 0.788282046875 0.5916185453125 0.7672572984375 0.5870147234374999 0.7735232203125 0.5719132765625 0.7842547468750001 0.5569268109375 0.7841423875
6 0.2556121984375 0.755115053125 0.256428825 0.7556490109375 0.25665591249999997 0.7409946296875 0.2608920140625 0.7280232390625 0.27055415156249996 0.71941061875 0.3602764765625 0.7232444765625 0.3727787375 0.7313714859375 0.37443547499999996 0.7360011015625 0.39095632187499996 0.7253582609375 0.4170610625 0.6700306 0.41814107500000003 0.6574578515625 0.4105172796875 0.6447697234375 0.3635198484375 0.620371590625 0.3603040546875 0.619569803125 0.34625750312500003 0.611968278125 0.34491291562500004 0.6107120312500001 0.3286510859375 0.6022699031250001 0.3158397796875 0.606267221875 0.3061752328125 0.616185925 0.25088230624999996 0.7308201109375 0.2499241703125 0.744964290625 0.2556121984375 0.755115053125
1 0.8242334296875 0.5693078078125 0.8252103484375001 0.5579352281250001 0.8203924953125 0.5474410796875 0.8074811875 0.5339997140625 0.8051707484374999 0.5115852875 0.799477990625 0.5008730015625 0.796415825 0.5001095171875 0.757711303125 0.506257365625 0.72742979375 0.5177578281249999 0.7252425328125 0.5172124828125 0.720530221875 0.5007042484374999 0.716589625 0.49414599375 0.652964440625 0.5163834375 0.6514878937499999 0.5897921296875 0.66674908125 0.6024300390625 0.66823025625 0.6002559265625 0.6755101328124999 0.5929668312499999 0.701858359375 0.585879925 0.7531772328125 0.5954886984375001 0.7813581 0.6066118546875 0.797168771875 0.6236897546875 0.7976861375000001 0.6068302078125 0.8042385124999999 0.593595221875 0.8189922359375 0.5810111234375 0.8242334296875 0.5693078078125
3 0.4270820203125 0.618455671875 0.4600841125 0.5993551765625 0.46929631875 0.5898095390625 0.481931040625 0.5683637703125 0.4931585421875 0.5251595515624999 0.49195708906249996 0.48978798125 0.481756115625 0.4612821921875 0.457616659375 0.4265682671875 0.44742720937499997 0.4162845796875 0.4340233171875 0.407932325 0.41665540312499993 0.40269105625 0.3997197703125 0.4030233359375 0.3832152671875 0.407106953125 0.36789262031250003 0.41558456718750003 0.3527872671875 0.42867116562499996 0.33704271406249997 0.44797512343749996 0.32804895312500004 0.46395195468750006 0.3193794046875 0.48410894843749996 0.31339201875 0.5081230453125001 0.313312765625 0.5522849125 0.3178275109375 0.5725407546875 0.324267928125 0.586899990625 0.33295822343750003 0.59954278125 0.34625750312500003 0.611968278125 0.3603040546875 0.619569803125 0.3757416890625 0.6234188374999999 0.412182434375 0.617929153125 0.4270820203125 0.618455671875
6 0.8529945703124999 0.7056622796875 0.8497967265625 0.762580028125 0.8494151453125 0.7643353671875001 0.859858828125 0.7666703453125 0.8663917703124999 0.7644545890625001 0.8710130203125 0.7596263046875 0.8862762859375 0.7326750453125 0.888779890625 0.717493678125 0.8869673921875 0.712769990625 0.8762088890624999 0.7096604171875 0.8636368078125001 0.7001181734374999 0.8612215828125 0.6960985671875 0.859804775 0.681221265625 0.8559824734375001 0.6777051890625 0.8546114499999999 0.67688375625 0.8529945703124999 0.7056622796875
6 0.2608920140625 0.7280232390625 0.25665591249999997 0.7409946296875 0.2547302640625 0.865259678125 0.26004377343749996 0.8781071296875 0.2694795859375 0.8844676187499999 0.28056305312499996 0.88622906875 0.2977743484375 0.8835065421875001 0.357195121875 0.8842942359375 0.3692181140625 0.8802781187500001 0.374988071875 0.8691921171875 0.376390384375 0.84950236875 0.376702571875 0.7857700109375 0.36522404375 0.763496771875 0.3709793875 0.7382275390624999 0.37443547499999996 0.7360011015625 0.3727787375 0.7313714859375 0.3602764765625 0.7232444765625 0.27055415156249996 0.71941061875 0.2608920140625 0.7280232390625
5 0.7621347968750001 0.7001439953124999 0.7245381281250001 0.7067023921875 0.689504796875 0.7011540625 0.6666792890625 0.68863489375 0.6555273328125 0.6712877265625 0.6474787421875 0.648796603125 0.6320503328125 0.6449498671875 0.6309771890625 0.6419510515625 0.6338599359375 0.6267375015625001 0.6509991562499999 0.6255482875 0.66674908125 0.6024300390625 0.6231606249999999 0.5663341 0.609091753125 0.5756823437499999 0.5808298765625 0.606085971875 0.57122770625 0.6064866671875 0.5593794546875 0.591235515625 0.5438984234375 0.6555683906249999 0.5612902578125001 0.6717943203125001 0.564530934375 0.67058213125 0.5763497 0.6709401781250001 0.5954866062499999 0.6834776546875 0.6009752109375001 0.6926122265625 0.605499659375 0.710999096875 0.6112844281250001 0.7148503265625 0.63709580625 0.761530715625 0.6636845250000001 0.7894003859375001 0.689478928125 0.809246615625 0.7303989328125 0.8267155578125 0.80053604375 0.868237846875 0.8215928453125001 0.8846670328125 0.8280446265625001 0.8946599953125001 0.8288389421875 0.9026834359375 0.8388375640625 0.9051763718749999 0.865997446875 0.79624403125 0.8491534203125 0.7853368625 0.8459931328125 0.7800772609375 0.8497967265625 0.762580028125 0.855650125 0.658396609375 0.79321245625 0.6571407328125 0.7956410703125 0.6625219828125 0.7939325640625 0.671200175 0.7881520937500001 0.677952696875 0.7873007203125 0.6868445953125 0.779592275 0.6940268359374999 0.7621347968750001 0.7001439953124999
6 0.7621347968750001 0.7001439953124999 0.779592275 0.6940268359374999 0.7873007203125 0.6868445953125 0.7881520937500001 0.677952696875 0.7939325640625 0.671200175 0.7956410703125 0.6625219828125 0.7912427890625 0.65277640625 0.80076659375 0.63648740625 0.8010825484374999 0.6279172187500001 0.7813581 0.6066118546875 0.7531772328125 0.5954886984375001 0.701858359375 0.585879925 0.6755101328124999 0.5929668312499999 0.66823025625 0.6002559265625 0.6509991562499999 0.6255482875 0.6338599359375 0.6267375015625001 0.6309771890625 0.6419510515625 0.6320503328125 0.6449498671875 0.6474787421875 0.648796603125 0.6555273328125 0.6712877265625 0.6666792890625 0.68863489375 0.689504796875 0.7011540625 0.7245381281250001 0.7067023921875 0.7621347968750001 0.7001439953124999
3 0.5870147234374999 0.7735232203125 0.599553509375 0.7564576046875 0.60478201875 0.7396402921874999 0.605861396875 0.7124691546874999 0.6009752109375001 0.6926122265625 0.5954866062499999 0.6834776546875 0.5763497 0.6709401781250001 0.564530934375 0.67058213125 0.5462591671875 0.6774167640625001 0.5382079015625 0.6619480984375 0.522608534375 0.655987778125 0.513715715625 0.6584302140625 0.5020250328125 0.6679411765625 0.4920475953125 0.6892695953125 0.4865825734375 0.71741823125 0.4876920875 0.7378867515625 0.4915981515625 0.7492154578125 0.4974486546875 0.7577706375 0.5014605609375 0.761205015625 0.50206613125 0.7616049234375 0.5119423609375 0.760838928125 0.5112177859375 0.76457099375 0.51768205 0.7650382359375001 0.52718253125 0.7601586015625 0.539619440625 0.7746497671875 0.5569268109375 0.7841423875 0.5719132765625 0.7842547468750001 0.5870147234374999 0.7735232203125
1 0.5004151234374999 0.7852140515625 0.5100248328125 0.770715525 0.5119423609375 0.760838928125 0.501939215625 0.7616147671875 0.49654972500000005 0.7570011125 0.44751879843750003 0.6957277937499999 0.4312210171875 0.6802196406250001 0.4195686078125 0.7094684109375 0.4139315375 0.7189626062500001 0.3911067109375 0.7252613796875 0.3709793875 0.7382275390624999 0.36522404375 0.763496771875 0.41517528593749997 0.860423496875 0.4208206328125 0.864010975 0.4345322875 0.8461753078124999 0.4468381234375 0.8361638859375 0.45517269843749997 0.8333370765625 0.47518036874999997 0.833965678125 0.488136871875 0.8388310499999999 0.49557044218749996 0.8308747390625 0.5027509125 0.8283051609375001 0.5004151234374999 0.7852140515625