6 0.3227199078125 0.6479102671875 0.3321044625 0.6423302625 0.3361748375 0.6424629921875 0.3539161375 0.6430415125 0.34515066562499996 0.6398540671874999 0.3371058703125 0.6313064734375 0.3383356921875 0.616569578125 0.3405186703125 0.61391881875 0.33628924531250004 0.605459971875 0.3232985453125 0.6415452484374999 0.3227199078125 0.6479102671875
6 0.7164311421875 0.8686329296874999 0.721144453125 0.84801219375 0.7123069937500001 0.8332830953125001 0.7111286671875 0.8262131281249999 0.7168659 0.810325403125 0.7044305718749999 0.811746584375 0.696829103125 0.8087059968749999 0.689318428125 0.8148218328124999 0.6641216015625 0.8085226265625 0.6511817953125 0.8642200499999999 0.64622601875 0.8732138671874999 0.6875621109375001 0.8933778140624999 0.697577896875 0.8880753390624999 0.7034695359375001 0.878648715625 0.713485321875 0.8745245687500001 0.7164311421875 0.8686329296874999
1 0.4729313515625 0.46684587187500004 0.4897254875 0.49203707812499997 0.49944840937499996 0.5260673031249999 0.499006459375 0.5707043515625 0.49193524375 0.5945697046875 0.485305978125 0.6060604296875 0.48029508906249996 0.610909678125 0.48588060625 0.612150903125 0.560825984375 0.6343286171875 0.53252518125 0.50887145 0.6066330359375 0.4854863046875 0.5972278796875 0.456028646875 0.585052084375 0.43362518437500003 0.5655708140625 0.433138153125 0.4803402515625 0.43703440625 0.4740088390625 0.441904725 0.44790311718750003 0.4449461671875 0.4729313515625 0.46684587187500004
3 0.7283494140625 0.798558921875 0.7262287609375 0.797172340625 0.7044305718749999 0.811746584375 0.7342082203125 0.808343425 0.733595321875 0.8065047265624999 0.7348283125 0.801572765625 0.7340279749999999 0.7981046375 0.7283494140625 0.798558921875
3 0.7262287609375 0.797172340625 0.827762990625 0.7292866765625 0.8394070546875 0.5714927296875 0.713988946875 0.7947329812499999 0.717778521875 0.791647184375 0.7262287609375 0.797172340625
3 0.8224848484375 0.8008131640625 0.8891948421875 0.7980823453125 0.89947673125 0.7929414015625 0.8806936375 0.784593359375 0.842627165625 0.7732262875 0.8224848484375 0.8008131640625
3 0.8249109453125 0.7679360281250001 0.842627165625 0.7732262875 0.9042482312500001 0.6888302046875 0.9034724796875 0.6880544546875 0.903193671875 0.6788538125 0.827762990625 0.7292866765625 0.8249109453125 0.7679360281250001
3 0.9304917859374999 0.6344735828125 0.9228016359375 0.6621581203125 0.919485725 0.6679609656250001 0.9042482312500001 0.6888302046875 0.90781130625 0.69239328125 0.9267936765625 0.698901521875 0.9267936765625 0.76232870625 0.9313757515625 0.733919834375 0.9304917859374999 0.6344735828125
3 0.9157553234375 0.6124194390625 0.9269465265625 0.6128339281249999 0.9298479499999999 0.61697881875 0.930396403125 0.6237430796875 0.9301875578125 0.6002479359375 0.9260288765625001 0.5806427234375 0.9183056109375001 0.5693548734375 0.907611859375 0.56222570625 0.8891948421875 0.5598493171875 0.8452316390625001 0.5705430687499999 0.8394070546875 0.5714927296875 0.8407328125 0.571799515625 0.85122236875 0.5749919890624999 0.8834054046875 0.567652 0.8868700281249999 0.585841278125 0.8883990484375 0.58630663125 0.8929584281249999 0.588793565625 0.8979322953125 0.6028861921875001 0.9012482078125 0.606202103125 0.9157553234375 0.6124194390625
5 0.7239874515625 0.7381351734375 0.6979964796875 0.7216742234375 0.655759540625 0.7317743609375 0.653552475 0.7371540828125 0.661376896875 0.7568716265625001 0.6649751687500001 0.8048485765625 0.6641216015625 0.8085226265625 0.689318428125 0.8148218328124999 0.717778521875 0.791647184375 0.7283494140625 0.798558921875 0.7340279749999999 0.7981046375 0.7323623312499999 0.7908868484375 0.7270193734375 0.787187878125 0.7249643890625 0.7806119296875 0.7294853531250001 0.768282025 0.7282523624999999 0.7571851125 0.7239874515625 0.7381351734375
5 0.6355499 0.5345684421875 0.6687107375 0.5504766812499999 0.6523842546874999 0.4788913328125 0.6663359953125 0.46973899062499996 0.6578213953125001 0.4693335328125 0.53252518125 0.50887145 0.560825984375 0.6343286171875 0.58022774375 0.6400699546874999 0.5796875 0.574160240625 0.588198484375 0.5808474421875001 0.5948733953125 0.586092015625 0.604093403125 0.5833802484375 0.6241604781250001 0.5470425703124999 0.6355499 0.5345684421875
6 0.28771074531249996 0.796442903125 0.3217103265625 0.8036007093749999 0.3166147171875 0.7981866234375 0.3141226046875 0.7842307921875 0.3269145328125 0.722731140625 0.301216503125 0.7203604734375 0.2854597859375 0.7271133515625 0.281408059375 0.7329658453125 0.284559403125 0.7536746734374999 0.284559403125 0.785638296875 0.28771074531249996 0.796442903125
3 0.3383356921875 0.616569578125 0.336064034375 0.6301995234375 0.34515066562499996 0.6398540671874999 0.3539161375 0.6430415125 0.3545756375 0.64306301875 0.358482209375 0.6406851046875001 0.3706273484375 0.6435864437500001 0.3740643984375 0.643698521875 0.36200165625 0.6369969984375 0.35051093125 0.626832125 0.340788009375 0.6144574984375 0.3405186703125 0.61391881875 0.3383356921875 0.616569578125
3 0.4044730796875 0.6498135765625 0.39669441562499996 0.6498135765625 0.3763033296875 0.644942371875 0.3374264796875 0.6721929328125 0.33574708124999997 0.6802669640625 0.4041362390625 0.6515913453125 0.4044730796875 0.6498135765625
3 0.3160363140625 0.6518842968749999 0.2569750109375 0.6570955875 0.25263226875 0.6636097015625 0.2517637203125 0.6722951875 0.2556721890625 0.682283496875 0.2778201765625 0.68358631875 0.2891113078125 0.6887976109375 0.311259296875 0.6905347078124999 0.3374264796875 0.6721929328125 0.3400405765625 0.6596251609375 0.3470184921875 0.6476630203125 0.3545756375 0.64306301875 0.3321044625 0.6423302625 0.3160363140625 0.6518842968749999
6 0.44332063593750004 0.6356711453125 0.40929041093749996 0.6498135765625 0.4044730796875 0.6498135765625 0.4041362390625 0.6515913453125 0.44819826406249996 0.6621172734375 0.4586651375 0.672584146875 0.460658828125 0.685044709375 0.45867917656249996 0.6949890015625 0.4694691015625 0.6807082203125 0.4898593046875 0.662117153125 0.509649796875 0.650122915625 0.5318391359375 0.643526084375 0.5552278984375 0.6423266609375 0.5792163718750001 0.6483237796875 0.5934713828125 0.6570607203125001 0.6010304828125 0.6518638390625 0.580229853125 0.6403273546875 0.58022774375 0.6400699546874999 0.48588060625 0.612150903125 0.48029508906249996 0.610909678125 0.4579050171875 0.6325774875 0.44332063593750004 0.6356711453125
5 0.7364722984375 0.815135659375 0.734417315625 0.830342540625 0.7368832953125 0.8455494203124999 0.7237313984375 0.86651025625 0.7274303703125 0.8878820890625001 0.732773328125 0.8915810609375001 0.759077121875 0.8977460125000001 0.7952448390625 0.895691028125 0.8244256109375 0.8989790031249999 0.8388104984375 0.8952800312500001 0.81636188125 0.7653831828125 0.8025947468749999 0.7612721625 0.758664121875 0.75422156875 0.728834684375 0.7412050875 0.7239874515625 0.7381351734375 0.7282523624999999 0.7571851125 0.7294853531250001 0.768282025 0.7249643890625 0.7806119296875 0.7270193734375 0.787187878125 0.7323623312499999 0.7908868484375 0.7348283125 0.801572765625 0.733595321875 0.8065047265624999 0.7364722984375 0.815135659375
3 0.5112348234375 0.872353515625 0.5048892781250001 0.870238334375 0.4494990546875 0.80710976875 0.46461439374999997 0.8690245265625001 0.4680171171875 0.88846865625 0.46510049843749995 0.9006212359375001 0.45440622656249996 0.9074266812499999 0.447601553125 0.90902778125 0.45087803437499996 0.9133964234375 0.4694691015625 0.92958864375 0.48925959218750004 0.9391840328125 0.5102495078125 0.943382015625 0.55882616875 0.9343863375 0.579816084375 0.93498605 0.5647554546875 0.8309780640625 0.556711228125 0.8300498828125 0.5371457984375 0.8342802468749999 0.5297426625 0.8390394046875 0.5202243453125 0.8517304953125 0.5112348234375 0.872353515625
3 0.661376896875 0.7568716265625001 0.653552475 0.7371540828125 0.6506012703125 0.7443476453125 0.6385445921875 0.7584137703125 0.62397610625 0.7619303015625001 0.604886365625 0.7569066859375 0.58931315625 0.7458547296875 0.5812753703125 0.7528877921875 0.5748900859375 0.7539982765625 0.575219065625 0.760248890625 0.5694023171875 0.7766415484375 0.5820934062500001 0.8178875890624999 0.5757478625 0.822117953125 0.5710816671875001 0.8305171046875 0.579816084375 0.93498605 0.6229953390625 0.9073993046875 0.634989575 0.89360593125 0.6511817953125 0.8642200499999999 0.6649751687500001 0.8048485765625 0.661376896875 0.7568716265625001
6 0.3470184921875 0.6476630203125 0.3400405765625 0.6596251609375 0.3141226046875 0.7842307921875 0.3166147171875 0.7981866234375 0.324589478125 0.8066598062500001 0.3255110234375 0.8069803437499999 0.32218615 0.792706321875 0.3231583578125 0.77909543125 0.33044990625000004 0.7684011609375 0.4184345890625 0.750415340625 0.43253158125 0.7552763734375 0.4352591125 0.7593676687500001 0.44871448281250004 0.7450442109375001 0.460658828125 0.685044709375 0.4586651375 0.672584146875 0.44819826406249996 0.6621172734375 0.39669441562499996 0.6498135765625 0.393380175 0.6498135765625 0.37791189062499997 0.6458360171875 0.3763033296875 0.644942371875 0.358482209375 0.6406851046875001 0.3470184921875 0.6476630203125
1 0.81826485 0.5481240078125 0.8146881531249999 0.5316401 0.8178440625000001 0.5172130859374999 0.8291151671874999 0.501433540625 0.8313693875 0.48880990312500006 0.8295660109374999 0.47753880000000004 0.8223525046875 0.46852191718749997 0.8065729578124999 0.4586033453125 0.7989086078125001 0.43741366875 0.7907934125 0.4283967859375 0.787637503125 0.4283967859375 0.7515699703125 0.44372548749999996 0.7249701640625 0.4622100984375 0.72271594375 0.4622100984375 0.7141499046875001 0.44733224062500004 0.708739775 0.4419221109375 0.6523842546874999 0.4788913328125 0.6687107375 0.5504766812499999 0.686575990625 0.559047175 0.6874872015625 0.5565793140624999 0.69278744375 0.547745575 0.7166385375 0.5344949671875 0.76875759375 0.531403159375 0.7987923046875001 0.5353783421875 0.81826485 0.5481240078125
3 0.37791189062499997 0.6458360171875 0.393380175 0.6498135765625 0.40929041093749996 0.6498135765625 0.44332063593750004 0.6356711453125 0.4579050171875 0.6325774875 0.485305978125 0.6060604296875 0.49193524375 0.5945697046875 0.499006459375 0.5707043515625 0.49944840937499996 0.5260673031249999 0.4897254875 0.49203707812499997 0.4729313515625 0.46684587187500004 0.44111088125000003 0.4390029609375 0.428736253125 0.43148979374999996 0.4137099203125 0.42662833281249996 0.3955899296875 0.42574443124999994 0.37923774374999997 0.43016394062499996 0.3642114109375 0.43811905781249993 0.3513948328125 0.450051734375 0.33990410781249997 0.4664039203125 0.329297284375 0.4889434203125 0.3244358234375 0.506621459375 0.320900215625 0.5282770578125 0.320900215625 0.5530263125 0.3315070390625 0.59589555625 0.340788009375 0.6144574984375 0.35051093125 0.626832125 0.36200165625 0.6369969984375 0.37791189062499997 0.6458360171875
6 0.8979322953125 0.6028861921875001 0.8929584281249999 0.588793565625 0.8883990484375 0.58630663125 0.8868700281249999 0.585841278125 0.89226333125 0.6141561156249999 0.9029301265624999 0.6701567921875 0.9029845359375 0.671952303125 0.9136828781249999 0.6716913671875 0.919485725 0.6679609656250001 0.9228016359375 0.6621581203125 0.9310914171875 0.6323149109374999 0.9298479499999999 0.61697881875 0.9269465265625 0.6128339281249999 0.9157553234375 0.6124194390625 0.9012482078125 0.606202103125 0.8979322953125 0.6028861921875001
6 0.4352591125 0.7593676687500001 0.43253158125 0.7552763734375 0.4184345890625 0.750415340625 0.33044990625000004 0.7684011609375 0.3231583578125 0.77909543125 0.32218615 0.792706321875 0.3503801375 0.9137460234375 0.35864389218750004 0.924926396875 0.36933816249999996 0.9288152234375 0.38051853750000003 0.9278430171875 0.39655994375 0.9210375718750001 0.45440622656249996 0.9074266812499999 0.46510049843749995 0.9006212359375001 0.4680171171875 0.88846865625 0.46461439374999997 0.8690245265625001 0.4494990546875 0.80710976875 0.43297310468749994 0.788275046875 0.432444309375 0.7623640734375 0.4352591125 0.7593676687500001
5 0.82661858125 0.5950060749999999 0.8226433984374999 0.602956440625 0.8239684593750001 0.6117901781249999 0.8182265296875 0.6206239171875 0.8027674875 0.630782715625 0.7678742203125 0.6462417578124999 0.7325392671875 0.6493335671875 0.7073631125000001 0.6427082625 0.6923457578125001 0.6285742812499999 0.67909515 0.6086983703125 0.6631944203125 0.6086983703125 0.6614276734375 0.6060482484375 0.6605443 0.59058920625 0.676886715625 0.5852889640625001 0.686575990625 0.559047175 0.6355499 0.5345684421875 0.6241604781250001 0.5470425703124999 0.604093403125 0.5833802484375 0.5948733953125 0.586092015625 0.5796875 0.574160240625 0.580229853125 0.6403273546875 0.6010304828125 0.6518638390625 0.6038816421875 0.6499036671875 0.615435959375 0.647391859375 0.6370375078125 0.6549272828125 0.64457293125 0.66246270625 0.6534111703125001 0.67920884375 0.659955803125 0.6815462140624999 0.69629348125 0.7205956578125 0.728834684375 0.7412050875 0.758664121875 0.75422156875 0.8025947468749999 0.7612721625 0.8806936375 0.784593359375 0.905099540625 0.795440428125 0.91377719375 0.803575728125 0.9164889609375001 0.8111686765625 0.9267936765625 0.8111686765625 0.9267936765625 0.698901521875 0.90781130625 0.69239328125 0.9034724796875 0.6880544546875 0.9029301265624999 0.6701567921875 0.8834054046875 0.567652 0.8225185765624999 0.58153846875 0.8261768937499999 0.5861723375000001 0.82661858125 0.5950060749999999
6 0.6923457578125001 0.6285742812499999 0.7073631125000001 0.6427082625 0.7325392671875 0.6493335671875 0.7678742203125 0.6462417578124999 0.8027674875 0.630782715625 0.8182265296875 0.6206239171875 0.8239684593750001 0.6117901781249999 0.8226433984374999 0.602956440625 0.82661858125 0.5950060749999999 0.8261768937499999 0.5861723375000001 0.8195515906249999 0.5777802859375 0.8248518328125 0.559671121875 0.8230850859375 0.5512790703125 0.7987923046875001 0.5353783421875 0.76875759375 0.531403159375 0.7166385375 0.5344949671875 0.69278744375 0.547745575 0.6874872015625 0.5565793140624999 0.676886715625 0.5852889640625001 0.6605443 0.59058920625 0.6614276734375 0.6060482484375 0.6631944203125 0.6086983703125 0.67909515 0.6086983703125 0.6923457578125001 0.6285742812499999
3 0.58931315625 0.7458547296875 0.604886365625 0.7569066859375 0.62397610625 0.7619303015625001 0.6385445921875 0.7584137703125 0.6506012703125 0.7443476453125 0.6586390546875001 0.72475554375 0.659643778125 0.7071728875 0.6541178015625 0.6805477234375 0.64457293125 0.66246270625 0.6370375078125 0.6549272828125 0.615435959375 0.647391859375 0.6038816421875 0.6499036671875 0.587806071875 0.660955621875 0.5762517546875 0.6478942203125 0.5596738234374999 0.6458847750000001 0.5516360375 0.650406028125 0.5425935281250001 0.66246270625 0.538072275 0.6855713406249999 0.539579359375 0.71420595 0.5456076984375 0.7337980515625 0.5521383984375 0.7438452843750001 0.5598848015625 0.750730975 0.5646083890625 0.75309276875 0.5652927171875 0.7533342968750001 0.5746902703125001 0.750201778125 0.5748900859375 0.7539982765625 0.5812753703125 0.7528877921875 0.58931315625 0.7458547296875
1 0.556711228125 0.8300498828125 0.5704599078125 0.8316362703125 0.5757478625 0.822117953125 0.5820934062500001 0.8178875890624999 0.5694023171875 0.7766415484375 0.575219065625 0.760248890625 0.5746902703125001 0.750201778125 0.565171953125 0.7533745515625 0.558826409375 0.750201778125 0.496428553125 0.70261019375 0.47686312343750004 0.6915054890625 0.472632759375 0.72270441875 0.46945998749999995 0.7332803265625001 0.4488369671875 0.744913825 0.432444309375 0.7623640734375 0.43297310468749994 0.788275046875 0.5048892781250001 0.870238334375 0.5112348234375 0.872353515625 0.5202243453125 0.8517304953125 0.5297426625 0.8390394046875 0.5371457984375 0.8342802468749999 0.556711228125 0.8300498828125