6 0.342733459375 0.6371302734375 0.334839065625 0.6284435796875 0.3363258953125 0.6137303921874999 0.33855480312499997 0.6111181359375 0.3344736484375 0.6025867625 0.320855153125 0.6384398250000001 0.32016551875 0.644793775 0.329646028125 0.639378403125 0.3337134671875 0.6395821515625 0.35144196875 0.6404702109375 0.342733459375 0.6371302734375
6 0.7114169453125 0.8140629703125001 0.6989587078125 0.8152669093749999 0.6914114625 0.8120941203125 0.6837951953125 0.8180779453125 0.6587121421875 0.8113399546875 0.6448022531250001 0.8668030640625 0.6396902671875 0.8757090203125 0.6806681546875 0.8965913109375 0.6907749562500001 0.89146444375 0.696830215625 0.882142078125 0.7069164515625 0.8781933593750001 0.7099646468749999 0.8723540296875001 0.715037121875 0.8518186921875 0.706458065625 0.8369376031250001 0.7054033078125 0.829848146875 0.7114169453125 0.8140629703125001
1 0.49028600312500004 0.5944145515625 0.48345720625000005 0.6057878296875 0.47836245 0.6105488875 0.483925453125 0.6118874046875 0.5584723625 0.63536971875 0.5323654 0.5094377421875 0.60687009375 0.48734951875 0.5979804765625001 0.45773220468750003 0.5861975312500001 0.4351196578125 0.5667277281249999 0.43429270468750003 0.481442146875 0.4367008859375 0.4750267 0.441459965625 0.4488718734375 0.44404533593749995 0.47351409375 0.46637850781249995 0.489866025 0.4918589765625 0.49899355625 0.52605370625 0.49777265000000004 0.57067624375 0.49028600312500004 0.5944145515625
3 0.7282104984375 0.8105348453125 0.7295293765624999 0.805625153125 0.7287896875000001 0.8021435859375 0.7231040640625 0.802498696875 0.7210079328125001 0.8010753156250001 0.6989587078125 0.8152669093749999 0.7287912140625 0.8123839593750001 0.7282104984375 0.8105348453125
3 0.7126554078125 0.795403525 0.7210079328125001 0.8010753156250001 0.8237114671875 0.7349720078125 0.8381076406249999 0.5774053109375 0.7088125562500001 0.7984227140625 0.7126554078125 0.795403525
3 0.8378065250000001 0.7791643421875001 0.81718581875 0.8063954859375 0.8839333109374999 0.8048293328125 0.89430335625 0.799868615625 0.8756688171875 0.791194034375 0.8378065250000001 0.7791643421875001
3 0.900010834375 0.685863271875 0.8237114671875 0.7349720078125 0.82018533125 0.7735656984375 0.8378065250000001 0.7791643421875001 0.9008911203125001 0.69585655 0.9001290265625 0.695067378125 0.900010834375 0.685863271875
3 0.9043914687499999 0.6994812671874999 0.9232573640625 0.7063198046875 0.9221504062499999 0.7697373296875 0.9272275875 0.7414127515625 0.9280793328125 0.64196621875 0.9199071921875 0.669512328125 0.9164905125 0.6752564203125 0.9008911203125001 0.69585655 0.9043914687499999 0.6994812671874999
3 0.9283724703124999 0.6077404765625001 0.9245565812500001 0.5880656703125 0.9170314921875 0.57664475 0.9064637890625 0.5693300375 0.8880910515625 0.5666325890625 0.8439479125 0.576557446875 0.8381076406249999 0.5774053109375 0.8394278421875001 0.5777351875 0.8498600859375 0.5811102421875 0.8821663203125001 0.57433304375 0.8853129687499999 0.5925800171875 0.8868336343750001 0.5930719843750001 0.8913489171875 0.5956381125 0.8960760765625 0.6098153984375 0.8993336140625001 0.613188675 0.9137300125 0.6196582484375 0.9249122765625 0.6202679875 0.9277409203125 0.6244628828125001 0.9281712375 0.6312356859375 0.9283724703124999 0.6077404765625001
5 0.656869290625 0.75964891875 0.6596297015625 0.8076813609375 0.6587121421875 0.8113399546875 0.6837951953125 0.8180779453125 0.7126554078125 0.795403525 0.7231040640625 0.802498696875 0.7287896875000001 0.8021435859375 0.7272502656250001 0.7948978265625 0.721972678125 0.791106171875 0.7200327718749999 0.7844953609374999 0.724768234375 0.7722462359375 0.7237291 0.7611294953125001 0.7197973046875 0.742008025 0.694097575 0.7250959765625 0.651690796875 0.7344574390624999 0.649390178125 0.7397978234375 0.656869290625 0.75964891875
5 0.6583325624999999 0.47209256718750003 0.5323654 0.5094377421875 0.5584723625 0.63536971875 0.5777709671875 0.6414487890625 0.5783810890625001 0.575539684375 0.58677406875 0.5823744046875 0.5933564328125 0.5877346718750001 0.6026223625 0.5851842296875 0.6233205625 0.5492023046875001 0.634925953125 0.5369288484375 0.667804103125 0.5534134015625 0.6527294421875001 0.4815540203125 0.6668387890624999 0.47264656250000003 0.6583325624999999 0.47209256718750003
6 0.3230537 0.719676459375 0.2974009578125 0.7168576609375 0.2815287875 0.72333451875 0.2773755375 0.7291154078125001 0.2801649828125 0.7498760812499999 0.279607140625 0.7818348359375 0.2825694359375 0.7926927953125 0.3164389171875 0.8004428859375 0.3114385734375 0.79494069375 0.309190403125 0.7809434953125 0.3230537 0.719676459375
3 0.3521009921875 0.640503225 0.35604847031250003 0.6381938515625001 0.3681411234375 0.6413067109374999 0.37157569375 0.64147875625 0.359631746875 0.6345677296875001 0.3483201734375 0.6242038640625001 0.3388147 0.611661434375 0.33855480312499997 0.6111181359375 0.3363258953125 0.6137303921874999 0.3338167078125 0.627318615625 0.342733459375 0.6371302734375 0.35144196875 0.6404702109375 0.3521009921875 0.640503225
3 0.3326260046875 0.6773729000000001 0.40150520624999997 0.649895203125 0.401873021875 0.6481235843750001 0.3940955421875 0.647987828125 0.3737925765625 0.6427614921875 0.334446059375 0.6693294078124999 0.3326260046875 0.6773729000000001
3 0.252528115625 0.6779916265625 0.27464999218749997 0.679680784375 0.28584845468750003 0.685088340625 0.307962753125 0.687211709375 0.334446059375 0.6693294078124999 0.3372790953125 0.656809171875 0.3444647171875 0.644970634375 0.3521009921875 0.640503225 0.329646028125 0.639378403125 0.3134135859375 0.6486505546875 0.254270328125 0.6528302906250001 0.24981456093749999 0.6592676203125001 0.2487945625 0.6679366250000001 0.252528115625 0.6779916265625
6 0.4453768171875 0.6611885171874999 0.455659425 0.67183646875 0.45743534375 0.684329928125 0.4552824421875 0.69423815625 0.4663199578125 0.680147859375 0.4870315140625 0.6619154828125 0.5070283203125 0.6502684640624999 0.5293294109375 0.64405989375 0.55273554375 0.64326884375 0.5766157 0.64968370625 0.5907160593749999 0.6586681 0.59836470625 0.653603934375 0.577768584375 0.6417061859375 0.5777709671875 0.6414487890625 0.483925453125 0.6118874046875 0.47836245 0.6105488875 0.45559763281250004 0.6318226359375 0.44096148125 0.634661290625 0.40668961875000004 0.6482076593749999 0.401873021875 0.6481235843750001 0.40150520624999997 0.649895203125 0.4453768171875 0.6611885171874999
5 0.72062625625 0.8917922203125 0.72590384375 0.8955838765624999 0.7520960375 0.9022069531250001 0.7882941109375 0.9007834953125 0.81741305625 0.9045802437500001 0.8318603078125 0.9011328859375001 0.8116821218749999 0.7708640390625 0.7979888328125 0.7665133765625 0.7541879484375 0.7586971609375001 0.724590221875 0.7451620671875 0.7197973046875 0.742008025 0.7237291 0.7611294953125001 0.724768234375 0.7722462359375 0.7200327718749999 0.7844953609374999 0.721972678125 0.791106171875 0.7272502656250001 0.7948978265625 0.7295293765624999 0.805625153125 0.7282104984375 0.8105348453125 0.73093640625 0.8192146734374999 0.728616340625 0.8343833734375 0.7308165484375 0.849630975 0.7173008375000001 0.8703590859375 0.72062625625 0.8917922203125
3 0.46124227500000003 0.8878513124999999 0.458114009375 0.8999511390625001 0.4473025953125 0.9065689078125001 0.4404710140625 0.9080510046875 0.443670753125 0.9124761640625 0.4619763953125 0.9289903781250001 0.481596409375 0.9389296968749999 0.5025098640625 0.943493365625 0.5512361218749999 0.9353468359375 0.572212375 0.9363127828125 0.5589692281249999 0.83205779375 0.5509424265625 0.8309893625000001 0.531306146875 0.8348776171875001 0.5238210796875 0.8395068484375001 0.514082721875 0.8520298890625 0.504734646875 0.8724928796875 0.4984269828125 0.870267275 0.44414694218750006 0.80618163125 0.4581794171875 0.8683507578125 0.46124227500000003 0.8878513124999999
3 0.619385909375 0.7640540890625 0.6003867515625 0.7586980765625 0.585008796875 0.7473760140625 0.576849490625 0.7542677265625 0.5704457984375 0.755266603125 0.5706656406249999 0.7615220078125 0.5645636859375001 0.7778106515625 0.576533 0.8192719 0.5701145921874999 0.823390875 0.565302521875 0.8317073109375 0.572212375 0.9363127828125 0.6158665078125 0.9094838203125001 0.6280996453125 0.8959018765625 0.6448022531250001 0.8668030640625 0.6596297015625 0.8076813609375 0.656869290625 0.75964891875 0.649390178125 0.7397978234375 0.646313878125 0.7469387843749999 0.6340135484375 0.7607923484375 0.619385909375 0.7640540890625
6 0.3192642421875 0.8035517640625001 0.320180053125 0.8038883359375 0.3171048015625 0.7895584609374999 0.3183144046875 0.7759666109375 0.32579148281250003 0.765401225 0.41407666093750006 0.7489536890624999 0.4280866703125 0.7540600078125 0.4307423828125 0.75819828125 0.4444456828125 0.7441118343750001 0.45743534375 0.684329928125 0.455659425 0.67183646875 0.4453768171875 0.6611885171874999 0.3940955421875 0.647987828125 0.39078180625000003 0.6479299859375 0.3753852953125 0.643683075 0.3737925765625 0.6427614921875 0.35604847031250003 0.6381938515625001 0.3444647171875 0.644970634375 0.3372790953125 0.656809171875 0.309190403125 0.7809434953125 0.3114385734375 0.79494069375 0.3192642421875 0.8035517640625001
1 0.8315142124999999 0.49459479999999995 0.82990781875 0.48329394062500003 0.8228527765625 0.4741525390625 0.8072487359375 0.46396008593750004 0.7999553640625 0.44263987499999996 0.791998771875 0.4334827359375 0.7888433421875 0.43342765781250003 0.75251378125 0.44812455937499995 0.7255954250000001 0.466142125 0.7233415484375 0.46610278281250006 0.7150364671875 0.45107769375 0.70972158125 0.44557396718750003 0.6527294421875001 0.4815540203125 0.667804103125 0.5534134015625 0.685517059375 0.56229438125 0.6864712015625 0.5598428 0.6919248062500001 0.5511029078125 0.716003521875 0.5382705765625 0.7681686 0.53608884375 0.7981293593750001 0.5405875984375 0.8173764968749999 0.553671165625 0.814088028125 0.537127346875 0.81749524375 0.5227576078125 0.8290400218749999 0.5071771734375 0.8315142124999999 0.49459479999999995
3 0.45559763281250004 0.6318226359375 0.48345720625000005 0.6057878296875 0.49028600312500004 0.5944145515625 0.49777265000000004 0.57067624375 0.49899355625 0.52605370625 0.489866025 0.4918589765625 0.47351409375 0.46637850781249995 0.44218439531250003 0.43798449375 0.42994277500000005 0.43025650468750004 0.41500357499999996 0.4251335375 0.3969017703125 0.423933534375 0.38047494375 0.428066984375 0.3653120640625 0.4357586453125 0.3522891828125 0.4474658234375 0.3405148234375 0.463614978125 0.32951624687500003 0.48596593125 0.32434700156249996 0.5035564328125 0.320433990625 0.5251470281249999 0.32000205625 0.5498925140625001 0.32985909375 0.59294034375 0.3388147 0.611661434375 0.3483201734375 0.6242038640625001 0.359631746875 0.6345677296875001 0.3753852953125 0.643683075 0.39078180625000003 0.6479299859375 0.40668961875000004 0.6482076593749999 0.44096148125 0.634661290625 0.45559763281250004 0.6318226359375
6 0.8902112890625 0.62098466875 0.8998991125 0.6771629765625 0.899922178125 0.6789591640625 0.9106234453125 0.6788849796875 0.9164905125 0.6752564203125 0.9199071921875 0.669512328125 0.928716546875 0.639818340625 0.9277409203125 0.6244628828125001 0.9249122765625 0.6202679875 0.9137300125 0.6196582484375 0.8993336140625001 0.613188675 0.8960760765625 0.6098153984375 0.8913489171875 0.5956381125 0.8868336343750001 0.5930719843750001 0.8853129687499999 0.5925800171875 0.8902112890625 0.62098466875
6 0.3183144046875 0.7759666109375 0.3171048015625 0.7895584609374999 0.3431820609375 0.9110717812500001 0.3512494328125 0.9223946749999999 0.3618742046875 0.92646955 0.3730698453125 0.9256926156249999 0.3892275796875 0.9191681671874999 0.4473025953125 0.9065689078125001 0.458114009375 0.8999511390625001 0.46124227500000003 0.8878513124999999 0.4581794171875 0.8683507578125 0.44414694218750006 0.80618163125 0.4279522203125 0.7870613609375 0.4278757140625 0.7611451046875 0.4307423828125 0.75819828125 0.4280866703125 0.7540600078125 0.41407666093750006 0.7489536890624999 0.32579148281250003 0.765401225 0.3183144046875 0.7759666109375
5 0.8004389015625 0.63604681875 0.7652811515625 0.650894534375 0.7298976203125 0.6533691921875 0.704840928125 0.6463055125 0.69007253125 0.6319115953125001 0.6771708249999999 0.61180745625 0.6612725171875 0.61152995 0.659552290625 0.6088493984375 0.6589388484375001 0.5933772937499999 0.6753712765625 0.5883630734375 0.685517059375 0.56229438125 0.634925953125 0.5369288484375 0.6233205625 0.5492023046875001 0.6026223625 0.5851842296875 0.5933564328125 0.5877346718750001 0.5783810890625001 0.575539684375 0.577768584375 0.6417061859375 0.59836470625 0.653603934375 0.6012496406250001 0.6516938203125 0.6128460359375001 0.6493840468750001 0.6343127828124999 0.6572953203125 0.641715546875 0.6649611078125 0.6502601796875 0.68185894375 0.6567630234374999 0.684310178125 0.692413659375 0.7239878531249999 0.724590221875 0.7451620671875 0.7541879484375 0.7586971609375001 0.7979888328125 0.7665133765625 0.8756688171875 0.791194034375 0.8998816953125001 0.8024653921875 0.908416046875 0.8107509 0.9109948859375001 0.8183900187500001 0.9212980312499999 0.8185698609375001 0.9232573640625 0.7063198046875 0.9043914687499999 0.6994812671874999 0.9001290265625 0.695067378125 0.8998991125 0.6771629765625 0.8821663203125001 0.57433304375 0.8210464125 0.587154775 0.8246233000000001 0.591851784375 0.8249107515625 0.6006918859375 0.8207974203124999 0.6085716640625 0.821968109375 0.61742718125 0.816072884375 0.6261593640625 0.8004389015625 0.63604681875
6 0.8004389015625 0.63604681875 0.816072884375 0.6261593640625 0.821968109375 0.61742718125 0.8207974203124999 0.6085716640625 0.8249107515625 0.6006918859375 0.8246233000000001 0.591851784375 0.81814546875 0.583345384375 0.8237609515625 0.5653314796875 0.8221409359375 0.5569098718750001 0.7981293593750001 0.5405875984375 0.7681686 0.53608884375 0.716003521875 0.5382705765625 0.6919248062500001 0.5511029078125 0.6864712015625 0.5598428 0.6753712765625 0.5883630734375 0.6589388484375001 0.5933772937499999 0.659552290625 0.6088493984375 0.6612725171875 0.61152995 0.6771708249999999 0.61180745625 0.69007253125 0.6319115953125001 0.704840928125 0.6463055125 0.7298976203125 0.6533691921875 0.7652811515625 0.650894534375 0.8004389015625 0.63604681875
3 0.646313878125 0.7469387843749999 0.6546923687499999 0.7274899453125 0.6560037984375 0.7099275015625001 0.6509433359375 0.6832099515625 0.641715546875 0.6649611078125 0.6343127828124999 0.6572953203125 0.6128460359375001 0.6493840468750001 0.6012496406250001 0.6516938203125 0.5849836359375 0.6624635343749999 0.57365903125 0.649202471875 0.55711869375 0.6469040078125 0.5490032265625 0.6512842937500001 0.539751675 0.663181321875 0.5348278093750001 0.6862075296875 0.535834921875 0.7148640796875 0.5415204140625 0.7345584078125 0.5478747703125 0.7447180859375 0.555499821875 0.751737921875 0.5601814703125 0.75418179375 0.5608614796875 0.754435228125 0.570312271875 0.751467196875 0.5704457984375 0.755266603125 0.576849490625 0.7542677265625 0.585008796875 0.7473760140625 0.6003867515625 0.7586980765625 0.619385909375 0.7640540890625 0.6340135484375 0.7607923484375 0.646313878125 0.7469387843749999
1 0.5645636859375001 0.7778106515625 0.5706656406249999 0.7615220078125 0.570312271875 0.751467196875 0.56074003125 0.75447336875 0.5544508265625 0.7511903328125 0.49289306093749996 0.7025170046875 0.47352441562500003 0.6910725281250001 0.4687502 0.722192875 0.46539333593750004 0.7327117999999999 0.44457042343750003 0.7439836046875 0.4278757140625 0.7611451046875 0.4279522203125 0.7870613609375 0.4984269828125 0.870267275 0.504734646875 0.8724928796875 0.514082721875 0.8520298890625 0.5238210796875 0.8395068484375001 0.531306146875 0.8348776171875001 0.5509424265625 0.8309893625000001 0.564661325 0.8328154546875 0.5701145921874999 0.823390875 0.576533 0.8192719 0.5645636859375001 0.7778106515625