3 0.9284057796875 0.59042555625 0.9221952906249999 0.5694489734375 0.9145571 0.5542958515625 0.90989851875 0.5500820531249999 0.902602103125 0.5476608328125 0.8881344296875 0.5500464515625 0.8089896812499999 0.575242690625 0.7969653812499999 0.581419478125 0.7859914046875 0.5908049921875 0.78014293125 0.599730115625 0.7841708421875 0.6034360000000001 0.7888197984375 0.6059664484375 0.8130326484375001 0.59960014375 0.8367651859375 0.5944823671874999 0.8422894953125001 0.596941025 0.8451298312500001 0.6061894999999999 0.9131036281249999 0.5990608953125001 0.9300580999999999 0.6019809859375 0.9284057796875 0.59042555625
5 0.5619785671875 0.9454652859375001 0.56924153125 0.9452703187499999 0.593099465625 0.9302899171875 0.597480578125 0.9215290484375 0.6112024859375 0.9087641640624999 0.586094425 0.9096529671875 0.58063406875 0.9138527046875 0.5511464765625 0.9249479515625 0.55045043125 0.9254371796875001 0.5619785671875 0.9454652859375001
4 0.552280346875 0.59712506875 0.5890380046875 0.60079348125 0.620537025 0.6144952171875 0.6241702328125001 0.6270053421874999 0.6234410984375 0.6385276156249999 0.6239340140625 0.6385216359375 0.635086278125 0.6324046437499999 0.648072815625 0.618353996875 0.652316721875 0.611187525 0.6500699890625 0.6031406859375 0.64653084375 0.5895306578125 0.6500114890625001 0.5821519171875 0.649212728125 0.5754169203124999 0.642896346875 0.5769701890625 0.621679371875 0.5712733703125 0.6210006953125 0.57065526875 0.5198978265624999 0.553591040625 0.5269328078125 0.5622560796875 0.5301811125 0.569470234375 0.53144024375 0.583070590625 0.5252633828125 0.591655309375 0.5196840265625 0.595321125 0.520730328125 0.59937615 0.5231106921875 0.6008219375 0.529158028125 0.5956121609375 0.5431309296875 0.5995042796875001 0.552280346875 0.59712506875
4 0.6129183640625 0.5632942953125 0.6017900265625 0.553159178125 0.5915731484375 0.5305297953125 0.48957811093750003 0.5321365046875 0.4977831453125 0.53636965625 0.5068993484375001 0.545773121875 0.507357775 0.54754979375 0.5172243562500001 0.55029810625 0.5180511640625001 0.5513164921875 0.6129183640625 0.5632942953125
3 0.8581423625 0.7496644296875 0.8562421671875 0.7497775 0.8481731546875 0.7515211234375 0.852909703125 0.754715965625 0.8551438265625 0.7591110265625 0.8581423625 0.7496644296875
5 0.716711665625 0.9096403859375 0.72323121875 0.9095612828125 0.73684278125 0.9092917984375 0.73959378125 0.908162975 0.7409773234375 0.9061117890625001 0.74224959375 0.9034881468749999 0.74285421875 0.8974297734375 0.74293464375 0.8825620296875 0.745184125 0.83383009375 0.739282096875 0.8342298640625 0.726165540625 0.8242595234375001 0.685047940625 0.8522582249999999 0.5992975546875 0.8994980124999999 0.586094425 0.9096529671875 0.6149272703124999 0.9086323109375 0.6316236546875 0.90895136875 0.664793875 0.9084445765625 0.676226890625 0.9091926453125 0.7082522 0.9089084015625 0.716711665625 0.9096403859375
6 0.44621270781250005 0.74815640625 0.44859064843749996 0.7374289375 0.4480196796875 0.7247232921875 0.43832986093750004 0.7389941265625 0.437785075 0.7492649640625 0.43983782656250003 0.7576268749999999 0.44108025 0.7575118484375001 0.44538992187500004 0.7518681890625001 0.44621270781250005 0.74815640625
6 0.45625655781249996 0.789383715625 0.47865419062500003 0.8162448 0.49493359375 0.8027723 0.49311092968750003 0.80266648125 0.45792990624999996 0.785475253125 0.45534728125 0.7880300874999999 0.45625655781249996 0.789383715625
3 0.70618166875 0.740474059375 0.6947834171875 0.710392728125 0.694289328125 0.707850865625 0.6350426796875001 0.7083767171875001 0.6315451609375 0.71748550625 0.6299034671875 0.7430358312500001 0.6182772453125 0.7543068875000001 0.563958265625 0.7900966390625 0.5216681328125 0.8043244406250001 0.49493359375 0.8027723 0.475311090625 0.8190114796874999 0.470271234375 0.8344724140625001 0.47225017812500003 0.86948644375 0.480474484375 0.8952413390625 0.49540288749999994 0.9223748109375001 0.5125571015625 0.9388850921874999 0.533215246875 0.937551275 0.5511464765625 0.9249479515625 0.58063406875 0.9138527046875 0.5992975546875 0.8994980124999999 0.685047940625 0.8522582249999999 0.726165540625 0.8242595234375001 0.724374325 0.8228979593749999 0.7191516109375 0.8117162828125 0.7161193515625001 0.7935021859375 0.717956575 0.7794235875 0.7230038046875 0.76878665 0.728729359375 0.764223715625 0.721713746875 0.76066834375 0.70618166875 0.740474059375
6 0.6943957984375 0.5346518812500001 0.6934622546875 0.53615110625 0.69378264375 0.5404219484375 0.6879359578125 0.556056065625 0.674280584375 0.566955953125 0.671921834375 0.5707439937500001 0.6702964406249999 0.570136146875 0.6701225375 0.5702749578125 0.649212728125 0.5754169203124999 0.6500114890625001 0.5821519171875 0.64653084375 0.5895306578125 0.6500699890625 0.6031406859375 0.6603647640625 0.640012184375 0.6711868609375 0.6589087234375001 0.67223905625 0.65969375625 0.6869550375 0.6563121296875 0.6883445953125 0.6435179828125001 0.7026091609375 0.6286338859375 0.7888197984375 0.6059664484375 0.7841708421875 0.6034360000000001 0.7689354203125001 0.5894186296874999 0.761975125 0.5880907046875 0.7518104421875 0.5748749265625 0.7404973125 0.567244125 0.7319469203125 0.5577358640625001 0.7237786828125 0.5570895499999999 0.7179547390625001 0.5524130625 0.7065942109375001 0.5376424875 0.6943957984375 0.5346518812500001
6 0.6905465125 0.6554868359375 0.700492634375 0.709550459375 0.71915795625 0.7149665640625 0.7505356359375 0.7310285703125 0.7554999390625 0.7402274906249999 0.7578395140625 0.7423898828125 0.8710073312500001 0.7465869140625 0.6999516625 0.650067365625 0.69129585625 0.6553146421875 0.6905465125 0.6554868359375
6 0.6315451609375 0.71748550625 0.6350426796875001 0.7083767171875001 0.62717111875 0.7084465828125001 0.615684046875 0.6944125015625 0.6151658734375001 0.678871934375 0.6206256078125 0.671554153125 0.6392068156249999 0.6672843265624999 0.6403922203125 0.6641019 0.637562925 0.6526369953125 0.6232849921875 0.640994509375 0.6241702328125001 0.6270053421874999 0.620537025 0.6144952171875 0.5890380046875 0.60079348125 0.552280346875 0.59712506875 0.5431309296875 0.5995042796875001 0.529158028125 0.5956121609375 0.521468434375 0.6022367421875 0.52265811875 0.60684745 0.5423028750000001 0.7104106578125 0.5431461046875 0.7447449625 0.54014173125 0.746786625 0.51785015 0.75209145 0.5056264890625 0.7292011921875 0.495079375 0.7249347687500001 0.489227415625 0.7173262499999999 0.47260685625 0.7118109328125 0.4703963328125 0.7054381515625 0.44810916250000005 0.702018865625 0.447145475 0.7052697203125 0.44859064843749996 0.7374289375 0.44538992187500004 0.7518681890625001 0.44108025 0.7575118484375001 0.43517901718749996 0.758058190625 0.4317857796875 0.76532594375 0.4235365296875 0.7723361234375 0.43451748125 0.7948321125 0.45188362031249996 0.7914564765625001 0.45792990624999996 0.785475253125 0.49311092968750003 0.80266648125 0.5216681328125 0.8043244406250001 0.563958265625 0.7900966390625 0.6182772453125 0.7543068875000001 0.6299034671875 0.7430358312500001 0.6315451609375 0.71748550625
6 0.7873625640624999 0.7566660921875 0.7710476374999999 0.7477669578125 0.7630256078125 0.7465766390625 0.7551611640625 0.7564374578125 0.733124653125 0.760720921875 0.7230038046875 0.76878665 0.717956575 0.7794235875 0.7161193515625001 0.7935021859375 0.7191516109375 0.8117162828125 0.724374325 0.8228979593749999 0.739282096875 0.8342298640625 0.7633588375 0.8325990375 0.7861832421875 0.8454413234375 0.7966573234375 0.8444217734375 0.8067506515625 0.8414434234374999 0.8470023890625 0.8158321765625001 0.85970820625 0.8001491390625001 0.8626062593749999 0.7889135546875 0.8611382890625 0.7709035937500001 0.852909703125 0.754715965625 0.8481731546875 0.7515211234375 0.8081605406250001 0.760167396875 0.7873625640624999 0.7566660921875
3 0.5172243562500001 0.55029810625 0.507357775 0.54754979375 0.5196840265625 0.595321125 0.5252633828125 0.591655309375 0.53144024375 0.583070590625 0.5301811125 0.569470234375 0.5269328078125 0.5622560796875 0.5172243562500001 0.55029810625
3 0.7545919328124999 0.7331049609375 0.7505356359375 0.7310285703125 0.7554999390625 0.7402274906249999 0.7622438218750001 0.7464606359375 0.7710476374999999 0.7477669578125 0.7873625640624999 0.7566660921875 0.8081605406250001 0.760167396875 0.8776637859375 0.74514853125 0.9346076578125 0.7250269359375 0.9424966937500001 0.716452375 0.9435394671875 0.7129646890625 0.93486645625 0.7174583421875 0.787833246875 0.7335256718750001 0.7545919328124999 0.7331049609375
5 0.5431461046875 0.7447449625 0.5423028750000001 0.7104106578125 0.52265811875 0.60684745 0.5068993484375001 0.545773121875 0.4977831453125 0.53636965625 0.48957811093750003 0.5321365046875 0.4863160390625 0.5321878921875001 0.4681560703125 0.5489310390625 0.44589080000000003 0.549371846875 0.42581082343750004 0.54355719375 0.39965631875 0.55398590625 0.398289025 0.5819474296875 0.4108767203125 0.6067104875 0.4242440296875 0.6429833734375 0.426178284375 0.700428340625 0.427751746875 0.703523721875 0.44385256406250007 0.701365821875 0.4703963328125 0.7054381515625 0.47260685625 0.7118109328125 0.489227415625 0.7173262499999999 0.495079375 0.7249347687500001 0.5056264890625 0.7292011921875 0.51785015 0.75209145 0.54014173125 0.746786625 0.5431461046875 0.7447449625
1 0.6557716453125 0.46035703906250003 0.664921628125 0.46652878124999997 0.68160585 0.494619303125 0.690845821875 0.51992633125 0.7002388390625 0.5181005140625 0.6904317015625 0.191499503125 0.604341959375 0.19320390781250002 0.45124079375 0.22296375937500001 0.45421956718749995 0.3791235328125 0.48397941875 0.5322247 0.5915731484375 0.5305297953125 0.5911139765625 0.5295127749999999 0.5895256390625 0.5069058937500001 0.60004228125 0.4768017203125 0.612072328125 0.466512996875 0.6306614453125 0.45869064687499994 0.6444434015625 0.457414703125 0.6557716453125 0.46035703906250003
3 0.9401312656249999 0.612576803125 0.9318759906249999 0.602294084375 0.9131036281249999 0.5990608953125001 0.773304890625 0.6137219843749999 0.7444672421874999 0.6230813671875 0.69129585625 0.6553146421875 0.6206256078125 0.671554153125 0.6151658734375001 0.678871934375 0.615684046875 0.6944125015625 0.62717111875 0.7084465828125001 0.694625115625 0.707847884375 0.71915795625 0.7149665640625 0.7545919328124999 0.7331049609375 0.787833246875 0.7335256718750001 0.93486645625 0.7174583421875 0.9445293609375 0.71245180625 0.95245140625 0.6952706265625 0.9542783578125 0.6692637890625 0.9466612281250001 0.6300770546875001 0.9401312656249999 0.612576803125
6 0.6306614453125 0.45869064687499994 0.612072328125 0.466512996875 0.60004228125 0.4768017203125 0.5895256390625 0.5069058937500001 0.5911139765625 0.5295127749999999 0.6017900265625 0.553159178125 0.621679371875 0.5712733703125 0.642896346875 0.5769701890625 0.6701225375 0.5702749578125 0.6879359578125 0.556056065625 0.69378264375 0.5404219484375 0.6926069578125 0.5247498421875 0.68160585 0.494619303125 0.664921628125 0.46652878124999997 0.6557716453125 0.46035703906250003 0.6444434015625 0.457414703125 0.6306614453125 0.45869064687499994