3 0.9325511734375 0.5678806046875 0.9252513640625001 0.5472578015625 0.9168305890624999 0.5325251984375 0.911957859375 0.5285609874999999 0.9045447265625001 0.5265249484375001 0.890221734375 0.5296644781250001 0.8125041187500001 0.558968303125 0.8008195671875 0.565765928125 0.7903518296875001 0.5757129125 0.7849784765625001 0.584931890625 0.78919481875 0.5884218921875 0.7939698374999999 0.590705565625 0.8178163156249999 0.58308078125 0.8412484859375 0.576727953125 0.8468939000000001 0.578894121875 0.850214371875 0.587981271875 0.9177219296875 0.5773049625 0.9348059921875 0.5793337234375 0.9325511734375 0.5678806046875
5 0.5852074796875 0.9416110828124999 0.5924502859375 0.9410362703124999 0.6154915109375 0.9248277703125 0.6194081109375 0.91584961875 0.6324431500000001 0.9023840796875 0.6074160156249999 0.9045857187499999 0.6021829390625 0.9090654718750001 0.5733164390625001 0.921688775 0.5726469515625 0.9222137609375001 0.5852074796875 0.9416110828124999
4 0.5572918328124999 0.5942558203125 0.5941911046875 0.5959954578125 0.6263640500000001 0.6080298843749999 0.6306470078124999 0.6203327171875 0.6305219015625 0.6318773609375 0.6310138296875001 0.6318455921874999 0.6418306703125001 0.62515331875 0.65406405625 0.6104422656249999 0.6579270828125 0.6030635046875 0.6552622890625 0.5951452781250001 0.6510157015625 0.581739128125 0.654105403125 0.5741883359375 0.6529552546875 0.5675043734375 0.646728821875 0.5693860875000001 0.6252427734375 0.5648074875 0.6245326796875 0.5642257500000001 0.5226752953125 0.5524762234375 0.5301541296875001 0.56076120625 0.533775540625 0.5677954703125 0.5357447343749999 0.581311290625 0.530025628125 0.590207515625 0.524645771875 0.5941603078125001 0.5259028640625 0.5981550171875 0.5283556328125 0.5994742453125 0.534122021875 0.593955115625 0.548279471875 0.5971106140625 0.5572918328124999 0.5942558203125
4 0.6160761796875 0.5572978625 0.6044326640625 0.547759046875 0.5930454578125001 0.5256953875 0.49127428906250004 0.532637903125 0.4996896234375 0.536435834375 0.5092854734375 0.5453493078125 0.5098362562500001 0.5470995515625 0.51983315 0.5493277203125 0.5207121234375001 0.5503014390625001 0.6160761796875 0.5572978625
3 0.8707179671875 0.7305785499999999 0.86882629375 0.7307909140625 0.8608595937500001 0.7329544484375 0.86575685625 0.7358970203124999 0.8682179375000001 0.7401691328125 0.8707179671875 0.7305785499999999
5 0.7378535921875 0.8977371749999999 0.7443600703125 0.8973169734375 0.7579388734375 0.8963354859375 0.7606270265624999 0.8950642328124999 0.761901321875 0.8929434484375 0.7630345375 0.890256815625 0.7633212625 0.884175103125 0.762623459375 0.8693235250000001 0.7623194265625 0.8205406453125 0.756446409375 0.8212487562499999 0.742826021875 0.811978546875 0.703230109375 0.8420908062500001 0.62006958125 0.89375368125 0.6074160156249999 0.9045857187499999 0.6361559296875 0.9020574671875 0.6528461296875 0.901502265625 0.68594436875 0.8992601718750001 0.6974008656249999 0.8994088578125 0.729367409375 0.897448928125 0.7378535921875 0.8977371749999999
6 0.459273925 0.7506313265625 0.46108717343750005 0.7397941078125 0.4598520265625 0.72713575625 0.45092236406249997 0.7418941593749999 0.4509158578125 0.7521794328125 0.453403425 0.76042245 0.45463812656249997 0.760242559375 0.4586465265625 0.7543810828125 0.459273925 0.7506313265625
6 0.4714616796875 0.7912764812499999 0.49523441874999996 0.8169285515625001 0.5107864156249999 0.8026225171875 0.5089607109375 0.8026122328125 0.4729281828125 0.787285796875 0.47048280625 0.7899722953125 0.4714616796875 0.7912764812499999
3 0.71848454375 0.7293537828125001 0.705527578125 0.6999102171875 0.7049011359375 0.6973976953125 0.645763203125 0.70102355625 0.6427471953125 0.7103029078125 0.6424449515624999 0.7359041359375 0.63142454375 0.7477682156250001 0.5790530984375 0.7863517546875001 0.5375655484374999 0.802773353125 0.5107864156249999 0.8026225171875 0.492040696875 0.819866403125 0.4878169109375 0.8355699156249999 0.49162563437499995 0.8704323890625 0.5011865765625 0.8957215609375 0.5175145765625 0.9220365546875 0.5355093640625 0.937626428125 0.556069390625 0.9352132750000001 0.5733164390625001 0.921688775 0.6021829390625 0.9090654718750001 0.62006958125 0.89375368125 0.703230109375 0.8420908062500001 0.742826021875 0.811978546875 0.7409660015624999 0.8107125953125 0.735165240625 0.7998195765625 0.7311838859375 0.7817891390625 0.7322817749999999 0.76763368125 0.7367653921875 0.7567471703125 0.7422442953124999 0.7518908375 0.7350522234375 0.7487075062499999 0.71848454375 0.7293537828125001
6 0.695942925 0.5244305015624999 0.6950891234375 0.5259765296875 0.6956325921875 0.5302247515625 0.690612146875 0.546143434375 0.6775459421875001 0.5577430515625 0.6753886765625 0.561649346875 0.6737336968750001 0.5611273999999999 0.6735672984375001 0.561275121875 0.6529552546875 0.5675043734375 0.654105403125 0.5741883359375 0.6510157015625 0.581739128125 0.6552622890625 0.5951452781250001 0.6674726609375 0.631427459375 0.6792688953125 0.6497317171875 0.680360734375 0.65046060625 0.6948795671875 0.6463134390625 0.6955976265625 0.633464103125 0.7090636703125 0.6178538546875 0.7939698374999999 0.590705565625 0.78919481875 0.5884218921875 0.7732466640625 0.5752210921875001 0.7662264078125001 0.5742592609375 0.7553839953125 0.5615935734375 0.7436870046874999 0.5545653125000001 0.73465070625 0.5455175765625 0.7264598390625 0.5452996406249999 0.7203991265624999 0.5409343625 0.7082811375 0.5267785953125 0.695942925 0.5244305015624999
6 0.6984229281250001 0.6453013125 0.711184890625 0.698770303125 0.7301080890625 0.7032021187499999 0.7622833859375 0.71759993125 0.7677223203125 0.726526434375 0.7701718609375 0.7285634187500001 0.8834042406249999 0.726831953125 0.7075315546875001 0.6393970421875 0.69916223125 0.6450901375 0.6984229281250001 0.6453013125
6 0.6427471953125 0.7103029078125 0.645763203125 0.70102355625 0.6379060859375 0.7015052921875 0.6257002703125 0.6880916312500001 0.6243694765625001 0.6725994796875 0.6294387453125 0.6650059875000001 0.6477710234375 0.659769546875 0.6487882484374999 0.6565294421875 0.645362803125 0.6452283234375 0.6304951171875001 0.6343490421875 0.6306470078124999 0.6203327171875 0.6263640500000001 0.6080298843749999 0.5941911046875 0.5959954578125 0.5572918328124999 0.5942558203125 0.548279471875 0.5971106140625 0.534122021875 0.593955115625 0.5267896703125 0.600973059375 0.5282190296875 0.6055151859375 0.55325694375 0.7079083359375 0.5558959359375 0.74215145625 0.55300253125 0.7443475562499999 0.5310191343749999 0.7508117624999999 0.5176142421875001 0.7285926125 0.50685829375 0.7248840296875 0.50061615625 0.7175922046875 0.483729725 0.7129543 0.4811887046875 0.7067059421875 0.458753128125 0.7044577624999999 0.45796089687499997 0.7077545984375 0.46108717343750005 0.7397941078125 0.4586465265625 0.7543810828125 0.45463812656249997 0.760242559375 0.448773575 0.7610969984375 0.4457653515625 0.7685323796875 0.4378942921875 0.775964684375 0.45003754375 0.7978551453125 0.467203215625 0.7935752625 0.4729281828125 0.787285796875 0.5089607109375 0.8026122328125 0.5375655484374999 0.802773353125 0.5790530984375 0.7863517546875001 0.63142454375 0.7477682156250001 0.6424449515624999 0.7359041359375 0.6427471953125 0.7103029078125
6 0.8004016078125 0.7412749453125 0.7836432953125 0.7332418640625 0.7755699640625 0.7324730171875 0.7682323734375001 0.7427319156250001 0.74645024375 0.7481628109375 0.7367653921875 0.7567471703125 0.7322817749999999 0.76763368125 0.7311838859375 0.7817891390625 0.735165240625 0.7998195765625 0.7409660015624999 0.8107125953125 0.756446409375 0.8212487562499999 0.7804048031249999 0.8183600859375 0.8038700390625 0.8299902343750001 0.8142764078125 0.8284239109374999 0.824200028125 0.8249213984375 0.8630562140625001 0.7972386375 0.87492383125 0.7809121218749999 0.8772298875000001 0.7695402625 0.874821359375 0.7516318125 0.86575685625 0.7358970203124999 0.8608595937500001 0.7329544484375 0.8213543265625001 0.7436829703125001 0.8004016078125 0.7412749453125
3 0.51983315 0.5493277203125 0.5098362562500001 0.5470995515625 0.524645771875 0.5941603078125001 0.530025628125 0.590207515625 0.5357447343749999 0.581311290625 0.533775540625 0.5677954703125 0.5301541296875001 0.56076120625 0.51983315 0.5493277203125
3 0.7664427953125 0.7194611859375 0.7622833859375 0.71759993125 0.7677223203125 0.726526434375 0.7747831796875 0.7323980890625 0.7836432953125 0.7332418640625 0.8004016078125 0.7412749453125 0.8213543265625001 0.7436829703125001 0.88997629375 0.7250471671875001 0.94578904375 0.7019729375 0.953218509375 0.692997246875 0.9540773218749999 0.6894597671875 0.9456513765624999 0.694401171875 0.7996605703124999 0.7181416046875 0.7664427953125 0.7194611859375
5 0.5558959359375 0.74215145625 0.55325694375 0.7079083359375 0.5282190296875 0.6055151859375 0.5092854734375 0.5453493078125 0.4996896234375 0.536435834375 0.49127428906250004 0.532637903125 0.4880193765625 0.53285994375 0.4707605640625 0.5505305640625 0.4485488765625 0.5521360421875 0.4281921046875 0.5473802609375 0.402619240625 0.559163503125 0.4027172140625 0.5871582656250001 0.41658365625 0.611228596875 0.43183102343749996 0.6467521796875 0.4367690640625 0.704017190625 0.43850236875000004 0.7070259812499999 0.45446818437500003 0.7040283859375001 0.4811887046875 0.7067059421875 0.483729725 0.7129543 0.50061615625 0.7175922046875 0.50685829375 0.7248840296875 0.5176142421875001 0.7285926125 0.5310191343749999 0.7508117624999999 0.55300253125 0.7443475562499999 0.5558959359375 0.74215145625
1 0.6534834140625 0.4522589109375 0.662943859375 0.45794332187500003 0.6810753625 0.4851221625 0.6916271375 0.509910925 0.7009117265625 0.5075960171875 0.674025053125 0.1819558671875 0.5881424953125001 0.188163525 0.436808659375 0.22589528749999999 0.447956121875 0.381685153125 0.48568788593749995 0.5330189890625 0.5930454578125001 0.5256953875 0.5925336875 0.524703790625 0.5897643734375 0.5022110203125 0.5986910734374999 0.47159770312499993 0.6101661625 0.46069347812499994 0.6283204140625 0.45190896875000003 0.6420167046875 0.44991348125 0.6534834140625 0.4522589109375
3 0.9454198968749999 0.5893878296875 0.9366377781249999 0.5795512515625 0.9177219296875 0.5773049625 0.778882084375 0.599262459375 0.7505737890625 0.6101182609375 0.69916223125 0.6450901375 0.6294387453125 0.6650059875000001 0.6243694765625001 0.6725994796875 0.6257002703125 0.6880916312500001 0.6379060859375 0.7015052921875 0.70523630625 0.6973771453125 0.7301080890625 0.7032021187499999 0.7664427953125 0.7194611859375 0.7996605703124999 0.7181416046875 0.9456513765624999 0.694401171875 0.9550390171875 0.6888957796875 0.9620510124999999 0.6713235375 0.9625143671874999 0.6452567265625 0.9528568015625 0.6065223468750001 0.9454198968749999 0.5893878296875
6 0.6283204140625 0.45190896875000003 0.6101661625 0.46069347812499994 0.5986910734374999 0.47159770312499993 0.5897643734375 0.5022110203125 0.5925336875 0.524703790625 0.6044326640625 0.547759046875 0.6252427734375 0.5648074875 0.646728821875 0.5693860875000001 0.6735672984375001 0.561275121875 0.690612146875 0.546143434375 0.6956325921875 0.5302247515625 0.693638303125 0.5146356546875 0.6810753625 0.4851221625 0.662943859375 0.45794332187500003 0.6534834140625 0.4522589109375 0.6420167046875 0.44991348125 0.6283204140625 0.45190896875000003