3 0.8175034531250001 0.6604718593750001 0.8185269125 0.6700923765625 0.886612040625 0.67606475625 0.90269783125 0.6821662625 0.9032807500000001 0.6705078609374999 0.9011868843749999 0.648731659375 0.8965803812500001 0.6323995078125 0.8928114218750001 0.6273742296875 0.886111053125 0.623605271875 0.87145399375 0.6231864984375 0.7889556875 0.63281828125 0.775973721875 0.6365872390625 0.763410528125 0.64370638125 0.7559665140625 0.651351584375 0.7592133046875 0.6557579421875 0.7632940140625 0.6591289625 0.788276753125 0.657499653125 0.8125497749999999 0.6570042859375 0.8175034531250001 0.6604718593750001
5 0.50634715625 0.9185540796874999 0.500185775 0.9216347703125001 0.46912287968750005 0.92689966875 0.4683462734375 0.927247096875 0.47584106249999997 0.9491069015625 0.48300778749999995 0.95030135625 0.5092857796875 0.9401484953124999 0.5152580515625 0.9323845437499999 0.5311635031249999 0.9224724500000001 0.50634715625 0.9185540796874999
4 0.501387590625 0.6015058640625 0.5034483515625 0.6033792828125 0.510378653125 0.5994191109375 0.52335218125 0.605905875 0.5327874734375 0.60531616875 0.5681698234375 0.6159308734375 0.596475703125 0.635391165625 0.5976551140625 0.6483646937499999 0.594740821875 0.6595361453125 0.5952258234375 0.6596243281249999 0.607340365625 0.655747675 0.62276929375 0.6444331265625001 0.6283026546875 0.638208096875 0.627632609375 0.6298804046875001 0.6267554046875 0.6158451312500001 0.6315800312500001 0.609266096875 0.63208104375 0.6025024296875 0.6255843343749999 0.6028219390625 0.605844178125 0.593181396875 0.6052959109375 0.592445153125 0.5093065953125 0.55640310625 0.5145589562499999 0.5662512828125 0.5163710546875 0.5739526984375 0.51501198125 0.5875434312500001 0.507310565625 0.5947918234375 0.501134246875 0.597325696875 0.501387590625 0.6015058640625
4 0.4980386640625 0.5462485984375001 0.4981496640625 0.5480801 0.507310565625 0.5526605499999999 0.5079278656249999 0.5538179875 0.5987666140625 0.5836772406249999 0.5897766078125 0.571604946875 0.5840653328125 0.5474418578125 0.48363765625 0.5295574765625 0.4908842171875 0.535278446875 0.4980386640625 0.5462485984375001
3 0.8020372015625 0.8131625937500001 0.793783740625 0.8133345421874999 0.7978236609375 0.8173744624999999 0.79917811875 0.8221150640625 0.803924059375 0.8134141749999999 0.8020372015625 0.8131625937500001
5 0.5511737578125 0.9265527578125001 0.5838312484375 0.932384453125 0.59491146875 0.9353003 0.62640261875 0.9411319953125 0.6345669921875 0.9434646734375001 0.64098185625 0.9446310125 0.6543947546875 0.9469636890625001 0.6573106015625 0.9463805203125 0.659060109375 0.9446310125 0.66080961875 0.942298334375 0.6625591265625 0.9364666390625 0.6654749734375 0.921887403125 0.6769816171875 0.8744800312500001 0.6711117468750001 0.873746296875 0.660138609375 0.8614563828125 0.6144340500000001 0.8810950609375 0.5212453640625 0.911104975 0.50634715625 0.9185540796874999 0.5348450125 0.9230537421875 0.5511737578125 0.9265527578125001
6 0.391366140625 0.732814096875 0.39178565 0.741414059375 0.3930271953125 0.7415382125 0.39833454687500003 0.7368205671875 0.3998504578125 0.7333339750000001 0.40423160625000004 0.7232573328125 0.40609547968750004 0.7106761796875001 0.3938606859375 0.7228359140625 0.391366140625 0.732814096875
6 0.43725500000000006 0.7962428046875 0.4354860140625 0.7957911484375 0.40423160625000004 0.772202915625 0.4012089453125 0.7742180234375 0.40184323125 0.7757202796875 0.4187040203125 0.8063615203125 0.43725500000000006 0.7962428046875
3 0.660635565625 0.8158778640625 0.6676196859375 0.8063994140625 0.6741106953125 0.8030128015625 0.6679023765625 0.798184109375 0.6565089171875 0.775397190625 0.651059871875 0.74369365 0.651059871875 0.7411042109375 0.5928014125 0.7303156078125 0.587630115625 0.738589684375 0.5811433515625 0.763357328125 0.5675801171875 0.772202915625 0.5074301234374999 0.7969705593749999 0.46320218750000003 0.80286761875 0.43725500000000006 0.7962428046875 0.41489443593750003 0.8084394749999999 0.406997090625 0.8226546984375 0.4022586828125 0.857403021875 0.40541762031250006 0.8842539984375 0.41489443593750003 0.9137374250000001 0.42858316875 0.9332175453125 0.4491162703125 0.93584999375 0.46912287968750005 0.92689966875 0.500185775 0.9216347703125001 0.5212453640625 0.911104975 0.6144340500000001 0.8810950609375 0.660138609375 0.8614563828125 0.6586401015625001 0.8597780546875 0.6556469078125 0.847805275 0.6561457734375 0.829347240625 0.660635565625 0.8158778640625
6 0.7166688796875 0.600932653125 0.7087740390625 0.5987396406250001 0.7039494125 0.5930378109375 0.69561596875 0.5763709234375 0.684212309375 0.5711076953124999 0.6830098515625 0.5724012468749999 0.6825094390625 0.5766547546874999 0.67378704375 0.5908860296875 0.6583027609375 0.5989800875 0.65526455625 0.6022484593749999 0.6537850078125 0.6013416406250001 0.6535878140625 0.60144471875 0.63208104375 0.6025024296875 0.6315800312500001 0.609266096875 0.6267554046875 0.6158451312500001 0.627632609375 0.6298804046875001 0.6307028265625 0.66803880625 0.6377204625 0.688653115625 0.638603534375 0.68962449375 0.6536943859375001 0.6891129390625 0.657499653125 0.676818996875 0.6743421578125 0.6649301703125 0.7632940140625 0.6591289625 0.7592133046875 0.6557579421875 0.746932440625 0.6390910546875 0.7403534046875 0.636459440625 0.7328971656250001 0.6215469609375 0.723247915625 0.6118977109375 0.7166688796875 0.600932653125
6 0.7068521062500001 0.787134596875 0.8171398796875 0.8128479546875 0.6676437843749999 0.68546278125 0.65814578125 0.6889620453124999 0.65737735 0.68898809375 0.6568249078124999 0.743956225 0.6741138531249999 0.7528343328125 0.7018502609375 0.774588378125 0.70496811875 0.7845655218750001 0.7068521062500001 0.787134596875
6 0.46320218750000003 0.80286761875 0.5074301234374999 0.7969705593749999 0.5675801171875 0.772202915625 0.5811433515625 0.763357328125 0.587630115625 0.738589684375 0.5928014125 0.7303156078125 0.58506114375 0.728882225 0.5764629515624999 0.7129141531250001 0.5789195781250001 0.6975602375000001 0.5856753 0.691418671875 0.604729840625 0.6907727546875 0.6065007015625 0.6878749843749999 0.6059109953124999 0.6760808671875 0.5941168796875 0.661927928125 0.5976551140625 0.6483646937499999 0.596475703125 0.635391165625 0.5681698234375 0.6159308734375 0.5327874734375 0.60531616875 0.52335218125 0.605905875 0.510378653125 0.5994191109375 0.501566309375 0.6044547359375 0.5018543703125 0.609207734375 0.5013774062499999 0.714616590625 0.4956538484375 0.7484809734375 0.49231510624999997 0.7499118625000001 0.4694208765625 0.7508657890625 0.461789465625 0.7260637062499999 0.452250203125 0.7198631843750001 0.44795753437499997 0.7112778484375 0.43269471406250004 0.7026925109375 0.4317407875 0.6960150281249999 0.4105155265625 0.688405971875 0.40894925156250006 0.69141321875 0.40423160625000004 0.7232573328125 0.39833454687500003 0.7368205671875 0.3930271953125 0.7415382125 0.38713013749999997 0.7409485078125 0.382412490625 0.7474352718749999 0.372977196875 0.7527426234375 0.3794639609375 0.7769205625 0.39715513593749996 0.7769205625 0.40423160625000004 0.772202915625 0.4354860140625 0.7957911484375 0.46320218750000003 0.80286761875
6 0.80281231875 0.834834765625 0.7978236609375 0.8173744624999999 0.793783740625 0.8133345421874999 0.752856484375 0.8141871921874999 0.7331087046875 0.8067817749999999 0.7187915640625 0.7949331078124999 0.7111440453125 0.7922339828125 0.7015425609375 0.8004130249999999 0.6790936000000001 0.8004130249999999 0.6676196859375 0.8063994140625 0.660635565625 0.8158778640625 0.6561457734375 0.829347240625 0.6556469078125 0.847805275 0.6586401015625001 0.8597780546875 0.6711117468750001 0.873746296875 0.6950573062500001 0.8767394921875 0.7150119375 0.8937009296875 0.7254881203125 0.8946986609375 0.7359643015625 0.8937009296875 0.7803633578125 0.8762406265625 0.7958281984375 0.863270115625 0.80081685625 0.8527939343750001 0.80281231875 0.834834765625
3 0.507310565625 0.5947918234375 0.51501198125 0.5875434312500001 0.5163710546875 0.5739526984375 0.5145589562499999 0.5662512828125 0.507310565625 0.5526605499999999 0.4981496640625 0.5480801 0.501134246875 0.597325696875 0.507310565625 0.5947918234375
3 0.8930657234374999 0.796907884375 0.8947548187500001 0.7936832484375 0.8853837265625 0.7964394515625 0.737986140625 0.7841563203125 0.7054358390625 0.777400596875 0.7018502609375 0.774588378125 0.70496811875 0.7845655218750001 0.7103987578125001 0.791970940625 0.7187915640625 0.7949331078124999 0.7331087046875 0.8067817749999999 0.752856484375 0.8141871921874999 0.82394849375 0.8127061093749999 0.8836855281249999 0.8038196078125001 0.8930657234374999 0.796907884375
5 0.452250203125 0.7198631843750001 0.461789465625 0.7260637062499999 0.4694208765625 0.7508657890625 0.49231510624999997 0.7499118625000001 0.4956538484375 0.7484809734375 0.5013774062499999 0.714616590625 0.5018543703125 0.609207734375 0.4980386640625 0.5462485984375001 0.4908842171875 0.535278446875 0.48363765625 0.5295574765625 0.48042571250000005 0.5289854875 0.45940465 0.5419559296875 0.43746434531249995 0.538140225 0.4188627828125 0.5286009625 0.39119891875 0.53384755625 0.3845214359375 0.56103445625 0.3921528453125 0.5877443921875 0.39835336718750003 0.6259014453125 0.3892910671875 0.6826600593750001 0.39024499375 0.6859988015625 0.406461740625 0.686952728125 0.4317407875 0.6960150281249999 0.43269471406250004 0.7026925109375 0.44795753437499997 0.7112778484375 0.452250203125 0.7198631843750001
1 0.6026306640625 0.49631690468749995 0.616402865625 0.48851265625 0.6361430234375 0.48438099531249995 0.6499152265625 0.48575821562500004 0.660473915625 0.4908080234375 0.6682781624999999 0.498612271875 0.679295925 0.5293701921875 0.6835373234375 0.555975328125 0.693106146875 0.555975328125 0.7457976046875 0.23350360781249999 0.6609643578125 0.21875 0.50499764375 0.21875 0.478125 0.37260905625 0.478125 0.5285757703125 0.5840653328125 0.5474418578125 0.583808653125 0.5463559078125 0.5865630937499999 0.5238613109375 0.6026306640625 0.49631690468749995
3 0.8958243890625001 0.79336866875 0.9068792078125 0.778014753125 0.9136349312500001 0.7528343328125 0.9136349312500001 0.7129141531250001 0.9105641484375001 0.6944894546875 0.9044225812500001 0.682820478125 0.886612040625 0.67606475625 0.7465843328124999 0.6637816234375 0.7164906578125 0.6674665640625 0.65814578125 0.6889620453124999 0.5856753 0.691418671875 0.5789195781250001 0.6975602375000001 0.5764629515624999 0.7129141531250001 0.58506114375 0.728882225 0.6513900578125 0.74116535625 0.6741138531249999 0.7528343328125 0.7054358390625 0.777400596875 0.737986140625 0.7841563203125 0.8853837265625 0.7964394515625 0.8958243890625001 0.79336866875
6 0.679295925 0.5293701921875 0.6682781624999999 0.498612271875 0.660473915625 0.4908080234375 0.6499152265625 0.48575821562500004 0.6361430234375 0.48438099531249995 0.616402865625 0.48851265625 0.6026306640625 0.49631690468749995 0.5865630937499999 0.5238613109375 0.583808653125 0.5463559078125 0.5897766078125 0.571604946875 0.605844178125 0.593181396875 0.6255843343749999 0.6028219390625 0.6535878140625 0.60144471875 0.67378704375 0.5908860296875 0.6825094390625 0.5766547546874999 0.6843457328125 0.5610462578125001 0.679295925 0.5293701921875