3 0.7719624578125 0.631429034375 0.7702501875000001 0.6294914656249999 0.764090421875 0.6294914656249999 0.7559754296875 0.6316736484375001 0.74075808125 0.6526630953125 0.7344612484375 0.6558115109375 0.7272676125 0.657495128125 0.7310254031250001 0.6848565390625 0.731013234375 0.68489575 0.7663503203124999 0.6739057468749999 0.7762268265625 0.6416264359375 0.7719624578125 0.631429034375
3 0.634537421875 0.4980258453125 0.6287663765625 0.5142183921875 0.63273659375 0.511358128125 0.6350183265625 0.49994946249999994 0.634537421875 0.4980258453125
1 0.8914066234375 0.8315343765625001 0.9168803000000001 0.76727988125 0.8749510562499999 0.794468375 0.84303840625 0.810956578125 0.833924303125 0.8118245875 0.833924303125 0.8146263796875 0.8314389156249999 0.8163209625000001 0.8313371 0.8173391078125001 0.8215968312499999 0.8230314734374999 0.8209662218749999 0.823461434375 0.8207495859374999 0.8235266171875001 0.79038253125 0.841273596875 0.7350672703125001 0.8556342890625 0.7123316125 0.8667248546874999 0.8144652375 0.9842334359375 0.826302375 0.9824578640625001 0.8351802265625 0.9641103031249999 0.8452417921875 0.9617428765625 0.8914066234375 0.8315343765625001
5 0.689416715625 0.333128053125 0.573337096875 0.30143526249999997 0.567697846875 0.3127137640625 0.5512903109375 0.398480428125 0.6349250515625 0.44633114999999995 0.6491572125 0.45700527031249993 0.6389779015625 0.48556663437500003 0.651165109375 0.49025402187499995 0.6526024484375 0.48529520000000004 0.6614682421875 0.470755296875 0.6613034375 0.470096075 0.6655451671875 0.448887421875 0.6726451265625 0.445621440625 0.6670528078125 0.43412611874999996 0.6659904484375 0.4208466234375 0.6667988312500001 0.4174514109375 0.6658475203124999 0.4141218234375 0.6720893609374999 0.3738335828125 0.689416715625 0.333128053125
5 0.6940284671875 0.60515448125 0.691470103125 0.6037590109375001 0.6946026765625 0.6241207375 0.6873231265624999 0.6380732078125 0.6855032390625 0.6853902796875 0.688362225 0.6981604171875 0.731013234375 0.68489575 0.7310254031250001 0.6848565390625 0.722823446875 0.6251360484374999 0.7217740828125 0.6245064296875 0.7167890453125 0.6161980359375 0.7164339890625 0.6115822953125 0.6940284671875 0.60515448125
6 0.8571992343750001 0.3067372875 0.8775026453124999 0.32333142187499997 0.892539446875 0.341709734375 0.9301231156249999 0.3370117765625 0.9502713359375001 0.3439045875 0.958754796875 0.35238805 0.973241465625 0.3821662015625 0.973241465625 0.3542066875 0.97102589375 0.3276198265625 0.973241465625 0.326512040625 0.973241465625 0.30324853906250004 0.9688103218749999 0.3071257890625 0.9677025359375 0.31432639687499997 0.9593941421875 0.31432639687499997 0.940561784375 0.2971557171875 0.918959959375 0.29604793125 0.8571992343750001 0.3067372875
6 0.9336792062500001 0.4986703859375 0.9365992015625 0.48060291718750003 0.946559821875 0.4769888875 0.9521557890624999 0.473991046875 0.9502713359375001 0.3439045875 0.7614147921875001 0.6244866234375 0.9541838671875 0.6139920328125 0.9532282249999999 0.5480227828124999 0.94479396875 0.5477104015625 0.9254618265625 0.5394251984375 0.9210430515624999 0.5350064234375 0.916593778125 0.5224001484375 0.9336792062500001 0.4986703859375
3 0.8263212921875001 0.6952978984375 0.8175828218750001 0.701865665625 0.833924303125 0.79283324375 0.833924303125 0.8115342828125 0.9531370515625 0.7301111953125 0.9206925234375 0.63703263125 0.911118728125 0.6354369984375 0.9010130546875 0.639160140625 0.8798635031250001 0.6550559812500001 0.880667590625 0.6566641546875001 0.8816381718749999 0.6663699703125 0.8772705546875 0.6789875296875 0.8656235765625 0.7003403234375 0.8544618890625 0.7110167203125 0.84232961875 0.7090755578125 0.8263212921875001 0.6952978984375
6 0.6885363859375 0.58468984375 0.691470103125 0.6037590109375001 0.6940284671875 0.60515448125 0.7614147921875001 0.6244866234375 0.7668059046875 0.6255939875000001 0.736812721875 0.5916543328125 0.71857755 0.5916543328125 0.7060040265625 0.5808150875 0.7025354671875 0.5708429828125 0.7008011890625 0.5548009015625001 0.7034026078125 0.542660946875 0.708171875 0.5339895515624999 0.7177104109375 0.5274860046875001 0.73722105 0.52531815625 0.73726861875 0.5252623140625 0.7401752984375001 0.521850125 0.7327587015625 0.5157346859375 0.72838521875 0.5195614828124999 0.7257282359375 0.5200235671875 0.6671358171875 0.49342559374999995 0.6614682421875 0.470755296875 0.6526024484375 0.48529520000000004 0.641555509375 0.5234071375 0.6412844265625 0.5252595390625 0.6478922328125 0.5294865921875 0.672764028125 0.5537517578125 0.6885363859375 0.58468984375
6 0.8587771249999999 0.573005028125 0.833242325 0.5684655078125 0.8263270578125 0.5653487671875 0.8262204578125001 0.56564191875 0.824802146875 0.5695422734375 0.8130957625 0.5825493671875 0.7925205953125001 0.5935717781250001 0.794771125 0.5950322265625 0.8195209531250001 0.5984292625000001 0.8718613953125001 0.6440593921875 0.8829311140625 0.642161725 0.899501521875 0.6300100937499999 0.909443765625 0.633324175 0.9171766234375 0.63221948125 0.9193860109375 0.627248359375 0.9420322343749999 0.6266960125 0.9497650921874999 0.6217248890625 0.9541838671875 0.6139920328125 0.9652308046875 0.5742230546875 0.9635737640625001 0.55378621875 0.9597073359375001 0.5482627484375 0.94479396875 0.5477104015625 0.9254618265625 0.5394251984375 0.9210430515624999 0.5350064234375 0.916593778125 0.5224001484375 0.9132513671875 0.5270423859375 0.8587771249999999 0.573005028125
0 0.353677103125 0.59560916875 0.35428373125 0.611381525 0.333658340625 0.6835703921875 0.33123182500000004 0.7011626375 0.33911800312499996 0.7405935312499999 0.353677103125 0.772138246875 0.376729009375 0.7994365578125 0.43253889062499995 0.82673486875 0.4907752875 0.8303746437499999 0.5708503328125001 0.8182420609375001 0.631513246875 0.7994365578125 0.638775615625 0.7938501203125 0.637786078125 0.7881212140625 0.631896040625 0.73687789375 0.63425205625 0.7209747953125001 0.6737153015625 0.7027156812500001 0.688362225 0.6981604171875 0.6855032390625 0.6853902796875 0.6873231265624999 0.6380732078125 0.6946026765625 0.6241207375 0.6885363859375 0.58468984375 0.672764028125 0.5537517578125 0.6478922328125 0.5294865921875 0.627886025 0.5166885031249999 0.59680319375 0.6039014953125 0.585112490625 0.6003434546874999 0.531741890625 0.5657796375 0.44787380312499997 0.5195251171875 0.43465822656249997 0.5012266249999999 0.43996669062500005 0.48661273749999995 0.42586597031249995 0.485202665625 0.3870417046875 0.5331263671875 0.365809684375 0.5895428765624999 0.353677103125 0.59560916875
6 0.892539446875 0.341709734375 0.9285722468750001 0.3857498234375 0.942758246875 0.442493825 0.9386655359375 0.46781747500000004 0.9365992015625 0.48060291718750003 0.946559821875 0.4769888875 0.9614058796875 0.46903564218750005 0.9757217203125 0.454189584375 0.97996345 0.43934352812500005 0.97996345 0.4027586 0.9778425859375 0.3916240578125 0.958754796875 0.35238805 0.9502713359375001 0.3439045875 0.9301231156249999 0.3370117765625 0.892539446875 0.341709734375
3 0.67661404375 0.45377976875000003 0.6769979421875 0.4539957125 0.6765618531250001 0.44571003437499995 0.67379168125 0.441926384375 0.6667988312500001 0.4174514109375 0.6659904484375 0.4208466234375 0.6670528078125 0.43412611874999996 0.67661404375 0.45377976875000003
3 0.7719624578125 0.631429034375 0.7831241453125 0.6581200265625 0.792144659375 0.6658835843750001 0.7968170703124999 0.6644304421875 0.8074191374999999 0.6679644640625 0.8125913703125001 0.6834811625 0.84232961875 0.7090755578125 0.8544618890625 0.7110167203125 0.8656235765625 0.7003403234375 0.8772705546875 0.6789875296875 0.8816381718749999 0.6663699703125 0.880667590625 0.6566641546875001 0.8762999734375001 0.6479289203125 0.8195209531250001 0.5984292625000001 0.794771125 0.5950322265625 0.7925205953125001 0.5935717781250001 0.7766759015625 0.6020600078125 0.7675709359375 0.60422785625 0.7580324 0.60422785625 0.7393889 0.5916543328125 0.736812721875 0.5916543328125 0.7719624578125 0.631429034375
6 0.6737153015625 0.7027156812500001 0.63425205625 0.7209747953125001 0.631896040625 0.73687789375 0.637786078125 0.7881212140625 0.648977146875 0.85291161875 0.6560451921875 0.8705817296875 0.6719482906249999 0.8711707328125 0.687851390625 0.8635136843750001 0.8209662218749999 0.823461434375 0.833924303125 0.8146263796875 0.833924303125 0.79283324375 0.8162541921875001 0.6944696296874999 0.8074191374999999 0.6679644640625 0.7968170703124999 0.6644304421875 0.6737153015625 0.7027156812500001
6 0.8130957625 0.5825493671875 0.824802146875 0.5695422734375 0.8263270578125 0.5653487671875 0.75266584375 0.532149346875 0.7401752984375001 0.521850125 0.73722105 0.52531815625 0.7177104109375 0.5274860046875001 0.708171875 0.5339895515624999 0.7034026078125 0.542660946875 0.7008011890625 0.5548009015625001 0.7025354671875 0.5708429828125 0.7060040265625 0.5808150875 0.71857755 0.5916543328125 0.7393889 0.5916543328125 0.7580324 0.60422785625 0.7675709359375 0.60422785625 0.7766759015625 0.6020600078125 0.8130957625 0.5825493671875
1 0.531741890625 0.5657796375 0.585112490625 0.6003434546874999 0.59680319375 0.6039014953125 0.6491572125 0.45700527031249993 0.6349250515625 0.44633114999999995 0.5327584734374999 0.3878776359375 0.5109019421875 0.3721206 0.4915868671875 0.36500452031249997 0.4844707875 0.367545978125 0.47786299843749996 0.38228642968750004 0.43465822656249997 0.5012266249999999 0.44787380312499997 0.5195251171875 0.531741890625 0.5657796375
0 0.6925607140625 0.3956937046875 0.702275834375 0.39022895 0.72231326875 0.3926577296875 0.736278753125 0.4084448 0.75570899375 0.395086509375 0.769674478125 0.392050534375 0.7957838640625 0.40115845937500005 0.8048917875000001 0.410266384375 0.8164284937499999 0.43212540468749994 0.8231076375 0.46430673906250003 0.8218932484374999 0.4855585640625 0.812178128125 0.50923916875 0.7976054484375 0.5262406281249999 0.77999679375 0.53049099375 0.7569233843750001 0.52441904375 0.7381003390624999 0.511060753125 0.7327587015625 0.5157346859375 0.75266584375 0.532149346875 0.833242325 0.5684655078125 0.8587771249999999 0.573005028125 0.9132513671875 0.5270423859375 0.9336792062500001 0.4986703859375 0.942758246875 0.442493825 0.9285722468750001 0.3857498234375 0.8775026453124999 0.32333142187499997 0.818488884375 0.2750990203125 0.7600425625 0.2614804609375 0.7373449625 0.2733967 0.733940321875 0.26885718125 0.70783808125 0.2898524609375 0.6720893609374999 0.3738335828125 0.6658475203124999 0.4141218234375 0.67379168125 0.441926384375 0.6765618531250001 0.44571003437499995 0.67616645 0.4381973546875 0.6816312046874999 0.410266384375 0.6925607140625 0.3956937046875
3 0.8218932484374999 0.4855585640625 0.8231076375 0.46430673906250003 0.8164284937499999 0.43212540468749994 0.8048917875000001 0.410266384375 0.7957838640625 0.40115845937500005 0.769674478125 0.392050534375 0.75570899375 0.395086509375 0.736278753125 0.4084448 0.72231326875 0.3926577296875 0.702275834375 0.39022895 0.6925607140625 0.3956937046875 0.6816312046874999 0.410266384375 0.67616645 0.4381973546875 0.677988034375 0.47280746875 0.685274375 0.4964880734375 0.693167909375 0.5086319734375 0.70409741875 0.51834709375 0.7144197343750001 0.5219902624999999 0.72838521875 0.5195614828124999 0.7381003390624999 0.511060753125 0.7569233843750001 0.52441904375 0.77999679375 0.53049099375 0.7976054484375 0.5262406281249999 0.812178128125 0.50923916875 0.8218932484374999 0.4855585640625