3 0.77846820625 0.6170155 0.7766568781250001 0.6151702 0.7705055546875 0.6154925765625 0.762515890625 0.618096475 0.7484179 0.639853571875 0.742294471875 0.6433272234375 0.7351988078125 0.64538501875 0.740383434375 0.6725122640625 0.740373334375 0.6725520578124999 0.7750868203125 0.659727715625 0.783260421875 0.626975746875 0.77846820625 0.6170155
3 0.6342497234375 0.49098740625000004 0.629334040625 0.5074597953125 0.633149121875 0.5043956656249999 0.63483064375 0.49288321875 0.6342497234375 0.49098740625000004
1 0.9082213828125001 0.8105953796875 0.9302973281250001 0.7450957546875 0.8898484828125 0.77444139375 0.8588424937499999 0.7925771796875 0.849786309375 0.7939209953125 0.8499329437500001 0.796718946875 0.8475396500000001 0.7985412828125 0.847491259375 0.7995633609375 0.8380622546875 0.8057576921875 0.8374550125000001 0.8062200671875001 0.8372420843749999 0.8062964984375001 0.8078454515625 0.8256084453125 0.7533575796875 0.842844434375 0.7312335156249999 0.85510969375 0.8393770937499999 0.9671119718750001 0.8511050828125001 0.9647193250000001 0.8590105296875 0.945932278125 0.8689344046875 0.9430415140624999 0.9082213828125001 0.8105953796875
5 0.6804237234375 0.323443440625 0.5628445156249999 0.297869221875 0.557803265625 0.3094274015625 0.5459068953124999 0.3959352296875 0.63193133125 0.4393432703125 0.646702628125 0.44925790781249997 0.638032053125 0.47831287343750006 0.6504478781249999 0.48235600781250004 0.651623721875 0.4773287578125 0.65971640625 0.46234478125 0.6595173265625001 0.4616950875 0.6626432671875 0.4402935046875 0.66956256875 0.43666041718750004 0.6633762953125 0.42547352812500006 0.661620396875 0.41226783125 0.6622499796875 0.40883496406250003 0.661125715625 0.40555972812499996 0.665250478125 0.365000028125 0.6804237234375 0.323443440625
5 0.69926591875 0.5948557046875 0.6966380265625001 0.5935960421875001 0.7008319578125 0.6137659171875 0.6942926 0.6280802484375 0.694951590625 0.67542771875 0.6984749953125 0.688030728125 0.740373334375 0.6725520578124999 0.740383434375 0.6725122640625 0.7290671890625 0.613302875 0.7279863125 0.6127290390625 0.7225732781249999 0.604692928125 0.721977140625 0.6001020953125 0.69926591875 0.5948557046875
6 0.846595115625 0.28830778437500004 0.867739171875 0.303816578125 0.8837172125 0.32138273906250003 0.9210035015625 0.3147242421875 0.9414848515625 0.3205531296875 0.9504006765625 0.32858097656249996 0.966425959375 0.35756014375 0.964962671875 0.329638946875 0.9613586875 0.3032044765625 0.963513246875 0.3019822546875 0.9622957281250001 0.2787506359375 0.958073578125 0.2828544796875 0.9573441609375 0.29010319687499997 0.949047153125 0.290538025 0.9293419609375 0.2743764859375 0.9077117625 0.2744007703125 0.846595115625 0.28830778437500004
6 0.933015278125 0.4759751921875 0.9349856921875 0.45777966406250004 0.94474351875 0.45364928750000005 0.950174921875 0.4503626859375 0.9414848515625 0.3205531296875 0.7675716593749999 0.610634625 0.95952730625 0.5900656640624999 0.955120409375 0.5242368359375 0.9466813640625 0.5243662984374999 0.9269421015624999 0.5171042156250001 0.922298121875 0.5129227578125 0.9171951843749999 0.500566615625 0.933015278125 0.4759751921875
3 0.8360951828125 0.6779519125 0.82771241875 0.684968015625 0.8487923796875 0.774955678125 0.8497711156250001 0.7936310875 0.9645591328125 0.706080475 0.9272877125000001 0.6148274875 0.9176435296875001 0.6137350953125 0.907746559375 0.617982025 0.8874579171875 0.6349629625000001 0.8883450671875 0.63652685 0.8898222812500001 0.6461685671875 0.8861210015625 0.6589974187500001 0.8756075046875 0.6809305046875 0.8650198734375 0.6921764265625 0.8528026375 0.6908728796875 0.8360951828125 0.6779519125
6 0.6927103265625 0.574706546875 0.6966380265625001 0.5935960421875001 0.69926591875 0.5948557046875 0.7675716593749999 0.610634625 0.7730133375 0.6114583234375 0.7412849953125 0.579134903125 0.7230748140625 0.580089259375 0.7099512406249999 0.5699229156250001 0.705965534375 0.5601460078125 0.70339405625 0.5442166765625001 0.705356553125 0.5319572109374999 0.7096654578125 0.5230480953125001 0.718850553125 0.516054253125 0.738220996875 0.5128682687499999 0.738265578125 0.5128100124999999 0.74098969375 0.5092503765624999 0.733263203125 0.5035314734375 0.72909599375 0.507581915625 0.7264668359375 0.508182421875 0.6665626859375 0.484687390625 0.65971640625 0.46234478125 0.651623721875 0.4773287578125 0.6425865468749999 0.515966615625 0.6424127828125 0.517830665625 0.6492327609374999 0.5217061000000001 0.6753404109375001 0.544636321875 0.6927103265625 0.574706546875
6 0.862106221875 0.5541280328125 0.8363688359375001 0.5509311218749999 0.829299928125 0.5481805703125 0.8292088171875 0.5484788984375 0.827996578125 0.5524481375 0.8169869750000001 0.5660500703125 0.797016875 0.578134196875 0.799340753125 0.579474859375 0.82423445 0.581571934375 0.8788912578125 0.6244002421875 0.889846490625 0.62192583125 0.905758221875 0.608923625 0.9158602859375 0.611712828125 0.9235247296875 0.6102049421875 0.9254709218749999 0.6051250015625 0.9480572015625001 0.6033882 0.9555192937499999 0.5980191828125 0.95952730625 0.5900656640624999 0.9684777562500001 0.5497730359374999 0.96575340625 0.5294509296875 0.9616032000000001 0.5241373828125 0.9466813640625 0.5243662984374999 0.9269421015624999 0.5171042156250001 0.922298121875 0.5129227578125 0.9171951843749999 0.500566615625 0.914100309375 0.5053774203125 0.862106221875 0.5541280328125
0 0.35888143125 0.6031360890624999 0.3603126890625 0.61885508125 0.3434936375 0.6920244656250001 0.34199115468749997 0.7097195953125001 0.351930178125 0.74868371875 0.3681202484375 0.7794232390625 0.392569246875 0.8054776953125 0.449731325 0.82981773125 0.5080784031250001 0.8304046609375 0.5874087375 0.8140979015625 0.6470043109375 0.79214331875 0.65396435625 0.7861844546875 0.652676346875 0.7805151875 0.6441125125 0.7296503546875 0.6456329953125 0.7136457468749999 0.68408655 0.6933463093750001 0.6984749953125 0.688030728125 0.694951590625 0.67542771875 0.6942926 0.6280802484375 0.7008319578125 0.6137659171875 0.6927103265625 0.574706546875 0.6753404109375001 0.544636321875 0.6492327609374999 0.5217061000000001 0.6285841703124999 0.5099725953124999 0.6021083125 0.5986928140625001 0.5902474171875001 0.59575149375 0.5351410296875 0.564028246875 0.44896710625 0.5222264328125 0.434811971875 0.5046446687499999 0.4393483296875 0.48977298437499994 0.42519313593749997 0.48910282031249996 0.3889302109375 0.5389927484375 0.3706799 0.5964431390625 0.35888143125 0.6031360890624999
6 0.8837172125 0.32138273906250003 0.9220055109375 0.36347666093750003 0.939141821875 0.419400459375 0.93638005625 0.44490360000000007 0.9349856921875 0.45777966406250004 0.94474351875 0.45364928750000005 0.9591529890625001 0.444929959375 0.972672228125 0.42935501406250004 0.9761311625 0.414307309375 0.9742164546875 0.3777725203125 0.9715157609375 0.366764234375 0.9504006765625 0.32858097656249996 0.9414848515625 0.3205531296875 0.9210035015625 0.3147242421875 0.8837172125 0.32138273906250003
3 0.6739530203124999 0.444599846875 0.6743476937499999 0.444795403125 0.6734785640625 0.436543903125 0.6705141671875 0.43291041874999997 0.6622499796875 0.40883496406250003 0.661620396875 0.41226783125 0.6633762953125 0.42547352812500006 0.6739530203124999 0.444599846875
3 0.77846820625 0.6170155 0.791011496875 0.64308575625 0.8004259609375 0.6503665765625 0.8050159171875 0.6486708906249999 0.8157884109375001 0.6516452 0.8217656375000001 0.6668699390625 0.8528026375 0.6908728796875 0.8650198734375 0.6921764265625 0.8756075046875 0.6809305046875 0.8861210015625 0.6589974187500001 0.8898222812500001 0.6461685671875 0.8883450671875 0.63652685 0.8835262687500001 0.6280321703125 0.82423445 0.581571934375 0.799340753125 0.579474859375 0.797016875 0.578134196875 0.781638134375 0.587440040625 0.772659103125 0.5900814343749999 0.763133640625 0.59058064375 0.74385764375 0.5790000765625 0.7412849953125 0.579134903125 0.77846820625 0.6170155
6 0.68408655 0.6933463093750001 0.6456329953125 0.7136457468749999 0.6441125125 0.7296503546875 0.652676346875 0.7805151875 0.6672429453125 0.8446311046874999 0.6752260875 0.8619070859375 0.6911382171875 0.8616629781249999 0.7066187828125 0.85318411875 0.8374550125000001 0.8062200671875001 0.8499329437500001 0.796718946875 0.8487923796875 0.774955678125 0.82599853125 0.6776516499999999 0.8157884109375001 0.6516452 0.8050159171875 0.6486708906249999 0.68408655 0.6933463093750001
6 0.8169869750000001 0.5660500703125 0.827996578125 0.5524481375 0.829299928125 0.5481805703125 0.754002140625 0.518881778125 0.74098969375 0.5092503765624999 0.738220996875 0.5128682687499999 0.718850553125 0.516054253125 0.7096654578125 0.5230480953125001 0.705356553125 0.5319572109374999 0.70339405625 0.5442166765625001 0.705965534375 0.5601460078125 0.7099512406249999 0.5699229156250001 0.7230748140625 0.580089259375 0.74385764375 0.5790000765625 0.763133640625 0.59058064375 0.772659103125 0.5900814343749999 0.781638134375 0.587440040625 0.8169869750000001 0.5660500703125
1 0.5351410296875 0.564028246875 0.5902474171875001 0.59575149375 0.6021083125 0.5986928140625001 0.646702628125 0.44925790781249997 0.63193133125 0.4393432703125 0.5268455484375 0.38631685 0.5041943109375 0.37172529062500004 0.4845332796875 0.3656298359375 0.4775599625 0.3685402375 0.47173268437500004 0.3836063125 0.434811971875 0.5046446687499999 0.44896710625 0.5222264328125 0.5351410296875 0.564028246875
0 0.6868378468749999 0.385758803125 0.69625365 0.3797930875 0.7163907359375 0.3811698609375 0.7311633125 0.3962043984375 0.7498678062499999 0.38184751562499997 0.763655259375 0.37808480312500004 0.7902055359375 0.3858137875 0.79977765 0.3944325578125 0.8124425578125001 0.41565783593749994 0.8207967890625 0.4474455078125 0.8206962984375 0.46873176406250006 0.8122338390625 0.492888365625 0.7985709187500001 0.5106292 0.78120884375 0.51579530625 0.7578492734375 0.510939246875 0.73835290625 0.4985843859375 0.733263203125 0.5035314734375 0.754002140625 0.518881778125 0.8363688359375001 0.5509311218749999 0.862106221875 0.5541280328125 0.914100309375 0.5053774203125 0.933015278125 0.4759751921875 0.939141821875 0.419400459375 0.9220055109375 0.36347666093750003 0.867739171875 0.303816578125 0.8062819984375 0.25873881875000004 0.747203034375 0.24819776718750003 0.7251601890625 0.2612855765625 0.7215226343750001 0.2569304640625 0.6965549734375001 0.27926305625 0.665250478125 0.365000028125 0.661125715625 0.40555972812499996 0.6705141671875 0.43291041874999997 0.6734785640625 0.436543903125 0.67269051875 0.42906221406249995 0.676685990625 0.40088351875 0.6868378468749999 0.385758803125
3 0.8206962984375 0.46873176406250006 0.8207967890625 0.4474455078125 0.8124425578125001 0.41565783593749994 0.79977765 0.3944325578125 0.7902055359375 0.3858137875 0.763655259375 0.37808480312500004 0.7498678062499999 0.38184751562499997 0.7311633125 0.3962043984375 0.7163907359375 0.3811698609375 0.69625365 0.3797930875 0.6868378468749999 0.385758803125 0.676685990625 0.40088351875 0.67269051875 0.42906221406249995 0.6763209609375 0.46352956093750003 0.6848366625 0.48679637500000006 0.6933549421875 0.49851051562500004 0.7047779234375 0.507640315625 0.7152767609375 0.5107382640625 0.72909599375 0.507581915625 0.73835290625 0.4985843859375 0.7578492734375 0.510939246875 0.78120884375 0.51579530625 0.7985709187500001 0.5106292 0.8122338390625 0.492888365625 0.8206962984375 0.46873176406250006