5 0.31860300625 0.722419425 0.30390298437499996 0.7442323609375 0.28256424375 0.7494484984375 0.262173890625 0.748500109375 0.238938371875 0.7646227140625 0.2436803140625 0.7916517875 0.2612255015625 0.8125163343749999 0.28256424375 0.8452357375 0.297264265625 0.9002422718749999 0.29963523593749997 0.9030874375 0.31480945312499997 0.89739710625 0.34136433125 0.895026134375 0.34468369062500004 0.900716465625 0.362228878125 0.90261324375 0.3698159859375 0.9083035734375 0.3709695890625 0.9085042 0.34780525625 0.881654634375 0.3298273 0.8349119500000001 0.326231709375 0.8091435468749999 0.327430240625 0.7815773484374999 0.340014809375 0.7396287859374999 0.34152491875 0.736809915625 0.3420537640625 0.7358227359375 0.3396943765625 0.73117545625 0.32998366875 0.7252645906249999 0.31860300625 0.722419425
5 0.4987561109375 0.7228952109375 0.49588480312499994 0.7228131734375001 0.49410351406249997 0.7248913453125 0.4945007453125 0.73140594375 0.4987561109375 0.7228952109375
6 0.4058469203125 0.8128514171875001 0.37546064375 0.7899284375 0.356802403125 0.7648730859375 0.3420537640625 0.7358227359375 0.340014809375 0.7396287859374999 0.327430240625 0.7815773484374999 0.326231709375 0.8091435468749999 0.3298273 0.8349119500000001 0.34780525625 0.881654634375 0.3741729234375 0.9122171578125 0.40353691718749995 0.9271987875000001 0.42331266875000007 0.930794378125 0.44368768437500006 0.9277980515625 0.4748494734375 0.9092208312500001 0.4964230203125 0.8786583078125 0.507809059375 0.8361104796875001 0.5084083234375 0.8103420781249999 0.5054119984375001 0.7839744093750001 0.48743404218749997 0.739029521875 0.4820773015625 0.7322992562499999 0.47994678906250005 0.7563436046875001 0.4719504 0.7776673078125 0.4516928828125 0.8048550296875 0.425038253125 0.82084780625 0.4058469203125 0.8128514171875001
3 0.7048705453124999 0.7356058484375 0.703918271875 0.7498899546875 0.71010805 0.7703638374999999 0.717726240625 0.781791121875 0.7315342078125 0.7913138578125001 0.748675134375 0.7917899953124999 0.7605785546875 0.7846479421875 0.77676720625 0.7808388484375001 0.792955859375 0.7632217859375 0.8034308703124999 0.7384626703125 0.80390700625 0.7289399328124999 0.8005740484375 0.714655828125 0.792955859375 0.7022762703125001 0.78955349375 0.699100728125 0.790609409375 0.7135315828125 0.7882097515625001 0.720130640625 0.770812234375 0.721930384375 0.7188256703125 0.7138223875 0.7128362796875 0.722806475 0.7076459015625 0.726817221875 0.7048705453124999 0.7356058484375
5 0.631860034375 0.7145834984375 0.656802921875 0.7228977953125 0.674409665625 0.7385482328124999 0.6827796203125 0.7569621343749999 0.687809184375 0.7511705156249999 0.6944830765625001 0.7369884953125 0.7128362796875 0.722806475 0.7188256703125 0.7138223875 0.7054215687500001 0.711731840625 0.6724262796875 0.71293166875 0.6496295328125 0.7195307265625 0.6424305609375 0.71713106875 0.640030903125 0.6883351796875 0.6270342609374999 0.653537715625 0.6204590640625 0.7181938062500001 0.631860034375 0.7145834984375
3 0.86567848125 0.7496764781249999 0.8514543703124999 0.7509695796875 0.8411095609375 0.7466592421875 0.8255923484375 0.7470902765625 0.8100751359375 0.7565730171875 0.797144125 0.77769366875 0.788954484375 0.784159175 0.7747303718749999 0.789331578125 0.7661096984375 0.7988143203125 0.762661428125 0.8082970609375 0.762661428125 0.8203660046874999 0.7669717656249999 0.835452184375 0.7721441703124999 0.8419176890625 0.779040709375 0.8462280265625 0.7876613828125001 0.8457969921874999 0.803178596875 0.8380383859375 0.8117992703124999 0.8363142515625 0.8299026843749999 0.8410556218749999 0.8454198984374999 0.8384694203124999 0.8553336734375 0.831141846875 0.8803336281249999 0.801400521875 0.8842129312499999 0.7897626125 0.8850749984374999 0.7746764328125 0.8717129531250001 0.7531247484375 0.86567848125 0.7496764781249999
1 0.3629293046875 0.643304996875 0.3696021453125 0.650324478125 0.3766765890625 0.6441932921875 0.35863847187500003 0.6266780187500001 0.3629293046875 0.643304996875
6 0.61933335 0.72926333125 0.595821028125 0.7297335765625 0.5829524140625 0.7409936140625 0.568769203125 0.76789280625 0.5619221359375 0.7996827609375 0.5653456703125 0.8280491812499999 0.5800179562500001 0.8549483718750001 0.5976247 0.8681534296875 0.619144053125 0.8725551156250001 0.644086940625 0.864729896875 0.6631609125 0.847123153125 0.679300428125 0.8168004281250001 0.6866365703125 0.7894121593750001 0.684191190625 0.7600675875 0.674409665625 0.7385482328124999 0.656802921875 0.7228977953125 0.631860034375 0.7145834984375 0.6204590640625 0.7181938062500001 0.61933335 0.72926333125
1 0.7510150609374999 0.5665525640625 0.6456919375 0.58078541875 0.6479341 0.6035969796875 0.6457834953125 0.6156403640625 0.6432027703125 0.6190813312500001 0.6300554890625001 0.6238289609375001 0.6270342609374999 0.653537715625 0.640030903125 0.6883351796875 0.6424305609375 0.71713106875 0.6496295328125 0.7195307265625 0.6724262796875 0.71293166875 0.7054215687500001 0.711731840625 0.770812234375 0.721930384375 0.7882097515625001 0.720130640625 0.790609409375 0.7135315828125 0.788809665625 0.68893509375 0.7762114640625 0.56835230625 0.77141215 0.5647528203125 0.7510150609374999 0.5665525640625
6 0.6066750453124999 0.45733960937499996 0.612286240625 0.4595840875 0.6186465328125 0.4659443796875 0.62381426875 0.4782674453125 0.641702590625 0.566118978125 0.6428951453125 0.5911626265625001 0.6377274078124999 0.6018956203125 0.6318242109375001 0.6064365406250001 0.6300554890625001 0.6238289609375001 0.6432027703125 0.6190813312500001 0.6457834953125 0.6156403640625 0.6479341 0.6035969796875 0.63804131875 0.502948696875 0.6419124078125 0.49133543281250003 0.6350304734375001 0.4848836203125 0.6255678140625001 0.46251733437500003 0.6083629796875 0.45649564218750005 0.6066750453124999 0.45733960937499996
5 0.5562361671875 0.629324378125 0.5374296843749999 0.6353145921875 0.538166390625 0.646365184375 0.5274964343749999 0.6778415546875001 0.5120249984374999 0.703982946875 0.49588480312499994 0.7228131734375001 0.5315123546875 0.7238311046875 0.5740647953125 0.7301687015625 0.61933335 0.72926333125 0.6318242109375001 0.6064365406250001 0.622224196875 0.6138211671875 0.5562361671875 0.629324378125
1 0.463354175 0.4932244984375 0.460605653125 0.5005538875 0.439533659375 0.516128840625 0.43395836250000003 0.523015971875 0.4418022125 0.5318941749999999 0.4431983546875 0.5317037921875001 0.44411452812499996 0.5344523140625 0.44408544218749996 0.534478490625 0.4463505703125 0.53704231875 0.459241715625 0.52914978125 0.46480697031249996 0.511658978125 0.47076974375 0.50450365 0.48031018281250004 0.49854087500000005 0.49462083906250004 0.4957582484375 0.56458405 0.4699195625 0.5901151140625001 0.45790494375 0.589786140625 0.4574937265625 0.5586362359375 0.335642628125 0.5535972796874999 0.3296875 0.5393965890625 0.3296875 0.4573990453125 0.3544241890625 0.4537343515625 0.357630796875 0.4541924375 0.3640440125 0.447779221875 0.3667925328125 0.445946875 0.3732057484375 0.4409079203125 0.37687044375 0.463354175 0.4932244984375
3 0.641702590625 0.566118978125 0.62381426875 0.4782674453125 0.6186465328125 0.4659443796875 0.612286240625 0.4595840875 0.6043358750000001 0.4564039421875 0.591615290625 0.457198978125 0.56458405 0.4699195625 0.49462083906250004 0.4957582484375 0.48031018281250004 0.49854087500000005 0.47076974375 0.50450365 0.46480697031249996 0.511658978125 0.459241715625 0.52914978125 0.4463505703125 0.53704231875 0.469878671875 0.563673025 0.4965535609375 0.591948409375 0.5280299312500001 0.617556303125 0.5370993953125 0.6303602500000001 0.5374296843749999 0.6353145921875 0.5562361671875 0.629324378125 0.622224196875 0.6138211671875 0.6377274078124999 0.6018956203125 0.6428951453125 0.5911626265625001 0.641702590625 0.566118978125
6 0.37546064375 0.7899284375 0.4058469203125 0.8128514171875001 0.425038253125 0.82084780625 0.4516928828125 0.8048550296875 0.4719504 0.7776673078125 0.47994678906250005 0.7563436046875001 0.48222821875 0.7305960328125 0.46454369375000004 0.7317248328125 0.456007728125 0.72745685 0.42506485625 0.691179 0.3766765890625 0.6441932921875 0.36106714375000004 0.657721478125 0.3477398296875 0.67637971875 0.344541275 0.685975384375 0.33974344218749997 0.7083652734375 0.33921034843750003 0.7302220687500001 0.356802403125 0.7648730859375 0.37546064375 0.7899284375
6 0.42506485625 0.691179 0.456007728125 0.72745685 0.46454369375000004 0.7317248328125 0.48961809062499995 0.7301243390625001 0.5120249984374999 0.703982946875 0.5274964343749999 0.6778415546875001 0.538166390625 0.646365184375 0.5370993953125 0.6303602500000001 0.5280299312500001 0.617556303125 0.4965535609375 0.591948409375 0.469878671875 0.563673025 0.421330371875 0.5087227515625 0.4095934203125 0.5033877734375001 0.3935884859375 0.502320778125 0.3706480796875 0.5108567421875 0.3487746703125 0.5012537828125 0.33703771875 0.512990734375 0.3322362390625 0.5231271921875 0.3306357453125 0.534330646875 0.34290619375000003 0.5503355796875 0.3413057015625 0.5860799328125 0.34504018593749997 0.6090203390625 0.351442159375 0.6196902953125 0.42506485625 0.691179