5 0.3051565234375 0.8165665390625 0.3158571484375 0.8418361546875 0.3376461546875 0.8582191359375001 0.3657982515625 0.8852997703125001 0.392495290625 0.93558970625 0.39544551562499997 0.937828596875 0.4089507734375 0.928870653125 0.4342916984375 0.9205869015625 0.43880602968750004 0.925384696875 0.45632821718749994 0.9232860515624999 0.46500091250000003 0.9271238109375 0.46617008125000003 0.927059790625 0.43755960937499994 0.90610921875 0.4095276109375 0.86460870625 0.40022754687499995 0.8403095781250001 0.3951943140625 0.8131802890625 0.3980199671875 0.769475953125 0.398857265625 0.7663896296875 0.3991504890625 0.7653087875 0.3958061625 0.7613113640625 0.3850146828125 0.7577364265625001 0.373285684375 0.757524275 0.363869265625 0.78208493125 0.3442508109375 0.7919675515625 0.3241697203125 0.7956303015625 0.3051565234375 0.8165665390625
5 0.5489285046875 0.7174622359375 0.546112334375 0.7180282046875 0.5448441859375001 0.720453815625 0.5466967015625 0.7267120874999999 0.5489285046875 0.7174622359375
6 0.3980199671875 0.769475953125 0.3951943140625 0.8131802890625 0.40022754687499995 0.8403095781250001 0.4095276109375 0.86460870625 0.43755960937499994 0.90610921875 0.470126546875 0.9299569921874999 0.502108078125 0.9379491828125 0.522185809375 0.9370040421875 0.5413645875 0.9295011296875 0.5675487375 0.904390165625 0.5816942843749999 0.869757965625 0.5832173203125001 0.8257393343749999 0.5780045968749999 0.8004965703125 0.5691536328125 0.775478728125 0.54152605 0.7357299359375 0.534792621875 0.7303771718750001 0.538125515625 0.754284525 0.5351308625 0.7768605 0.5215084515624999 0.8079083515625 0.49913457031249997 0.8294872218749999 0.4786363140625 0.8260128906249999 0.44387228749999996 0.81051285 0.420056028125 0.79029685625 0.3991504890625 0.7653087875 0.3980199671875 0.769475953125
3 0.7911313609375 0.7317636390625 0.8079400734375 0.728371703125 0.8179317984375001 0.7187350125 0.8328486749999999 0.7113818921874999 0.8446594375 0.6905746984375 0.8492963859374999 0.66409379375 0.8476181687500001 0.654708015625 0.8411574093749999 0.6415397640625 0.8309496796875001 0.6311912125 0.826920175 0.628862425 0.8311952640625 0.6426858890625 0.8303415734374999 0.64965561875 0.8137948078124999 0.655322825 0.7613167546875 0.65911706875 0.7575018515624999 0.6692182140625 0.7533467234375 0.674293746875 0.7526195109375 0.6834814406249999 0.75490486875 0.6976136609375 0.765541625 0.716170403125 0.775535140625 0.7255910859375 0.7911313609375 0.7317636390625
5 0.73949671875 0.7024851578125 0.7428093 0.687165321875 0.7575018515624999 0.6692182140625 0.7613167546875 0.65911706875 0.747785928125 0.66009536875 0.715906209375 0.6686867703125 0.69517820625 0.680244846875 0.6876239375 0.679526109375 0.6788081171875 0.6520080625 0.6583168515625 0.6210260625 0.6664546328125 0.6855041203125001 0.6767512546875001 0.6794216828125 0.7029251671875001 0.68191195625 0.723601234375 0.6932006187499999 0.7358988937500001 0.70925974375 0.73949671875 0.7024851578125
3 0.8598443015624999 0.6802453390625 0.8519958234375 0.7037335140625001 0.8454705062500001 0.711875578125 0.83277449375 0.7201151421875001 0.8265079203125 0.7312940718750001 0.8252811812499999 0.7413094625000001 0.827996103125 0.7530690796874999 0.83558961875 0.7667989859375 0.842083878125 0.7719352421875 0.8497732734375001 0.7745837234375 0.8580760375 0.7722245062499999 0.871450240625 0.7611741390625 0.8794621203125 0.7575549640625 0.898168121875 0.75810243125 0.9127058625 0.7520919 0.9207172015625 0.74272201875 0.9383860671875001 0.7081191953125 0.939547984375 0.6959069109375 0.9369943046874999 0.6810134671875 0.919126653125 0.66301995625 0.912471153125 0.6610175265625 0.8989024890625 0.6654772140625 0.8878532015625 0.6636044265625001 0.87283065625 0.6675150265625 0.8598443015624999 0.6802453390625
1 0.398679028125 0.670466296875 0.406759884375 0.6758048062500001 0.41227379375 0.668239359375 0.39075791249999997 0.65523069375 0.398679028125 0.670466296875
6 0.627749028125 0.7780724609375 0.6374658734375 0.8049417249999999 0.6578131109375 0.82785094375 0.6779390875 0.8367569015624999 0.6998970640625 0.8362049718750001 0.7224403765625 0.8229693843750001 0.7370648281250001 0.801523190625 0.745969559375 0.7683470328124999 0.7469566578125 0.7400104515625 0.7379728609375 0.7119680703125 0.723601234375 0.6932006187499999 0.7029251671875001 0.68191195625 0.6767512546875001 0.6794216828125 0.6664546328125 0.6855041203125001 0.667847871875 0.6965431640624999 0.6450439515624999 0.702290478125 0.6350381171875 0.7161567296875 0.627269421875 0.7455570265625 0.627749028125 0.7780724609375
1 0.6663199640624999 0.5838156703124999 0.65457763125 0.5913991140625 0.6583168515625 0.6210260625 0.6788081171875 0.6520080625 0.6876239375 0.679526109375 0.69517820625 0.680244846875 0.715906209375 0.6686867703125 0.747785928125 0.66009536875 0.8137948078124999 0.655322825 0.8303415734374999 0.64965561875 0.8311952640625 0.6426858890625 0.8239086406249999 0.6191246609375 0.78450810625 0.50446638125 0.7790220890625 0.5020387609375 0.7595526312499999 0.5083807234375 0.660130628125 0.5459413390625001 0.6674468078125 0.5676638640625 0.6680604953125 0.5798823578125 0.6663199640624999 0.5838156703124999
6 0.652944296875 0.53254820625 0.6597398812499999 0.5566817203125 0.657118990625 0.5683021171875 0.6523885765624999 0.574054584375 0.65457763125 0.5913991140625 0.6663199640624999 0.5838156703124999 0.6680604953125 0.5798823578125 0.6674468078125 0.5676638640625 0.635166640625 0.47182058125 0.6363260984375 0.459634159375 0.6281692062500001 0.45489580468749996 0.6139177546875 0.4352314 0.5957992921875 0.4332342890625 0.5943444703125 0.434436328125 0.60031675 0.4353610359375 0.6079447828125 0.44012756093750005 0.61575215625 0.45097229843750003 0.652944296875 0.53254820625
5 0.557602978125 0.696049840625 0.546112334375 0.7180282046875 0.5810557375000001 0.711005590625 0.6239432109374999 0.7076085390625 0.667847871875 0.6965431640624999 0.6523885765624999 0.574054584375 0.6446957906249999 0.5834094765625 0.58388649375 0.6133594171875 0.5669095234375 0.623426640625 0.570113190625 0.634028284375 0.5667973484375 0.6670981359375 0.557602978125 0.696049840625
1 0.450468446875 0.5441683828125 0.45178597812500004 0.543668815625 0.453296953125 0.5461408 0.45327450156250004 0.5461728484374999 0.4560583109375 0.5481614218749999 0.466843621875 0.53757129375 0.4683316640625 0.51927686875 0.47253201406249995 0.5109635984375 0.4804866 0.5030075171874999 0.4938045203125 0.49707701249999997 0.5561621390625 0.45616227187499997 0.5783361421875 0.43871234687499994 0.577923096875 0.438385671875 0.5201610296875 0.32666481406250003 0.5139116078125 0.321995834375 0.50007488125 0.32519029375 0.42574347343749996 0.3677384171875 0.42289403437499995 0.3716872171875 0.42478303906250003 0.377833015625 0.4191524765625 0.38195375 0.418809753125 0.38861478437499997 0.4147243234375 0.39331907187500004 0.4627692484375 0.5016416703125001 0.461739925 0.509401490625 0.4447116078125 0.5293174265625 0.440828471875 0.537282209375 0.450468446875 0.5441683828125
3 0.5918547734375 0.434050840625 0.5796390609375 0.437687009375 0.5561621390625 0.45616227187499997 0.4938045203125 0.49707701249999997 0.4804866 0.5030075171874999 0.47253201406249995 0.5109635984375 0.4683316640625 0.51927686875 0.466843621875 0.53757129375 0.4560583109375 0.5481614218749999 0.48497399375 0.5688169140625 0.517325784375 0.5903670578125 0.553755940625 0.6082379796875 0.565473215625 0.6186735765625 0.5669095234375 0.623426640625 0.58388649375 0.6133594171875 0.6446957906249999 0.5834094765625 0.657118990625 0.5683021171875 0.6597398812499999 0.5566817203125 0.652944296875 0.53254820625 0.61575215625 0.45097229843750003 0.6079447828125 0.44012756093750005 0.60031675 0.4353610359375 0.5918547734375 0.434050840625
6 0.5351308625 0.7768605 0.538125515625 0.754284525 0.5345565296875 0.7286836531249999 0.5175791828125 0.7337616734375 0.5083019046875 0.731523253125 0.46999135625 0.703135834375 0.41227379375 0.668239359375 0.400107596875 0.6849321796875001 0.3913190515625 0.706110203125 0.39036103125 0.7161794515625 0.3907227953125 0.7390747671875 0.3951200734375 0.76049129375 0.420056028125 0.79029685625 0.44387228749999996 0.81051285 0.4786363140625 0.8260128906249999 0.49913457031249997 0.8294872218749999 0.5215084515624999 0.8079083515625 0.5351308625 0.7768605
6 0.557602978125 0.696049840625 0.5667973484375 0.6670981359375 0.570113190625 0.634028284375 0.565473215625 0.6186735765625 0.553755940625 0.6082379796875 0.517325784375 0.5903670578125 0.48497399375 0.5688169140625 0.42530886093750003 0.526196003125 0.41267261875 0.5236379999999999 0.3968378671875 0.5261986796875 0.376405596875 0.5396763359375 0.35293260625 0.5352399453125 0.3441367109375 0.5493163203125 0.3417385 0.560273078125 0.3426992546875 0.571549421875 0.3582555390625 0.5843839 0.3647367984375 0.619572159375 0.3735360359375 0.641084528125 0.3821741453125 0.650040884375 0.46999135625 0.703135834375 0.5083019046875 0.731523253125 0.5175791828125 0.7337616734375 0.5416508906249999 0.7265616890625 0.557602978125 0.696049840625