2 0.470279565625 0.583984375 0.46943897031250004 0.583984375 0.462994396875 0.5865061640625 0.4543082328125 0.5873467609375 0.4514186109375 0.5890805343750001 0.45109290625 0.5893821124999999 0.45136185624999997 0.609015496875 0.449479203125 0.6238077750000001 0.4400659359375 0.64935806875 0.43656957968750004 0.6550060296875 0.435762728125 0.6617297921875 0.433611125 0.6657640484375 0.4293079171875 0.6711430593750001 0.409169334375 0.68134660625 0.408355625 0.689619334375 0.4756380703125 0.6374199859375 0.47642567031249994 0.6344271078125 0.4870503734375 0.6138860140625 0.4884670015625 0.6078653484375 0.50272150625 0.5861737078125 0.470279565625 0.583984375
2 0.44954485312500003 0.749301684375 0.46150838437499997 0.7544552046875 0.4604669484375 0.748466959375 0.468582375 0.7315304203124999 0.4735222 0.726590596875 0.473531603125 0.7265059546875 0.408355625 0.689619334375 0.4108774140625 0.705870865625 0.4153605953125 0.7173590171875001 0.4173219875 0.7212818015625 0.4335735203125 0.7386541296875 0.44954485312500003 0.749301684375
2 0.47111331874999995 0.65461404375 0.4743007296875 0.6652387484375 0.4789047671875 0.6677178453125 0.48340495937499994 0.680218378125 0.48163762343750005 0.6831907125 0.47528642187500003 0.710712590625 0.473531603125 0.7265059546875 0.5123351031250001 0.748466959375 0.5355588375 0.5926366078124999 0.5333616890624999 0.5926366078124999 0.4756380703125 0.6374199859375 0.47111331874999995 0.65461404375
2 0.5147676265625 0.7473355546875 0.5123351031250001 0.748466959375 0.49434002968749996 0.7527010953125 0.4884839078125 0.761485278125 0.49185487656250004 0.7621908296875 0.5013816359375001 0.762751228125 0.509046978125 0.760730365625 0.5102857671875001 0.759226121875 0.513041978125 0.7596771375 0.519841784375 0.7578844625000001 0.5147676265625 0.7473355546875
5 0.6185587453125 0.6909595046875 0.6188766593749999 0.6899527796875 0.617392734375 0.6809564890625001 0.6241810734375 0.6755606296875001 0.6277104 0.6703842843750001 0.5900240203125 0.6676558578125 0.5663203234374999 0.698715875 0.5513446078124999 0.7151891609375001 0.556110946875 0.722612146875 0.5578817296875 0.74209076875 0.5575780390625 0.74588690625 0.5713566453125 0.7490423109375001 0.598318840625 0.7498126609375 0.6118968296875 0.7098933703125 0.6189093734375 0.6962189125 0.6185587453125 0.6909595046875
5 0.39542015625000004 0.682170028125 0.4016060171875 0.68351478125 0.40913663125 0.6813631765625 0.4293079171875 0.6711430593750001 0.433611125 0.6657640484375 0.435762728125 0.6617297921875 0.43656957968750004 0.6550060296875 0.4400659359375 0.64935806875 0.449479203125 0.6238077750000001 0.45136185624999997 0.609015496875 0.45109290625 0.5893821124999999 0.45835456875 0.58265835 0.47718110312500006 0.5563012031250001 0.40241286875000004 0.5546875 0.3757867703125 0.5546875 0.36744930625 0.5713624296875001 0.35158122812500003 0.5974506265625 0.3497666265625 0.5971031499999999 0.3503764109375 0.598486890625 0.3576592046875 0.6261615078125 0.361154946875 0.647427265625 0.3614462578125 0.6526708765625 0.35795051718750004 0.66082760625 0.33291756875 0.6736493609374999 0.33571315 0.6770599703125 0.3427058609375 0.6942728 0.3574981390625 0.716326740625 0.39273065156250003 0.7036860671875 0.394075403125 0.7012655125 0.3943443546875 0.6848595328125 0.39542015625000004 0.682170028125
5 0.7246814500000001 0.5696774421875 0.7189971374999999 0.584519815625 0.7215234984375 0.5898883328125 0.7278394015625 0.59525685 0.7429975703125 0.6059938859375 0.7682611828125 0.6290469328125 0.7758402671875 0.63252068125 0.7789982203125 0.6309417046875 0.8011038812500001 0.5911515140625 0.81752523125 0.55483506875 0.8238411343750001 0.5463085999999999 0.8371045296874999 0.5216765765625 0.84278884375 0.50588681875 0.8026828578125 0.46830719375 0.786261509375 0.457885953125 0.7714191359375 0.48283377187500004 0.7385764390625 0.5463085999999999 0.7246814500000001 0.5696774421875
6 0.622766271875 0.6776356734375 0.6185587453125 0.6909595046875 0.6189093734375 0.6962189125 0.6118968296875 0.7098933703125 0.594365471875 0.7614355625 0.5858299953125 0.7818597406250001 0.5979103734375 0.78122393125 0.6125755796875 0.7848902328125 0.6327402390625 0.79552250625 0.661666575 0.8159567078125001 0.691839821875 0.7235678296875 0.6907879390625 0.7169059140625 0.6802691249999999 0.7067377265625 0.6466089171875 0.6825444515625 0.6343369671875 0.67097375625 0.628025678125 0.669921875 0.622766271875 0.6776356734375
6 0.8521790796875001 0.6885377921875 0.8576082703125 0.6885377921875 0.8616801625000001 0.68500881875 0.872267084375 0.6936955234375 0.8828540046875 0.6980388765625001 0.8991415765624999 0.6980388765625001 0.9496330453124999 0.6719787625 0.9803079703125 0.652976596875 0.9849227828125 0.6470044875000001 0.9873659187499999 0.6383177828125 0.9873659187499999 0.6288167 0.9835654843749999 0.609814534375 0.9721641859375 0.5663810125000001 0.9591341296874999 0.537606303125 0.9499045046875001 0.525390625 0.9184152015624999 0.525390625 0.8562509734375 0.5704529046875 0.8453925921875 0.5845687984375 0.8394204828125 0.6030280453125 0.8380631859375001 0.617143940625 0.8304623187500001 0.6261021046875 0.8285621031250001 0.630716915625 0.8269333453125001 0.641032378125 0.8285621031250001 0.6543338953125 0.8329054546875 0.6679068703125 0.8434923765625 0.684194440625 0.8521790796875001 0.6885377921875
6 0.611131584375 0.617561621875 0.6058389156249999 0.6052120609375 0.5984291796875 0.598860859375 0.5945478890625 0.5893340546875 0.58537393125 0.5791015625 0.565246675 0.5791015625 0.556819259375 0.5915741375 0.5330907546875 0.6156567984375 0.5097164078125 0.6468225953125 0.51290381875 0.6553223578125 0.54529884375 0.705773628125 0.5513446078124999 0.7151891609375001 0.5663203234374999 0.698715875 0.6072502937500001 0.6450834984375 0.611131584375 0.63732091875 0.6128958078125 0.62673558125 0.611131584375 0.617561621875
6 0.47528642187500003 0.710712590625 0.47352219843750004 0.726590596875 0.468582375 0.7315304203124999 0.46046695 0.7484669609375 0.46187832812499996 0.7565823859374999 0.46964090937499997 0.7671677234375001 0.47952055624999995 0.769637634375 0.48657744843749995 0.7643449671875 0.49434002968749996 0.7527010953125 0.5123351031250001 0.7484669609375 0.514767625 0.7473355546875 0.50900809375 0.7353617906250001 0.5030941984374999 0.71994341875 0.4990917046875 0.7095083453125001 0.4852795890625 0.685425684375 0.48340495937499994 0.680218378125 0.481637625 0.6831907140625 0.47528642187500003 0.710712590625
5 0.5759202765625 0.2652575875 0.57539075625 0.26949374531250003 0.5820097546875 0.2721413453125 0.596571546875 0.2726708640625 0.6127219 0.2766422625 0.6304608109375 0.27849558124999996 0.63363793125 0.280084140625 0.64237500625 0.27981938125 0.6430099625000001 0.279965909375 0.6423455328125 0.26667731093749997 0.6453093125 0.264084003125 0.70754868125 0.26815920000000004 0.7157858781249999 0.2678297125 0.7162430125 0.2665813859375 0.714654453125 0.251490075 0.714654453125 0.23613400156250003 0.7170372921875 0.21098181249999998 0.7173020515624999 0.186094384375 0.721008690625 0.161471715625 0.720214409375 0.1529994 0.72259725 0.1394966453125 0.7159782531250001 0.1368490453125 0.6778528296874999 0.13711380625 0.66752719375 0.138967125 0.6177523375 0.13446620781250002 0.6127219 0.134995728125 0.607956221875 0.1394966453125 0.5986896265625 0.1516756 0.591541109375 0.1575003171875 0.578303115625 0.1741801890625 0.579626915625 0.183182025 0.5775088359375 0.1858296234375 0.5756555171875 0.24142919843750002 0.5761850374999999 0.25757955 0.5785678765625 0.2594328703125 0.5788326359375 0.26208046875 0.5759202765625 0.2652575875
3 0.40923615937499996 0.3844924609375 0.43552016875 0.37962505156250004 0.4468774546875 0.3799495453125 0.47024101875 0.365022825 0.47673089687500003 0.3575594640625 0.48549223281250004 0.3416592609375 0.49295559375 0.3095343625 0.4910086296875 0.28357484843749997 0.48289628125000006 0.26313173125 0.464075634375 0.23814569843750003 0.4566122734375 0.23100683125 0.4465529609375 0.22484144687500002 0.4335732046875 0.2215965078125 0.420917940625 0.222245496875 0.408911665625 0.2258149296875 0.398203365625 0.23230480781249999 0.387170571875 0.2423641203125 0.37613777812500004 0.256966346875 0.3699723953125 0.26897262187500004 0.36445599687499997 0.2838993421875 0.3605620703125 0.30174650937499997 0.3615355515625 0.3341959015625 0.3654294796875 0.3487981296875 0.3702968875 0.359181934375 0.37711126093749997 0.3682677640625 0.387170571875 0.3770291 0.39787887187500004 0.382221003125 0.40923615937499996 0.3844924609375
5 0.70754868125 0.26815920000000004 0.6453093125 0.264084003125 0.6423455328125 0.26667731093749997 0.6438274234375 0.29631510625 0.6419750609375 0.3129863640625 0.6456797859375001 0.3426241578125 0.6453093125 0.3648525046875 0.6993982875 0.36818675624999997 0.72199710625 0.3670753390625 0.726813246875 0.3692981734375 0.79016403125 0.372632425 0.8205427703125 0.37115053593749997 0.82350655 0.31891392343749997 0.821283715625 0.267788728125 0.7538577328125 0.26630683906249997 0.70754868125 0.26815920000000004
3 0.243464996875 0.71005929375 0.2603610796875 0.7062722406249999 0.2717222375 0.6995720703125 0.32211917031250004 0.679180246875 0.35795051718750004 0.66082760625 0.3614462578125 0.6526708765625 0.361154946875 0.647427265625 0.3576592046875 0.6261615078125 0.3503764109375 0.598486890625 0.34280230624999997 0.581299496875 0.33814131718749996 0.5780950671875 0.331732459375 0.5772211328125 0.32357572968750004 0.5798429390625001 0.23996925624999998 0.6235397015624999 0.23152121406249998 0.6293659359375 0.22540366875 0.6381052890625 0.22132530312499998 0.638979225 0.209090209375 0.6471359546875 0.2050118453125 0.6552926828125 0.20413790937499998 0.674519259375 0.206759715625 0.6893761578125 0.2131685734375 0.7051069937500001 0.22132530312499998 0.7153029046875 0.23297777343749998 0.7158855281250001 0.243464996875 0.71005929375
3 0.6514383765625 0.8776476609375001 0.6606041296875 0.87104831875 0.669769884375 0.8552832218749999 0.6745360765624999 0.83548519375 0.6727029250000001 0.8237530281250001 0.6327402390625 0.79552250625 0.6125755796875 0.7848902328125 0.5979103734375 0.78122393125 0.5700464828125 0.7826904515625001 0.5520816046875 0.7793907796874999 0.5330168359375 0.769491765625 0.530450425 0.7625257921874999 0.5278200890625 0.7620953734375 0.52600761875 0.76617343125 0.5224660515624999 0.7633401765625 0.5213587015625001 0.76103805625 0.5102857671875001 0.759226121875 0.50515294375 0.7654588343750001 0.5036864234375 0.7742579578125001 0.50955250625 0.7804906703125 0.5176183703125 0.7834237109375 0.5190848906250001 0.7881899031249999 0.5352166171875 0.792589465625 0.5520816046875 0.80578815 0.5733461531249999 0.8369517140625 0.588011359375 0.8505170296875001 0.6114756890625 0.862615825 0.6514383765625 0.8776476609375001
1 0.5047582125 0.5830743734375 0.4884670015625 0.6078653484375 0.4870503734375 0.6138860140625 0.47642567031249994 0.6344271078125 0.47111331874999995 0.65461404375 0.4743007296875 0.6652387484375 0.4789047671875 0.6677178453125 0.4852795890625 0.685425684375 0.4990917046875 0.7095083453125001 0.50900809375 0.7353617906250001 0.5224660515624999 0.7633401765625 0.52600761875 0.76617343125 0.5288408734375001 0.7597986078125001 0.532382440625 0.7590902953125 0.5376947921874999 0.768652528125 0.544777928125 0.768652528125 0.557173415625 0.7509446890625 0.5578817296875 0.74209076875 0.556110946875 0.722612146875 0.51290381875 0.6553223578125 0.5097164078125 0.6468225953125 0.5330907546875 0.6156567984375 0.556819259375 0.5915741375 0.5656731781250001 0.5784703359375001 0.5748812562500001 0.57492876875 0.5784228234375 0.5547418328125 0.577006196875 0.55013779375 0.573464628125 0.547658696875 0.5454862421875 0.56253328125 0.5433613015625001 0.5650123781249999 0.5430071437499999 0.5720955140624999 0.5391114203125 0.5759912375 0.5408822046874999 0.5802411203125 0.540173890625 0.5855534718750001 0.5355698531249999 0.5926366078124999 0.5320282859375001 0.5926366078124999 0.527778403125 0.57953280625 0.5320282859375001 0.5738662984375 0.5348615390625 0.556158459375 0.539819734375 0.5547418328125 0.541944675 0.5508461078125 0.5412363609375 0.5419921875 0.5380489500000001 0.5419921875 0.5291950296875 0.5483670093749999 0.5196327984375 0.5618249671875 0.5036957421875 0.5766995515625 0.5047582125 0.5830743734375