2 0.45775089687500004 0.5922524046875 0.457447021875 0.5925759687500001 0.45908487343750004 0.612142765625 0.4582386625 0.6270303375 0.45063062499999995 0.6531750296875 0.4475367671875 0.659053125 0.44720090625 0.6658167921875 0.4453359609375 0.6699913093750001 0.44141845625 0.67565739375 0.42204069375 0.6872408812499999 0.4218060421875 0.6955502203124999 0.4852833484375 0.6387846406250001 0.4858602578125 0.6357441125000001 0.4950262046875 0.6145119140624999 0.4960194015625 0.6084070953125 0.5087260515625001 0.58577395 0.4762104171875 0.5858529859375 0.47537186875000004 0.5859116234374999 0.46911890625 0.5888768203125 0.4605125375 0.5903212859375 0.45775089687500004 0.5922524046875
2 0.489392859375 0.72788563125 0.48939633593750004 0.7278005390625 0.4218060421875 0.6955502203124999 0.42545533750000003 0.7115862515625 0.430728971875 0.7227336875 0.432959225 0.726510096875 0.45038300312499996 0.7427064578125 0.467058165625 0.752213971875 0.4793520453125 0.7565204046875 0.47789542812499997 0.7506193921875 0.484809653125 0.7331580062499999 0.489392859375 0.72788563125
2 0.49446109062500004 0.6840253640625 0.49004519062499996 0.7119232375 0.48939633593750004 0.7278005390625 0.529637234375 0.747001253125 0.5419342203124999 0.589930490625 0.539742425 0.59008375625 0.4852833484375 0.6387846406250001 0.481969015625 0.6562524453125 0.4858898046875 0.666628925 0.49065555937500005 0.668780821875 0.4960167828125 0.6809369875 0.49446109062500004 0.6840253640625
2 0.510164225 0.7621203203125 0.5197068687499999 0.7620148015625 0.5272125703125 0.7594641546875 0.5283434125 0.7578771609375 0.5311243703125 0.7581348140624999 0.5377825609375 0.7558721765625 0.531984909375 0.7457029203125 0.529637234375 0.747001253125 0.5119813546875001 0.7524803484375 0.5067522515625 0.7616516343749999 0.510164225 0.7621203203125
5 0.6392847109375001 0.661060609375 0.6014998078125 0.6609676984374999 0.5800204890625 0.693605540625 0.5662303718749999 0.7110833515625 0.5715029015625 0.7181557734374999 0.57462813125 0.737463421875 0.5745899859375 0.7412714968749999 0.5885551375 0.74345806875 0.615505390625 0.7423457546875001 0.6262656765625 0.701576553125 0.6323072562500001 0.6874462343750001 0.631590603125 0.682224096875 0.6318375171875 0.6811976484375 0.6297296578125 0.672326784375 0.636125065625 0.6664705390625 0.6392847109375001 0.661060609375
5 0.4453359609375 0.6699913093750001 0.44720090625 0.6658167921875 0.4475367671875 0.659053125 0.45063062499999995 0.6531750296875 0.4582386625 0.6270303375 0.45908487343750004 0.612142765625 0.457447021875 0.5925759687500001 0.4642219703125 0.5853620375 0.4811640625 0.5577558218750001 0.40646539375 0.56136161875 0.3799041546875 0.5632189609375 0.37275018437499996 0.5804348640625 0.35874058125 0.6075664125 0.3569061609375 0.6073463625 0.357610984375 0.6086841953125 0.36680652187499996 0.6357833765625001 0.371777171875 0.65675348125 0.37243355 0.6619639984375 0.369515309375 0.670344709375 0.345437740625 0.684881440625 0.3484644234375 0.6880887328124999 0.35664080625 0.7047718453125 0.37293545781250004 0.72574020625 0.4072003765625 0.7106726296875 0.408373003125 0.7081641656250001 0.407496875 0.6917793890625 0.40838244687499997 0.6890213921874999 0.41464704374999994 0.689931365625 0.42200922500000004 0.68725969375 0.44141845625 0.67565739375 0.4453359609375 0.6699913093750001
5 0.7497994 0.5887850359375 0.7766095703125 0.6100196265625 0.784412509375 0.6129562234375 0.7874526265624999 0.6111608046875 0.8067288156249999 0.569925528125 0.82057685625 0.532552053125 0.8262825984375001 0.5236057796875 0.8377954421875 0.49810855 0.8423644703125 0.4819607375 0.7997347593749999 0.44727030624999997 0.7826264640625 0.438019946875 0.7695605171875 0.46394234687499997 0.741225603125 0.52955354375 0.7289945906249999 0.553834725 0.724359475 0.5690374609375 0.7272541718750001 0.574216671875 0.733929178125 0.5791315359375 0.7497994 0.5887850359375
6 0.612372425 0.754216115625 0.6052824593749999 0.775185946875 0.6172890578125 0.7737090015625 0.6321742890625 0.7763433796875 0.6530314984375 0.7855431375 0.6833127890624999 0.8039097625 0.7069678125000001 0.7096411609375 0.7054537812499999 0.7030688484375001 0.69425129375 0.6936591859375 0.6589854421875 0.6718728609375 0.6459362546875 0.6611864 0.6395669640625 0.660577334375 0.6348584578125 0.6686392203125 0.631590603125 0.682224096875 0.6323072562500001 0.6874462343750001 0.6262656765625 0.701576553125 0.612372425 0.754216115625
6 0.8957358859375001 0.67084991875 0.91198378125 0.6697137546875 0.96053439375 0.640195015625 0.989809071875 0.6190993625 0.99399605 0.6128198890625 0.9958272812500001 0.6039839203125 0.99516451875 0.59450598125 0.9900478171874999 0.575815209375 0.9756445234375001 0.533282803125 0.960638984375 0.50548711875 0.9505797203125 0.4939450234375 0.9191671234375001 0.49614160625 0.8602977109375001 0.5454304734375001 0.8504504546874999 0.5602694234375 0.8457805453124999 0.5791002984375 0.8454112296874999 0.5932764875000001 0.8384537671875 0.602743040625 0.8368800937499999 0.6074791625 0.8359748734375 0.6178831125 0.8385275312499999 0.6310386125 0.8438071046875001 0.644275546875 0.8555044015625001 0.6597849359375 0.8644729203124999 0.663511753125 0.8698888859375 0.66313303125 0.8737046906250001 0.6593286140625 0.8848717765625 0.6672556515625 0.8957358859375001 0.67084991875
6 0.5906838109375 0.572953490625 0.5706055828125 0.574357496875 0.5630687390625 0.58738755625 0.5410779578125 0.6130667703125 0.5199345656250001 0.6457871609375 0.5237071249999999 0.6540438749999999 0.5595425406250001 0.7021124859375 0.5662303718749999 0.7110833515625 0.5800204890625 0.693605540625 0.61710955 0.6372486796875 0.620439896875 0.6292342640624999 0.6214614265625 0.6185516468750001 0.6190615578124999 0.6095231 0.6129203203125 0.5975728203124999 0.605085596875 0.5917539671875 0.600549203125 0.5825211140625 0.5906838109375 0.572953490625
6 0.4798694734375 0.7586165968749999 0.48835154062499997 0.768634659375 0.4983794140625 0.770409384375 0.5050499171875 0.7646373453125 0.5119813546875001 0.7524803484375 0.529637234375 0.7470012546875 0.5319849078125001 0.7457029203125 0.5254041593750001 0.7341600875000001 0.5184291390625 0.7191918078125 0.51370848125 0.709061353125 0.4982500890625 0.686000840625 0.4960167828125 0.6809369875 0.49446109375 0.6840253656249999 0.49004519062499996 0.7119232375 0.4893928578125 0.72788563125 0.484809653125 0.7331580062499999 0.4778954296875 0.75061939375 0.4798694734375 0.7586165968749999
5 0.5968666671875 0.26932326875 0.6146916484375 0.26993466875 0.617971840625 0.271297734375 0.6266691640625 0.2704241515625 0.6273127953125 0.27052603125 0.62572301875 0.2573161515625 0.6284986781249999 0.2545224171875 0.69087070625 0.2542460890625 0.6990648546875 0.25334280625 0.6994337953125 0.25206563125 0.6967963890625 0.2371218953125 0.6957252046875 0.22180322812500003 0.6963477109375 0.196546090625 0.694875765625 0.17170081718750002 0.6968557859375 0.1468795671875 0.695472440625 0.1384832953125 0.696907571875 0.12484721406249999 0.6901200109375 0.12266778125 0.652105928125 0.12559139218749998 0.641934725 0.12816047656250001 0.59196715 0.1271426421875 0.5869859046875 0.12802177812499999 0.582545803125 0.13284416875 0.5741513421875 0.1456398609375 0.56742655 0.15194904375 0.5553843328125 0.1695117203125 0.55733284375 0.178399284375 0.5554046109375 0.181188184375 0.5574342375 0.2367816015625 0.559089059375 0.252855675 0.561595375 0.2545382625 0.5620441765625 0.25716094218749996 0.5593605359375 0.260533478125 0.5591278046875 0.264796253125 0.5659153671875 0.2669756859375 0.580478625 0.2664881359375 0.5968666671875 0.26932326875
3 0.46685142968750004 0.3595296125 0.47448228124999997 0.34305698125 0.4796865421875 0.3104897203125 0.47593347656249996 0.28472925625 0.46641484999999994 0.26490182500000004 0.44589711093749995 0.24128951875000001 0.4379539484375 0.234688659375 0.427489065625 0.229239996875 0.414314571875 0.226908384375 0.40173540625 0.228438578125 0.39000736874999997 0.23283683125 0.37977786406249997 0.24005787343749999 0.36947364843749997 0.2508622921875 0.3594863296875 0.26619855625 0.35417348125000003 0.27860565937500004 0.34971175468750004 0.293880825 0.3470722703125 0.31195614374999997 0.350306934375 0.344258584375 0.355209978125 0.35855361406249997 0.36078986562500004 0.3685725921875 0.3682214359375 0.3771609421875 0.3788674015625 0.38519923437500003 0.3899117859375 0.3896315171875 0.40139985625 0.391105196875 0.42728030625 0.3844161640625 0.43863256249999993 0.3839476234375 0.46089797812500005 0.3674275046875 0.46685142968750004 0.3595296125
5 0.6285838046875 0.303538240625 0.6343469328125 0.332845409375 0.635527934375 0.3550454515625 0.6897177359375 0.354598525 0.7121839765625 0.3519134015625 0.7171434421875 0.3537948640625 0.78057249375 0.352701865625 0.810773859375 0.3491044734375 0.8100865781250001 0.29678836406250003 0.8043028453125001 0.24594276406249999 0.7369377375 0.2491678828125 0.69087070625 0.2542460890625 0.6284986781249999 0.2545224171875 0.62572301875 0.2573161515625 0.6292687265625 0.286778378125 0.6285838046875 0.303538240625
3 0.369515309375 0.670344709375 0.37243355 0.6619639984375 0.371777171875 0.65675348125 0.36680652187499996 0.6357833765625001 0.357610984375 0.6086841953125 0.3488563984375 0.5920670125 0.3439832328125 0.589195521875 0.337529025 0.5887707765625 0.3295750515625 0.59195518125 0.24922037187499999 0.6413775921875 0.2411993265625 0.6477789406250001 0.23570630937499998 0.65692374375 0.231698840625 0.6580800421874999 0.2200625359375 0.6670703796875 0.2165630921875 0.67549173125 0.21703246250000002 0.6947324359375 0.22068424687500002 0.7093702546875 0.22817482031249997 0.7246157125 0.2370229125 0.7342178015624999 0.2486876390625 0.7339861703125 0.2587428984375 0.7274425765625 0.2753336515625 0.7224861375 0.28619975468750003 0.715009775 0.3350514609375 0.6911521125 0.369515309375 0.670344709375
3 0.6948660984374999 0.810917234375 0.6530314984375 0.7855431375 0.6321742890625 0.7763433796875 0.6172890578125 0.7737090015625 0.5895953421875 0.7771156359375 0.5714440515625 0.77507716875 0.551735203125 0.766532159375 0.5486891234375 0.759762178125 0.5460351703125 0.7595162906249999 0.5445115859375 0.763710846875 0.5407810078125 0.761131540625 0.5395157671875 0.7589122734375 0.5283434125 0.7578771609375 0.5236578640625 0.7644527390625 0.5228087109375 0.7733327265625001 0.5290952765625 0.779141059375 0.5373460921875 0.781504309375 0.5391415125 0.7861565921875 0.555540840625 0.7894201453125 0.5732854390625 0.8014102359375 0.5966720484375 0.8310145468749999 0.6122478 0.8435238249999999 0.636498940625 0.8539563593749999 0.67741285 0.8661639234375 0.6860959281250001 0.8589412859375001 0.6941396375 0.842575221875 0.6975131796875 0.822492946875 0.6948660984374999 0.810917234375
1 0.481969015625 0.6562524453125 0.4858898046875 0.666628925 0.49065555937500005 0.668780821875 0.4982500890625 0.686000840625 0.51370848125 0.709061353125 0.5254041593750001 0.7341600875000001 0.5407810078125 0.761131540625 0.5445115859375 0.763710846875 0.546893253125 0.7571539140625 0.550376784375 0.7562002796875 0.556343221875 0.7653686484375 0.5634091046874999 0.7648745531250001 0.5745391609375 0.746345184375 0.57462813125 0.737463421875 0.5715029015625 0.7181557734374999 0.5237071249999999 0.6540438749999999 0.5199345656250001 0.6457871609375 0.5410779578125 0.6130667703125 0.5630687390625 0.58738755625 0.570987015625 0.57369805625 0.579925615625 0.56952279375 0.5820503859375 0.5491379843749999 0.58031605 0.5446439796875 0.576610175 0.5424179687499999 0.549737540625 0.5592079937500001 0.547790709375 0.5618292796875 0.547931509375 0.5689198656250001 0.5443170281249999 0.5730778515625 0.5463799546875 0.5771938578125 0.5460439375 0.5825426796875 0.541945209375 0.589929721875 0.5384122703124999 0.5901767687499999 0.5332586640625 0.5774013453125 0.5371029187499999 0.5714521828125 0.538694034375 0.5535898421875001 0.5435413328124999 0.5518308000000001 0.5453893453124999 0.5477963359375 0.5440651375 0.53901339375 0.5408854921875 0.5392357359375 0.5324978234375 0.546212646875 0.5238976656250001 0.56030485 0.5090370296875 0.5762549140625 0.510541596875 0.5825400921874999 0.4960194015625 0.6084070953125 0.4950262046875 0.6145119140624999 0.4858602578125 0.6357441125000001 0.481969015625 0.6562524453125