6 0.80964645625 0.634725465625 0.8133355453125001 0.670386659375 0.8010385828125001 0.6900618015625 0.7888817343750001 0.696140225 0.7895613 0.7194153296875 0.779894675 0.721227821875 0.7593530984375 0.7121653609374999 0.750402828125 0.713481578125 0.744453975 0.715634496875 0.7501639078125 0.7213444296875 0.78458711875 0.7279802296875 0.8057387296874999 0.7234181171875 0.8140334796875001 0.731712865625 0.8285492921875001 0.738348665625 0.8355998296875 0.736274978125 0.8434798406249999 0.7275654921875 0.8513598531250001 0.7026812421875 0.849700903125 0.68609174375 0.8351850921875 0.67157593125 0.8252313921875001 0.66742855625 0.8165219046875001 0.6429590453125 0.8094336703125 0.633588159375 0.80964645625 0.634725465625
6 0.4360775859375 0.7928995125 0.42545964999999997 0.7950231 0.423085078125 0.8027404578124999 0.4161356515625 0.8017819171875 0.4162280546875 0.8210019328125 0.4183109734375 0.8260009359374999 0.42372655937500003 0.8285004375 0.4403899 0.8285004375 0.4470552375 0.823501434375 0.449971321875 0.8060049250000001 0.449971321875 0.7913279765625 0.4462371515625 0.7908676 0.4360775859375 0.7928995125
1 0.3937602265625 0.7430220015625 0.3886537875 0.797991315625 0.423085078125 0.8027404578124999 0.42545964999999997 0.7950231 0.4462371515625 0.7908676 0.4895730859375 0.7962103859375 0.5072350765625 0.8648398328125 0.518067946875 0.9179071875 0.523410734375 0.931560975 0.5335026640625 0.9374974046875 0.5655593828125001 0.9416529046875001 0.5768385984375 0.9345291906250001 0.5904923859375 0.9374974046875 0.596428815625 0.9327482609375 0.595835171875 0.9167199015625 0.60236524375 0.9125644015625 0.6290791765625 0.90484704375 0.6546058218749999 0.90484704375 0.705065471875 0.8941614703124999 0.71159554375 0.8217370328125 0.710783671875 0.81660599375 0.69750076875 0.8213498875 0.6791154500000001 0.817147528125 0.6659830796875 0.8040151578125 0.6602048375 0.7898321984375001 0.6581036578125 0.76619393125 0.6582548078125 0.7656649062499999 0.5062402484375 0.77770125 0.488457053125 0.7728512875 0.483428271875 0.7714798015625 0.4668377421875 0.753333909375 0.403067896875 0.7559261796875 0.3984018109375 0.7538523640625 0.3937602265625 0.7430220015625
3 0.22741635 0.46531569843750004 0.2204150390625 0.4883788375 0.2204150390625 0.49743935625 0.22412161562500002 0.51061829375 0.2356531859375 0.5262682812499999 0.24553738749999998 0.529563015625 0.25830448281249996 0.528327490625 0.2718952625 0.5188551296874999 0.27848472968750004 0.506499875 0.28095578125 0.4924972546875 0.278896571875 0.47602358437500003 0.2718952625 0.4611972796875 0.262011059375 0.4521367609375 0.2500676484375 0.4488420265625 0.23771239375 0.45296044531249996 0.22741635 0.46531569843750004
3 0.70014578125 0.45731202812499994 0.66167441875 0.4464495265625 0.7228693265625 0.5368076328125 0.726852959375 0.46749937187499996 0.7200824359375 0.471708075 0.71529386875 0.47202731406250004 0.70014578125 0.45731202812499994
3 0.7129114453125001 0.7100574546875 0.71773725 0.711013059375 0.7884387234375 0.680967059375 0.78714464375 0.6366448578125 0.7832726812499999 0.6259969609375 0.7228693265625 0.5368076328125 0.7129114453125001 0.7100574546875
3 0.7725475234375 0.46724369687499995 0.7635895421875001 0.4689855265625 0.7584022125 0.4671092578125 0.76237391875 0.471708075 0.763582246875 0.5152078859375 0.7738530359375 0.57260346875 0.7726447078125 0.5967700312499999 0.7832726812499999 0.6259969609375 0.8133355453125001 0.670386659375 0.80964645625 0.634725465625 0.791815859375 0.539423996875 0.779518896875 0.5013034109375 0.779518896875 0.48716190312499996 0.7725475234375 0.46724369687499995
3 0.76473850625 0.734150946875 0.7579096734374999 0.725220934375 0.73689788125 0.715765628125 0.71273431875 0.713139153125 0.7032527796875 0.7180153734375 0.7032527796875 0.7222266687500001 0.6980682390624999 0.7481493703125001 0.6923652453125 0.7585184500000001 0.683033071875 0.763702990625 0.6582548078125 0.7656649062499999 0.6581036578125 0.76619393125 0.6602048375 0.7898321984375001 0.6659830796875 0.8040151578125 0.6791154500000001 0.817147528125 0.69750076875 0.8213498875 0.712209025 0.8160969390625 0.73059434375 0.81557164375 0.7516061359374999 0.7998128 0.767890275 0.7751239421875 0.77051675 0.764618046875 0.7699914546875 0.7488592015625 0.76473850625 0.734150946875
5 0.9142678421875001 0.3651849203125 0.8927423718749999 0.376665171875 0.8429946156250001 0.3938855484375 0.8162073624999999 0.40680083125 0.7803315765625001 0.4178027390625 0.76837298125 0.4249778953125 0.6994914718749999 0.42258617656249997 0.6703125 0.4154110203125 0.6703125 0.42593458437500004 0.7391204453125 0.4598736375 0.7424365046875 0.457812303125 0.7508948015625 0.45841646718750007 0.7584022125 0.4671092578125 0.7635895421875001 0.4689855265625 0.8669118062500001 0.44889508593749994 0.945360190625 0.42593458437500004 0.9587538171875 0.4178027390625 0.9597105046875001 0.41014923750000004 0.952535346875 0.379056890625 0.9515786593750001 0.3627932015625 0.954927065625 0.35896645 0.948230253125 0.3580097625 0.9142678421875001 0.3651849203125
6 0.46631282812499997 0.5388458859374999 0.482722159375 0.5044888515625 0.53759085625 0.45833761093750003 0.5849550703124999 0.45302955312500004 0.5852552171875 0.44912763437500003 0.583592065625 0.440811878125 0.5763850765625 0.4352680390625 0.5769394609375 0.4147558390625 0.5730587734375 0.40754884999999996 0.549220271875 0.397015559375 0.51702295 0.39241594218750003 0.528204965625 0.40946851406249996 0.531503075 0.42142416093749996 0.481619171875 0.478728809375 0.44492770625 0.5265513937499999 0.4391560140625 0.5323230859375 0.43132300468749996 0.5314985578125 0.3783510015625 0.45871259999999997 0.37070869375000004 0.47185736875 0.3623929375 0.47130298593750003 0.347978959375 0.478509975 0.3490877265625 0.5023484765624999 0.36516485625 0.50733793125 0.37625253125 0.5045660125 0.4011998015625 0.5300676656250001 0.4272558390625 0.5406009578125001 0.46608390625 0.5406009578125001 0.46631282812499997 0.5388458859374999
3 0.30182242656249997 0.590693390625 0.2483800171875 0.5728792546875 0.2428378421875 0.577629690625 0.2388791453125 0.58950578125 0.24046262343749997 0.5974231750000001 0.28321655 0.6215712265625 0.30419764374999997 0.6453234078125 0.37782940625 0.6793682015625 0.38812201874999996 0.6797640703125001 0.394851803125 0.672242546875 0.4015815890625 0.6587829765625 0.40633202500000004 0.6437399296875 0.4071237640625 0.6346349265625 0.405144415625 0.627905140625 0.3196365625 0.5871305625 0.30182242656249997 0.590693390625
3 0.7032527796875 0.7222266687500001 0.7032527796875 0.708144846875 0.6777909531249999 0.7031029015625 0.638520290625 0.7000820812499999 0.6167703859375 0.6910196203125001 0.6137495656249999 0.6813529953125 0.6154568484375 0.6686259796875 0.5010557078125 0.6802318921875 0.48239136250000003 0.6900825187499999 0.4647639265625 0.711339134375 0.397364903125 0.7222266687500001 0.394254178125 0.727411209375 0.39373572343749996 0.7429648296875 0.3984018109375 0.7538523640625 0.403067896875 0.7559261796875 0.4668377421875 0.753333909375 0.483428271875 0.7714798015625 0.5062402484375 0.77770125 0.683033071875 0.763702990625 0.6923652453125 0.7585184500000001 0.6980682390624999 0.7481493703125001 0.7032527796875 0.7222266687500001
3 0.39237582031249996 0.41218121406249997 0.40060700000000005 0.418034496875 0.4457522328125 0.36782988437499997 0.47543521718750004 0.33979595625000003 0.4853295453125 0.3459799109375 0.49522387187500005 0.3591723484375 0.50488645 0.373907778125 0.5094583640625 0.35999325781249997 0.512635021875 0.338210459375 0.505827896875 0.2950986703125 0.49357507343749996 0.26696255468749996 0.48540652343749996 0.25652496406249997 0.4708846578125 0.24291071406250003 0.4563627921875 0.23474216406249998 0.4304957171875 0.23156550625 0.41506623593749997 0.23474216406249998 0.40145198593750003 0.242003096875 0.390106778125 0.2519868796875 0.37830776250000003 0.267870171875 0.37104682968749997 0.2823920375 0.36469351250000004 0.30190579375 0.36287827968749997 0.3413871171875 0.36787017187500004 0.3668003828125 0.37558491250000003 0.384952715625 0.39237582031249996 0.41218121406249997
0 0.49502915625000005 0.6449937390625 0.517591984375 0.6614030703125 0.5560513515625 0.6731972749999999 0.5832293046875 0.6716589015625 0.616270496875 0.6625606015625001 0.6203953703125 0.6318115453125001 0.672957640625 0.5031246046875 0.6814159375 0.489832996875 0.701957515625 0.472916403125 0.71529386875 0.47202731406250004 0.70014578125 0.45731202812499994 0.6565584984374999 0.44500503125 0.53759085625 0.45833761093750003 0.482722159375 0.5044888515625 0.46631282812499997 0.5388458859374999 0.4632360796875 0.5624342984374999 0.4673384125 0.5947401671875 0.4801582015625 0.624482078125 0.49502915625000005 0.6449937390625
1 0.638520290625 0.7000820812499999 0.6777909531249999 0.7031029015625 0.738811521875 0.71518618125 0.7593530984375 0.7121653609374999 0.779894675 0.721227821875 0.7895613 0.7194153296875 0.78714464375 0.6366448578125 0.7726447078125 0.5967700312499999 0.7738530359375 0.57260346875 0.763582246875 0.5152078859375 0.76237391875 0.471708075 0.7508948015625 0.45841646718750007 0.7424365046875 0.457812303125 0.7200824359375 0.471708075 0.701957515625 0.472916403125 0.6814159375 0.489832996875 0.672957640625 0.5031246046875 0.6203953703125 0.6318115453125001 0.6137495656249999 0.6813529953125 0.6167703859375 0.6910196203125001 0.638520290625 0.7000820812499999
6 0.528204965625 0.40946851406249996 0.49522387187500005 0.3591723484375 0.4853295453125 0.3459799109375 0.47543521718750004 0.33979595625000003 0.4457522328125 0.36782988437499997 0.3979296484375 0.42101189687499996 0.3756674109375 0.4403882890625 0.374842884375 0.4469845078125 0.377316465625 0.45729110000000006 0.43132300468749996 0.5314985578125 0.4391560140625 0.5323230859375 0.44492770625 0.5265513937499999 0.481619171875 0.478728809375 0.531503075 0.42142416093749996 0.528204965625 0.40946851406249996