6 0.57138696875 0.44762548437499994 0.577813678125 0.46097326406250005 0.5788924875 0.4788587921875 0.5806934781249999 0.47405615 0.5814948375 0.47186576718750006 0.581075059375 0.44667900468750005 0.587891509375 0.4283270234375 0.60519480625 0.41312109531249996 0.6055152968749999 0.41317603593749996 0.6077054359375 0.4077006890625 0.6181679640625 0.38416 0.615208684375 0.3778186859375 0.593278759375 0.3612593546875 0.579852275 0.35902160781250003 0.5686635375 0.362602003125 0.5574747999999999 0.373343190625 0.5431532171875 0.3984059625 0.5368875234375 0.41496529375 0.5306218312500001 0.4427133625 0.5306218312500001 0.45037467812500004 0.55062375625 0.44713112187500004 0.57138696875 0.44762548437499994
3 0.7679191000000001 0.34167458281249996 0.7526759484375 0.328533934375 0.73690716875 0.3248545515625 0.7237665203125 0.32958518593749997 0.7116771234375 0.3437770859375 0.7079977421875 0.3558664828125 0.7079462234375 0.3580302796875 0.718689346875 0.3618978046875 0.7257359453125 0.3630722375 0.7345441921875 0.365421103125 0.7498118203125 0.36776996875 0.75803285 0.3701188359375 0.775062128125 0.3730549171875 0.7800084968750001 0.37424204687499996 0.7800084968750001 0.3695327578125 0.7758034890625 0.35323835312499996 0.7679191000000001 0.34167458281249996
6 0.7408919796875 0.738433975 0.7408300484375 0.74004418125 0.7521978671875 0.74285105 0.7579011999999999 0.7407771109375 0.7584418875 0.739515509375 0.7565911484375001 0.7326137953125 0.7408919796875 0.738433975
0 0.5895017250000001 0.449980275 0.598309971875 0.431189346875 0.6055152968749999 0.41317603593749996 0.60519480625 0.41312109531249996 0.587891509375 0.4283270234375 0.581075059375 0.44667900468750005 0.5814948375 0.47186576718750006 0.5863772359375 0.45852054375 0.5895017250000001 0.449980275
0 0.5866380109375 0.5299348578124999 0.590651653125 0.52907698125 0.6204176546875 0.53454420625 0.62090626875 0.5348567734375 0.6206241984374999 0.5345394453125001 0.6202811015624999 0.5342392359375 0.6159264671875 0.5304289296875 0.608292653125 0.527492846875 0.604769353125 0.5245567656250001 0.5900889421875 0.5128124359374999 0.587152859375 0.5104635703125 0.5804625203125 0.5048882875 0.5807108515625 0.509005365625 0.584594565625 0.5181850531250001 0.5866380109375 0.5299348578124999
6 0.4640812625 0.43191003125 0.4566582140625 0.4405702546875 0.452328103125 0.454179175 0.4542353265625 0.462761678125 0.51418933125 0.4530394078125 0.502433675 0.43129144531249997 0.48387605625 0.422631221875 0.4640812625 0.43191003125
5 0.829258734375 0.6664753578125 0.8137455125 0.6660775828125 0.8083067500000001 0.6650273390625 0.7447171671875 0.6953578968749999 0.7534619359375 0.7209444421875 0.7584418875 0.739515509375 0.761012109375 0.7335183234375 0.7672339265625 0.7288519609375 0.805083315625 0.7309259 0.8071572546875 0.7532207453125 0.8107866484375 0.7599610484375 0.8180454359375 0.7609980171874999 0.8268596765625 0.7516652921875 0.827142228125 0.751702965625 0.8296657421875 0.664221165625 0.829258734375 0.6664753578125
5 0.6760807203125 0.8826362296875001 0.70916363125 0.8952855765625 0.758419684375 0.9082476968750001 0.9025584546875001 0.960096175 0.9222608765625001 0.964244053125 0.9347045125 0.9279501187499999 0.9689245078125 0.8050692250000001 0.96685056875 0.7775895312500001 0.9471481468749999 0.7646274109375 0.9253717859374999 0.7558131703125001 0.9129281515625 0.7724046828125 0.8870039109375 0.754257715625 0.8781896703125 0.7527022609375 0.8662645203125001 0.761516503125 0.8564133093749999 0.773441653125 0.8517469468750001 0.7713677140625 0.8470805828125 0.757368625 0.8346369484375 0.7527022609375 0.8268596765625 0.7516652921875 0.8180454359375 0.7609980171874999 0.8107866484375 0.7599610484375 0.8071572546875 0.7532207453125 0.805083315625 0.7309259 0.7672339265625 0.7288519609375 0.761012109375 0.7335183234375 0.7579011999999999 0.7407771109375 0.7521978671875 0.74285105 0.7408300484375 0.74004418125 0.7406966046875 0.74351369375 0.749808646875 0.784214146875 0.737596434375 0.8128658765625 0.7403359609375 0.8388913765625 0.7254226421875 0.8796162093750001 0.7168188046874999 0.8853521015625001 0.6760807203125 0.8826362296875001
5 0.8083067500000001 0.6650273390625 0.8137455125 0.6660775828125 0.829258734375 0.6664753578125 0.8315192484375 0.6539555890625001 0.8111441984375001 0.6636739515625 0.8083067500000001 0.6650273390625
6 0.3167904328125 0.731389390625 0.330632575 0.731883753125 0.3404303984375 0.7311372515625 0.3397775625 0.72942355625 0.3277345765625 0.663972553125 0.3282581859375 0.6336032875 0.34030117031249996 0.59852155 0.3453210875 0.5935016328125 0.3452221125 0.5931237265625 0.346300365625 0.58773245625 0.35438331875 0.5844394015625001 0.3544385859375 0.5843841328125 0.3547489640625 0.584290434375 0.3608567984375 0.5818020578125 0.3705610875 0.561854353125 0.389969665625 0.53759363125 0.40776086093749997 0.5268110874999999 0.53822963125 0.4766722625 0.5533251921875 0.47559400937499996 0.5651859890625001 0.48152440781249994 0.57273376875 0.4901504421875 0.5739662171875 0.49306350156249995 0.57540853125 0.4887365609375 0.5771701796875 0.4834516125 0.5788924875 0.4788587921875 0.577813678125 0.46097326406250005 0.57138696875 0.44762548437499994 0.55062375625 0.44713112187500004 0.44087534687499996 0.46492816093749995 0.309375 0.49409553125 0.309375 0.7244683203125 0.3167904328125 0.731389390625
0 0.54310106875 0.8885365265624999 0.7396052171874999 0.7443147046874999 0.7413906531250001 0.7254684390625 0.7422080109375 0.7042171671874999 0.7422899421875 0.6965156203125 0.742508228125 0.696411503125 0.6416803640625 0.561185653125 0.54310106875 0.8885365265624999
6 0.8813483078125 0.476405015625 0.8784122249999999 0.48051553125 0.8766505765625 0.4852132625 0.87371449375 0.489323778125 0.8722461218750001 0.49323943750000004 0.88090403125 0.523287478125 0.881975021875 0.5262532984375 0.8910651406250001 0.5166718218749999 0.8918882453125001 0.50844076875 0.8853034031250001 0.4948595328125 0.8898304828124999 0.4866284796875 0.8902420359375001 0.4812782953125 0.8890073781250001 0.4751050046875 0.884037428125 0.4712819671875 0.8836971734375 0.47170728281249996 0.8813483078125 0.476405015625
5 0.5934100359375 0.73959908125 0.6116981406249999 0.75405944375 0.647849046875 0.7978658359375 0.6546539234375001 0.801693578125 0.6657118468750001 0.8004176640624999 0.6699648953125 0.803394796875 0.6525274 0.8684664281250001 0.6501941437500001 0.8809104578125 0.7168188046874999 0.8853521015625001 0.7254226421875 0.8796162093750001 0.7403359609375 0.8388913765625 0.7368944265625 0.8061967937500001 0.7368944265625 0.7729286203125 0.742056728125 0.7184376484375 0.7422899421875 0.6965156203125 0.6918272390625 0.7205850015624999 0.680866265625 0.7227771953125 0.6671650484375 0.731545975 0.6600404156249999 0.7309979249999999 0.6326379828124999 0.647146478125 0.616196521875 0.585216978125 0.635378225 0.57370795625 0.648364896875 0.5689298421875 0.646461721875 0.56683635 0.6416803640625 0.561185653125 0.63479555 0.5624213890624999 0.591608678125 0.55851619375 0.5932206 0.5677847515625001 0.5889075828125 0.586115075 0.5809896359375 0.597497121875 0.588491375 0.613182575 0.5979163187500001 0.6184186546875 0.6131009515625 0.6184186546875 0.6183370328125 0.6247019515625001 0.6230495046875 0.6445990562499999 0.620955071875 0.66659059375 0.6162426 0.6718266734375 0.6021051828124999 0.6733974984375 0.5895385906249999 0.68334605 0.5680706609375 0.754033134375 0.55550406875 0.76607611875 0.53351253125 0.7749774546875 0.48691141718750003 0.7870204390625 0.43613479843749997 0.795828628125 0.43690728125 0.8193893453125 0.442069584375 0.8234044687500001 0.4426431734375 0.8291403609374999 0.43633369218749996 0.8360234312499999 0.4351865140625 0.8452008578125 0.44952624375 0.85093675 0.4810736484375 0.852083928125 0.5160625890625 0.8606877656249999 0.535251821875 0.8626926109375 0.53726980625 0.855707284375 0.5602362640624999 0.81700455 0.575972540625 0.7706463296875 0.5934100359375 0.73959908125
6 0.43559783124999996 0.7959217765625 0.48691141718750003 0.7870204390625 0.53351253125 0.7749774546875 0.55550406875 0.76607611875 0.5680706609375 0.754033134375 0.5895385906249999 0.68334605 0.6021051828124999 0.6733974984375 0.6162426 0.6718266734375 0.620955071875 0.66659059375 0.6230495046875 0.6445990562499999 0.6183370328125 0.6247019515625001 0.6131009515625 0.6184186546875 0.5979163187500001 0.6184186546875 0.588491375 0.613182575 0.5809896359375 0.597497121875 0.5802815484375 0.5985149984375 0.5527860640625 0.6141496859375 0.4541257953125 0.648114696875 0.42986507500000004 0.652966840625 0.40236958906250003 0.649732078125 0.3851175203125 0.64110604375 0.3732567234375 0.6470364421875 0.36247418124999997 0.637332153125 0.3511525109375 0.6157670671875 0.34796475 0.6035956171875 0.3453210875 0.5935016328125 0.34030117031249996 0.59852155 0.3282581859375 0.6336032875 0.3277345765625 0.663972553125 0.3397775625 0.72942355625 0.348155290625 0.75141509375 0.361245490625 0.7702649828125 0.3879495 0.7959217765625 0.43559783124999996 0.7959217765625
5 0.647849046875 0.7978658359375 0.6116981406249999 0.75405944375 0.5934100359375 0.73959908125 0.575972540625 0.7706463296875 0.5602362640624999 0.81700455 0.53726980625 0.855707284375 0.53174084375 0.874846 0.5483277296875 0.8948353234375 0.5734207125 0.9067438578125 0.59851369375 0.9488490296875 0.6104222265625 0.9616081734374999 0.6142499703125 0.9624587828125 0.618928321875 0.9535273828124999 0.6312621609375 0.9118475140625 0.6448719140625 0.8973871515624999 0.64869965625 0.88888105625 0.6525274 0.8684664281250001 0.6699648953125 0.803394796875 0.6657118468750001 0.8004176640624999 0.6546539234375001 0.801693578125 0.647849046875 0.7978658359375
5 0.775062128125 0.3730549171875 0.75803285 0.3701188359375 0.7498118203125 0.36776996875 0.7345441921875 0.365421103125 0.7257359453125 0.3630722375 0.718689346875 0.3618978046875 0.7040089359375 0.35661285625 0.6899157406249999 0.34721739375 0.6840435765625 0.34251966093749997 0.68110749375 0.3395835796875 0.6781714109375 0.3389963625 0.6758225453125 0.3395835796875 0.672299246875 0.344868528125 0.66818873125 0.3489790421875 0.6640782171875 0.3513279078125 0.65526996875 0.35602564062500003 0.64587450625 0.358961721875 0.6429384234375 0.360723371875 0.6335429609375 0.3642466703125 0.6264963625 0.3683571859375 0.624147496875 0.37070605156249997 0.6077054359375 0.4077006890625 0.598309971875 0.431189346875 0.5895017250000001 0.449980275 0.5806934781249999 0.47405615 0.5771701796875 0.4834516125 0.57540853125 0.4887365609375 0.5739662171875 0.49306350156249995 0.5777231328125 0.501943484375 0.5801062625 0.50459140625 0.587152859375 0.5104635703125 0.5900889421875 0.5128124359374999 0.604769353125 0.5245567656250001 0.608292653125 0.527492846875 0.6159264671875 0.5304289296875 0.6206241984374999 0.5345394453125001 0.6253219296875 0.53982439375 0.6364790421875 0.5556792374999999 0.6400023421875 0.5592025359374999 0.646461721875 0.56683635 0.648364896875 0.5689298421875 0.6891505375 0.553923803125 0.6910901734375 0.55274315625 0.695753625 0.5499999484375 0.7175855265625 0.5276718671875 0.7318347921874999 0.5227394296875 0.727450403125 0.49259675312500006 0.7296425984375 0.4838279734375 0.8469250140625 0.4218984734375 0.85295355 0.4262828625 0.8722461218750001 0.49323943750000004 0.87371449375 0.489323778125 0.8766505765625 0.4852132625 0.8784122249999999 0.48051553125 0.8813483078125 0.476405015625 0.8836971734375 0.47170728281249996 0.8860460390625 0.4687712015625 0.88839490625 0.46524790312500003 0.8913309875 0.458788521875 0.8942670703125 0.450567490625 0.900139234375 0.439410378125 0.9030753171875 0.43236378125 0.9048369671875 0.428253265625 0.9071858328125 0.4229683171875 0.9101219140625 0.417096153125 0.91070913125 0.41239842031249996 0.9077730484375 0.4094623390625 0.906598615625 0.40711347187499997 0.9054241828125 0.4030029578125 0.9054241828125 0.3994796578125 0.9060114 0.393020278125 0.91070913125 0.38068873124999997 0.9142324296875 0.3660083203125 0.9142324296875 0.36013615625 0.9118835640625 0.3572000734375 0.9101219140625 0.353676775 0.9095346984375 0.3525023421875 0.9083602656249999 0.351915125 0.9054241828125 0.351915125 0.8813483078125 0.3530895578125 0.8707784109375 0.35426399062499997 0.866667896875 0.3548512078125 0.8619701640624999 0.3577872890625 0.8590340828125 0.35837450625 0.8431792375 0.3595489390625 0.83848150625 0.360723371875 0.83671985625 0.36013615625 0.834370990625 0.35837450625 0.8331965578125 0.3572000734375 0.8308476921875 0.350153475 0.8284988265625 0.34545574375 0.8243883109375 0.331949765625 0.814992846875 0.31139718906249997 0.8126439812499999 0.307873890625 0.8108823328125 0.3043505921875 0.8091206828124999 0.3025889421875 0.8085334671875 0.303763375 0.8067718171875 0.3072866734375 0.8050101671875 0.3137460546875 0.8050101671875 0.32607759999999997 0.8061845999999999 0.347804609375 0.8073590328125 0.360723371875 0.8073590328125 0.365421103125 0.805597384375 0.3730549171875 0.8044229515625 0.37422935 0.80324851875 0.3754037828125 0.7956147046875001 0.3765782171875 0.7897425390625 0.3765782171875 0.775062128125 0.3730549171875
3 0.5889075828125 0.586115075 0.5932206 0.5677847515625001 0.584594565625 0.5181850531250001 0.57273376875 0.4901504421875 0.5651859890625001 0.48152440781249994 0.5533251921875 0.47559400937499996 0.53822963125 0.4766722625 0.40776086093749997 0.5268110874999999 0.389969665625 0.53759363125 0.3705610875 0.561854353125 0.3608567984375 0.5818020578125 0.346300365625 0.58773245625 0.3452221125 0.5931237265625 0.3511525109375 0.6157670671875 0.36247418124999997 0.637332153125 0.3732567234375 0.6470364421875 0.3851175203125 0.64110604375 0.40236958906250003 0.649732078125 0.42986507500000004 0.652966840625 0.4541257953125 0.648114696875 0.5527860640625 0.6141496859375 0.5802815484375 0.5985149984375 0.5889075828125 0.586115075
5 0.9083064656250001 0.6290608718749999 0.9099506109375 0.60987916875 0.9022779296874999 0.5824767343749999 0.88090403125 0.523287478125 0.85295355 0.4262828625 0.8469250140625 0.4218984734375 0.7296425984375 0.4838279734375 0.727450403125 0.49259675312500006 0.7318347921874999 0.5227394296875 0.7175855265625 0.5276718671875 0.6934713859375 0.5523340578125 0.635378225 0.57370795625 0.616196521875 0.585216978125 0.6326379828124999 0.647146478125 0.6600404156249999 0.7309979249999999 0.6671650484375 0.731545975 0.680866265625 0.7227771953125 0.6918272390625 0.7205850015624999 0.8584340359375 0.6411179437500001 0.8935091515625 0.6296089203124999 0.9083064656250001 0.6290608718749999