3 0.4035678890625 0.3999444859375 0.42554017968749996 0.392034025 0.43435255625 0.3848237046875 0.4430089625 0.368677871875 0.45720796406249997 0.3736047953125 0.45837839375 0.3867564984375 0.46263563124999996 0.38809348906249996 0.470824128125 0.34514112343750003 0.4714199328125 0.325372521875 0.46907669218750003 0.3258838578125 0.45904225 0.3439354765625 0.45204536093750003 0.347350640625 0.44685575312500003 0.346500359375 0.44175882343749995 0.324008525 0.43548908124999997 0.31517973125 0.420721284375 0.3046175375 0.40986356874999996 0.3024548921875 0.40331234374999997 0.304450978125 0.39654530625 0.3210342640625 0.3885209875 0.3733924296875 0.388832928125 0.391263453125 0.39129109375 0.397336178125 0.4035678890625 0.3999444859375
5 0.542482346875 0.5705265078124999 0.5372614046875 0.5676628078125 0.5370070703125001 0.56965484375 0.5354394484375 0.5835616796875 0.5338928875 0.5986750578125 0.53229065 0.6202997140625001 0.5481423953125 0.6372604109375 0.6001411 0.4685690203125 0.5909266390625 0.47111927187499997 0.5804289859375 0.48001859375 0.5673588421875 0.4802467328125 0.560038503125 0.476984921875 0.5559482203125 0.470983140625 0.5512952765625 0.479353628125 0.5593080859375 0.48194549999999997 0.5698321890625 0.500133728125 0.5741718437500001 0.5148575859375 0.5735611281249999 0.5383434859375 0.567768509375 0.5573268546875 0.5597570828125 0.5661423250000001 0.550134984375 0.57039293125 0.542482346875 0.5705265078124999
5 0.564461553125 0.6681075671875 0.571666971875 0.678315959375 0.59080490625 0.6785446703125 0.628884725 0.682104171875 0.6345530109374999 0.6834165750000001 0.6341049484375 0.675843421875 0.6322318828125 0.6705349 0.6227943984375 0.665358415625 0.6205967578125 0.6504752921875 0.564461553125 0.6681075671875
5 0.617746690625 0.631173721875 0.6205967578125 0.6504752921875 0.7199051437499999 0.6192821625 0.717584375 0.6134074015625 0.6828770453125 0.6140132203124999 0.617746690625 0.631173721875
5 0.721863934375 0.5465141296875 0.722298721875 0.5368512562500001 0.720723625 0.5157578125 0.7193386015625001 0.50713981875 0.6942616640625 0.5301441921875 0.6806856265625 0.534672759375 0.724765778125 0.60904499375 0.7247057015625 0.6056031484375 0.7246109296875 0.6001737046875 0.72631544375 0.5941094 0.7261996125 0.5874734125 0.722400971875 0.5772809765625 0.7198931125 0.5718936546875 0.7192266609375 0.5682845546874999 0.7191108296875 0.56164856875 0.721863934375 0.5465141296875
5 0.6142936828125001 0.422655971875 0.6001411 0.4685690203125 0.6208043640625001 0.462850125 0.627425334375 0.456422209375 0.6652109390625001 0.5252719328125 0.669862390625 0.530983878125 0.6798626624999999 0.5349472765625001 0.6806856265625 0.534672759375 0.6142936828125001 0.422655971875
1 0.453099646875 0.47119432968749997 0.45074957187500003 0.478864659375 0.5302280625 0.48245309374999995 0.46261061562499994 0.45569919687500005 0.41804394843750003 0.4773880078125 0.44845515625 0.4787610671875 0.453099646875 0.47119432968749997
1 0.43635879843750003 0.4946627265625 0.43025455468749996 0.4809451 0.4273157375 0.48057748437500003 0.42739614687499994 0.4851841375 0.42531683124999997 0.4860582625 0.41804394843750003 0.4773880078125 0.416853378125 0.48117901874999996 0.43660002656249997 0.5084826890625 0.4437925 0.5125462875 0.44451123125 0.5119970875 0.44670170468750003 0.49207635312500003 0.45074957187500003 0.478864659375 0.44845515625 0.4787610671875 0.43846004218749995 0.4950449625 0.43635879843750003 0.4946627265625
6 0.4842091328125 0.8521371734375001 0.490624578125 0.857376265625 0.4898387015625 0.8680921328125001 0.5010833234375001 0.871301084375 0.5151015171875 0.866191784375 0.5226957765625 0.8553570781250001 0.525350509375 0.8402304390625 0.5216930125 0.8310514781249999 0.51921299375 0.8310947671875001 0.5165730015625 0.8366134921875 0.502183525 0.8476840953125 0.49654853125000004 0.8482528640625 0.48936319062500006 0.8408517218749999 0.485931778125 0.8329146453125 0.4832781875 0.8317220125 0.47236345 0.8319125296875001 0.4726843875 0.8328798875000001 0.4842091328125 0.8521371734375001
6 0.62703225 0.4312666703125 0.629579390625 0.4384856140625 0.628422890625 0.455453740625 0.627425334375 0.456422209375 0.6652109390625001 0.5252719328125 0.669862390625 0.530983878125 0.6798626624999999 0.5349472765625001 0.6942616640625 0.5301441921875 0.73702543125 0.490914771875 0.7630381515625 0.46397781250000003 0.7686851124999999 0.455603334375 0.7710154953125 0.4468729546875 0.770806096875 0.4348765421875 0.7660535562499999 0.4233732265625 0.717386134375 0.337739475 0.707712884375 0.32880482187500004 0.6952739203125 0.3273667640625 0.6834291421875001 0.3362632203125 0.6154944328124999 0.403242496875 0.6135705 0.41155198750000005 0.6142936828125001 0.422655971875 0.619627415625 0.423164065625 0.62703225 0.4312666703125
5 0.424180378125 0.717801215625 0.4269642203125 0.715808746875 0.42846719218749996 0.7076310859375 0.40782969218750004 0.7075701624999999 0.3999163453125 0.715134803125 0.3703057375 0.7206026671875 0.3707948359375 0.7131676171875 0.3793484671875 0.7068295531250001 0.383452496875 0.6937615203124999 0.39817140625 0.6860780890625 0.394851184375 0.6731396484375 0.385495278125 0.6689708249999999 0.38602757187500003 0.664010525 0.4030361125 0.6348328796875 0.399403734375 0.632667640625 0.39560871249999996 0.63064515 0.392231309375 0.6286153703124999 0.38295620625 0.62376430625 0.375358871875 0.6193017046875 0.37157113750000004 0.617696834375 0.36270636562499997 0.6124208624999999 0.35849372343749997 0.6104056609375 0.3559588484375 0.6087789203125 0.351760784375 0.6075989578125001 0.348412540625 0.6072396546875 0.34507158437499996 0.607297971875 0.34257315781250003 0.607759328125 0.337993921875 0.6086747515625001 0.330102890625 0.6113189703125 0.32136933125 0.61356015 0.316379765625 0.6149004828125 0.308884484375 0.6162845531250001 0.305147778125 0.6176030171875 0.3071815703125 0.734118840625 0.309284246875 0.73491763125 0.3073346515625 0.7428888484375 0.30734194062500003 0.7433064671875 0.3083114546875 0.798849853125 0.31889044218749996 0.8066023843749999 0.32651693593750003 0.8127354625000001 0.3320115953125 0.816399271875 0.33834878125 0.8204661234374999 0.3400484171875 0.82210744375 0.341748053125 0.8237487625 0.34181365937499997 0.8275073374999999 0.3468979890625 0.8315960562500001 0.3486122046875 0.834072615625 0.4832781875 0.8317220125 0.4778715734375 0.8292920562500001 0.4758017109375 0.8185087515625 0.4614039671875 0.802952175 0.45582424374999997 0.8242518265625 0.44465070000000007 0.8285371687499999 0.43433882968750004 0.8236042796874999 0.4275067453125 0.8129864796874999 0.4311229484375 0.7858250734375 0.430666046875 0.7836761765625 0.42433157968749996 0.7803631249999999 0.388162075 0.783346515625 0.387609721875 0.77865205625 0.4103350453125 0.733096009375 0.424180378125 0.717801215625
5 0.5047468359375 0.7085297515625 0.4982444609375 0.7068575453125 0.49484836249999997 0.7231608656249999 0.5059485296874999 0.751163084375 0.5091051234374999 0.7591261703125001 0.5177153 0.794256640625 0.5288269453125001 0.8109974515625 0.51921299375 0.8310947671875001 0.530694278125 0.8308943609374999 0.5339623390625 0.8266598484375001 0.53725955625 0.8240958171875 0.54875608125 0.8126159828124999 0.5688622453125001 0.7917954421875 0.5729728328125 0.787963971875 0.5754493921875 0.7862497562499999 0.5748370671874999 0.7511697234375 0.571452375 0.7487223234375 0.562111665625 0.7401126859375 0.5570273375 0.736023965625 0.5510713203125001 0.7298617296875001 0.5459942828125001 0.7261906296875 0.5442946453124999 0.7245493093750001 0.5392030265625001 0.7200429703125 0.5379283 0.71881198125 0.5332688796875 0.7151335921875 0.5298987671875001 0.71352143125 0.52946656875 0.71269348125 0.5273566015625 0.7114770703125 0.5252830828125 0.7123487578125001 0.5223597468750001 0.7123997859375 0.5160808765625 0.7116738890625001 0.50811695 0.7101419140624999 0.5047468359375 0.7085297515625
5 0.855154753125 0.892077790625 0.8615164703125 0.8442947453125 0.8634427062500001 0.8258219531250001 0.8677997109375 0.7920157125 0.8718012890625 0.76361250625 0.8765843500000001 0.7284496203125 0.877397221875 0.7234883375 0.8793469999999999 0.7063643421875 0.8793156078125 0.7045659468750001 0.87794326875 0.7032406921875001 0.876129178125 0.7023728859375 0.8612610234375 0.70083346875 0.84189688125 0.6993725265624999 0.831257740625 0.6991328359375 0.8129800640625 0.70404271875 0.7758290890625 0.704195809375 0.753883325 0.6956619984375 0.7531527734375 0.6949712265625 0.7523246859375 0.69508945 0.7509758890625 0.6951129921875 0.7500923875 0.6960278859375 0.74966633125 0.6973845296875 0.7476459234374999 0.7104621359375 0.7463913 0.715880865625 0.7447577062499999 0.7253538328125 0.7426509734375 0.7334858515625 0.7423716578125 0.7357187609375 0.7708389859375 0.8848798453125 0.7553350875 0.8891563796874999 0.7236803843749999 0.8861481031249999 0.7136782328125 0.8868917328125001 0.712584825 0.89186794375 0.7122450953125 0.898170175 0.7131678359375 0.899503275 0.71407488125 0.899937178125 0.715431525 0.9003632343750001 0.7244392000000001 0.9011054765625 0.7294004828125 0.9019183484375001 0.7555086078125 0.903261571875 0.7681287671875 0.90484023125 0.7937951421875 0.9066409015625 0.8023610640625 0.907840590625 0.8266786421875001 0.9096648046875 0.8334461687499999 0.9108958859375 0.838399603125 0.911259159375 0.8492056703124999 0.911970009375 0.850988371875 0.9110394203125001 0.852321471875 0.9101166781250001 0.85318143125 0.9078529890624999 0.85445175 0.9033334578125001 0.855154753125 0.892077790625
3 0.567768509375 0.5573268546875 0.5735611281249999 0.5383434859375 0.5741718437500001 0.5148575859375 0.5698321890625 0.500133728125 0.5593080859375 0.48194549999999997 0.54134506875 0.4761350703125 0.5302280625 0.48245309374999995 0.49912772656250004 0.45492773125 0.47453242500000004 0.4492330703125 0.461893796875 0.45608798281249996 0.4534612453125 0.4700141203125 0.44670170468750003 0.49207635312500003 0.44405919374999997 0.5161080484375 0.4450146265625 0.5416079359375 0.44625845937499997 0.5476568875 0.458110225 0.5389771171875 0.46855316093750005 0.5469951656250001 0.48780799375 0.54759781875 0.513049775 0.558405565625 0.5229575765625001 0.56948096875 0.5237429359375 0.5775283984375 0.5316617921875 0.5645914046875 0.542482346875 0.5705265078124999 0.550134984375 0.57039293125 0.5597570828125 0.5661423250000001 0.567768509375 0.5573268546875
6 0.5673588421875 0.4802467328125 0.5804289859375 0.48001859375 0.5909266390625 0.47111927187499997 0.6208043640625001 0.462850125 0.628422890625 0.455453740625 0.629579390625 0.4384856140625 0.62703225 0.4312666703125 0.619627415625 0.423164065625 0.589555346875 0.42029938749999995 0.5739296125 0.41282450624999995 0.5671609515625 0.4134268796875 0.5542344515625001 0.4218843703125 0.5472352015624999 0.43701757499999994 0.54960245 0.461671825 0.560038503125 0.476984921875 0.5673588421875 0.4802467328125
6 0.48614336874999997 0.5605008671875 0.4842351390625 0.5590357328125 0.4376539453125 0.7081578296875 0.47182062968749994 0.671521090625 0.48614336874999997 0.5605008671875
6 0.5195626734375 0.6045172734375 0.5242028875 0.5822414421875 0.5229575765625001 0.56948096875 0.513049775 0.558405565625 0.48780799375 0.54759781875 0.48614336874999997 0.5605008671875 0.48884708281249994 0.5625767671874999 0.5195626734375 0.6045172734375
6 0.48450513749999996 0.703489528125 0.49188238906250004 0.7156786515625 0.49484836249999997 0.7231608656249999 0.5130987593749999 0.6355479546875 0.51238334375 0.63457443125 0.5055885796874999 0.6353119109375001 0.48450513749999996 0.703489528125
6 0.48450513749999996 0.703489528125 0.4776502390625 0.692163465625 0.4931253046875 0.6658543828125 0.5055885796874999 0.6353119109375001 0.47182062968749994 0.671521090625 0.4556647 0.79675096875 0.48450513749999996 0.703489528125
6 0.45582424374999997 0.8242518265625 0.4614039671875 0.802952175 0.4556647 0.79675096875 0.430666046875 0.7836761765625 0.4311229484375 0.7858250734375 0.4275067453125 0.8129864796874999 0.43433882968750004 0.8236042796874999 0.44465070000000007 0.8285371687499999 0.45582424374999997 0.8242518265625
1 0.44029495937499996 0.6977627078124999 0.4590998046875 0.6701506796875 0.46427274062499996 0.6700603859375 0.4776502390625 0.692163465625 0.4931253046875 0.6658543828125 0.5055885796874999 0.6353119109375001 0.51238334375 0.63457443125 0.55549081875 0.693234084375 0.5994329671874999 0.7642566875 0.6120443 0.777651828125 0.6170261984375001 0.7794214968750001 0.622443196875 0.7706626796875 0.6372916953125001 0.7704034984375 0.6228890953125 0.760752878125 0.6102237671874999 0.7442643015625 0.5827346671875 0.6939962937499999 0.5611593296875 0.6634290921875 0.5502204734375 0.6394838671875 0.5268862671875 0.61451725 0.48884708281249994 0.5625767671874999 0.458110225 0.5389771171875 0.43733403125 0.5541927890625 0.417597696875 0.5935264765625 0.41027063906250005 0.5992242562500001 0.40681769531249995 0.6141375515624999 0.41000832656249997 0.61965174375 0.40826025625 0.625871015625 0.38602757187500003 0.664010525 0.385495278125 0.6689708249999999 0.394851184375 0.6731396484375 0.39817140625 0.6860780890625 0.383452496875 0.6937615203124999 0.3793484671875 0.7068295531250001 0.3707948359375 0.7131676171875 0.3703057375 0.7206026671875 0.3999163453125 0.715134803125 0.40782969218750004 0.7075701624999999 0.43778078750000005 0.70765858125 0.44029495937499996 0.6977627078124999
7 0.5177153 0.794256640625 0.5091051234374999 0.7591261703125001 0.49188238906250004 0.7156786515625 0.46427274062499996 0.6700603859375 0.4590998046875 0.6701506796875 0.44029495937499996 0.6977627078124999 0.4376539453125 0.7081578296875 0.424180378125 0.717801215625 0.4103350453125 0.733096009375 0.387609721875 0.77865205625 0.388162075 0.783346515625 0.42433157968749996 0.7803631249999999 0.4556647 0.79675096875 0.4758017109375 0.8185087515625 0.4778715734375 0.8292920562500001 0.485931778125 0.8329146453125 0.48936319062500006 0.8408517218749999 0.49654853125000004 0.8482528640625 0.502183525 0.8476840953125 0.5165730015625 0.8366134921875 0.5288269453125001 0.8109974515625 0.5177153 0.794256640625
6 0.907176575 0.6231373984374999 0.90799415 0.6132154890625 0.8993504703124999 0.600486434375 0.9041126078125 0.5895049078125 0.9039224328125 0.5786098234375 0.8827769562500001 0.559163640625 0.8543240328125 0.54678035625 0.8463916921875001 0.5464234343750001 0.8358708187499999 0.5396717296875 0.7842346171875 0.5613790859375001 0.7573772578125 0.5836446890625 0.7424140875 0.6061980609375001 0.7344360171875 0.631601796875 0.7281881875 0.6426092578125 0.725038375 0.6448970593750001 0.73050870625 0.6735601109375 0.753883325 0.6956619984375 0.7758290890625 0.704195809375 0.8129800640625 0.70404271875 0.8662316234375 0.6897378953125 0.8780134390625 0.683587659375 0.88608659375 0.6636314640625 0.8918997015624999 0.656099265625 0.900876878125 0.6311734718750001 0.907176575 0.6231373984374999
5 0.634586496875 0.7034312968750001 0.6413386515624999 0.7077644515625 0.648533521875 0.7374606515625 0.6500781250000001 0.749451428125 0.6454165078125 0.762885834375 0.6477656078125 0.769966453125 0.6536200640625001 0.773870175 0.6564917984374999 0.7853926828125 0.655250103125 0.790755571875 0.6585279703125 0.8000454843749999 0.656590515625 0.8165480531249999 0.6595476859375 0.8329651828125 0.64570489375 0.8559069765625 0.6501134656249999 0.8789752937499999 0.6559679234375 0.8828790156249999 0.684562234375 0.8890564187500001 0.7236803843749999 0.8861481031249999 0.7553350875 0.8891563796874999 0.7708389859375 0.8848798453125 0.7203784375 0.6204802515625001 0.717584375 0.6134074015625 0.6828770453125 0.6140132203124999 0.617746690625 0.631173721875 0.6227943984375 0.665358415625 0.6322318828125 0.6705349 0.6341049484375 0.675843421875 0.63473631875 0.6865148328124999 0.6312775640625 0.692361521875 0.6317846640625 0.6959134812500001 0.634586496875 0.7034312968750001