3 0.3996844453125 0.3192559875 0.3907475734375 0.3714661359375 0.3907475734375 0.38933988125 0.39309938125 0.3954545828125 0.4053287859375 0.398276753125 0.4274357859375 0.390750965625 0.4363726578125 0.383695540625 0.44530952968750004 0.3677032421875 0.45942038125 0.372877221875 0.46036110468749997 0.3860473484375 0.46459435937500004 0.387458434375 0.47353123124999996 0.3446555203125 0.47447195468750003 0.32490032812499997 0.47212014687500004 0.325370690625 0.4617721890625 0.34324443437499996 0.4547167640625 0.346536965625 0.44954278593749997 0.34559624375000003 0.44483916875 0.32301888125 0.438724465625 0.31408200937499997 0.424143253125 0.303263690625 0.413324934375 0.30091188125 0.4067398703125 0.30279332812500004 0.3996844453125 0.3192559875
5 0.5728807390624999 0.5396214640625 0.566757696875 0.558500846875 0.5585936390625 0.56717515625 0.548898821875 0.5712571859375 0.54124501875 0.5712571859375 0.53607485 0.568302803125 0.5357857890625 0.570290096875 0.5339756984374999 0.58416745625 0.5321656078125 0.5992515421875 0.5301862125000001 0.620844940625 0.5457395390625 0.63807970625 0.60067439375 0.47032151093749996 0.5914168281250001 0.472710559375 0.580765459375 0.481425315625 0.567693325 0.481425315625 0.560431028125 0.47803624375 0.5564461125 0.47196399062500005 0.5516477921875 0.48025199843750005 0.559614146875 0.48298331875 0.56981921875 0.501352446875 0.573901246875 0.5161498 0.5728807390624999 0.5396214640625
5 0.6310156328125001 0.67815709375 0.6292354984374999 0.672816690625 0.61988979375 0.6674762890625 0.617952234375 0.652557078125 0.561517853125 0.6692069734375 0.5685440140625 0.6795395625 0.5876750421875 0.680102240625 0.6256869390625 0.684325784375 0.6313314578125 0.6857369140625 0.6310156328125001 0.67815709375
5 0.617952234375 0.652557078125 0.717789890625 0.62310186875 0.7155720031249999 0.6171875 0.6808593875 0.6171875 0.615439459375 0.63320870625 0.617952234375 0.652557078125
5 0.721018359375 0.5811506390625001 0.7186049046874999 0.57572036875 0.7180015421875 0.5721001875 0.7180015421875 0.565463190625 0.721018359375 0.5503791046875001 0.721621721875 0.540725290625 0.7204149953125001 0.5196075703124999 0.7191805875 0.5109667171875001 0.6937059890625 0.533529934375 0.680052984375 0.537820878125 0.7228284484375 0.6129510890625001 0.7228284484375 0.6095087203125 0.7228284484375 0.6040784484375 0.7246385390625 0.598044815625 0.7246385390625 0.5914078171875 0.721018359375 0.5811506390625001
5 0.6647447203125 0.5281514125 0.6692957765624999 0.5339436671875 0.6792253546875 0.5380809906249999 0.680052984375 0.537820878125 0.6156261140625 0.42466245156250004 0.60067439375 0.47032151093749996 0.6214343203125 0.464964109375 0.6281664640625 0.458652725 0.6647447203125 0.5281514125
1 0.5305296937499999 0.48298331875 0.463389465625 0.45505340937499994 0.4184510640625 0.475961121875 0.4488336765625 0.4778647203125 0.45360951875 0.4703801921875 0.4511259359375 0.478008340625 0.5305296937499999 0.48298331875
1 0.446848109375 0.49114737656249996 0.4511259359375 0.478008340625 0.4488336765625 0.4778647203125 0.4385558921875 0.493971696875 0.43646163906249996 0.493552846875 0.43059773124999995 0.47973077656249996 0.4276657765625 0.4793119265625 0.4276657765625 0.4839192828125 0.4255715234375 0.484756984375 0.4184510640625 0.475961121875 0.41719451249999995 0.47973077656249996 0.43646163906249996 0.507374915625 0.44358209843749996 0.5115634203125 0.4443103046875 0.5110268484375 0.446848109375 0.49114737656249996
6 0.48012375937499996 0.8326184171875 0.47749138750000003 0.8313796531250001 0.46657498750000004 0.8313796531250001 0.46687899218749995 0.8323524656249999 0.478065896875 0.851807953125 0.4843889296875 0.8571582125000001 0.48341615625 0.8678587312499999 0.49460306093749995 0.871263440625 0.5087082890625 0.86639956875 0.516490484375 0.8556990515624999 0.5194088078125 0.8406210484375001 0.5159120640625 0.8313796531250001 0.5134316671875 0.8313796531250001 0.5106957624999999 0.8368514625 0.49611526875 0.8476692484375 0.49047120624999996 0.8481395875000001 0.483416128125 0.8406141703125 0.48012375937499996 0.8326184171875
6 0.61716549375 0.4052728890625 0.6150968328124999 0.41354753750000006 0.6156261140625 0.42466245156250004 0.6209501671875 0.4252635546875 0.6282124640625 0.4334941578125 0.6306332296875 0.4407564546875 0.6291807703125001 0.45770181406250005 0.6281664640625 0.458652725 0.6647447203125 0.5281514125 0.6692957765624999 0.5339436671875 0.6792253546875 0.5380809906249999 0.6937059890625 0.533529934375 0.737147890625 0.4950528203125 0.7636267640625001 0.468573946875 0.7694190187500001 0.46029929843749995 0.7719014125 0.45161091875 0.7719014125 0.43961267812499993 0.7673503562499999 0.42802817187500003 0.7201848625 0.3415581 0.7106690171875 0.3324559859375 0.6982570453125 0.33080105625 0.68625880625 0.3394894375 0.61716549375 0.4052728890625
5 0.41945009375 0.778999828125 0.3832340296875 0.7813515203125 0.382763690625 0.7766481359374999 0.40628061562499995 0.7314956390625 0.4203907703125 0.7164448078125 0.42320896250000006 0.7145012281249999 0.42485442500000004 0.70635104375 0.40422113125000003 0.7059299546875 0.39617696874999997 0.7133553359375 0.36647544375 0.718305590625 0.3670942265625 0.710880209375 0.3757571703125 0.7046923921875 0.3800886421875 0.6916979750000001 0.3949394046875 0.68427259375 0.3918454953125 0.671278178125 0.3825637703125 0.66694670625 0.3831825515625 0.6619964515625 0.400697721875 0.6331200906250001 0.3971036859375 0.6308917875 0.3933445390625 0.6288033734375 0.390003075 0.6267149578125 0.380814046875 0.6217027609375 0.37329575312499996 0.617108246875 0.3695366046875 0.615437515625 0.3607652609375 0.6100076359375 0.35658843125 0.6079192203125 0.3540823328125 0.6062484875 0.3499055015625 0.6049954390625001 0.3465640375 0.60457775625 0.34322257343749996 0.60457775625 0.340716475 0.6049954390625001 0.3361219609375 0.6058308046875001 0.3281859828125 0.608336903125 0.3194146390625 0.6104253187500001 0.3144024421875 0.6116783671875 0.306884146875 0.6129314171875 0.303125 0.614184465625 0.303125 0.7307180375 0.30521341562500004 0.7315534031250001 0.303125 0.7394893812500001 0.303125 0.7399070640625001 0.303125 0.7954589109375 0.3135670765625 0.8033948890625 0.321085371875 0.8096601343750001 0.3265152515625 0.8134192812500001 0.332780496875 0.8175961125000001 0.334451228125 0.8192668453125 0.3361219609375 0.8209375765625 0.3361219609375 0.8246967250000001 0.3411341578125 0.8288735546874999 0.34280489062499997 0.8313796531250001 0.47749138750000003 0.8313796531250001 0.4721280046875 0.8288557093750001 0.4702466515625 0.8180379234374999 0.45612260156250006 0.802232440625 0.450171996875 0.82343146875 0.438925365625 0.827521153125 0.42870115625 0.8224090484375 0.42205541875 0.8116736281250001 0.426145103125 0.7845794703125 0.425725775 0.7824229265625 0.41945009375 0.778999828125
5 0.5215732359375 0.7127576671875 0.5186494546875 0.7127576671875 0.5123842093750001 0.7119223 0.5044482312499999 0.7102515687500001 0.5011067671875 0.7085808359375 0.494634565625 0.7067954015625 0.49095445312499997 0.72303696875 0.5015642234375 0.751228646875 0.5045813609375001 0.7592456109375 0.512577115625 0.7945209984375 0.5233949015625 0.8114531843749999 0.5134316671875 0.8313796531250001 0.5249147 0.8313796531250001 0.528256165625 0.827202821875 0.5315976296875 0.8246967250000001 0.5432927546874999 0.8134192812500001 0.563759225 0.7929528125 0.5679360546875001 0.789193665625 0.570442153125 0.7875229328125 0.570442153125 0.7524375562500001 0.5671006890625 0.7499314578125 0.5579116609375 0.7411601140624999 0.552899465625 0.7369832828125 0.5470519015625 0.7307180375 0.54203970625 0.726958890625 0.5403689734375 0.7252881578125 0.5353567765625 0.72069364375 0.5341037281250001 0.7194405953125 0.5295092140625 0.7156814484375 0.52616775 0.714010715625 0.5257500671875001 0.71317535 0.5236616515625 0.7119223 0.5215732359375 0.7127576671875
5 0.8437612874999999 0.9171024093750001 0.8451102890625 0.9162030734375 0.8460096234375 0.9139547374999999 0.8473586265625 0.9094580640625001 0.8482579609374999 0.8982163796875 0.8554526375 0.8505516406250001 0.857700975 0.832115278125 0.8626473156250001 0.7983902265625 0.8671439890625001 0.770061184375 0.8725399984375001 0.7349871296875 0.8734393328125 0.7300407890625 0.87568766875 0.7129534296875 0.87568766875 0.7111547609375 0.8743386671875 0.7098057578125 0.8725399984375001 0.7089064234375 0.857700975 0.7071077546875 0.838365278125 0.705309084375 0.8277319406249999 0.7048837515625 0.8093713593749999 0.709473896875 0.7722233703125 0.708978590625 0.750429884375 0.7000630734375 0.7497115 0.69935965625 0.748881475 0.6994634093750001 0.7475324734375 0.6994634093750001 0.7466331390625001 0.70036274375 0.7461834703125 0.7017117453124999 0.743935134375 0.7147520984375 0.7425861328125001 0.7201481078125 0.7407874624999999 0.729591121875 0.7385391265625 0.737685134375 0.738220884375 0.739912828125 0.76408065625 0.88954801875 0.7485044828125 0.8935533203125001 0.716907103125 0.8899930515625 0.706893496875 0.89056200625 0.705713409375 0.8955183765625 0.7052637421875 0.90181371875 0.7061630765625 0.9031627203125 0.7070624109375 0.9036123875 0.7084114125000001 0.9040620562499999 0.7174047609375 0.904961390625 0.7223511015625 0.9058607249999999 0.7484318078125 0.90765939375 0.76102249375 0.9094580640625001 0.7866535328125 0.9117063999999999 0.7951972125 0.913055403125 0.81947925 0.9153037390625001 0.8262242609375001 0.9166527421874999 0.8311706015625001 0.9171024093750001 0.8419626171875001 0.91800174375 0.8437612874999999 0.9171024093750001
3 0.5305296937499999 0.5651341421875 0.54124501875 0.5712571859375 0.548898821875 0.5712571859375 0.5585936390625 0.56717515625 0.566757696875 0.558500846875 0.5728807390624999 0.5396214640625 0.573901246875 0.5161498 0.56981921875 0.501352446875 0.559614146875 0.48298331875 0.5417552718749999 0.4768602765625 0.5305296937499999 0.48298331875 0.4999144796875 0.4549193734375 0.475422309375 0.44879633124999996 0.4626659703125 0.4554296265625 0.453991659375 0.4692064734375 0.446848109375 0.49114737656249996 0.4437865890625 0.51512929375 0.44429684218750004 0.540641971875 0.4454349171875 0.546711709375 0.4574363609375 0.5382401031249999 0.467737771875 0.5464391843749999 0.48697915468749997 0.5473777890625 0.5120284703125 0.5586244203125 0.5217414703125 0.5698710515625 0.5223862625 0.5779309625 0.5305296937499999 0.5651341421875
6 0.5555894968749999 0.42284278906250006 0.5483272015625 0.43785153593750004 0.5502638140625 0.46254334531249996 0.560431028125 0.47803624375 0.567693325 0.481425315625 0.580765459375 0.481425315625 0.5914168281250001 0.472710559375 0.6214343203125 0.464964109375 0.6291807703125001 0.45770181406250005 0.6306332296875 0.4407564546875 0.6282124640625 0.4334941578125 0.6209501671875 0.4252635546875 0.590932675 0.42187448281249995 0.575439775 0.4141280328125 0.56866163125 0.41461218593750004 0.5555894968749999 0.42284278906250006
6 0.48508959375 0.5602498203125 0.483207225 0.55875160625 0.43403058593750005 0.7070380375 0.468831465625 0.67100316875 0.48508959375 0.5602498203125
6 0.5120284703125 0.5586244203125 0.48697915468749997 0.5473777890625 0.48508959375 0.5602498203125 0.487756665625 0.562372590625 0.517735615625 0.6048427703125 0.5227638906250001 0.5826513156249999 0.5217414703125 0.5698710515625 0.5120284703125 0.5586244203125
6 0.49095445312499997 0.72303696875 0.5107311265625001 0.635755915625 0.510032809375 0.6347700546875 0.503226209375 0.6353888359375001 0.480956115625 0.7031881125 0.4881195140625 0.71550413125 0.49095445312499997 0.72303696875
6 0.49023179375000003 0.6657091421875 0.503226209375 0.6353888359375001 0.468831465625 0.67100316875 0.450492434375 0.7959320140624999 0.480956115625 0.7031881125 0.47429992812500005 0.691744140625 0.49023179375000003 0.6657091421875
6 0.426145103125 0.7845794703125 0.42205541875 0.8116736281250001 0.42870115625 0.8224090484375 0.438925365625 0.827521153125 0.450171996875 0.82343146875 0.45612260156250006 0.802232440625 0.450492434375 0.7959320140624999 0.425725775 0.7824229265625 0.426145103125 0.7845794703125
1 0.36647544375 0.718305590625 0.39617696874999997 0.7133553359375 0.40422113125000003 0.7059299546875 0.434166121875 0.706541078125 0.43685261718749996 0.696690590625 0.45613649531249995 0.6694109578125 0.46131021875 0.6694109578125 0.47429992812500005 0.691744140625 0.49023179375000003 0.6657091421875 0.503226209375 0.6353888359375001 0.510032809375 0.6347700546875 0.5521099671874999 0.6941731015625 0.5948059078125 0.765951784375 0.6071815421875 0.7795649828125 0.612131796875 0.781421328125 0.6177008328125 0.772758384375 0.6325515937499999 0.772758384375 0.6183196140625 0.762857875 0.6059439796875 0.74615076875 0.5793363640625 0.695410665625 0.558297784375 0.664471578125 0.5477784953125 0.640339090625 0.5248835703125 0.6149690390625 0.487756665625 0.562372590625 0.4574363609375 0.5382401031249999 0.43639778125 0.5530908640625001 0.415977984375 0.5920741140625 0.40855260312499997 0.59764315 0.40483991250000007 0.6124939125 0.40793382187500005 0.6180629484375 0.40607747656250004 0.624250765625 0.3831825515625 0.6619964515625 0.3825637703125 0.66694670625 0.3918454953125 0.671278178125 0.3949394046875 0.68427259375 0.3800886421875 0.6916979750000001 0.3757571703125 0.7046923921875 0.3670942265625 0.710880209375 0.36647544375 0.718305590625
7 0.49047120624999996 0.8481395875000001 0.49611526875 0.8476692484375 0.5106957624999999 0.8368514625 0.5233949015625 0.8114531843749999 0.512577115625 0.7945209984375 0.5045813609375001 0.7592456109375 0.4881195140625 0.71550413125 0.46131021875 0.6694109578125 0.45613649531249995 0.6694109578125 0.43685261718749996 0.696690590625 0.43403058593750005 0.7070380375 0.4203907703125 0.7164448078125 0.40628061562499995 0.7314956390625 0.382763690625 0.7766481359374999 0.3832340296875 0.7813515203125 0.41945009375 0.778999828125 0.450492434375 0.7959320140624999 0.4702466515625 0.8180379234374999 0.4721280046875 0.8288557093750001 0.48012375937499996 0.8326184171875 0.483416128125 0.8406141703125 0.49047120624999996 0.8481395875000001
6 0.8747518187500001 0.6901569421875 0.883172028125 0.6703446828125 0.8891157062499999 0.662915084375 0.8985265296874999 0.638149759375 0.9049655156249999 0.6302248546875 0.9059561281249999 0.620318725 0.8975359171875 0.60744075625 0.9024889828125 0.5965440125 0.9024889828125 0.5856472687500001 0.8816861093749999 0.565835009375 0.8534536375 0.5529570390625 0.845528734375 0.5524617328125 0.8351272968749999 0.5455274421875 0.7831201140624999 0.5663303156249999 0.75587825625 0.5881238015625 0.7405237546875 0.6104125953125 0.73210354375 0.6356732265625 0.725664559375 0.6465699703125 0.7224752984375 0.6488024515624999 0.7274445578125001 0.6775566078125 0.750429884375 0.7000630734375 0.7722233703125 0.708978590625 0.8093713593749999 0.709473896875 0.8628644624999999 0.6961006203125 0.8747518187500001 0.6901569421875
5 0.6310156328125001 0.67815709375 0.6314606656249999 0.6888378984375 0.6279003984375 0.694623334375 0.62834543125 0.6981836015625 0.6310156328125001 0.705749171875 0.6376911359374999 0.7101995078125001 0.6443666390625 0.740016753125 0.6457017390625001 0.752032659375 0.6408063703125 0.7653836640625 0.6430315375 0.7725042015625 0.6488169734375 0.776509503125 0.651487175 0.788080375 0.6501520734375 0.7934207765625 0.653267309375 0.8027664812499999 0.651042140625 0.819232721875 0.6537123421875 0.8356989609375001 0.63947126875 0.8583956718750001 0.643476571875 0.881537415625 0.6492620078125 0.8855427171875 0.677744153125 0.8922182187500001 0.716907103125 0.8899930515625 0.7485044828125 0.8935533203125001 0.76408065625 0.88954801875 0.718242203125 0.6243080359375 0.7155720031249999 0.6171875 0.6808593875 0.6171875 0.615439459375 0.63320870625 0.61988979375 0.6674762890625 0.6292354984374999 0.672816690625 0.6310156328125001 0.67815709375