5 0.5087803078124999 0.6803700312500001 0.50397415625 0.6889379421874999 0.4998227625 0.6990456593750001 0.5003941203125 0.702653071875 0.5075728359375 0.714253303125 0.5123864484375 0.7212975921875 0.5178349015625 0.7323501140625 0.5194817609375 0.7349654265625001 0.524402421875 0.7452797875 0.5329541421874999 0.7603604625 0.5364383140625 0.7667935546875 0.537720296875 0.770116796875 0.5513464124999999 0.746958796875 0.551121678125 0.746919978125 0.5518885546875001 0.7279086421875001 0.551298934375 0.7272304921875 0.541946740625 0.709556896875 0.5389428609375 0.7065041437499999 0.5261820796875 0.7055008046875 0.5214158828125 0.6976864265625 0.5174728187500001 0.6791561109375001 0.5182144656250001 0.6740356843749999 0.51126865 0.677921525 0.5087803078124999 0.6803700312500001
0 0.6926125171875 0.93843595625 0.699909634375 0.9332184625 0.735638409375 0.9600535328124999 0.7727854046875 0.954170028125 0.7757479468749999 0.9344075234375 0.7690857640625001 0.8999104859375 0.7215190296875 0.8811840578125001 0.6566706015625 0.86133713125 0.6623765875000001 0.8949916468750001 0.6926125171875 0.93843595625
6 0.5214158828125 0.6976864265625 0.5261820796875 0.7055008046875 0.5389428609375 0.7065041437499999 0.541946740625 0.709556896875 0.551298934375 0.7272304921875 0.5518885546875001 0.7279086421875001 0.552169409375 0.720946003125 0.5615128656249999 0.6952065921874999 0.562246278125 0.677024809375 0.5595644453124999 0.6666101953125 0.5617083578125001 0.6605928671875 0.54226620625 0.6290894375 0.5419404625 0.628194634375 0.54128706875 0.6290094359375 0.5355801296875 0.6566292828125 0.523442421875 0.65955985625 0.5196398390625 0.6641947234375001 0.5174728187500001 0.6791561109375001 0.5214158828125 0.6976864265625
5 0.8362631515625001 0.6575917484375 0.6790477640625 0.8263870062500001 0.6909131546875 0.8245077125 0.6936574765625 0.8290303890624999 0.821145565625 0.768639646875 0.8201201984375001 0.7627314625 0.8271773703124999 0.764393078125 0.8305894203124999 0.7641661171874999 0.8362631515625001 0.6575917484375
5 0.6954125671875 0.8319228000000001 0.6936574765625 0.8290303890624999 0.6631067359375 0.8435021890625001 0.6548903734375 0.8417501250000001 0.6547079453125 0.8415324343749999 0.6431111015625001 0.8571872328125 0.7215190296875 0.8811840578125001 0.7930788578125 0.9093562687500001 0.813653715625 0.9086058609375 0.8196079015625 0.8578243265625 0.7883830609375 0.8573371203125 0.6954125671875 0.8319228000000001
5 0.5889207484375001 0.418294128125 0.583211040625 0.4186964203125 0.58145445625 0.4205071703125 0.5848732046875 0.4388669515625 0.5886843296875 0.447665190625 0.589952715625 0.4469341921875 0.5884625 0.42412227187499996 0.5889207484375001 0.418294128125
6 0.600734175 0.56456859375 0.5939076140624999 0.507474928125 0.589952715625 0.4469341921875 0.569293728125 0.4588404125 0.5624678234375 0.4804040203125 0.5614603484375 0.5082751937500001 0.5576951453125 0.526341903125 0.5387724484375 0.54379719375 0.546609434375 0.5666529859375 0.56266305625 0.56531519375 0.565258359375 0.5588798765625 0.59585805625 0.5733109984375 0.6175204453124999 0.5790587953124999 0.6252182937499999 0.5699022499999999 0.6041214546875 0.5684644734375001 0.600734175 0.56456859375
1 0.7147321640625 0.37367056875000004 0.7189954390625 0.3656084 0.719932590625 0.3423758109375 0.726023978125 0.34002598125 0.728392 0.3345724078125 0.7257078796875 0.3234554515625 0.721654415625 0.3240974578125 0.71160746875 0.33353735156250003 0.7011856609375 0.3522702828125 0.682870925 0.373638378125 0.685577425 0.381981690625 0.6753226078125001 0.4028060875 0.7435692484375 0.39700434375000004 0.753330984375 0.3841777109375 0.7625443046875 0.36655955156250003 0.77406269375 0.3605800703125 0.7754012765625 0.33405211874999996 0.772672396875 0.3284824484375 0.76811959375 0.325971759375 0.734420434375 0.3493148265625 0.7321461296875 0.352445140625 0.7326720390625 0.36159550937499996 0.7280520921875 0.36740575 0.731160025 0.3724537 0.7313292640625 0.3793521421875 0.7264505531250001 0.38935851875 0.7218753703125 0.3896214734375 0.7147321640625 0.37367056875000004
5 0.8960426265624999 0.5711050125 0.8938510281250001 0.6011459 0.8873394453125 0.6198671421874999 0.8775146625 0.6296364046875 0.8359672359375001 0.6450812625 0.8362631515625001 0.6575917484375 0.9507447984375 0.63712518125 0.93255188125 0.5330369578124999 0.924453515625 0.46035120625000003 0.9210628046875 0.45690532812500007 0.9082963390625001 0.45892733750000003 0.8736743546874999 0.46656077968750004 0.876100271875 0.510043084375 0.8842425890625 0.5205360140625 0.8918757749999999 0.5408076375 0.8911675718750001 0.5522918890625 0.8960426265624999 0.5711050125
3 0.6269302109375 0.5991972359375 0.651669221875 0.5719030109375 0.6518864343749999 0.5717197171875 0.6252182937499999 0.5699022499999999 0.6009341781249999 0.598788059375 0.5988703625 0.6041929625 0.613499378125 0.5981655578125 0.6269302109375 0.5991972359375
5 0.54226620625 0.6290894375 0.5617083578125001 0.6605928671875 0.5595644453124999 0.6666101953125 0.562246278125 0.677024809375 0.5615128656249999 0.6952065921874999 0.552169409375 0.720946003125 0.551121678125 0.746919978125 0.5513464124999999 0.746958796875 0.5595032203125 0.7330960546874999 0.5855449562499999 0.6985221375 0.588119840625 0.6911697359375 0.6055031093750001 0.6761299328125 0.6180172765624999 0.65940611875 0.604868921875 0.6633425125 0.594000990625 0.66253669375 0.589326903125 0.6569591734375 0.5843848625 0.6337341828125 0.5885900281249999 0.6084286359375 0.5894907671875 0.608057515625 0.5863578671874999 0.6076535062499999 0.548987240625 0.60634618125 0.537062040625 0.6092672703125 0.5358704578125 0.611520640625 0.54226620625 0.6290894375
3 0.6548903734375 0.8417501250000001 0.6631067359375 0.8435021890625001 0.6775974812500001 0.8266167078125 0.664265228125 0.8287283296875 0.6589721125 0.839477028125 0.655269865625 0.8407738890625 0.6547079453125 0.8415324343749999 0.6548903734375 0.8417501250000001
4 0.702753934375 0.7623478390625 0.7071099453125 0.7863817171874999 0.70741900625 0.8067364328125001 0.69781828125 0.8234140484375001 0.6909131546875 0.8245077125 0.6954125671875 0.8319228000000001 0.7883830609375 0.8573371203125 0.8277073828124999 0.857950703125 0.8331395781250001 0.8548096796875001 0.8283168249999999 0.8099605750000001 0.8201201984375001 0.7627314625 0.7351675656250001 0.7427292999999999 0.719709359375 0.738195478125 0.7067017718749999 0.7551889609375 0.702753934375 0.7623478390625
5 0.5939076140624999 0.507474928125 0.600734175 0.56456859375 0.6041214546875 0.5684644734375001 0.6518864343749999 0.5717197171875 0.6756330421875 0.5516811734375 0.782702659375 0.5176648875 0.8539031187499999 0.5044924953125001 0.8755107359375 0.5092833546875 0.876100271875 0.510043084375 0.8693501171875001 0.3890528359375 0.8312003906250001 0.38955469374999996 0.5895653078125 0.410096440625 0.5884625 0.42412227187499996 0.5939076140624999 0.507474928125
6 0.77053505 0.52660966875 0.8027901500000001 0.5341550500000001 0.8222285906250001 0.5443055734375 0.8339613546875 0.56027804375 0.8359672359375001 0.6450812625 0.8775146625 0.6296364046875 0.8873394453125 0.6198671421874999 0.8938510281250001 0.6011459 0.8960426265624999 0.5711050125 0.8911675718750001 0.5522918890625 0.8918757749999999 0.5408076375 0.8842425890625 0.5205360140625 0.8755107359375 0.5092833546875 0.8539031187499999 0.5044924953125001 0.782702659375 0.5176648875 0.6756330421875 0.5516811734375 0.651669221875 0.5719030109375 0.6269302109375 0.5991972359375 0.613499378125 0.5981655578125 0.5885900281249999 0.6084286359375 0.5843848625 0.6337341828125 0.589326903125 0.6569591734375 0.594000990625 0.66253669375 0.604868921875 0.6633425125 0.6180172765624999 0.65940611875 0.621374796875 0.654919159375 0.65261809375 0.59922185625 0.729035696875 0.587118496875 0.7382015203125001 0.5403585828125 0.742273928125 0.533386534375 0.7507184609374999 0.5285979375000001 0.77053505 0.52660966875
6 0.50932131875 0.8783330843750001 0.5002242671875 0.8984708609375 0.5040987125 0.9128147640625001 0.5190300828125001 0.932886203125 0.530004465625 0.938092609375 0.5357368484375 0.9371846890625 0.5476353515625 0.9246161828125 0.552403171875 0.9142454640625 0.5887168921875 0.9074255375 0.6098872234375 0.8960595093749999 0.6238702296875 0.8831608515625 0.655269865625 0.8407738890625 0.6528966046875 0.84160521875 0.6046493374999999 0.7909506453125 0.5969189703125 0.775269121875 0.5953824453125 0.7545258546875 0.6023198375 0.7394359921875 0.6088845515625 0.7587999109375 0.61870955625 0.7729837546875 0.6291597765625 0.7800730312499999 0.64137260625 0.77988759375 0.658968625 0.7695221546875 0.668721234375 0.757484178125 0.6753160125 0.7144664109375001 0.681183115625 0.7147030765625 0.702487984375 0.760880478125 0.702753934375 0.7623478390625 0.7067017718749999 0.7551889609375 0.719709359375 0.738195478125 0.7007847796875 0.732644984375 0.6983904812499999 0.7284227171875 0.70829705625 0.6929177140625 0.729035696875 0.587118496875 0.65261809375 0.59922185625 0.621374796875 0.654919159375 0.6055031093750001 0.6761299328125 0.588119840625 0.6911697359375 0.5855449562499999 0.6985221375 0.5595032203125 0.7330960546874999 0.5359327796875 0.7731547375 0.5263712421875 0.7971054718749999 0.517717625 0.8267885859374999 0.5176026890625 0.8732820546875001 0.50932131875 0.8783330843750001
7 0.742273928125 0.533386534375 0.7382015203125001 0.5403585828125 0.70829705625 0.6929177140625 0.6983904812499999 0.7284227171875 0.7007847796875 0.732644984375 0.7351675656250001 0.7427292999999999 0.8271773703124999 0.764393078125 0.8396995296875 0.7635601359375 0.8416773578125 0.761521321875 0.8380005390624999 0.73104364375 0.8339613546875 0.56027804375 0.8222285906250001 0.5443055734375 0.8027901500000001 0.5341550500000001 0.77053505 0.52660966875 0.7507184609374999 0.5285979375000001 0.742273928125 0.533386534375
3 0.6528966046875 0.84160521875 0.6589721125 0.839477028125 0.664265228125 0.8287283296875 0.69781828125 0.8234140484375001 0.70741900625 0.8067364328125001 0.7071099453125 0.7863817171874999 0.702487984375 0.760880478125 0.681183115625 0.7147030765625 0.6753160125 0.7144664109375001 0.668721234375 0.757484178125 0.658968625 0.7695221546875 0.64137260625 0.77988759375 0.6291597765625 0.7800730312499999 0.61870955625 0.7729837546875 0.6088845515625 0.7587999109375 0.6023198375 0.7394359921875 0.5953824453125 0.7545258546875 0.5969189703125 0.775269121875 0.6046493374999999 0.7909506453125 0.6528966046875 0.84160521875