5 0.4648840359375 0.6771364203125 0.45814788125000006 0.6842871125000001 0.45167452499999994 0.693090275 0.4513561984375 0.6967287546875001 0.455515325 0.7097211 0.458481784375 0.7177206609375 0.4610945484375 0.7297629765625 0.4620597875 0.7326990140625 0.4643390140625 0.7438974093749999 0.468988365625 0.760598971875 0.4708127375 0.767683871875 0.471252675 0.7712185390624999 0.4900764640625 0.7520448875 0.48986779687500004 0.7519528531249999 0.4952111515625 0.733691759375 0.4948031046875 0.7328911109375 0.4900043421875 0.7134799968750001 0.4878282171875 0.7097912187500001 0.475689215625 0.7057305703125001 0.4729550640625 0.696995265625 0.473612015625 0.678061465625 0.47557037500000005 0.6732725578125 0.46789081093749996 0.6753626296874999 0.4648840359375 0.6771364203125
0 0.657575959375 1 0.6624643625 0.9882132296874999 0.6643456640625 0.9531291749999999 0.6227221984375 0.923451565625 0.5646014515625 0.8885059234374999 0.5619961796874999 0.9225411593749999 0.5808238453125 0.9720097203125 0.5891664328124999 0.9687125406250001 0.61458455625 1 0.657575959375 1
6 0.4729550640625 0.696995265625 0.475689215625 0.7057305703125001 0.4878282171875 0.7097912187500001 0.4900043421875 0.7134799968750001 0.4948031046875 0.7328911109375 0.4952111515625 0.733691759375 0.4971680796875 0.727003884375 0.512460921875 0.70428943125 0.5175711203125 0.686825153125 0.5174884718749999 0.6760711046875 0.521024425 0.670751175 0.5097811578125 0.63548005 0.5096815625 0.634533021875 0.508850459375 0.63516555 0.49663119375000003 0.6605843359375 0.48414505781250006 0.66049148125 0.47933415312500005 0.6640687453125 0.473612015625 0.678061465625 0.4729550640625 0.696995265625
5 0.7881498046875001 0.73426001875 0.5947691171875 0.860007490625 0.606736696875 0.8610545187499999 0.6083053671875 0.8661067640625 0.7466163578125 0.8383520453125 0.7470507671875 0.8323712999999999 0.7534963296875 0.8356908437499999 0.756861934375 0.8362960734374999 0.7881498046875001 0.73426001875
5 0.6093085859375 0.869337853125 0.6083053671875 0.8661067640625 0.5751610687500001 0.872757796875 0.5676126296875 0.8690700578125 0.567488284375 0.8688147 0.552448678125 0.8811989546874999 0.6227221984375 0.923451565625 0.6853409187499999 0.9680988312500001 0.7054861546875 0.972348221875 0.7235486421874999 0.9245155640625 0.693369178125 0.9164888578125 0.6093085859375 0.869337853125
5 0.6060458625 0.4422330171875 0.6004084328125 0.44124205625 0.598265965625 0.44257406406250005 0.5971415312499999 0.4612155515625 0.5987109625 0.47067443906250006 0.6001185171875 0.4702720046875 0.6041912703125 0.4477771796875 0.6060458625 0.4422330171875
6 0.5821213828125 0.5870204328125 0.5893098078125 0.5299711984375 0.6001185171875 0.4702720046875 0.5771928140625 0.4768266984375 0.565352959375 0.49609843906249995 0.5576327625 0.5228979890625001 0.5496086703125 0.5395171546875 0.527025240625 0.5518761343749999 0.5291001171875 0.57594895 0.54500051875 0.57853461875 0.549075575 0.5729183171875001 0.5752751265625 0.5943235109375 0.5949035328125001 0.6051411796874999 0.604587890625 0.5981189015624999 0.584465546875 0.5916200468749999 0.5821213828125 0.5870204328125
1 0.73891555625 0.42937150468749996 0.745002609375 0.422580196875 0.7515323953124999 0.4002644328125 0.75801131875 0.3994580421875 0.7616283375 0.394739340625 0.7617133828125 0.3833032578125 0.7576250078125 0.382945571875 0.74559278125 0.389674484375 0.730948640625 0.40532970312499994 0.7080085203125 0.4216323390625 0.7086161953125 0.43038258125000006 0.6936281125 0.44810754062499997 0.7612511046875 0.4589884890625 0.7738259203125 0.4489044390625 0.7870277828125001 0.43403851875 0.79965059375 0.4310232046875 0.8073671078125001 0.4056070796875 0.8060667125000001 0.3995426765625 0.8022565374999999 0.3960051421875 0.7639111890625 0.41050225625000003 0.7609471484375 0.41298938124999995 0.7592437609375 0.4219951734375 0.7533554234375 0.42651516093749997 0.7551498265625 0.43216504218749996 0.7536451546875 0.4388995140625 0.7464906015625 0.447428390625 0.74198770625 0.44657669687499996 0.73891555625 0.42937150468749996
5 0.8670766078125001 0.664804271875 0.8576825625 0.693422621875 0.846835321875 0.71001246875 0.8349389781250001 0.7171147125 0.7908892390625 0.722049559375 0.7881498046875001 0.73426001875 0.90418216875 0.7420970140625001 0.911710878125 0.636699390625 0.9214373437500001 0.56421354375 0.918980984375 0.5600497359375 0.9061045703125 0.5589231953125 0.870664309375 0.5579540765625 0.8624988437500001 0.600731653125 0.8678608296875 0.6128827015625 0.870363128125 0.63439880625 0.8668976703125001 0.6453705984375 0.8670766078125001 0.664804271875
3 0.5991618578125 0.6269578515625 0.629769084375 0.6064592906249999 0.6300241890625 0.6063339890624999 0.604587890625 0.5981189015624999 0.57403700625 0.62027181875 0.5707269312500001 0.6250168921875 0.5863795640625 0.62270760625 0.5991618578125 0.6269578515625
5 0.5097811578125 0.63548005 0.521024425 0.670751175 0.5174884718749999 0.6760711046875 0.5175711203125 0.686825153125 0.512460921875 0.70428943125 0.4971680796875 0.727003884375 0.48986779687500004 0.7519528531249999 0.4900764640625 0.7520448875 0.5013446796875 0.7405672375 0.534977053125 0.7133203796875 0.539254159375 0.706809296875 0.5597595296875 0.6964216328124999 0.575947828125 0.6832220390625 0.5622377359375 0.68386063125 0.5518875750000001 0.6804495578124999 0.548701653125 0.6739069484375 0.54952504375 0.6501762515625 0.5597272656250001 0.626639709375 0.5606910296875001 0.626497521875 0.5577489296875 0.6253475953125001 0.521804640625 0.61503833125 0.50952699375 0.6149876843750001 0.5078256671875 0.61688585 0.5097811578125 0.63548005
3 0.5676126296875 0.8690700578125 0.5751610687500001 0.872757796875 0.59330634375 0.8598795156250001 0.57985926875 0.8587030484374999 0.5721230359375 0.8678519453125 0.568217021875 0.868214628125 0.567488284375 0.8688147 0.5676126296875 0.8690700578125
4 0.6332635890625 0.8036056031250001 0.6316758874999999 0.8279793874999999 0.627051515625 0.8478042484375001 0.6137012937499999 0.8616638421875 0.606736696875 0.8610545187499999 0.6093085859375 0.869337853125 0.693369178125 0.9164888578125 0.7313769609375 0.9265976296874999 0.7374076781250001 0.9248640734375 0.7435781625 0.8801804499999999 0.7470507671875 0.8323712999999999 0.6694605515625 0.7924113859374999 0.6555583515625 0.784272559375 0.6388260484375 0.7976144421875 0.6332635890625 0.8036056031250001
5 0.5893098078125 0.5299711984375 0.5821213828125 0.5870204328125 0.584465546875 0.5916200468749999 0.6300241890625 0.6063339890624999 0.6579131828125 0.5926355 0.7700316593750001 0.585532128125 0.8423038515625001 0.5899759625 0.862110615625 0.59985186875 0.8624988437500001 0.600731653125 0.8852193875 0.48170232031250004 0.8480814625 0.4729600171875 0.608654475 0.43443476875 0.6041912703125 0.4477771796875 0.5893098078125 0.5299711984375
6 0.756061540625 0.5912676 0.7855331343749999 0.6063920656249999 0.8019385359375001 0.6209436609375001 0.8094586953125 0.6392800921874999 0.7908892390625 0.722049559375 0.8349389781250001 0.7171147125 0.846835321875 0.71001246875 0.8576825625 0.693422621875 0.8670766078125001 0.664804271875 0.8668976703125001 0.6453705984375 0.870363128125 0.63439880625 0.8678608296875 0.6128827015625 0.862110615625 0.59985186875 0.8423038515625001 0.5899759625 0.7700316593750001 0.585532128125 0.6579131828125 0.5926355 0.629769084375 0.6064592906249999 0.5991618578125 0.6269578515625 0.5863795640625 0.62270760625 0.5597272656250001 0.626639709375 0.54952504375 0.6501762515625 0.548701653125 0.6739069484375 0.5518875750000001 0.6804495578124999 0.5622377359375 0.68386063125 0.575947828125 0.6832220390625 0.5802911109375 0.67968061875 0.6240807453125 0.6331962015625 0.7011564859375 0.6399394546875 0.7213622921875 0.596785925 0.7270004234375 0.5910061796875 0.7363525828124999 0.5884027421875 0.756061540625 0.5912676
6 0.41751737968749997 0.86935000625 0.4038187796875 0.886688828125 0.4041080328125 0.9015439703125001 0.41374015625 0.924631425 0.4231290109375 0.9323381234375001 0.4289107625 0.9328439625 0.4434964265625 0.923527303125 0.4506315265625 0.914618078125 0.4875164625 0.9167858171875001 0.5108076359375 0.9108789749999999 0.5274957546875 0.90174625625 0.568217021875 0.868214628125 0.565713140625 0.8684471203124999 0.5311534734375 0.807625134375 0.5274464359375 0.7905392734375 0.530973803125 0.77004045 0.5413556921875 0.7570771296875 0.54304085 0.7774540046875 0.5491426265625 0.7935934109375 0.5575673812499999 0.80300024375 0.5694622984375 0.805774865625 0.5890432671875 0.7999741859375 0.6014184328125001 0.7906531593749999 0.6182242578125 0.7505086249999999 0.623859828125 0.752157640625 0.6333605265625 0.8021174906249999 0.6332635890625 0.8036056031250001 0.6388260484375 0.7976144421875 0.6555583515625 0.784272559375 0.6385386984375 0.77430866875 0.6372369796874999 0.7696325890625 0.6554387234375 0.7375788515624999 0.7011564859375 0.6399394546875 0.6240807453125 0.6331962015625 0.5802911109375 0.67968061875 0.5597595296875 0.6964216328124999 0.539254159375 0.706809296875 0.534977053125 0.7133203796875 0.5013446796875 0.7405672375 0.46878331093750003 0.7737338015625 0.453711584375 0.79465995 0.438134021875 0.82136785 0.42677471093749997 0.8664524578125 0.41751737968749997 0.86935000625
7 0.7270004234375 0.5910061796875 0.7213622921875 0.596785925 0.6554387234375 0.7375788515624999 0.6372369796874999 0.7696325890625 0.6385386984375 0.77430866875 0.6694605515625 0.7924113859374999 0.7534963296875 0.8356908437499999 0.765848034375 0.837912028125 0.7682603453125 0.8364122546875 0.7720659624999999 0.8059503921875001 0.8094586953125 0.6392800921874999 0.8019385359375001 0.6209436609375001 0.7855331343749999 0.6063920656249999 0.756061540625 0.5912676 0.7363525828124999 0.5884027421875 0.7270004234375 0.5910061796875
3 0.565713140625 0.8684471203124999 0.5721230359375 0.8678519453125 0.57985926875 0.8587030484374999 0.6137012937499999 0.8616638421875 0.627051515625 0.8478042484375001 0.6316758874999999 0.8279793874999999 0.6333605265625 0.8021174906249999 0.623859828125 0.752157640625 0.6182242578125 0.7505086249999999 0.6014184328125001 0.7906531593749999 0.5890432671875 0.7999741859375 0.5694622984375 0.805774865625 0.5575673812499999 0.80300024375 0.5491426265625 0.7935934109375 0.54304085 0.7774540046875 0.5413556921875 0.7570771296875 0.530973803125 0.77004045 0.5274464359375 0.7905392734375 0.5311534734375 0.807625134375 0.565713140625 0.8684471203124999