5 0.8614455171875001 0.32865337499999997 0.8540039437500001 0.3295499375 0.8197135140625 0.3469685375 0.8111956749999999 0.35493172031250003 0.8184130312500001 0.36133782812500004 0.8390260375 0.360713978125 0.84542619375 0.362023675 0.8473921921875001 0.3693608765625 0.8512685796874999 0.40407747499999996 0.8525516640624999 0.4060207921875 0.854180075 0.412943121875 0.87041114375 0.403069103125 0.8824136109375 0.3905251453125 0.8812426984374999 0.38205968281249997 0.86464715 0.35084091875 0.8589593078125001 0.33370915624999997 0.8614455171875001 0.32865337499999997
1 0.5734265046875 0.43353661875 0.5586236625 0.3958199359375 0.5183487328124999 0.39425838281250003 0.52005735 0.495826875 0.522799940625 0.494961734375 0.522799090625 0.49495891875 0.525352821875 0.48113085 0.549753703125 0.46708191250000003 0.574597946875 0.45868492187500004 0.5738594296875 0.4428305859375 0.57382301875 0.44277090937499997 0.5731784828125 0.4343566859375 0.5734265046875 0.43353661875
5 0.84542619375 0.362023675 0.8390260375 0.360713978125 0.8184130312500001 0.36133782812500004 0.8296134374999999 0.3712792796875 0.8512685796874999 0.40407747499999996 0.8473921921875001 0.3693608765625 0.84542619375 0.362023675
5 0.7924164421875 0.5406396359375 0.790010925 0.5503922375 0.817977271875 0.5478794828125 0.8257194015625 0.5397197625000001 0.8303977671875 0.5411505625 0.8327569578125 0.544303996875 0.8642468453125 0.5203097421875 0.8583837203125 0.46780008593750005 0.85379009375 0.4869403375 0.8414600812499999 0.5133090625000001 0.833348115625 0.5217735828125 0.8279412046875001 0.527415484375 0.8117756078125 0.5375132687499999 0.7924164421875 0.5406396359375
6 0.44179907656250006 0.675925765625 0.4544058984375 0.676291884375 0.4263640421875 0.5625906328125 0.42567303125 0.5597887953125 0.42144529375 0.5626504875 0.416636046875 0.5726875796875001 0.4124322625 0.6013091296875 0.415819084375 0.6372701296875001 0.42081820312499996 0.65592709375 0.42849253125000003 0.6682432281249999 0.44179907656250006 0.675925765625
6 0.58995195625 0.5605999796875001 0.6231712265625 0.6865734406249999 0.640640728125 0.6812627531250001 0.63524579375 0.6207277140625 0.6336350078125 0.619940171875 0.618923253125 0.608392196875 0.6067552171874999 0.59394978125 0.594337703125 0.5723824359374999 0.5908023921875001 0.5606123359375 0.58995195625 0.5605999796875001
6 0.575789921875 0.439558459375 0.5734265046875 0.43353661875 0.5731784828125 0.4343566859375 0.57382301875 0.44277090937499997 0.57860758125 0.45061249999999997 0.5814881015625 0.4516104078125 0.575789921875 0.439558459375
5 0.551103590625 0.5211730890624999 0.5365770078125001 0.5206842078125 0.5283902203124999 0.5134894234375 0.522799940625 0.494961734375 0.4178497859375 0.5280679 0.4617379296875 0.70602105 0.48191907812499996 0.7732464828125 0.4908795375 0.7925270125 0.5832249093749999 0.7635044296875 0.580677475 0.7587403171875 0.588179184375 0.7422033953125 0.6136861312499999 0.7192855375 0.6295707187499999 0.710841465625 0.58386186875 0.53750526875 0.5789589 0.5211818218750001 0.578829034375 0.51841985625 0.5770697046875 0.5117481578125 0.5713440734375 0.5126201906250001 0.551103590625 0.5211730890624999
5 0.88517988125 0.62584691875 0.891248859375 0.6864367078125 0.908346365625 0.6657568421875 0.8957228 0.6406850546875 0.88517988125 0.62584691875
3 0.8082923453124999 0.352354734375 0.7744562578124999 0.3415013921875 0.7476172609375 0.34502346250000004 0.7358183390625 0.351854390625 0.7225264499999999 0.3648515875 0.7171783625 0.37642295312499996 0.738766434375 0.3932962203125 0.8079596875 0.3772412875 0.8243946484375 0.377844715625 0.8359706984375 0.3860090328125 0.84806933125 0.40780302031250004 0.8562059671875 0.43816936249999994 0.8569381859374999 0.4642607609375 0.85185018125 0.475638409375 0.8427470187500001 0.4837106515625 0.7985219156250001 0.4961866265625 0.793508996875 0.4962090625 0.7946899796875 0.5314221156250001 0.7924164421875 0.5406396359375 0.8117756078125 0.5375132687499999 0.8279412046875001 0.527415484375 0.8414600812499999 0.5133090625000001 0.85379009375 0.4869403375 0.8584959859374999 0.46733231093749994 0.8600917765625 0.438073584375 0.8525516640624999 0.4060207921875 0.8296134374999999 0.3712792796875 0.8082923453124999 0.352354734375
3 0.664259234375 0.8172090234375 0.6470238140625 0.7528855625 0.643170528125 0.7096489218750001 0.6373008984374999 0.7067321890625 0.6136861312499999 0.7192855375 0.588179184375 0.7422033953125 0.580677475 0.7587403171875 0.587957025 0.77235424375 0.596843909375 0.780349328125 0.6164149046875 0.787556878125 0.6313953796875 0.789249846875 0.6476035515625 0.79942553125 0.6557213578125001 0.8045219875 0.664259234375 0.8172090234375
3 0.5283902203124999 0.5134894234375 0.5365770078125001 0.5206842078125 0.551103590625 0.5211730890624999 0.5585360453125 0.5180324015625 0.5713440734375 0.5126201906250001 0.5785050625 0.5115295468750001 0.5775460765625 0.49113364375 0.579958759375 0.465039346875 0.581860290625 0.45623035625 0.549753703125 0.46708191250000003 0.525352821875 0.48113085 0.522799090625 0.49495891875 0.5283902203124999 0.5134894234375
3 0.738766434375 0.3932962203125 0.7570913203125 0.407618975 0.7787083140625 0.43667917031250003 0.7928695140625 0.47714177031249994 0.7932901296875 0.48968314062499996 0.793508996875 0.4962090625 0.7985219156250001 0.4961866265625 0.8427470187500001 0.4837106515625 0.85185018125 0.475638409375 0.8569381859374999 0.4642607609375 0.8562059671875 0.43816936249999994 0.84806933125 0.40780302031250004 0.8359706984375 0.3860090328125 0.8243946484375 0.377844715625 0.8079596875 0.3772412875 0.738766434375 0.3932962203125
6 0.5996373203124999 0.3517845953125 0.59642325625 0.35264580156249997 0.5941780484375 0.35712282968750003 0.585704553125 0.3512118375 0.5811775640625 0.3519942390625 0.5662780125 0.37191887343749996 0.5540753859375 0.3842312203125 0.575789921875 0.439558459375 0.5824283046875001 0.4535989890625 0.5846484843749999 0.44331383750000003 0.595974109375 0.41538453750000004 0.6092359828125 0.394681409375 0.6235030375 0.37979429374999996 0.64107944375 0.3689993609375 0.6609328921875 0.36257321875000004 0.6829621359375 0.3622026359375 0.7015907125 0.36772218125 0.703390340625 0.36870854999999997 0.703072021875 0.3649766390625 0.6917918796875 0.3421629609375 0.6871783546875 0.3378013125 0.683053121875 0.3384760609375 0.6699681749999999 0.35231663593749996 0.651873603125 0.3442469703125 0.6326103296875 0.344671915625 0.6039855828125 0.3583703359375 0.5996373203124999 0.3517845953125
1 0.7495873046875 0.6087865359375 0.73138356875 0.6131109968749999 0.6916495453125 0.6320559 0.6726159890625001 0.63328343125 0.6533700109375 0.629588959375 0.63524579375 0.6207277140625 0.6470238140625 0.7528855625 0.688709275 0.9084578171875 0.8495023234374999 0.8946659359375 0.910469828125 0.8783297421875 0.8768405171874999 0.5425906687500001 0.790010925 0.5503922375 0.7875306531249999 0.5604479125 0.7803885265625 0.5750855515625 0.7495873046875 0.6087865359375
3 0.6916495453125 0.6320559 0.73138356875 0.6131109968749999 0.7495873046875 0.6087865359375 0.7803885265625 0.5750855515625 0.7875306531249999 0.5604479125 0.7946899796875 0.5314221156250001 0.7928695140625 0.47714177031249994 0.7787083140625 0.43667917031250003 0.7570913203125 0.407618975 0.71650495625 0.37589661875 0.7015907125 0.36772218125 0.6829621359375 0.3622026359375 0.6609328921875 0.36257321875000004 0.64107944375 0.3689993609375 0.6235030375 0.37979429374999996 0.6092359828125 0.394681409375 0.595974109375 0.41538453750000004 0.5846484843749999 0.44331383750000003 0.579958759375 0.465039346875 0.5775460765625 0.49113364375 0.5789589 0.5211818218750001 0.594337703125 0.5723824359374999 0.6067552171874999 0.59394978125 0.618923253125 0.608392196875 0.6336350078125 0.619940171875 0.6533700109375 0.629588959375 0.6726159890625001 0.63328343125 0.6916495453125 0.6320559