5 0.895748971875 0.44181685000000004 0.88837043125 0.44049853125 0.8504856234375 0.4471304703125 0.8400117640625 0.452255325 0.8450407921875 0.4604916671875 0.8649355046875 0.46592173593749997 0.8706730859375 0.469045428125 0.8704079874999999 0.4766368328125 0.8639648453125 0.5109698265625 0.8646236937499999 0.5132033671875 0.8641570578125 0.5202993265625 0.8825657890624999 0.515602259375 0.8977113046874999 0.5071155953125001 0.8990666171875 0.4986776921875 0.8923236984375 0.4639709703125 0.8918932296875001 0.4459248203125 0.895748971875 0.44181685000000004
1 0.5896501265625 0.457908584375 0.5865213890625001 0.41751200937500005 0.5484628375 0.4042434390625 0.52040104375 0.5018734234375 0.5232767375 0.5018479390625 0.5232767484374999 0.5018449984375 0.5297618296875 0.4893677890625 0.5572040203124999 0.48306685156249995 0.58341773125 0.48230052343749996 0.58734684375 0.466923025 0.5873294703124999 0.4668553109375 0.5891731796874999 0.45862030468750004 0.5896501265625 0.457908584375
5 0.8706730859375 0.469045428125 0.8649355046875 0.46592173593749997 0.8450407921875 0.4604916671875 0.8528451953125 0.47327340625 0.8639648453125 0.5109698265625 0.8704079874999999 0.4766368328125 0.8706730859375 0.469045428125
5 0.7677573546875001 0.624358171875 0.7626055625 0.632981325 0.790084571875 0.638754934375 0.799874078125 0.6332153359375 0.8039296968749999 0.6359514374999999 0.8052638265625 0.6396568421875 0.842392996875 0.6259177734375 0.8521384 0.573988328125 0.842149425 0.5909491953125 0.8226487062500001 0.6125607859375 0.812416409375 0.6182837375 0.805596221875 0.6220982859374999 0.7871846796875 0.6270284828125 0.7677573546875001 0.624358171875
6 0.3929064640625 0.6512223421875001 0.4048553859375 0.6552583421875 0.41128185312500004 0.5383266484375 0.4114402140625 0.53544520625 0.40656053124999997 0.5369457859375 0.3990268640625 0.5451382171875 0.3866386328125 0.5712800734375 0.3793634890625 0.6066599593750001 0.3786894015625 0.6259633046874999 0.3824275078125 0.6399850390624999 0.3929064640625 0.6512223421875001
6 0.5683037640624999 0.58425145625 0.5632404359375001 0.71443285 0.581499296875 0.7144618015625 0.594038828125 0.6549945312500001 0.59272868125 0.653770453125 0.5820360609375 0.6384257671875 0.5746222640624999 0.6210568265624999 0.5690530171875 0.5968013421875 0.5691134265625 0.584511915625 0.5683037640624999 0.58425145625
6 0.590149659375 0.46435829531249995 0.5896501265625 0.457908584375 0.5891731796874999 0.45862030468750004 0.5873294703124999 0.4668553109375 0.5896123109375 0.47575313281250003 0.59207520625 0.4775496171875 0.590149659375 0.46435829531249995
5 0.5426801953125 0.53518916875 0.5289312890625 0.5304744890624999 0.5232057765625 0.5212004968749999 0.5232767375 0.5018479390625 0.41323309999999996 0.5028230687499999 0.4031750734375 0.6858321625 0.40281958749999996 0.7560205609375 0.40575143750000003 0.7770784078124999 0.5025471375 0.776323146875 0.5015039046875 0.77102240625 0.513512753125 0.7574013578125001 0.5446057015625 0.7429424109375 0.562265015625 0.739511509375 0.569232025 0.5603853046875 0.56931580625 0.5433416249999999 0.5699991359375 0.5406623749999999 0.570267296875 0.5337678203125 0.564536890625 0.5329277375 0.5426801953125 0.53518916875
5 0.8315552734375 0.73296370625 0.8196443265625 0.7926804062499999 0.8420409609374999 0.7779029796875 0.8372992671875 0.7502359359375 0.8315552734375 0.73296370625
3 0.8379887343749999 0.44894208906250005 0.8088043328125 0.428670271875 0.78210831875 0.42419148125 0.768827784375 0.427274259375 0.7523166734375 0.43581736718749997 0.7438191328125 0.44531949062500004 0.7595306421875 0.4677672171875 0.8303944874999999 0.47264395937500003 0.84593489375 0.47802613593750004 0.8546181109375001 0.489218221875 0.8598161453125 0.5135972140625 0.858718990625 0.5450156125000001 0.8517908265624999 0.5701810218750001 0.843598640625 0.5795739328125 0.8325331484375 0.5846319484375 0.78659285 0.5836326140625 0.7817924125 0.582188434375 0.7726264921875 0.61620813125 0.7677573546875001 0.624358171875 0.7871846796875 0.6270284828125 0.805596221875 0.6220982859374999 0.8226487062500001 0.6125607859375 0.842149425 0.5909491953125 0.852382525 0.5735738171875 0.8624630109375 0.546060121875 0.8646236937499999 0.5132033671875 0.8528451953125 0.47327340625 0.8379887343749999 0.44894208906250005
3 0.5643389437499999 0.85137325 0.566662990625 0.7848212703125 0.5756192437500001 0.742347271875 0.570858859375 0.7378418734375 0.5446057015625 0.7429424109375 0.513512753125 0.7574013578125001 0.5015039046875 0.77102240625 0.504485046875 0.7861698046875001 0.5106460796875 0.7964138140625 0.5272546328125001 0.8090284343749999 0.54108555625 0.8150272953125001 0.5536104265625 0.8294971609375 0.5598834625 0.8367443421875 0.5643389437499999 0.85137325
3 0.5232057765625 0.5212004968749999 0.5289312890625 0.5304744890624999 0.5426801953125 0.53518916875 0.550706134375 0.5343587546874999 0.564536890625 0.5329277375 0.5717038515625 0.5339784187500001 0.576749953125 0.514193340625 0.5866864484375001 0.4899446390625 0.591080390625 0.4820765140625 0.5572040203124999 0.48306685156249995 0.5297618296875 0.4893677890625 0.5232767484374999 0.5018449984375 0.5232057765625 0.5212004968749999
3 0.7595306421875 0.4677672171875 0.77286725 0.4868218140625 0.7850433046874999 0.5209324140625 0.786755609375 0.5637673249999999 0.7834911046874999 0.5758836734375 0.7817924125 0.582188434375 0.78659285 0.5836326140625 0.8325331484375 0.5846319484375 0.843598640625 0.5795739328125 0.8517908265624999 0.5701810218750001 0.858718990625 0.5450156125000001 0.8598161453125 0.5135972140625 0.8546181109375001 0.489218221875 0.84593489375 0.47802613593750004 0.8303944874999999 0.47264395937500003 0.7595306421875 0.4677672171875
6 0.638617634375 0.3873920359375 0.635292215625 0.3872759109375 0.6318361578125 0.39090087812499996 0.6254611203125 0.382770759375 0.6209031875 0.382195409375 0.6008292749999999 0.396893225 0.5855600640625 0.405099878125 0.590149659375 0.46435829531249995 0.5923929218749999 0.4797261953125 0.597523178125 0.470539575 0.6165196640625 0.44714194531249996 0.635255065625 0.4312208421875 0.6532512890625 0.42115550468749996 0.6732158234375001 0.41597110312499996 0.6940805921875 0.4156303390625 0.7152556109375 0.421716678125 0.7314564484375 0.4324415140625 0.73288905625 0.43391094375000006 0.7336757515625 0.4302490296875 0.7295585703125 0.4051342078125 0.72642185625 0.399614278125 0.7222796 0.3990534421875 0.7057198109375 0.40846358125000004 0.6907752281249999 0.39545618125000004 0.6722294265625 0.390230521875 0.6408504140625 0.39496132031250003 0.638617634375 0.3873920359375
1 0.706875421875 0.6770053468749999 0.6882027515625 0.6758185937500001 0.6446659640625 0.6823185890625 0.6261051875 0.6779276109375 0.6087803265625 0.668767590625 0.594038828125 0.6549945312500001 0.566662990625 0.7848212703125 0.56104206875 0.94578340625 0.71884158125 0.9796055015625 0.7819213375 0.9818082953125 0.8479220734374999 0.6509071640624999 0.7626055625 0.632981325 0.7572936718750001 0.641872453125 0.746183990625 0.6537823421875 0.706875421875 0.6770053468749999
3 0.6446659640625 0.6823185890625 0.6882027515625 0.6758185937500001 0.706875421875 0.6770053468749999 0.746183990625 0.6537823421875 0.7572936718750001 0.641872453125 0.7726264921875 0.61620813125 0.786755609375 0.5637673249999999 0.7850433046874999 0.5209324140625 0.77286725 0.4868218140625 0.7433290359375 0.4446192703125 0.7314564484375 0.4324415140625 0.7152556109375 0.421716678125 0.6940805921875 0.4156303390625 0.6732158234375001 0.41597110312499996 0.6532512890625 0.42115550468749996 0.635255065625 0.4312208421875 0.6165196640625 0.44714194531249996 0.597523178125 0.470539575 0.5866864484375001 0.4899446390625 0.576749953125 0.514193340625 0.56931580625 0.5433416249999999 0.5690530171875 0.5968013421875 0.5746222640624999 0.6210568265624999 0.5820360609375 0.6384257671875 0.59272868125 0.653770453125 0.6087803265625 0.668767590625 0.6261051875 0.6779276109375 0.6446659640625 0.6823185890625