5 0.8977173609375001 0.49323133593749996 0.89877736875 0.4847512734375 0.8908273109374999 0.45030101875 0.889767303125 0.432280884375 0.8934773296875 0.428040853125 0.886057275 0.4269808453125 0.848426996875 0.43493090468749995 0.8381383734375 0.4404181703125 0.84345178125 0.44847398437499997 0.8635238812500001 0.4532064296875 0.8693669828124999 0.45612798125 0.8693669828124999 0.4637240125 0.86412596875 0.4982609546875 0.8648623656250001 0.500470140625 0.864643659375 0.5075780625 0.8828772515625 0.5022414015625001 0.8977173609375001 0.49323133593749996
1 0.5827492125 0.47940006874999996 0.5861392640624999 0.4638948140625 0.5861195390625 0.463827746875 0.5876747265625 0.4555334125 0.5881265453125 0.45480548125000003 0.5835898937499999 0.41454270624999995 0.545091459375 0.4026104421875 0.5204539968749999 0.5011602953125001 0.52332705 0.5010344671875 0.5233269578125 0.501031528125 0.529372640625 0.48833559375 0.5565782140625 0.481080775 0.5827492125 0.47940006874999996
5 0.84345178125 0.44847398437499997 0.8516975062500001 0.4609755671875 0.86412596875 0.4982609546875 0.8693669828124999 0.4637240125 0.8693669828124999 0.45612798125 0.8635238812500001 0.4532064296875 0.84345178125 0.44847398437499997
5 0.8263804718750001 0.6012319390624999 0.8163541359375 0.60730850625 0.8096712296874999 0.611358753125 0.7914429640625 0.6169285 0.77193428125 0.61493781875 0.767086571875 0.6237355140624999 0.7947503375 0.628546603125 0.8043405515625001 0.6226687296875 0.8084891875 0.6252616265625 0.8099518218749999 0.6289182125 0.8465788875 0.613891725 0.8545060421875 0.561653803125 0.845115078125 0.5789529484375 0.8263804718750001 0.6012319390624999
6 0.389195328125 0.5751929062500001 0.38315935625 0.6108051390625 0.38315935625 0.6301202499999999 0.3873845375 0.6440029843749999 0.39824928593750003 0.6548677328125 0.41033178281250005 0.6584842625 0.412673478125 0.5413995203125 0.41273118281250004 0.53851430625 0.40790684062500004 0.5401842703125 0.400663675 0.54863463125 0.389195328125 0.5751929062500001
6 0.5868170765625 0.635478425 0.578801628125 0.6183788031249999 0.5723892703125 0.5943324578125 0.5720207484375 0.582048409375 0.5712024890625 0.581816365625 0.570685509375 0.7120951640625 0.588934259375 0.7114868734375001 0.5993907734375 0.6516182046875 0.5980387046875 0.6504405953125 0.5868170765625 0.635478425
6 0.5876747265625 0.4555334125 0.5861195390625 0.463827746875 0.58871151875 0.47264047812500004 0.591235609375 0.47434991562500006 0.588850865625 0.46123382968750004 0.5881265453125 0.45480548125000003 0.5876747265625 0.4555334125
5 0.57078618125 0.5408961359375 0.571375590625 0.5381946703125 0.571402971875 0.53129495625 0.5656467375 0.5306553734375 0.5438822796875 0.533678215625 0.5299772093749999 0.5294462375 0.5239315265625 0.5203777125 0.52332705 0.5010344671875 0.4133844796875 0.5058494703124999 0.40971950625 0.6890981 0.41181377656249996 0.759256146875 0.41547874843750005 0.7801988468750001 0.512189125 0.7760659249999999 0.510961534375 0.770804821875 0.5224877 0.7567729671875 0.553057096875 0.7412377 0.5705859171875 0.7371925874999999 0.5712972671875 0.55793235625 0.57078618125 0.5408961359375
5 0.839483615625 0.721250678125 0.82966400625 0.7813466874999999 0.8515312734375 0.76579663125 0.8458269015625 0.738311925 0.839483615625 0.721250678125
3 0.8547355515625 0.561231025 0.8638496828125 0.5333822859375 0.8648623656250001 0.500470140625 0.8516975062500001 0.4609755671875 0.8360009453125 0.43717755468749997 0.8061268453125001 0.41793660781249997 0.7792907875 0.41439222343750004 0.7661259296875 0.41793660781249997 0.749923028125 0.42705074062500004 0.7417622828125 0.4368436359375 0.7582476359375 0.4587293640625 0.8292385078125 0.461130021875 0.8449572828124999 0.46596656875000003 0.8540258078124999 0.476848796875 0.860071490625 0.501031528125 0.860071490625 0.532469078125 0.8540258078124999 0.557860946875 0.8461664203125 0.5675340390625 0.8352841906249999 0.572975153125 0.7893370015625 0.5735797218750001 0.7844890875 0.5723039546875001 0.7765160203125 0.6066228125 0.77193428125 0.61493781875 0.7914429640625 0.6169285 0.8096712296874999 0.611358753125 0.8263804718750001 0.6012319390624999 0.845115078125 0.5789529484375 0.8547355515625 0.561231025
3 0.5380229671875 0.807889009375 0.552054821875 0.8134015234374999 0.565077053125 0.8274254640625 0.571599190625 0.8344493046875 0.5765625 0.84891380625 0.5765625 0.782321259375 0.5840309765625 0.7395605671875 0.5791162562500001 0.7352240484375 0.553057096875 0.7412377 0.5224877 0.7567729671875 0.510961534375 0.770804821875 0.514469496875 0.7858389515625 0.5209842874999999 0.7958617046875001 0.5380229671875 0.807889009375
3 0.5903993859375001 0.47890877343750005 0.5565782140625 0.481080775 0.529372640625 0.48833559375 0.5233269578125 0.501031528125 0.5239315265625 0.5203777125 0.5299772093749999 0.5294462375 0.5438822796875 0.533678215625 0.5518743484375 0.53256820625 0.5656467375 0.5306553734375 0.5728460015625 0.5314552921875 0.5771985390625 0.511506159375 0.5862827140625 0.4869254515625 0.5903993859375001 0.47890877343750005
3 0.860071490625 0.501031528125 0.8540258078124999 0.476848796875 0.8449572828124999 0.46596656875000003 0.8292385078125 0.461130021875 0.7582476359375 0.4587293640625 0.7722411140625 0.4773069125 0.7856001953125 0.5109717953125 0.7888063734374999 0.553720853125 0.7859667109374999 0.56594375 0.7844890875 0.5723039546875001 0.7893370015625 0.5735797218750001 0.8352841906249999 0.572975153125 0.8461664203125 0.5675340390625 0.8540258078124999 0.557860946875 0.860071490625 0.532469078125 0.860071490625 0.501031528125
6 0.7023999171875001 0.401339825 0.6870104859375 0.3888619078125 0.668293609375 0.38428667031249997 0.6370988140625 0.3901096984375 0.6346032312500001 0.3826229484375 0.6312757859375 0.3826229484375 0.6279483421875 0.3863663234375 0.6212934515625 0.3784636421875 0.616718215625 0.3780477125 0.597169478125 0.39343714375 0.5821959765625 0.4021716859375 0.588850865625 0.46123382968750004 0.5916290937500001 0.47651407968750004 0.596435615625 0.4671540109375 0.6146039640625001 0.4431076671875 0.6327723140625 0.42654240625 0.6504063 0.41585514218749997 0.6701777390625 0.40997714687500003 0.6910179046875 0.4089084203125 0.712392434375 0.41425205312499996 0.72895769375 0.4244049546875 0.7304407109375 0.42582349218750004 0.731099128125 0.4221363546875 0.7261079609375 0.39718051875 0.722780515625 0.391773421875 0.718621209375 0.391357490625 0.7023999171875001 0.401339825
1 0.8529767125 0.6386729296875 0.767086571875 0.6237355140624999 0.7620882124999999 0.632806609375 0.7514009484375 0.6450969640625 0.7129267968749999 0.6696776718749999 0.6942240843749999 0.6691433078125 0.6509406640625001 0.67715875625 0.6322379515625001 0.6734182140625 0.6146039640625001 0.6648684031250001 0.5993907734375 0.6516182046875 0.5765625 0.782321259375 0.5765625 0.9433815093750001 0.735446259375 0.971675878125 0.7985644656249999 0.971675878125 0.8529767125 0.6386729296875
3 0.5868170765625 0.635478425 0.5980387046875 0.6504405953125 0.6146039640625001 0.6648684031250001 0.6322379515625001 0.6734182140625 0.6509406640625001 0.67715875625 0.6942240843749999 0.6691433078125 0.7129267968749999 0.6696776718749999 0.7514009484375 0.6450969640625 0.7620882124999999 0.632806609375 0.7765160203125 0.6066228125 0.7888063734374999 0.553720853125 0.7856001953125 0.5109717953125 0.7722411140625 0.4773069125 0.741248046875 0.43616094531250005 0.72895769375 0.4244049546875 0.712392434375 0.41425205312499996 0.6910179046875 0.4089084203125 0.6701777390625 0.40997714687500003 0.6504063 0.41585514218749997 0.6327723140625 0.42654240625 0.6146039640625001 0.4431076671875 0.596435615625 0.4671540109375 0.5862827140625 0.4869254515625 0.5771985390625 0.511506159375 0.57078618125 0.5408961359375 0.5723892703125 0.5943324578125 0.578801628125 0.6183788031249999 0.5868170765625 0.635478425