5 0.7815328906250001 0.79858335625 0.7729036109375 0.8040442171875 0.7736829578125 0.829020540625 0.7725032125 0.8364335984375 0.7861676390625 0.8339502828124999 0.79449495625 0.8345325859375 0.797313971875 0.8394768390625 0.7982218875 0.841069225 0.7980003203125 0.8500020921875 0.9025999812500001 0.7759359625 0.896893921875 0.754528078125 0.8938345999999999 0.748775634375 0.894045703125 0.7500803765625 0.8925845625 0.7561841453125 0.8582077578125 0.774466759375 0.8424336890624999 0.7707779218749999 0.8304637156249999 0.7792498125 0.7815328906250001 0.79858335625
5 0.668629334375 0.8708440843749999 0.67452368125 0.8872410859375 0.6874812718750001 0.9079555390625 0.69951146875 0.9075962640625 0.73594246875 0.8913208812500001 0.7345209609375 0.878455 0.734700290625 0.8780508078124999 0.7327097578124999 0.878465953125 0.668629334375 0.8708440843749999
5 0.957590528125 0.4205705875 0.9585169484374999 0.413605446875 0.95960543125 0.4106059703125 0.9620667624999999 0.40682375000000004 0.9621279109374999 0.4059492859375 0.9609079359375 0.4045458671875 0.9587829250000001 0.40351853125000003 0.9527533968749999 0.40177879531249994 0.9350103203125 0.39790185624999996 0.9233684140625 0.39539965 0.9239247390625 0.396248678125 0.9199907906250001 0.45250674843749994 0.9329068921875001 0.45311541406250005 0.9407770734374999 0.45366575 0.962669259375 0.45475723125 0.9657604578125 0.45453401875 0.967133303125 0.4537512765625 0.96678779375 0.45240900625 0.9621830671874999 0.44286023906249994 0.9596727765624999 0.4347760390625 0.9577525921875001 0.424536253125 0.957590528125 0.4205705875
5 0.79443896875 0.4917635140625 0.7971846593749999 0.49019802968750004 0.8072318062500001 0.4847494125 0.8132521421875 0.4803373234375 0.8169945953125 0.477084059375 0.8193642015625 0.47461353749999996 0.8225776984375001 0.472641396875 0.8266045109375 0.4716048671875 0.8274788765625001 0.4711832203125 0.7831154109375 0.450675109375 0.77115791875 0.44514746250000004 0.7694523828125 0.44695800312499995 0.7683333234374999 0.45039471249999996 0.7689631953125 0.45395371874999996 0.7720330140625 0.46031956406249996 0.7834286296874999 0.479569971875 0.79065675 0.48930218437499995 0.793564503125 0.49170236562499997 0.79443896875 0.4917635140625
1 0.53432876875 0.47255740625 0.541961765625 0.474284040625 0.5758598687500001 0.50104254375 0.5482964375 0.439344253125 0.5401885546875 0.42377198437499997 0.5347114562499999 0.41903260937500003 0.52852701875 0.42440865937499994 0.5197556062500001 0.42524742812499994 0.5085858859375 0.432695084375 0.3857392171875 0.528173890625 0.38329755 0.666923278125 0.5178747031250001 0.6763338296875 0.46451579687500005 0.617978784375 0.46513836093750005 0.6090757 0.4987747609375 0.53746908125 0.524097546875 0.49092808750000005 0.5272602843749999 0.47981686406249996 0.53432876875 0.47255740625
7 0.678442278125 0.5904614578125 0.6721699296875 0.5566851859375 0.67915725625 0.54680699375 0.6773467421875 0.5347340828125 0.6726249281250001 0.5309770359375 0.639336159375 0.5161676796875 0.6176865390625 0.5134056328125001 0.607445871875 0.5170580890625 0.6020647343750001 0.5232768421875 0.6583938 0.5761609109375 0.6644635375 0.5818594328125 0.678442278125 0.5904614578125
6 0.5608464468750001 0.711903775 0.5109535265625 0.69221445 0.49920494687500006 0.697335759375 0.48047749062499995 0.6960262078125 0.4673745359375 0.71343375 0.4498739703125 0.708743328125 0.44615884218749996 0.7193787671874999 0.46271857499999997 0.7304414890625 0.4631391015625 0.7527565843749999 0.46804327968750004 0.76052808125 0.4757217515625 0.7640364374999999 0.47794423750000004 0.767818671875 0.4792505171875 0.766511103125 0.48925793281249996 0.7625544625 0.48933285312499997 0.7621101984374999 0.4976981171875 0.7558260953125 0.5097012171874999 0.75447178125 0.520279271875 0.7502895265625 0.54075993125 0.721850021875 0.5608464468750001 0.711903775
1 0.8939372609375 0.6037159859375001 0.8691872343749999 0.5213080437500001 0.852898521875 0.51758321875 0.844941275 0.5056492312499999 0.8364550359375 0.50867595 0.7839144 0.4982788453125 0.6904756890625 0.49588226874999997 0.6840840187499999 0.498538290625 0.6796178 0.5106378671875 0.67633564375 0.5279918593749999 0.67915725625 0.54680699375 0.6733162203124999 0.5489843578125 0.6714843828125 0.552993559375 0.678442278125 0.5904614578125 0.7267935343749999 0.6202151171875 0.75722596875 0.6456043671875 0.7305199 0.7042463578125 0.7375555421875 0.7033795656249999 0.76168069375 0.7135207890624999 0.7690642578125 0.728831996875 0.771237465625 0.7506479234375 0.7729036109375 0.8040442171875 0.7815328906250001 0.79858335625 0.8304637156249999 0.7792498125 0.8424336890624999 0.7707779218749999 0.8582077578125 0.774466759375 0.8925845625 0.7561841453125 0.894045703125 0.7500803765625 0.8886292234375001 0.7166032609374999 0.891562325 0.71163674375 0.9116478421875 0.6980435671875 0.9151315765625 0.6925983921875 0.91497680625 0.6874159515625 0.9065695968749999 0.64493795 0.8964241656249999 0.6199219046875 0.8939372609375 0.6037159859375001
6 0.7345209609375 0.878455 0.7360583562499999 0.8923697640625001 0.7605628578125 0.9129113656250001 0.777721203125 0.9128559890625001 0.787376209375 0.9064183015625 0.7970719374999999 0.8874314109375 0.7982218875 0.841069225 0.79449495625 0.8345325859375 0.7861676390625 0.8339502828124999 0.7725032125 0.8364335984375 0.7680277703125 0.8645555625 0.7573753875 0.87332168125 0.734700290625 0.8780508078124999 0.7345209609375 0.878455
6 0.575287484375 0.722465128125 0.5646576999999999 0.7327435875 0.520279271875 0.7502895265625 0.52463193125 0.744245409375 0.4976981171875 0.7558260953125 0.5097012171874999 0.75447178125 0.5016981281249999 0.7576359703125 0.667121421875 0.8324846750000001 0.6712302640625001 0.8275450109375001 0.674285753125 0.8261193234374999 0.6831938296875 0.8167231265625 0.6842565953124999 0.8127440765625 0.575287484375 0.722465128125
6 0.7327097578124999 0.878465953125 0.7573753875 0.87332168125 0.667121421875 0.8324846750000001 0.66331879375 0.8370562078124999 0.6489078421875 0.8384342609375001 0.6485818250000001 0.83811275 0.6017865062500001 0.8599473968750001 0.5998759031249999 0.8604186734375 0.597121565625 0.8635322265625 0.61394839375 0.8691045703125001 0.6572493265625 0.869490521875 0.7327097578124999 0.878465953125
6 0.687984134375 0.798787959375 0.6842565953124999 0.8127440765625 0.7573753875 0.87332168125 0.7680277703125 0.8645555625 0.7736829578125 0.829020540625 0.771237465625 0.7506479234375 0.7690642578125 0.728831996875 0.76168069375 0.7135207890624999 0.7375555421875 0.7033795656249999 0.7305199 0.7042463578125 0.68799270625 0.797628853125 0.687984134375 0.798787959375
6 0.5998759031249999 0.8604186734375 0.553922221875 0.8717538046875 0.5270986359375 0.8783702265625 0.5457487624999999 0.9081630734375 0.554625375 0.9097296968749999 0.5616752968750001 0.9036012921875001 0.5998759031249999 0.8604186734375
5 0.53795295 0.6851438921875 0.58714208125 0.723773559375 0.5876794484375 0.7250263593749999 0.6271890703125 0.7150862015625 0.6440380109375 0.7108472046875 0.664483190625 0.713455590625 0.6737973609375 0.72353665 0.6824963625 0.7424150828125 0.6823446468750001 0.753012940625 0.6881932125 0.7705133328125 0.68799270625 0.797628853125 0.75722596875 0.6456043671875 0.7267935343749999 0.6202151171875 0.6644635375 0.5818594328125 0.5917029328125001 0.5135487515625 0.541961765625 0.474284040625 0.53432876875 0.47255740625 0.5272602843749999 0.47981686406249996 0.524097546875 0.49092808750000005 0.4987747609375 0.53746908125 0.46513836093750005 0.6090757 0.46451579687500005 0.617978784375 0.5210308515625 0.6797854953125 0.53795295 0.6851438921875
3 0.6439152015625 0.38175949375 0.7062368718750001 0.41513609999999995 0.864540465625 0.488315859375 0.8832854734375 0.48962663749999996 0.89474999375 0.4858464234375 0.9064624984374999 0.47851985468749997 0.9193193000000001 0.46210952031249997 0.9239247390625 0.396248678125 0.9064444296874999 0.36957137812499996 0.88250561875 0.355169934375 0.8154117953125001 0.32451422343749997 0.691402659375 0.2705328375 0.6758745140625 0.2669015078125 0.6621461734375 0.281214503125 0.647507396875 0.315827796875 0.6394299296875 0.3585363921875 0.6439152015625 0.38175949375
6 0.674285753125 0.8261193234374999 0.6831938296875 0.8167231265625 0.687984134375 0.798787959375 0.6881932125 0.7705133328125 0.6823446468750001 0.753012940625 0.6824963625 0.7424150828125 0.6737973609375 0.72353665 0.664483190625 0.713455590625 0.6440380109375 0.7108472046875 0.5780475296875001 0.7274496375 0.4792505171875 0.766511103125 0.458337859375 0.7874444031250001 0.4369740765625 0.8148291078125001 0.42461674374999997 0.8145543578125001 0.4014688265625 0.82531224375 0.3991598515625 0.8499038765625 0.40530782812500005 0.8715507203125 0.4102581609375 0.8766117546875 0.4208970296875 0.8761769796875001 0.449323371875 0.8657881968750001 0.4888890359375 0.8815208015625 0.5124307171875 0.8819882781249999 0.6017865062500001 0.8599473968750001 0.674285753125 0.8261193234374999