5 0.820347803125 0.756495759375 0.812562509375 0.7631044375 0.816810303125 0.7877292296875 0.8166737375 0.7952343328125 0.829859571875 0.7908734640625 0.8381868890625 0.7902911609375 0.841666578125 0.794794965625 0.8427872734375 0.7962454984375 0.843811078125 0.8051222671874999 0.9370847687499999 0.7172194843749999 0.9284548390625 0.6968140703125 0.92462470625 0.691543384375 0.9250153390625 0.6928060484375 0.9244178984375001 0.69905376875 0.8929200953124999 0.721942784375 0.87678615 0.7204851703124999 0.866111728125 0.7305405125 0.820347803125 0.756495759375
5 0.7185997671875 0.8437663875 0.726718771875 0.85918348125 0.7424331546875 0.87789299375 0.7542962734375 0.8758629359375 0.7881076328125001 0.854675728125 0.784909375 0.8421328921875 0.7850307062499999 0.841707675 0.7831173234375 0.842395809375 0.7185997671875 0.8437663875
5 0.9420828515625 0.357659296875 0.9420308953125 0.35063300625 0.9426913390625 0.34751123281249996 0.9446023328125 0.34342327031250003 0.944541184375 0.34254880625 0.9431377640624999 0.341328834375 0.9408904546875 0.340607240625 0.9346774812499999 0.3397235828125 0.9165675140625 0.33835373281250003 0.904690665625 0.33749611874999996 0.9053597390625001 0.3382594578125 0.9092936859374999 0.394517528125 0.9221688 0.393322696875 0.9300389796875 0.392772359375 0.9518700171875001 0.390806415625 0.9549000671875 0.39015516250000004 0.9561506156249999 0.389188975 0.9556216609374999 0.3879078546875 0.9497328156249999 0.37909286875000003 0.9461218515625 0.3714367078125 0.9427952515625 0.36156381249999997 0.9420828515625 0.357659296875
5 0.7904272109375 0.4508656859375 0.7929283078125 0.4489333109375 0.8021193765625 0.44213942656249994 0.807467078125 0.4369324078125 0.8107203421875001 0.43318995468750005 0.8127230593749999 0.430413690625 0.8156308125 0.42801350937500005 0.8194741796875 0.42642664531249996 0.820281353125 0.4258874125 0.773495453125 0.4117530859375 0.7608850312500001 0.4079433953125 0.759448071875 0.4099736796875 0.7588182015625 0.41353268749999994 0.759937259375 0.4169693953125 0.7638631578124999 0.42284605312499995 0.7778270109375 0.44032315312500003 0.7863392499999999 0.4489546921875 0.789552746875 0.450926834375 0.7904272109375 0.4508656859375
1 0.5301754125 0.46804683437500005 0.5379744265624999 0.46869435781249996 0.5752667 0.4904747453125 0.539384771875 0.43321298593749996 0.529188553125 0.41892066562499997 0.5231051640625 0.414989678125 0.517729115625 0.42117411562499996 0.5091597984375 0.42322546718750004 0.49913529375000004 0.43215516562499995 0.39077224374999997 0.5438017312500001 0.40766452031249995 0.681540634375 0.5422416734375 0.6721300828125 0.4812806 0.6217690703125001 0.4806580359375 0.6128659843750001 0.5040013734375 0.5372749546875 0.522600465625 0.4876626453125 0.5241860390624999 0.47621938750000004 0.5301754125 0.46804683437500005
7 0.689295490625 0.564746728125 0.6783834359375 0.53217210625 0.6839279859375 0.5214176 0.680454865625 0.5097141578125 0.675256125 0.5066508234375 0.64023025625 0.4966184921875 0.618406925 0.49689637031249995 0.60877424375 0.5019385046875 0.6043109578125 0.5088456484375 0.667451871875 0.5533755625000001 0.6742556203125 0.5581738828125 0.689295490625 0.564746728125
6 0.5897455984375 0.7013733531249999 0.537598009375 0.6888193953124999 0.5266765125 0.6955259500000001 0.5079490578125 0.6968355015625 0.49739628125 0.7158972140625 0.47941325 0.713688046875 0.47721444375 0.7247370281250001 0.4951526515625 0.7333874203125 0.498674746875 0.7554268203125 0.50461278125 0.7624401562500001 0.512704796875 0.7648457328125 0.5154320375 0.768281846875 0.516543625 0.7668052046875 0.5259029921875 0.7614943078125 0.525915353125 0.761043940625 0.53332463125 0.7536567734374999 0.5450224312499999 0.75064513125 0.554915484375 0.745031396875 0.5712388140625 0.7140183062500001 0.5897455984375 0.7013733531249999
1 0.9045379656250001 0.5478811578125 0.8685598375 0.46971974375 0.8519112484375 0.46829811718750003 0.8423705515625001 0.45758770625 0.8343881375000001 0.461766025 0.7809118265625 0.4587823484375 0.688048915625 0.46941325 0.6820890953125 0.47293297343749996 0.6793502765625 0.485536375 0.678515271875 0.5031782671875 0.6839279859375 0.5214176 0.6784468234375 0.524386690625 0.6771907875000001 0.5286118156249999 0.689295490625 0.564746728125 0.74131710625 0.5874816328125 0.774986875 0.6083884203125 0.7567020953125 0.6701764765625 0.76354863125 0.6683389484375 0.788850384375 0.6750239062500001 0.7982930015624999 0.6891585124999999 0.8034812499999999 0.7104596765625 0.812562509375 0.7631044375 0.820347803125 0.756495759375 0.866111728125 0.7305405125 0.87678615 0.7204851703124999 0.8929200953124999 0.721942784375 0.9244178984375001 0.69905376875 0.9250153390625 0.6928060484375 0.9149924578125 0.6604085578125 0.917205809375 0.655082165625 0.93520405 0.6388259140625 0.9378960609375 0.6329488890625 0.9370215390625001 0.6278384234375001 0.9227843531250001 0.586943871875 0.9092560953125 0.563583253125 0.9045379656250001 0.5478811578125
6 0.784909375 0.8421328921875 0.7883683687499999 0.855698275 0.815493234375 0.8726295984375 0.8324768875 0.8701867812499999 0.8411419796875 0.8624680281250001 0.8481008843750001 0.8423165312500001 0.8427872734375 0.7962454984375 0.8381868890625 0.7902911609375 0.829859571875 0.7908734640625 0.8166737375 0.7952343328125 0.8161556703124999 0.8237054765625 0.8068269640624999 0.833868809375 0.7850307062499999 0.841707675 0.784909375 0.8421328921875
6 0.6055159531250001 0.7098221203125 0.5964201015625 0.7214799296875001 0.554915484375 0.745031396875 0.55838460625 0.738440328125 0.53332463125 0.7536567734374999 0.5450224312499999 0.75064513125 0.5375376000000001 0.754892340625 0.71176793125 0.8059901500000001 0.7151493171875 0.8005267187499999 0.717976653125 0.7986896640625 0.7254903390624999 0.788145146875 0.7259889859374999 0.7840569109375 0.6055159531250001 0.7098221203125
6 0.7831173234375 0.842395809375 0.8068269640624999 0.833868809375 0.71176793125 0.8059901500000001 0.70863854375 0.8110464171875 0.6945596265625 0.814416675 0.6941920374999999 0.8141436656250001 0.6508909218750001 0.8422784703125 0.649064503125 0.8430110640624999 0.6467702921875 0.8464776453124999 0.664208884375 0.84965391875 0.707142128125 0.8440097890624999 0.7831173234375 0.842395809375
6 0.7277379328125 0.769717840625 0.7259889859374999 0.7840569109375 0.8068269640624999 0.833868809375 0.8161556703124999 0.8237054765625 0.816810303125 0.7877292296875 0.8034812499999999 0.7104596765625 0.7982930015624999 0.6891585124999999 0.788850384375 0.6750239062500001 0.76354863125 0.6683389484375 0.7567020953125 0.6701764765625 0.7275851046875 0.768568821875 0.7277379328125 0.769717840625
6 0.649064503125 0.8430110640624999 0.6051355843749999 0.8606313999999999 0.579493871875 0.8709165515624999 0.602108859375 0.8978238609375 0.6111171171875001 0.8981398531250001 0.6172455218749999 0.8910899296875 0.649064503125 0.8430110640624999
5 0.56335064375 0.6780600546875 0.61743728125 0.7094679765625 0.6181437734374999 0.7106337968750001 0.6558854875 0.6952917000000001 0.6719805015625 0.6887490374999999 0.692589728125 0.6884866203125 0.703216265625 0.6971732890625 0.714457978125 0.71465733125 0.7157826765624999 0.725173165625 0.7240099078125 0.7416892828125 0.7275851046875 0.768568821875 0.774986875 0.6083884203125 0.74131710625 0.5874816328125 0.6742556203125 0.5581738828125 0.5926961078125 0.5006543156250001 0.5379744265624999 0.46869435781249996 0.5301754125 0.46804683437500005 0.5241860390624999 0.47621938750000004 0.522600465625 0.4876626453125 0.5040013734375 0.5372749546875 0.4806580359375 0.6128659843750001 0.4812806 0.6217690703125001 0.5458474859375 0.67510890625 0.56335064375 0.6780600546875
3 0.62605873125 0.3628810765625 0.6924190171875 0.3872593640625 0.8593666640625001 0.4376953421875 0.878111671875 0.43638456249999996 0.888938515625 0.43104558437499996 0.899517375 0.42216025156250003 0.909965178125 0.4041203015625 0.9053597390625001 0.3382594578125 0.8843367843750001 0.31427456875000004 0.8586266515625001 0.30334491875 0.7879193296875 0.2823252015625 0.6576042859375 0.24612789375 0.641721875 0.2446930046875 0.630119121875 0.26077732187499997 0.6204400484375 0.2970910875 0.618385078125 0.3405082109375 0.62605873125 0.3628810765625
6 0.717976653125 0.7986896640625 0.7254903390624999 0.788145146875 0.7277379328125 0.769717840625 0.7240099078125 0.7416892828125 0.7157826765624999 0.725173165625 0.714457978125 0.71465733125 0.703216265625 0.6971732890625 0.692589728125 0.6884866203125 0.6719805015625 0.6887490374999999 0.608942846875 0.714373996875 0.516543625 0.7668052046875 0.4987478421875 0.7904452625 0.48140318437499996 0.820536725 0.46912787343750006 0.8219844578125001 0.4477024390625 0.835859215625 0.448838428125 0.860532871875 0.45793923124999997 0.8811134171875 0.46354574687500005 0.8854362453125001 0.47402057031249994 0.8835250562500001 0.50072443125 0.8692811953125 0.5420946 0.879354215625 0.5654722359375 0.8765407734374999 0.6508909218750001 0.8422784703125 0.717976653125 0.7986896640625