6 0.5126574640625 0.8318442156250001 0.5071551140625 0.8311632687499999 0.4739423953125 0.8181816484375 0.47349854062499996 0.81879763125 0.469419825 0.8237261171875 0.46574940624999994 0.8258113171874999 0.49083058125 0.8530319640625 0.509503965625 0.877093340625 0.5155360921875001 0.891108609375 0.524770696875 0.89465491875 0.5355202625000001 0.8874042453125 0.5567760265625 0.8561967734374999 0.5544086984375001 0.8574375312500001 0.53145825625 0.86149980625 0.5211460796875 0.8560859671875001 0.5125060218749999 0.8362232765625001 0.5126574640625 0.8318442156250001
3 0.581653865625 0.3390802125 0.57984141875 0.3439375546875 0.614522903125 0.3432472640625 0.617360103125 0.34319079375 0.5942114921874999 0.3293345765625 0.581653865625 0.3390802125
3 0.6340830203125 0.383787334375 0.6372976890625 0.38005585625 0.6400468 0.362292353125 0.6321358703125 0.3553116015625 0.632498884375 0.3567189890625 0.6302349765625 0.3811723453125 0.6340830203125 0.383787334375
6 0.9154913921875 0.5940449046875 0.9098718187499999 0.5674519640625 0.892256084375 0.5571622656249999 0.8425801421875001 0.5709993796874999 0.84579765625 0.570808221875 0.8513390781249999 0.5770867890625 0.8561151875 0.589978446875 0.8778477703125 0.5905618359375 0.8821778484375 0.5950445140625 0.8853670015624999 0.610748553125 0.8821801625000001 0.6324952171875 0.8772422671875001 0.6389153015625 0.8982737359374999 0.6368933421875 0.91267605 0.638560075 0.9149413671875 0.6145346328125 0.9216742703125 0.6026026765625 0.9154913921875 0.5940449046875
6 0.70571201875 0.6713124890625 0.8523804015625001 0.6413055171875001 0.8513390781249999 0.5770867890625 0.70571201875 0.6713124890625
5 0.3631416390625 0.8413932171875 0.356368690625 0.84714526875 0.34766563125 0.848280996875 0.3173176625 0.8395545171875 0.3007186859375 0.8400979124999999 0.3012982609375 0.8298433218750001 0.27969259687500003 0.810955578125 0.2804341125 0.8166377984375 0.2795303265625 0.834666284375 0.2798929984375 0.8461793984374999 0.280965775 0.8593909 0.2816899625 0.86369261875 0.281898884375 0.8652935859375 0.3089627359375 0.8705542656249999 0.310062521875 0.870247921875 0.3247634875 0.8668640734374999 0.3291626265625 0.865638703125 0.33886585 0.8638839859375 0.34386359375 0.8622548546875001 0.3634648796875 0.85774305625 0.3696598265625 0.8553063984374999 0.37556251406249996 0.8543732890625 0.38175746093749996 0.8519366312500001 0.38935853593749997 0.8502934171875 0.39055573906249996 0.8494858921875 0.390848 0.8479823453125 0.39143251874999996 0.8449752500000001 0.390067484375 0.8332672953125 0.388716528125 0.824162675 0.387574496875 0.8166590203125 0.38593128125 0.8090579468750001 0.3863209609375 0.8070532171875 0.3875181671875 0.8062456921875001 0.39212622812500003 0.8066212890625 0.4139736640625 0.814713128125 0.38859807968750004 0.7987602984375 0.3702038515625 0.822031471875 0.3631416390625 0.8413932171875
3 0.3186779875 0.604670871875 0.3237239234375 0.6150764734374999 0.3276086125 0.612061671875 0.331695346875 0.612856053125 0.33237699374999996 0.621470846875 0.36731576875 0.6235498703125 0.376342209375 0.6284063484375 0.37695632031250004 0.62858310625 0.381895428125 0.6184255921874999 0.3837308234375 0.608983296875 0.3837772078125 0.6084871171875 0.3796201609375 0.5908019890625 0.34334207031249997 0.5349087765625 0.3248340265625 0.5143228421875 0.31517028593749996 0.49630548281250003 0.3068147765625 0.4934072109375 0.2984928203125 0.4815965859375 0.2874431890625 0.4794487546875 0.27407512968750003 0.48704326875000004 0.2607300703125 0.4988893359375 0.24335005 0.520568796875 0.236791565625 0.5324599171875 0.23520058124999998 0.540644828125 0.2442959765625 0.55940113125 0.2429666375 0.5706098609375 0.2447061671875 0.574770365625 0.2733195328125 0.6186788937500001 0.288432090625 0.6148137765625 0.3137713546875 0.6032458796875 0.3186779875 0.604670871875
1 0.5437365046875 0.77169115625 0.5550268390624999 0.7694826484374999 0.5687152921874999 0.7721434140625 0.642479075 0.7580703390625 0.6626149031249999 0.7392553046875 0.67800624375 0.7331554625 0.6984979828125 0.7352389500000001 0.7001866890625 0.71226915 0.69203159375 0.6857152359375001 0.6418309796874999 0.6848866015625 0.602051453125 0.695606709375 0.609188846875 0.6588879984375 0.6092965828125 0.652174565625 0.59977053125 0.68517366875 0.595606490625 0.6905876140625 0.547519153125 0.681521225 0.54550006875 0.6827794609375 0.5204839671875 0.679487596875 0.51751190625 0.675863659375 0.514793896875 0.67535120625 0.5143955921875001 0.6768288640625 0.4897788140625 0.7385357 0.5387079203125 0.76422323125 0.543568809375 0.770076 0.5437365046875 0.77169115625
5 0.7133806203125 0.543455840625 0.734000771875 0.5438756859375 0.7786772765625 0.5468383515624999 0.795607896875 0.5667738875 0.806857421875 0.5731217125 0.8145257484374999 0.5726661281250001 0.827823440625 0.5413561687499999 0.8350749484375 0.518828165625 0.8359327765625 0.5070261359375 0.8252036109375 0.4489267234375 0.8189104374999999 0.4271171609375 0.8116568 0.41517467343750003 0.8090034078125001 0.401732628125 0.8089645203125 0.39454380312500004 0.8164083328125 0.3734894359375 0.815908125 0.3662109375 0.7836265124999999 0.32785970781249996 0.7724132953125 0.3165838109375 0.7640068906249999 0.313034765625 0.751218471875 0.31725146406250004 0.7197222390625 0.3388967765625 0.709492465625 0.3469424546875 0.723265059375 0.347601725 0.74233816875 0.3519314984375 0.7194421703125 0.482527740625 0.7133806203125 0.543455840625
3 0.3821053296875 0.5085394265625001 0.38749985 0.51653713125 0.3922776171875 0.5175546843750001 0.39624796406249996 0.4750822125 0.38692887656249997 0.48372442343750005 0.382279684375 0.4971277140625 0.3821053296875 0.5085394265625001
6 0.7094017312500001 0.5834499203125 0.716792746875 0.5820973328125 0.7290472390625 0.582771028125 0.7439771859375 0.591652296875 0.7743045296875 0.58943273125 0.8146224500000001 0.5797592828125 0.817674746875 0.5816338437499999 0.8159158218749999 0.6060628343750001 0.8061652296874999 0.6122821140625 0.75215291875 0.6286895 0.740574021875 0.646511753125 0.7305855718750001 0.6558172140625 0.7339180187500001 0.6560594328125 0.7410309953125 0.6565764390625 0.7688881421875 0.6507657046875 0.7881322843749999 0.6507645140625 0.815474340625 0.6448536578125 0.8523804015625001 0.6413055171875001 0.8538767406250001 0.6389568640625 0.87078848125 0.6395357671874999 0.8772422671875001 0.6389153015625 0.8821801625000001 0.6324952171875 0.8853670015624999 0.610748553125 0.8821778484375 0.5950445140625 0.8778477703125 0.5905618359375 0.8561151875 0.589978446875 0.8513390781249999 0.5770867890625 0.84579765625 0.570808221875 0.806857421875 0.5731217125 0.795607896875 0.5667738875 0.7786772765625 0.5468383515624999 0.734000771875 0.5438756859375 0.7133806203125 0.543455840625 0.7094017312500001 0.5834499203125
6 0.3253073015625 0.692204265625 0.3314372375 0.6931154921875 0.3672639765625 0.6257933875 0.376342209375 0.6284063484375 0.36731576875 0.6235498703125 0.33237699374999996 0.621470846875 0.331695346875 0.612856053125 0.3276086125 0.612061671875 0.3237239234375 0.6150764734374999 0.3186779875 0.604670871875 0.3137713546875 0.6032458796875 0.288432090625 0.6148137765625 0.2695882234375 0.6196331953125 0.2610531296875 0.6853612640625 0.2573991515625 0.747796975 0.258346640625 0.7720143171875 0.2653609609375 0.7941122625 0.2714915890625 0.8037862312499999 0.3012982609375 0.8298433218750001 0.3007186859375 0.8400979124999999 0.3173176625 0.8395545171875 0.34766563125 0.848280996875 0.356368690625 0.84714526875 0.3631416390625 0.8413932171875 0.3702038515625 0.822031471875 0.38859807968750004 0.7987602984375 0.30363980625 0.745349703125 0.31593000937500004 0.7222551562499999 0.31517938437500004 0.7218643328125001 0.31749909375 0.704319578125 0.3253073015625 0.692204265625
3 0.7094017312500001 0.5834499203125 0.702707971875 0.6507327078125 0.7010933578125 0.666962103125 0.7072359421875001 0.6649597828125 0.7077225687500001 0.6629312109375001 0.7122293187500001 0.6589962546875 0.72785335 0.6556186234375 0.7305855718750001 0.6558172140625 0.740574021875 0.646511753125 0.75215291875 0.6286895 0.8061652296874999 0.6122821140625 0.8159158218749999 0.6060628343750001 0.817674746875 0.5816338437499999 0.8146224500000001 0.5797592828125 0.7743045296875 0.58943273125 0.7439771859375 0.591652296875 0.7290472390625 0.582771028125 0.716792746875 0.5820973328125 0.7094017312500001 0.5834499203125
6 0.7122293187500001 0.6589962546875 0.7077225687500001 0.6629312109375001 0.702086703125 0.68642515 0.6984979828125 0.7352389500000001 0.7331703828125 0.73876425 0.7530035671875 0.7448923359374999 0.7636658062499999 0.7543518031249999 0.7673472515624999 0.7675683765625 0.7630143656249999 0.7957056765625 0.744110815625 0.8198742749999999 0.69381550625 0.8447596468749999 0.6903917609375 0.8454997984375 0.685503465625 0.9119904125 0.6859908 0.9259835203125 0.6881802343750001 0.93122008125 0.749476065625 0.9431347828125001 0.9082230375 0.9542136046874999 0.9385604734375 0.7981410234374999 0.9457223828125001 0.69529530625 0.945277278125 0.67008479375 0.9470228 0.6693549828124999 0.948652534375 0.647220540625 0.944761 0.6507405281249999 0.9429443015625001 0.6573365875 0.9350176890625 0.6568649171875001 0.9186626578125001 0.6392528875 0.8982737359374999 0.6368933421875 0.815474340625 0.6448536578125 0.7881322843749999 0.6507645140625 0.7688881421875 0.6507657046875 0.7410309953125 0.6565764390625 0.72785335 0.6556186234375 0.7122293187500001 0.6589962546875
0 0.5204839671875 0.679487596875 0.54550006875 0.6827794609375 0.547519153125 0.681521225 0.51751190625 0.675863659375 0.5204839671875 0.679487596875
3 0.46144934531250004 0.8060889921875001 0.4486581046875 0.8049487875000001 0.44674604999999995 0.80755160625 0.5071551140625 0.8311632687499999 0.5126574640625 0.8318442156250001 0.5137357703125 0.800664075 0.520974315625 0.783887871875 0.5331714734374999 0.7737577859375 0.5437365046875 0.77169115625 0.543568809375 0.770076 0.5387079203125 0.76422323125 0.4897788140625 0.7385357 0.4716559921875 0.7839641546875 0.4653883875 0.7996751484375 0.46144934531250004 0.8060889921875001
3 0.6441113609375 0.8373710421875 0.673055215625 0.8492476453125001 0.69381550625 0.8447596468749999 0.744110815625 0.8198742749999999 0.7630143656249999 0.7957056765625 0.7673472515624999 0.7675683765625 0.7636658062499999 0.7543518031249999 0.7530035671875 0.7448923359374999 0.7331703828125 0.73876425 0.67800624375 0.7331554625 0.6626149031249999 0.7392553046875 0.642479075 0.7580703390625 0.5687152921874999 0.7721434140625 0.5550268390624999 0.7694826484374999 0.5331714734374999 0.7737577859375 0.520974315625 0.783887871875 0.5137357703125 0.800664075 0.5125060218749999 0.8362232765625001 0.5211460796875 0.8560859671875001 0.53145825625 0.86149980625 0.5544086984375001 0.8574375312500001 0.5702257609375 0.8491475359375 0.6441113609375 0.8373710421875
5 0.38248790625 0.6504062296875001 0.38030547812500004 0.6456256609375 0.3817691296875 0.6299683640625 0.3672639765625 0.6257933875 0.30363980625 0.745349703125 0.43279358749999997 0.8265446234375 0.4486581046875 0.8049487875000001 0.46144934531250004 0.8060889921875001 0.4653883875 0.7996751484375 0.5143955921875001 0.6768288640625 0.514793896875 0.67535120625 0.38248790625 0.6504062296875001
1 0.6092965828125 0.652174565625 0.60884855625 0.68009256875 0.611747228125 0.684390025 0.69921586875 0.685833821875 0.7194421703125 0.482527740625 0.74233816875 0.3519314984375 0.723265059375 0.347601725 0.646806890625 0.34394179999999996 0.6421597375 0.34863950312499997 0.6372976890625 0.38005585625 0.6340830203125 0.383787334375 0.6302349765625 0.3811723453125 0.632498884375 0.3567189890625 0.6289499875 0.3429601125 0.4140351390625 0.3472377140625 0.41000451406250005 0.3551669359375 0.399332425 0.442086446875 0.38030547812500004 0.6456256609375 0.38248790625 0.6504062296875001 0.595606490625 0.6905876140625 0.59977053125 0.68517366875 0.6092965828125 0.652174565625