6 0.621611353125 0.840488728125 0.59985769375 0.84885551875 0.5887019718750001 0.845508803125 0.5764306765625 0.827659646875 0.575743771875 0.8233321453125001 0.570212584375 0.8237136062499999 0.5351330671875 0.81730778125 0.534814903125 0.8179971374999999 0.531751525 0.8236133296875 0.5285464156249999 0.8263605671875001 0.5583607234375 0.8482953796875 0.581282153125 0.86835163125 0.5898776906250001 0.8809584171875 0.5996192984375 0.8826775250000001 0.6087878703125 0.8735089531250001 0.6236984390625 0.838819059375 0.621611353125 0.840488728125
3 0.5485963890625001 0.33157040000000004 0.5825089625000001 0.324275253125 0.5852832609374999 0.32367845625 0.5599160640624999 0.31449378125 0.5494487109375 0.3264564703125 0.5485963890625001 0.33157040000000004
3 0.6111978875 0.338100240625 0.6021003140625 0.332757221875 0.6027252015625 0.3340694859375 0.6051688078125 0.3585055390625 0.609445115625 0.3603382421875 0.611888721875 0.356061934375 0.6111978875 0.338100240625
6 0.9170768062500001 0.5583840140625 0.9315325375000001 0.5572720343750001 0.9291719640625 0.5332557640625 0.933504440625 0.5202583328125 0.925802259375 0.5130375390624999 0.9152117609375001 0.48800545156249997 0.895956309375 0.48126604375 0.8498333 0.5043275484375 0.852955225 0.503525971875 0.8595928421875 0.50863183125 0.8667410453125 0.5203753078125 0.8881856546875 0.51680120625 0.8932915140625 0.5203753078125 0.8994185437500001 0.5351823 0.900439715625 0.55713749375 0.8968175531250001 0.56438181875 0.9170768062500001 0.5583840140625
6 0.8595928421875 0.50863183125 0.7346204734375 0.6289132921875 0.8728685453124999 0.5714719859375 0.8595928421875 0.50863183125
5 0.4526142734375 0.821571078125 0.47560430625 0.8253455609374999 0.4476509984375 0.81452771875 0.4340350734375 0.8408811203125 0.430797009375 0.8612346687500001 0.4252460421875 0.868173378125 0.41691959062499995 0.8709488625 0.38546410781249996 0.868173378125 0.36927378593750004 0.8718740234375 0.36788604375 0.86169725 0.34307338593750003 0.8472790828125 0.34488549687500003 0.8527154171875001 0.3474383125 0.87058511875 0.34999112656250003 0.881817503125 0.3535650671875 0.8945815765624999 0.35509675625 0.8986660796875 0.35560731875 0.90019776875 0.38317771562499997 0.90019776875 0.3841988421875 0.8996872046875 0.39798404062500004 0.8935604500000001 0.40206854375 0.8915181984375 0.41125867656250004 0.8879442578125 0.41585374374999995 0.88539144375 0.4342340078125 0.8772224375000001 0.43985019999999997 0.873648496875 0.44546639218750006 0.8716062453125 0.45108258437500004 0.8680323046874999 0.45823046562499997 0.8649689265625 0.459251590625 0.8639478015625001 0.459251590625 0.8624161125 0.459251590625 0.859352734375 0.45567765156249995 0.84812035 0.4526142734375 0.8394407812500001 0.450061459375 0.8322929 0.44699808125 0.82514501875 0.44699808125 0.8231027671875 0.44801920781250004 0.8220816421875 0.4526142734375 0.821571078125
3 0.26366349218749996 0.6221089828124999 0.3001292921875 0.6597511 0.314226690625 0.6530733843750001 0.3368931421875 0.6368830625 0.341981528125 0.63734564375 0.3489202375 0.64659725625 0.352158303125 0.6428966109375 0.356321528125 0.6428966109375 0.35863443125 0.6512230625 0.393327978125 0.64659725625 0.40311523749999995 0.6496421812500001 0.40375179218749996 0.6496985140625 0.406662009375 0.6387851953125 0.406662009375 0.629166171875 0.406612865625 0.6286702578125001 0.3991577140625 0.61210325625 0.3528812265625 0.564159146875 0.33078524531250003 0.547482934375 0.31786118124999996 0.5316405328125 0.3091061703125 0.5303898171875 0.2986835375 0.520384090625 0.28742709375 0.520384090625 0.27575374531249996 0.5303898171875 0.2649142078125 0.544564596875 0.25199014375 0.569162009375 0.24782109062500002 0.5820860734375 0.24782109062500002 0.5904241796874999 0.26032825000000004 0.6071003921875 0.2611620609375 0.6183568359375 0.26366349218749996 0.6221089828124999
1 0.5478716421875001 0.6708332109375 0.5354813640625 0.736103421875 0.588412915625 0.7519828875 0.5943012578125 0.756800621875 0.5947740578125 0.75835410625 0.6054355546875 0.7540318765625 0.6193802093749999 0.7540318765625 0.689103475 0.7261425703125 0.7052792734375 0.703831125 0.7192239265625 0.694906546875 0.7397367234375001 0.693041746875 0.737011559375 0.670171746875 0.7239395703125 0.6456617687499999 0.674503171875 0.6544270875 0.6375 0.672540528125 0.6375 0.6351345640625 0.6363247734375 0.62852391875 0.6332702671875 0.6627343921875 0.6302157609375 0.6688434046875 0.581281975 0.6691190875 0.5795400703125 0.670739465625 0.5543554671875001 0.6722813796875 0.55074653125 0.66929111875 0.547980678125 0.6693067015625 0.5478716421875001 0.6708332109375
5 0.6764387421875 0.30978150625 0.6900840890625 0.3078007296875 0.70963293125 0.30841163125 0.7120765359375001 0.440977215625 0.7177519828125 0.5019424921875 0.7380733937499999 0.49842011406250003 0.78249436875 0.49280366875 0.80291780625 0.5091424171875001 0.8151718671875001 0.5132271046875 0.822612375 0.5113167046875 0.8296915296874999 0.478044678125 0.8325112609374999 0.454546925 0.8311013953125 0.44279805000000005 0.8094834640625 0.38781330937499997 0.799144453125 0.36760524375000003 0.7897453515625 0.3572662328125 0.7845758468749999 0.34457744687499997 0.78316598125 0.3375281203125 0.7864556671875 0.315440234375 0.7845758468749999 0.3083909078125 0.745569578125 0.2769039203125 0.7324108375 0.267974775 0.7234816921875 0.2660949546875 0.711732815625 0.272674325 0.684945378125 0.2999317171875 0.6764387421875 0.30978150625
3 0.397606371875 0.5377865546875 0.39339964374999997 0.49533684375 0.3859007859375 0.5055984390625 0.3838944796875 0.5196425812500001 0.3859007859375 0.5308778968750001 0.392722228125 0.5376993375 0.397606371875 0.5377865546875
6 0.80291780625 0.5091424171875001 0.78249436875 0.49280366875 0.7380733937499999 0.49842011406250003 0.7177519828125 0.5019424921875 0.7214774265624999 0.5419609765625 0.7284745625 0.5392229671875 0.740632453125 0.5375460171875 0.7569827203124999 0.54341534375 0.786329353125 0.535449828125 0.8240607375 0.5182610859375 0.8274146390625001 0.5195188 0.8303493015625 0.54383458125 0.82196455 0.5518000953125 0.7720752734375 0.578212065625 0.7641097593749999 0.5979162328125 0.7560803921875 0.6089566109375 0.7593978296875 0.60855851875 0.7664787703125 0.60770880625 0.7927153625 0.5966894375 0.8116057078125 0.5930163140625 0.83731756875 0.581996946875 0.8728685453124999 0.5714719859375 0.8738892484375 0.5688809703125 0.8906007328125 0.566222325 0.8968175531250001 0.56438181875 0.900439715625 0.55713749375 0.8994185437500001 0.5351823 0.8932915140625 0.5203753078125 0.8881856546875 0.51680120625 0.8667410453125 0.5203753078125 0.8595928421875 0.50863183125 0.852955225 0.503525971875 0.8151718671875001 0.5132271046875 0.80291780625 0.5091424171875001
6 0.3540624265625 0.7783092296875 0.3617201765625 0.7532939125 0.3609087703125 0.7530534953125 0.3598381625 0.7353884671875 0.36519120156249996 0.7220058703125 0.37138238281249997 0.7217307078124999 0.3937052203125 0.6488094359375001 0.40311523749999995 0.6496421812500001 0.393327978125 0.64659725625 0.35863443125 0.6512230625 0.356321528125 0.6428966109375 0.352158303125 0.6428966109375 0.3489202375 0.64659725625 0.341981528125 0.63734564375 0.3368931421875 0.6368830625 0.314226690625 0.6530733843750001 0.2966486265625 0.6613998359375 0.30081185312500003 0.7275488671875 0.3091383046875 0.7895346703125 0.314689271875 0.8131262828124999 0.32579120625 0.83347983125 0.333655078125 0.8418062828125 0.36788604375 0.86169725 0.36927378593750004 0.8718740234375 0.38546410781249996 0.868173378125 0.41691959062499995 0.8709488625 0.4252460421875 0.868173378125 0.430797009375 0.8612346687500001 0.4340350734375 0.8408811203125 0.4476509984375 0.81452771875 0.3540624265625 0.7783092296875
3 0.786329353125 0.535449828125 0.7569827203124999 0.54341534375 0.740632453125 0.5375460171875 0.7284745625 0.5392229671875 0.7214774265624999 0.5419609765625 0.7277448125 0.60928481875 0.729256578125 0.6255241171875 0.7349042453125 0.622386525 0.7349948609375 0.6203023703125 0.7386679843749999 0.6155797828125 0.753360475 0.6092830015625 0.7560803921875 0.6089566109375 0.7641097593749999 0.5979162328125 0.7720752734375 0.578212065625 0.82196455 0.5518000953125 0.8303493015625 0.54383458125 0.8274146390625001 0.5195188 0.8240607375 0.5182610859375 0.786329353125 0.535449828125
6 0.8116057078125 0.5930163140625 0.7927153625 0.5966894375 0.7664787703125 0.60770880625 0.753360475 0.6092830015625 0.7386679843749999 0.6155797828125 0.7349948609375 0.6203023703125 0.733945396875 0.644440034375 0.7397367234375001 0.693041746875 0.7744447531249999 0.689886471875 0.7950828390625 0.6921176171875 0.8073541343749999 0.6993688359375 0.8134897828125001 0.71164013125 0.8146053546875001 0.7400872234375 0.8006607015625 0.76741874375 0.7560378109375 0.8014436984375 0.7528181968750001 0.8028235328125 0.7607067203125 0.8690252578125 0.7638551125 0.8826682859374999 0.767003503125 0.887390871875 0.829446590625 0.887390871875 0.987390871875 0.86797579375 0.987390871875 0.70898205 0.9747973078125 0.6066593421875 0.9695499890624999 0.581996946875 0.9711241859375 0.5809474828125001 0.9685005265625 0.5589087453125 0.9653521359375 0.5631066 0.964827403125 0.5699281140625 0.9569564265625001 0.570977578125 0.9375413484375 0.55680981875 0.9170768062500001 0.5583840140625 0.83731756875 0.581996946875 0.8116057078125 0.5930163140625
0 0.5543554671875001 0.6722813796875 0.5795400703125 0.670739465625 0.581281975 0.6691190875 0.55074653125 0.66929111875 0.5543554671875001 0.6722813796875
3 0.588412915625 0.7519828875 0.5354813640625 0.736103421875 0.5263596671874999 0.784155225 0.5232050140625 0.8007734796875001 0.5205621625 0.8078210875 0.507788371875 0.8091425140625 0.5064080875 0.81206235 0.570212584375 0.8237136062499999 0.575743771875 0.8233321453125001 0.570852815625 0.7925191203125 0.5747573187499999 0.7746699640625 0.5847974687499999 0.7623986687500001 0.5947740578125 0.75835410625 0.5943012578125 0.756800621875 0.588412915625 0.7519828875
3 0.5887019718750001 0.845508803125 0.59985769375 0.84885551875 0.621611353125 0.840488728125 0.6355560062500001 0.8293330046875 0.7058370593750001 0.8036748421875 0.7365152968750001 0.8098104906250001 0.7560378109375 0.8014436984375 0.8006607015625 0.76741874375 0.8146053546875001 0.7400872234375 0.8134897828125001 0.71164013125 0.8073541343749999 0.6993688359375 0.7950828390625 0.6921176171875 0.7744447531249999 0.689886471875 0.7192239265625 0.694906546875 0.7052792734375 0.703831125 0.689103475 0.7261425703125 0.6193802093749999 0.7540318765625 0.6054355546875 0.7540318765625 0.5847974687499999 0.7623986687500001 0.5747573187499999 0.7746699640625 0.570852815625 0.7925191203125 0.5764306765625 0.827659646875 0.5887019718750001 0.845508803125
5 0.5205621625 0.8078210875 0.5232050140625 0.8007734796875001 0.5478716421875001 0.6708332109375 0.547980678125 0.6693067015625 0.41334579531250004 0.6700652078125 0.4102912890625 0.6657888984375 0.40874049687499997 0.6501399921875 0.3937052203125 0.6488094359375001 0.3540624265625 0.7783092296875 0.49633600937500005 0.8333686671875 0.507788371875 0.8091425140625 0.5205621625 0.8078210875
1 0.4102912890625 0.6657888984375 0.41334579531250004 0.6700652078125 0.6302157609375 0.6688434046875 0.6332702671875 0.6627343921875 0.6363247734375 0.62852391875 0.641211984375 0.6560144765625 0.6448773921875001 0.659679884375 0.7310144765625 0.6444073515625 0.7120765359375001 0.440977215625 0.70963293125 0.30841163125 0.6900840890625 0.3078007296875 0.6143323265625 0.318796953125 0.61066691875 0.324295065625 0.611888721875 0.356061934375 0.609445115625 0.3603382421875 0.6051688078125 0.3585055390625 0.6027252015625 0.3340694859375 0.5966161890625 0.32124055937499996 0.3864661375 0.36644725624999996 0.3840225328125 0.374999875 0.3901315453125 0.4623587609375 0.4102912890625 0.6657888984375