1 0.7935437750000001 0.3452426015625 0.81836438125 0.321846128125 0.7006595109375 0.3440723140625 0.680050975 0.3960058234375 0.671301021875 0.4485055453125 0.6736139203125 0.45033435 0.6840552796875 0.46298682031249994 0.6931119171875 0.456086525 0.7167308515624999 0.4448986078125 0.74515231875 0.437419275 0.7558589546875 0.413212965625 0.75762690625 0.410855696875 0.75724623125 0.4013388046875 0.7593085921875 0.392676890625 0.7704453375 0.3836025046875 0.77663241875 0.3753530640625 0.7844693890625 0.3580292359375 0.7935437750000001 0.3452426015625
6 0.54456931875 0.37043215625000003 0.52644569375 0.37949396874999997 0.5163177859375 0.3954854015625 0.516071203125 0.3969237984375 0.5241104140624999 0.391564325 0.5347212671875 0.3904473921875 0.5542675765625 0.39659051875 0.5941566796875 0.41877735625 0.59254361875 0.40667940625 0.582948759375 0.3869566375 0.5733538984375001 0.37629568125 0.557362465625 0.3693660609375 0.54456931875 0.37043215625000003
3 0.7167308515624999 0.4448986078125 0.6931119171875 0.456086525 0.6840552796875 0.46298682031249994 0.68427505625 0.4632531390625 0.730375353125 0.45577741562499996 0.7412613421875001 0.4560366046875 0.7418746640625 0.45143669375 0.745137665625 0.437452403125 0.74515231875 0.437419275 0.7167308515624999 0.4448986078125
1 0.8662314984374999 0.579601575 0.873681375 0.575344503125 0.8795384203125 0.5648018218749999 0.8795384203125 0.5587206874999999 0.8677634609375 0.5725983171875 0.8662314984374999 0.579601575
5 0.6736139203125 0.45033435 0.6472857671875001 0.429516740625 0.639235225 0.44385063125 0.648648325 0.44908631874999994 0.6749371765625 0.4647673890625 0.68427505625 0.4632531390625 0.6736139203125 0.45033435
2 0.6021167390625 0.476576109375 0.6749371765625 0.4647673890625 0.648648325 0.44908631874999994 0.5542675765625 0.39659051875 0.5347212671875 0.3904473921875 0.5241104140624999 0.391564325 0.5140580265625 0.398265915625 0.42972966562500003 0.4881789375 0.41520955 0.5071667796875 0.4140926171875 0.52559615625 0.4174434140625 0.5317392828124999 0.42917119843749996 0.5412332046875 0.4484375 0.5533105875000001 0.4484375 0.5106628578125 0.6021167390625 0.476576109375
1 0.41091261250000005 0.6858200140624999 0.4115846828125 0.685778009375 0.4484375 0.6917220125 0.4484375 0.6747894890625 0.44272529218749995 0.6722836625 0.42154191093750004 0.6598499390625 0.40358208749999996 0.6552448562500001 0.3971349703125 0.6584684140625 0.3925298875 0.6722836625 0.3888160140625 0.6872010515625 0.41091261250000005 0.6858200140624999
5 0.6071511578125001 0.781837940625 0.6114964890625 0.8039596234375 0.611949390625 0.8050252734375001 0.6108211906250001 0.805313325 0.6109489953125 0.8040991749999999 0.6059280265625 0.7844015265625 0.5650834296875 0.8700085421875 0.570494934375 0.865568334375 0.5763999921875 0.8631248625 0.57710641875 0.8681404921875 0.5794363421875001 0.8759069046875 0.6567781187499999 0.9076906843750001 0.66013930625 0.9072066734374999 0.6635028421875 0.9104542265625 0.6755794953125001 0.9154171546875001 0.6071511578125001 0.781837940625
6 0.6294376046875 0.5838916937499999 0.6416959515625 0.577149603125 0.7013610109374999 0.5689199406250001 0.6923242265625 0.529297115625 0.739468665625 0.49837036250000005 0.7381455203125 0.4794052765625 0.7412613421875001 0.4560366046875 0.730375353125 0.45577741562499996 0.6021167390625 0.476576109375 0.4484375 0.5106628578125 0.4484375 0.6917220125 0.512400596875 0.702038640625 0.5635054375 0.7136533765624999 0.5755847640625 0.7261972921875001 0.5783267140625 0.749960859375 0.5878323890625 0.754713696875 0.596238428125 0.7631197359375 0.6041190890625 0.7773049265624999 0.6052881640625001 0.781891296875 0.6071511578125001 0.781837940625 0.6057271328125 0.774588359375 0.60782508125 0.728958003125 0.615167896875 0.70640506875 0.621626690625 0.69348748125 0.61717925625 0.6261829921875 0.617792175 0.6065696375 0.6220825953125 0.5930854546875 0.6294376046875 0.5838916937499999
4 0.7167812609374999 0.6530209421875 0.7172608109375 0.63863445 0.7013610109374999 0.5689199406250001 0.6416959515625 0.577149603125 0.6294376046875 0.5838916937499999 0.6220825953125 0.5930854546875 0.617792175 0.6065696375 0.61717925625 0.6261829921875 0.621626690625 0.69348748125 0.6235596859375 0.6896214890625 0.63719634375 0.6712644484375 0.650308515625 0.6597257375 0.6595577968749999 0.6547927875 0.666043121875 0.6513339484375 0.683875675 0.6476625406250001 0.713771425 0.6513339484375 0.7167792328125 0.653025840625 0.7167812609374999 0.6530209421875
4 0.825639046875 0.7700310734375 0.8098139062499999 0.772428821875 0.8002229125 0.7633173765625 0.7800818234375 0.7537263828125 0.7762363609375 0.754631196875 0.7788077953125 0.7709169515625 0.7769138046874999 0.7839043171875 0.7802286234375 0.7874953703124999 0.784972453125 0.7896516578125 0.8013602328125 0.7892204 0.812141665625 0.7849078265625 0.8164542390625 0.7879266281249999 0.8242168703124999 0.8017268625 0.8293919593749999 0.83363990625 0.8285294437499999 0.8405400234375 0.8249321015625 0.8457361859375 0.824648128125 0.84614636875 0.80826035 0.853909 0.80826035 0.8582215734374999 0.8035165187500001 0.8612403750000001 0.7953226296875 0.8621028890625 0.7871287406249999 0.8763343812500001 0.7741910203125 0.8845282703124999 0.6948396703124999 0.9022098218749999 0.66013930625 0.9072066734374999 0.6674384812499999 0.9142541515625 0.6803097453125 0.9160929046874999 0.7379239765625 0.9154799875 0.8225065734375001 0.922222078125 0.8470232671875 0.9185445734375 0.8549911937499999 0.9124154000000001 0.8635720359375 0.890350375 0.8635720359375 0.87380160625 0.8488170484375 0.7317419578125001 0.8433823859375 0.7379012421875 0.83139364375 0.772908371875 0.825639046875 0.7700310734375
3 0.85623953125 0.2949210078125 0.85087739375 0.2936835921875 0.8438653687500001 0.2978083125 0.7935437750000001 0.3452426015625 0.7844693890625 0.3580292359375 0.77663241875 0.3753530640625 0.7704453375 0.3836025046875 0.7593085921875 0.392676890625 0.75724623125 0.4013388046875 0.75762690625 0.410855696875 0.769843246875 0.39456724374999996 0.7824291078125001 0.38291366875 0.7931503984375 0.376853809375 0.8117961203125 0.372192378125 0.8453584187500001 0.3754553796875 0.8565458515625 0.380582953125 0.86152430625 0.384731665625 0.883875159375 0.36834103749999997 0.8863499921875 0.3567918203125 0.8776880796875 0.3312185515625 0.8653139171875001 0.306057753125 0.85623953125 0.2949210078125
3 0.7642721015625 0.7758514234375 0.7698784468750001 0.7762826796875 0.7769138046874999 0.7839043171875 0.7788077953125 0.7709169515625 0.7762363609375 0.754631196875 0.771929478125 0.75564458125 0.7623384843750001 0.7474922359375 0.74603379375 0.7474922359375 0.7378814484375 0.7417376390625 0.710067565625 0.7412580906249999 0.7028743203125 0.7316670953125 0.699517471875 0.7129646562499999 0.7047925187499999 0.7033736625 0.7028743203125 0.686589421875 0.7167792328125 0.653025840625 0.713771425 0.6513339484375 0.683875675 0.6476625406250001 0.666043121875 0.6513339484375 0.650308515625 0.6597257375 0.63719634375 0.6712644484375 0.6235596859375 0.6896214890625 0.615167896875 0.70640506875 0.60782508125 0.728958003125 0.6057271328125 0.774588359375 0.6114964890625 0.8039596234375 0.611949390625 0.8050252734375001 0.660339084375 0.792670459375 0.712952478125 0.7823202828125 0.7642721015625 0.7758514234375
3 0.5763999921875 0.8631248625 0.5727938453125 0.8375212218750001 0.575812646875 0.8172521265625001 0.5792627046875001 0.8133708109375 0.6108211906250001 0.805313325 0.6109489953125 0.8040991749999999 0.6041190890625 0.7773049265624999 0.596238428125 0.7631197359375 0.5878323890625 0.754713696875 0.5783267140625 0.749960859375 0.5797660687499999 0.7624352703125 0.566292975 0.8339820484375 0.5635054375 0.8437384281250001 0.5597887218750001 0.8479197328125 0.543528090625 0.8502426796875 0.5175110796875 0.846061375 0.451821128125 0.8285045999999999 0.4554372765625 0.8450786140625001 0.4643686921875 0.863466825 0.4769777515625 0.877652015625 0.489586809375 0.88658343125 0.5069242640625 0.8907864515625 0.5289901171875 0.8902610734374999 0.5500052140625 0.8823804125000001 0.570494934375 0.865568334375 0.5763999921875 0.8631248625
1 0.7047925187499999 0.7033736625 0.699517471875 0.7129646562499999 0.7028743203125 0.7316670953125 0.710067565625 0.7412580906249999 0.7378814484375 0.7417376390625 0.74603379375 0.7474922359375 0.7623384843750001 0.7474922359375 0.771929478125 0.75564458125 0.7800818234375 0.7537263828125 0.8002229125 0.7633173765625 0.8098139062499999 0.772428821875 0.825639046875 0.7700310734375 0.83139364375 0.772908371875 0.8433823859375 0.7379012421875 0.8505756328125 0.729748896875 0.8649621234374999 0.7004963640625 0.8755122171874999 0.6597346374999999 0.8759917671874999 0.6362367015625 0.8649621234374999 0.58540443125 0.8677634609375 0.5725983171875 0.867733284375 0.572633884375 0.8542151359375 0.5828890312499999 0.8383662734374999 0.5898811765625 0.8038716875 0.5898811765625 0.78429368125 0.5810244578125 0.771241675 0.5712354546875 0.7563250984375001 0.5525897328125 0.7493329531249999 0.539071584375 0.7395439484375 0.49944942656249997 0.739468665625 0.49837036250000005 0.6923242265625 0.529297115625 0.7172608109375 0.63863445 0.7167812609374999 0.6530209421875 0.7028743203125 0.686589421875 0.7047925187499999 0.7033736625
6 0.35211723125 0.79727948125 0.36280278906249996 0.8047129125 0.5175110796875 0.846061375 0.543528090625 0.8502426796875 0.5597887218750001 0.8479197328125 0.5635054375 0.8437384281250001 0.566292975 0.8339820484375 0.5797660687499999 0.7624352703125 0.5755847640625 0.7261972921875001 0.5635054375 0.7136533765624999 0.512400596875 0.702038640625 0.4115846828125 0.685778009375 0.37441752500000003 0.68810095625 0.3683778625 0.6913530828125001 0.354440178125 0.7141179671875 0.3428254421875 0.7127241984375 0.338179546875 0.7155117343749999 0.33167529375 0.7275910609375 0.3288877578125 0.7452454609375 0.330746115625 0.753608071875 0.3418962625 0.7587185546875 0.34329003125 0.7624352703125 0.345612978125 0.7810188499999999 0.35211723125 0.79727948125
6 0.7871287406249999 0.8763343812500001 0.7953226296875 0.8621028890625 0.8035165187500001 0.8612403750000001 0.80826035 0.8582215734374999 0.80826035 0.853909 0.824648128125 0.84614636875 0.8285294437499999 0.8405400234375 0.8293919593749999 0.83363990625 0.8242168703124999 0.8017268625 0.8164542390625 0.7879266281249999 0.812141665625 0.7849078265625 0.8013602328125 0.7892204 0.784972453125 0.7896516578125 0.7802286234375 0.7874953703124999 0.7698784468750001 0.7762826796875 0.7642721015625 0.7758514234375 0.712952478125 0.7823202828125 0.660339084375 0.792670459375 0.5792627046875001 0.8133708109375 0.575812646875 0.8172521265625001 0.5727938453125 0.8375212218750001 0.57710641875 0.8681404921875 0.58228150625 0.8853907859374999 0.5934941968749999 0.9065223953125001 0.6107444906249999 0.9104037109374999 0.6189383796875 0.9082474250000001 0.6409325046875 0.9099724531250001 0.6948396703124999 0.9022098218749999 0.7741910203125 0.8845282703124999 0.7871287406249999 0.8763343812500001
6 0.7381455203125 0.4794052765625 0.7395439484375 0.49944942656249997 0.7493329531249999 0.539071584375 0.7563250984375001 0.5525897328125 0.771241675 0.5712354546875 0.78429368125 0.5810244578125 0.8038716875 0.5898811765625 0.8383662734374999 0.5898811765625 0.8542151359375 0.5828890312499999 0.867733284375 0.572633884375 0.8807852890625 0.5572511640625 0.8896420062500001 0.5423345859375 0.9008294390625 0.511103003125 0.9031601546875001 0.46681941406250005 0.8984987249999999 0.442113834375 0.891972721875 0.4234681125 0.873327 0.39456724374999996 0.8565458515625 0.380582953125 0.8453584187500001 0.3754553796875 0.8117961203125 0.372192378125 0.7931503984375 0.376853809375 0.7824291078125001 0.38291366875 0.769843246875 0.39456724374999996 0.7558589546875 0.413212965625 0.745137665625 0.437452403125 0.7418746640625 0.45143669375 0.7381455203125 0.4794052765625