3 0.49245435625 0.3988193203125 0.49860501875 0.4009626671875 0.501712025 0.40739533124999994 0.506161184375 0.41097434843749997 0.5131795 0.4060415 0.53000314375 0.3942169390625 0.516954275 0.393709921875 0.49462961562499996 0.38789889375 0.489274465625 0.390287221875 0.48682269062500005 0.3968568296875 0.48805744375 0.4038594546875 0.48939129687499994 0.4053031546875 0.49245435625 0.3988193203125
5 0.4730134890625 0.5873215265625 0.476983321875 0.5863628578125 0.49283234218749994 0.5882244765625 0.5008770796875 0.5918921203124999 0.5147493765625 0.5589142328125 0.4754809875 0.51731083125 0.45743269062499997 0.49208405937500005 0.45357054999999996 0.49246283437500005 0.44501790156250004 0.49880650156249995 0.40314883593750006 0.54759400625 0.396923378125 0.5568518046875 0.3974402140625 0.559782925 0.4434523671875 0.59791020625 0.448092571875 0.601263615625 0.4670075390625 0.5855350625 0.4730134890625 0.5873215265625
1 0.60775533125 0.832592903125 0.6229056046875 0.8532369703124999 0.6276180609375 0.8665723968749999 0.6314905046875 0.8667749796875001 0.6413240734375 0.8606140671875 0.656663134375 0.855548315625 0.6884516078125 0.8517139468750001 0.6961128421875 0.8482971359375 0.6964163640625001 0.8449971609375 0.6923434359375 0.8336148937500001 0.67009269375 0.7793971921875 0.667550475 0.7783697921875 0.6584076046875 0.781752721875 0.6294787187499999 0.794430303125 0.6273328109375 0.8082922140625 0.6187339374999999 0.8101270843749999 0.6020639671875 0.8095612171875001 0.5987683140625 0.8086771078125 0.5992050109375 0.81255588125 0.6056860359375 0.8208573421875001 0.6055000453125 0.8264976546874999 0.60775533125 0.832592903125
6 0.4944306640625 0.6072168484375 0.5008770796875 0.5918921203124999 0.49283234218749994 0.5882244765625 0.476983321875 0.5863628578125 0.4730134890625 0.5873215265625 0.4670075390625 0.5855350625 0.444898628125 0.603919509375 0.43490585625 0.6191328375 0.43460124375 0.6200982374999999 0.44971809062499996 0.6051414 0.4567656515625 0.603565753125 0.49204709687500003 0.657207140625 0.495469990625 0.6507004109375 0.491580990625 0.6264336765625 0.4944306640625 0.6072168484375
5 0.3651184 0.69564330625 0.39681557500000003 0.7413319656249999 0.41546365781250005 0.780997225 0.422186709375 0.790799853125 0.43514220937500003 0.7868505875 0.44521082968750003 0.7797476640625 0.52682531875 0.710083434375 0.5086667171875 0.6824753640625 0.50124869375 0.6812619390625 0.49310894843749997 0.67489955 0.4893952875 0.66931625 0.48846185468750003 0.6640224875 0.49204709687500003 0.657207140625 0.4567656515625 0.603565753125 0.44971809062499996 0.6051414 0.42760425 0.6270211671875 0.421505190625 0.637752790625 0.3941667078125 0.6658813609374999 0.3835661078125 0.6737440328125001 0.3651184 0.69564330625
6 0.58729878125 0.7973624953125 0.5872804140625 0.7983456859375 0.6288578828125 0.765031571875 0.629615771875 0.750437175 0.5409838015624999 0.7394011765624999 0.581011428125 0.8033687359374999 0.58729878125 0.7973624953125
0 0.4957040265625 0.394956528125 0.49339361718749997 0.39683110781250003 0.483564225 0.41763780156249997 0.48212269531249996 0.43109671875 0.47907467812500004 0.4404373234375 0.47965965781250003 0.44708326249999997 0.48280664843750004 0.44828899531250005 0.4913945375 0.44706815625 0.5007009390625 0.45225739374999996 0.4950182328125 0.4445958671875 0.49114849375 0.435355990625 0.4909670515625 0.4270661265625 0.503787271875 0.4126428609375 0.506161184375 0.41097434843749997 0.501712025 0.40739533124999994 0.4957040265625 0.394956528125
6 0.539379896875 0.8262110984375 0.5423867312499999 0.8256809125 0.5485298171874999 0.8189607750000001 0.5509424234375 0.813462115625 0.569980421875 0.8095415078125001 0.581011428125 0.8033687359374999 0.58729878125 0.7973624953125 0.5874692828125 0.7882353390625 0.591669065625 0.7849455437499999 0.5970775203125 0.718029778125 0.6016953390625 0.7153035859375 0.62261883125 0.71830601875 0.63098030625 0.7241607875 0.63077006875 0.7282092671875 0.6492965296875 0.7031100390625 0.66492893125 0.676678453125 0.6589788921874999 0.6429341078124999 0.6228549265625001 0.6629551921875 0.606595484375 0.66929773125 0.5881043406249999 0.6703607375 0.584839815625 0.6764261140625 0.5766862234375 0.6877284671874999 0.567680896875 0.6957988359375 0.5663940421875 0.6996897578125 0.55301380625 0.7181143484375 0.5409838015624999 0.7394011765624999 0.536174434375 0.7520867828125 0.531895253125 0.7677792234374999 0.5322616625000001 0.7922353281250001 0.527952128125 0.79496814375 0.5233520671874999 0.8056439140625 0.5255216765624999 0.8131530765624999 0.5335596921875 0.8235733421875 0.539379896875 0.8262110984375
6 0.6187339374999999 0.8101270843749999 0.6273328109375 0.8082922140625 0.629716390625 0.7928950203125 0.6277904453125001 0.7855868359375 0.63098030625 0.7241607875 0.62261883125 0.71830601875 0.6016953390625 0.7153035859375 0.5970775203125 0.718029778125 0.591669065625 0.7849455437499999 0.5874692828125 0.7882353390625 0.5871945515625 0.8029420281249999 0.5920295921875 0.8068693437500001 0.6020639671875 0.8095612171875001 0.6187339374999999 0.8101270843749999
6 0.532835015625 0.663606065625 0.54478070625 0.6517526609375001 0.5458335296875 0.6497799640624999 0.5404640703125 0.6380932375 0.54055273125 0.6342158703125 0.549938575 0.6283129859375001 0.5542366296875 0.6132667078125 0.564747890625 0.5940354859375 0.57578655 0.584365603125 0.5830887312499999 0.57997425625 0.5854620890625 0.5755272546875 0.5673933578125 0.557794503125 0.5512279375 0.5307688578125 0.547260728125 0.5149579390625 0.5461851265625 0.508857903125 0.545523903125 0.49521953593749996 0.5391738828125 0.50497588125 0.526848221875 0.5301522859375 0.4944306640625 0.6072168484375 0.491580990625 0.6264336765625 0.495469990625 0.6507004109375 0.48846185468750003 0.6640224875 0.4893952875 0.66931625 0.49310894843749997 0.67489955 0.50124869375 0.6812619390625 0.5092779281250001 0.6825753453125001 0.516597515625 0.66880846875 0.532835015625 0.663606065625
0 0.7193932046875 0.5860276453125 0.74552189375 0.569234171875 0.7720116 0.5366528078125 0.7861456140625 0.49642243906249994 0.7859495234375 0.4551809015625 0.7689801953125001 0.403531340625 0.73767796875 0.370919503125 0.7127870140625 0.3568324734375 0.6857641625 0.352949003125 0.6569685671875 0.356847125 0.6474899749999999 0.3616708609375 0.6635089375 0.3753715984375 0.664537315625 0.3876039625 0.6541043890625 0.41163775312500006 0.6478802484374999 0.41687313593750003 0.6397041921875 0.4153054140625 0.6042021562500001 0.3837003859375 0.6014153 0.3851186421875 0.594301784375 0.3914457078125 0.5953612046875 0.39649590625000003 0.5897908796875 0.40483975 0.5648098625 0.4240333578125 0.5615357078125001 0.42870933125 0.5517548078125001 0.4512685765625 0.54484341875 0.4811839671875 0.5461851265625 0.508857903125 0.547260728125 0.5149579390625 0.5512279375 0.5307688578125 0.5673933578125 0.557794503125 0.58640805 0.5764556265625 0.587853171875 0.577109040625 0.6602808515625 0.5335528546875 0.67063558125 0.530954690625 0.6796016500000001 0.5336216375 0.685901684375 0.5386895453125 0.697575375 0.556712175 0.7090709000000001 0.588527521875 0.7193932046875 0.5860276453125
6 0.5803277328124999 0.3618788140625 0.577398128125 0.3654156359375 0.57144616875 0.3607038421875 0.5641602921875 0.3629487515625 0.5518154578125001 0.37280719375000004 0.5353976609375 0.3904253828125 0.503787271875 0.4126428609375 0.490967053125 0.4270661265625 0.49114849375 0.4353559921875 0.4950182328125 0.4445958671875 0.50677518125 0.46044680156249995 0.5138226078125 0.4659256515625 0.522350165625 0.46346179843749996 0.5392785734375 0.450554646875 0.5568105875 0.43017942343750004 0.5897908796875 0.40483975 0.5953612046875 0.39649590625000003 0.5933539859375 0.3869276171875 0.601043975 0.380888875 0.5808036890625 0.36287033750000003 0.5803277328124999 0.3618788140625
3 0.7088925875000001 0.603374490625 0.7096434734375 0.5901121953125 0.697575375 0.556712175 0.685901684375 0.5386895453125 0.6796016500000001 0.5336216375 0.67063558125 0.530954690625 0.6602808515625 0.5335528546875 0.57578655 0.584365603125 0.564747890625 0.5940354859375 0.5542366296875 0.6132667078125 0.549938575 0.6283129859375001 0.54055273125 0.6342158703125 0.5404640703125 0.6380932375 0.547357546875 0.6530970140625 0.557864234375 0.6666913359375 0.5665435234375 0.6721120640625 0.574056721875 0.6665393765625 0.587098278125 0.670418575 0.606595484375 0.66929773125 0.6228549265625001 0.6629551921875 0.6872332125 0.6272746390624999 0.7044190359375 0.6130452875 0.7088925875000001 0.603374490625
4 0.5610430140625 0.3340038328125 0.572479609375 0.345529465625 0.5808036890625 0.36287033750000003 0.6397041921875 0.4153054140625 0.6478802484374999 0.41687313593750003 0.6541043890625 0.41163775312500006 0.664537315625 0.3876039625 0.6635089375 0.3753715984375 0.6037069328125 0.3242239953125 0.5836210484375 0.319113709375 0.5750810515625 0.311215225 0.5701452796875001 0.31095701875000004 0.562224759375 0.3236387984375 0.5610430140625 0.3340038328125