6 0.616869428125 0.8744991296875 0.7390034140624999 0.8744991296875 0.7300046421874999 0.8120076640624999 0.7166855484375 0.8120076640624999 0.7071797125 0.8068586703125 0.665378490625 0.8151217015625001 0.630028778125 0.8090269250000001 0.6262005687500001 0.806197378125 0.6133638718750001 0.8219157828125001 0.616869428125 0.8744991296875
6 0.639559046875 0.428466659375 0.6424392734375 0.47167003906250005 0.6724009468750001 0.5149959140625 0.6732475890625 0.5155942062500001 0.6787586546875 0.512713421875 0.715030471875 0.48205064999999997 0.71612265 0.47621882812500005 0.7134230015624999 0.44067345781249995 0.6856448390625001 0.42928896562499996 0.664345259375 0.42755022499999995 0.659563721875 0.42233400000000004 0.659563721875 0.4143393140625 0.645979115625 0.4183779796875 0.639559046875 0.428466659375
1 0.4180822046875 0.73706375 0.45439666718750005 0.7448853265625 0.45487389218749996 0.7450636312500001 0.4420824703125 0.7349651390624999 0.43110707187499997 0.7161501703125001 0.42696989218750003 0.69615380625 0.4236690453125 0.7091295484375 0.41864088906249997 0.7158337578125 0.4180822046875 0.73706375
1 0.513030584375 0.745548559375 0.4879439578125 0.7553480234375 0.47988255156250004 0.754407525 0.5052369140625 0.7638805843750001 0.5203213828125001 0.7555003234375001 0.533171115625 0.732594278125 0.5398753234375 0.728683490625 0.5510490046875 0.7309182265625 0.5538358734375 0.7172161218750001 0.5382536109375 0.70886848125 0.5366742234374999 0.709151578125 0.5357653390625 0.7130143421875 0.528709725 0.72712556875 0.513030584375 0.745548559375
6 0.52941526875 0.634581071875 0.5288112625 0.6352689687499999 0.5814170046875 0.7212082265624999 0.5520614609375001 0.487344809375 0.5510250125 0.485706553125 0.49565091250000004 0.5928796421875 0.5043024890625001 0.6018772828125 0.5048544046875 0.6042426359374999 0.525181615625 0.6293394046875 0.52941526875 0.634581071875
5 0.6724009468750001 0.5149959140625 0.602100246875 0.5572227171875 0.6369308765625 0.7930582265624999 0.6435152937499999 0.7473675265625 0.638241896875 0.73666093125 0.6477246296875 0.7181580375000001 0.6724009468750001 0.5149959140625
6 0.703185740625 0.5118174078125 0.7075583359375 0.5219490312499999 0.715030471875 0.48205064999999997 0.6784916453125 0.5128529953125 0.6729296296875 0.5157604124999999 0.6729553640625 0.5157976234375 0.6737481109375001 0.5168518093750001 0.67645649375 0.5204533828125 0.6786945875 0.5187388203125 0.696264328125 0.5107525749999999 0.703185740625 0.5118174078125
3 0.52941526875 0.634581071875 0.5284572015625 0.6356722046875001 0.534197425 0.6467699703124999 0.540077103125 0.67303253125 0.5389011671875 0.699687071875 0.5366742234374999 0.709151578125 0.5579982109375 0.7053293546875 0.5595041328125 0.7046228718750001 0.553297725 0.697267128125 0.5470304515625 0.6960136734375 0.541598815625 0.6876573109375 0.5428522703125 0.682225675 0.57634475 0.6115623515624999 0.5732761453124999 0.6076523546875 0.5732761453124999 0.603690903125 0.5632958421875001 0.6088196703125 0.5377266796875 0.63910929375 0.533072678125 0.63910929375 0.52941526875 0.634581071875
0 0.664345259375 0.42755022499999995 0.6856448390625001 0.42928896562499996 0.722112596875 0.44423476875 0.7244513984375 0.43174645468749995 0.6743430218750001 0.411901553125 0.659563721875 0.413205609375 0.659563721875 0.42233400000000004 0.664345259375 0.42755022499999995
3 0.8648054437500001 0.5149050359375 0.8779685875000001 0.46172593125 0.875862484375 0.4227630234375 0.8779685875000001 0.401175465625 0.85690755625 0.38590621718749996 0.818471175 0.37011044375 0.78161436875 0.359053403125 0.7494962968750001 0.3543146703125 0.741598409375 0.36958391874999996 0.7421249359375001 0.3790613828125 0.73896578125 0.3832735890625 0.7400188328125 0.3922245265625 0.7279087390625001 0.4132855578125 0.7075583359375 0.5219490312499999 0.7250148109375 0.5623969640625 0.776896759375 0.647294696875 0.78161436875 0.648642584375 0.8179446484374999 0.64600995625 0.8342669484374999 0.635479440625 0.8442709374999999 0.62126324375 0.850589246875 0.6028348421875 0.852168825 0.5828268624999999 0.8648054437500001 0.5149050359375
5 0.6786945875 0.5187388203125 0.67645649375 0.5204533828125 0.72412515 0.583842553125 0.727935665625 0.592552303125 0.7312018234375001 0.622492071875 0.7448108078125 0.6377341359375001 0.74753260625 0.648076965625 0.7382784953125 0.6671295453125 0.723580790625 0.683460328125 0.7173696109375001 0.6856207375000001 0.7066801890625001 0.6798367359374999 0.6958184593750001 0.660052871875 0.6794876765625 0.661141590625 0.6691448484375 0.65406491875 0.6581542890625001 0.6381896671875 0.657223884375 0.6530761328125 0.6544097203125 0.6981027656250001 0.651917565625 0.7055792265624999 0.6733704234375 0.7290432890625 0.6845511671875 0.7492751109375 0.6852965796875 0.750082640625 0.6949408453125 0.748948021875 0.7145110781249999 0.736444815625 0.8030971546875 0.736444815625 0.8064745171875 0.7338350359375 0.8149931796875001 0.72105704375 0.78943719375 0.66781540625 0.7250148109375 0.5623969640625 0.703185740625 0.5118174078125 0.696264328125 0.5107525749999999 0.6786945875 0.5187388203125
6 0.5389011671875 0.699687071875 0.540077103125 0.67303253125 0.534197425 0.6467699703124999 0.525181615625 0.6293394046875 0.5241877671874999 0.6281089265625 0.512764309375 0.6251472890625001 0.5072641265625 0.6145700140625 0.506388671875 0.6108180640625 0.5024471640625 0.6075721171875 0.4910797859375 0.60365233125 0.4781444953125 0.603260353125 0.4632493109375 0.6071801390625 0.453449846875 0.613059815625 0.43659477031250005 0.631090828125 0.42601135 0.66048921875 0.42405145781250003 0.6820480375 0.43110707187499997 0.7161501703125001 0.4420824703125 0.7349651390624999 0.46442524687500003 0.7526041734375 0.4879439578125 0.7553480234375 0.513030584375 0.745548559375 0.528709725 0.72712556875 0.5357653390625 0.7130143421875 0.5389011671875 0.699687071875
5 0.5901899671875 0.5773380046875001 0.5969594234375 0.566760728125 0.575804871875 0.5248747171875 0.531365925 0.4546325109375 0.511493890625 0.4871063234375 0.4598420046875 0.486052203125 0.4529902234375 0.49237692343750006 0.427691340625 0.49659340468749996 0.4282184015625 0.49026868281249997 0.4355972421875 0.4849980828125 0.4392866625 0.473929821875 0.451936103125 0.4676051 0.449300803125 0.45653683906250003 0.44139490312499996 0.45284741874999995 0.44192196250000004 0.44863093750000005 0.448527990625 0.43773991875 0.41460719375000005 0.4647957921875 0.4031837359375 0.475796159375 0.4031837359375 0.48002706875 0.4569162953125 0.54602926875 0.4844172109375 0.5752225484375 0.4937252140625 0.5908769171875 0.5043024890625001 0.6018772828125 0.5072641265625 0.6145700140625 0.512764309375 0.6251472890625001 0.5241877671874999 0.6281089265625 0.533072678125 0.63910929375 0.5377266796875 0.63910929375 0.565227596875 0.606531284375 0.571997053125 0.5917230984375 0.5901899671875 0.5773380046875001
3 0.602100246875 0.5572227171875 0.6151348125 0.5297220453125 0.6187416609375 0.5314025078125 0.585809359375 0.4760380609375 0.5499692765625 0.4254402953125 0.5465298765625 0.42575296875 0.5402755375 0.435058203125 0.533868534375 0.450007878125 0.5368655062500001 0.462994759375 0.602100246875 0.5572227171875
3 0.6729553640625 0.5157976234375 0.597289403125 0.406381378125 0.5836804171875001 0.397671628125 0.5711601515625 0.397671628125 0.560653540625 0.40579037187500006 0.5626187171875 0.40857437343749997 0.5821199390625 0.4301838359375 0.5910799609375 0.450739178125 0.609000003125 0.47709218125 0.62806331875 0.51344548125 0.6316635859375 0.52031110625 0.6422047875 0.534541728125 0.6541698078125 0.5428652203125 0.654266946875 0.5429746890625 0.6435795140625 0.5429746890625 0.6519028109375 0.5468525890625 0.6631839015625001 0.555208953125 0.6673620828125 0.561476225 0.6665264468750001 0.5781889515625 0.6598413562500001 0.6111965875 0.6581542890625001 0.6381896671875 0.6691448484375 0.65406491875 0.6794876765625 0.661141590625 0.6958184593750001 0.660052871875 0.7110605234375 0.687815203125 0.723580790625 0.683460328125 0.7382784953125 0.6671295453125 0.74753260625 0.648076965625 0.7448108078125 0.6377341359375001 0.7312018234375001 0.622492071875 0.727935665625 0.592552303125 0.72412515 0.583842553125 0.6729553640625 0.5157976234375
6 0.563147946875 0.8704403234375 0.5781444765625 0.8650415718750001 0.6369308765625 0.7930582265624999 0.6381148765625 0.790058759375 0.6204652312500001 0.7897193421875001 0.6150290546875 0.7777597546874999 0.6155726734375 0.7668874031249999 0.6210088484375 0.757645903125 0.64592879375 0.7547141453124999 0.64592879375 0.7522676640625 0.638241896875 0.73666093125 0.630594084375 0.7515834906250001 0.61095663125 0.7453162171875001 0.5938260859375 0.733617309375 0.5814170046875 0.7212082265624999 0.57034628125 0.7312725203125 0.5403532203125 0.7702635 0.5283559953125 0.7912586421875 0.5181583546875 0.8440464296875 0.5109600203125 0.8530443484375001 0.5127596046875 0.8650415718750001 0.522357384375 0.879438240625 0.536754053125 0.8692406 0.563147946875 0.8704403234375
1 0.4282184015625 0.49026868281249997 0.427691340625 0.49659340468749996 0.4529902234375 0.49237692343750006 0.4598420046875 0.486052203125 0.511493890625 0.4871063234375 0.533103353125 0.45179329843750005 0.544171615625 0.42596735468749997 0.5499692765625 0.4254402953125 0.585809359375 0.4760380609375 0.6187416609375 0.5314025078125 0.6435795140625 0.5429746890625 0.65432716875 0.5429746890625 0.6422047875 0.534541728125 0.6316635859375 0.52031110625 0.609000003125 0.47709218125 0.5910799609375 0.450739178125 0.5821199390625 0.4301838359375 0.5626187171875 0.40857437343749997 0.5309951140625 0.3637742671875 0.5051691703125 0.343218925 0.48724912812500004 0.3558683671875 0.46985614531250003 0.3890731515625 0.46353142500000005 0.39381669218750004 0.460369065625 0.4064661328125 0.46300436562499997 0.41120967343750003 0.46142318437499996 0.4164802734375 0.44192196250000004 0.44863093750000005 0.44139490312499996 0.45284741874999995 0.449300803125 0.45653683906250003 0.451936103125 0.4676051 0.4392866625 0.473929821875 0.4355972421875 0.4849980828125 0.4282184015625 0.49026868281249997
1 0.61095663125 0.7453162171875001 0.630594084375 0.7515834906250001 0.6477246296875 0.7181580375000001 0.6544097203125 0.6981027656250001 0.6598413562500001 0.6111965875 0.6665264468750001 0.5781889515625 0.6673620828125 0.561476225 0.6631839015625001 0.555208953125 0.6519028109375 0.5468525890625 0.6151348125 0.5297220453125 0.5428522703125 0.682225675 0.541598815625 0.6876573109375 0.5470304515625 0.6960136734375 0.553297725 0.697267128125 0.564578815625 0.710637309375 0.5804559046875 0.720247128125 0.5938260859375 0.733617309375 0.61095663125 0.7453162171875001
3 0.8275835421875 0.8120076640624999 0.8362814249999999 0.8065714890625 0.8417176 0.7940682828125001 0.8433484531250001 0.7587331390625 0.8373686593749999 0.741337375 0.8308452484375 0.736988434375 0.8145367203125 0.736444815625 0.7145110781249999 0.736444815625 0.6949408453125 0.748948021875 0.6210088484375 0.757645903125 0.6155726734375 0.7668874031249999 0.6150290546875 0.7777597546874999 0.6204652312500001 0.7897193421875001 0.6487333468750001 0.790262959375 0.6623237875 0.796242753125 0.690591903125 0.79787360625 0.7166855484375 0.8120076640624999 0.8275835421875 0.8120076640624999