6 0.7381202250000001 0.7835214890625 0.6974117171875001 0.796108671875 0.6616185765625 0.793742334375 0.6575155703125 0.7913284453125 0.6463922140625 0.80830254375 0.6553750234375 0.860231403125 0.776839946875 0.847464925 0.761358334375 0.786256421875 0.7481122046875 0.7876486453125 0.7381202250000001 0.7835214890625
6 0.6791083109375 0.49395840937499996 0.71197629375 0.45967217343750005 0.7124528984375 0.45375813593750003 0.7060525359375001 0.4186896765625 0.6772365421875 0.41027115781249995 0.6558718953125 0.4107683546875 0.6505713078124999 0.4060805125 0.6497356359375 0.398129621875 0.636647603125 0.403566140625 0.6313172578125 0.41427063437499995 0.6386976890625 0.456936275 0.673024015625 0.49689295937500005 0.673928559375 0.49739947500000004 0.6791083109375 0.49395840937499996
1 0.45407832031249995 0.7221673484375 0.44787361406250004 0.7027129796875 0.445947184375 0.7159626718750001 0.44164735312500003 0.723155740625 0.44331086875 0.74432783125 0.48024397343749997 0.748310665625 0.480737221875 0.748438109375 0.46696029375 0.73973200625 0.45407832031249995 0.7221673484375
1 0.546917115625 0.7519765031250001 0.5573021234375 0.7278527765625 0.563560815625 0.7232626328125 0.5749068796875 0.7243171578125 0.576246221875 0.7103988078125 0.5598767546875 0.7037256859375 0.5583356109375 0.7041723234374999 0.557835475 0.70810893125 0.5522935375 0.7228803671875 0.538626015625 0.7428413515625001 0.5147011390625 0.7552094 0.506585584375 0.7551167000000001 0.5327912578125 0.7618876125 0.546917115625 0.7519765031250001
6 0.5492514203125001 0.48045128750000005 0.505383303125 0.592825440625 0.5149279953125 0.60086945625 0.515724134375 0.6031641609375 0.5385633171875 0.6259986750000001 0.54332168125 0.6307690890625001 0.5427928890625 0.6315163546875 0.60409355 0.7114860296875001 0.5504534359375 0.48197223125 0.5492514203125001 0.48045128750000005
5 0.6622223968750001 0.720914265625 0.669719103125 0.7015215171875 0.673024015625 0.49689295937500005 0.607522334375 0.5462368625 0.6668136812500001 0.7771396484374999 0.66858605 0.7310109875 0.6622223968750001 0.720914265625
6 0.6736297140625 0.49759800624999995 0.6736591984375 0.4976323234375 0.67455779375 0.4985978703125 0.6776278078125 0.5018966109375 0.6796744203125 0.499957496875 0.696313121875 0.4901784625 0.7033079234375 0.49051397812499997 0.7087156078125 0.5001330375 0.71197629375 0.45967217343750005 0.678857353125 0.494125128125 0.6736297140625 0.49759800624999995
3 0.5595610453125001 0.6945268859375 0.5583356109375 0.7041723234374999 0.579143253125 0.698142075 0.5805670765625 0.6972820515625 0.573625784375 0.6906153484375 0.5672618218750001 0.69002386875 0.5609864640625 0.68228104375 0.5616652906249999 0.6767481421875 0.5875879671875001 0.6029710015624999 0.5841274656250001 0.59940318125 0.58371338125 0.59546343125 0.574323853125 0.601607328125 0.5520608890625 0.6344037265625 0.5474323828125 0.6348902015625 0.54332168125 0.6307690890625001 0.5424829171875001 0.631954390625 0.549351728125 0.6423913453125001 0.55794438125 0.6678954421875 0.5595610453125001 0.6945268859375
0 0.6641791578125 0.39416035781250003 0.64961713125 0.397002128125 0.6505713078124999 0.4060805125 0.6558718953125 0.4107683546875 0.6772365421875 0.41027115781249995 0.7150667875 0.42132316875000003 0.7160873921875 0.4086587953125 0.6641791578125 0.39416035781250003
3 0.8430263312499999 0.3492242359375 0.8031494015625 0.3375326890625 0.765338725 0.33038880625 0.7329012671874999 0.3290332859375 0.7266427156249999 0.345044440625 0.728157021875 0.35441495 0.72545546875 0.35893430312499996 0.7274383796875 0.3677261328125 0.717596103125 0.3899376390625 0.7087156078125 0.5001330375 0.730304415625 0.5385346953125 0.790776378125 0.6175442078125 0.7956090359375 0.6183915875 0.8314651109375 0.6119758328125 0.8465972562499999 0.5997968593749999 0.8550604453125 0.5846128390625001 0.85941785 0.565624946875 0.8588973718749999 0.5455614625 0.8643650015625 0.4766908328125 0.87189730625 0.422427125 0.8657300078124999 0.3838978078125 0.865568059375 0.36220836093750003 0.8430263312499999 0.3492242359375
5 0.742739184375 0.5976538765625 0.757866846875 0.611389915625 0.7616548546875 0.6213915812499999 0.754442975 0.6413071078125 0.7415328171875 0.65908475625 0.7355814875 0.6618825765625 0.72434603125 0.6572476093749999 0.7114758265625001 0.6387074828125 0.6953483078125 0.64149726875 0.684322425 0.635540484375 0.67173265625 0.620901025 0.6723634078125 0.6358031953125 0.674271225 0.6808773265625 0.6725742265625 0.6885733328125 0.696362225 0.709666421875 0.7095965203125 0.72861870625 0.710422259375 0.7293438953125 0.71989509375 0.7272073921875 0.7380511765625 0.7127270328125 0.8261519703125 0.703467265625 0.8292380343750001 0.700518753125 0.8363743671874999 0.6869203171875 0.8053931125 0.6366416703125 0.730304415625 0.5385346953125 0.7033079234375 0.49051397812499997 0.696313121875 0.4901784625 0.6796744203125 0.499957496875 0.6776278078125 0.5018966109375 0.7316613015625 0.559955796875 0.7363613609375 0.5682195265625001 0.742739184375 0.5976538765625
6 0.53744629375 0.624878821875 0.5257758390625 0.6231274859375 0.5192001609375 0.6131830796875 0.517937315625 0.60954319375 0.51367810625 0.606727028125 0.5019632703125 0.6040169296875 0.48905786874999996 0.6049792046875 0.47465401093750004 0.6104344875 0.46552282187499994 0.6173062781249999 0.45064483437499997 0.63700035 0.44319235937499996 0.6673439625 0.4434967140625 0.68898954375 0.45407832031249995 0.7221673484375 0.46696029375 0.73973200625 0.4910244546875 0.75493895625 0.5147011390625 0.7552094 0.538626015625 0.7428413515625001 0.5522935375 0.7228803671875 0.557835475 0.70810893125 0.5595610453125001 0.6945268859375 0.55794438125 0.6678954421875 0.549351728125 0.6423913453125001 0.5385633171875 0.6259986750000001 0.53744629375 0.624878821875
5 0.5100831703125001 0.48597551718750004 0.458604053125 0.4903262640625 0.45245091875 0.49733254374999997 0.42773136875000006 0.5041703796875 0.4275944296875 0.4978252125 0.4343819203125 0.4918121859375 0.43689418125 0.480418909375 0.4488132125 0.4728066078125 0.4450354015625 0.46207444375 0.43678716093750003 0.45923162656249994 0.436870590625 0.45498315 0.44230200937499997 0.4434612765625 0.4113951421875 0.4739146234375 0.401184115625 0.48604880625 0.401626365625 0.4902565375 0.46196368125 0.5502805890625 0.492365471875 0.5764393171875 0.5032588125 0.5910349781249999 0.5149279953125 0.60086945625 0.5192001609375 0.6131830796875 0.5257758390625 0.6231274859375 0.53744629375 0.624878821875 0.5474323828125 0.6348902015625 0.5520608890625 0.6344037265625 0.576005825 0.5991295546875001 0.5811903203125001 0.5836948890625 0.5977799203124999 0.5674869203124999 0.603406665625 0.5562599859375 0.5779897203125001 0.516814684375 0.5264519046875 0.45160240625 0.5100831703125001 0.48597551718750004
3 0.5419019281249999 0.4206255296875 0.538514053125 0.42129600468749995 0.5332666374999999 0.4312040203125 0.5284574 0.44674151406249996 0.5327954515625 0.4593439828125 0.607522334375 0.5462368625 0.6176108921875 0.5175243593750001 0.6213736375 0.5188185984375 0.5828345828125 0.46719980625 0.5419019281249999 0.4206255296875
3 0.5504736859375 0.399966440625 0.5527191046875 0.402529775 0.5743723015625 0.42198242500000005 0.5854318578125 0.44148858593750007 0.6060083703125 0.4658240703125 0.6287672093750001 0.49998556406250005 0.6330654078125 0.506437246875 0.64503636875 0.5194880562499999 0.657805884375 0.5265152671875 0.657913934375 0.5266139828124999 0.6472850484375 0.5277311234375001 0.6559681 0.5307177578125 0.6680608703125 0.53784915 0.672871271875 0.54364535 0.67378716875 0.5603538703125001 0.6705889375 0.5938794703125 0.67173265625 0.620901025 0.684322425 0.635540484375 0.6953483078125 0.64149726875 0.7114758265625001 0.6387074828125 0.729536346875 0.6647244999999999 0.7415328171875 0.65908475625 0.754442975 0.6413071078125 0.7616548546875 0.6213915812499999 0.757866846875 0.611389915625 0.742739184375 0.5976538765625 0.7363613609375 0.5682195265625001 0.7316613015625 0.559955796875 0.6736591984375 0.4976323234375 0.58697063125 0.39672471875 0.5725257796875 0.3894852078125 0.5600741015625 0.39079393281249997 0.5504736859375 0.399966440625
6 0.6500892281249999 0.7755401843749999 0.6434327140625 0.764214346875 0.6428368843750001 0.7533447328125 0.6472772796874999 0.7435856234375 0.671754259375 0.73806508125 0.6714985312499999 0.735632003125 0.6622223968750001 0.720914265625 0.6561763125 0.736554490625 0.6359913265625 0.7323742234374999 0.6177317546875 0.7225300328125 0.60409355 0.7114860296875001 0.594135478125 0.7226523968749999 0.5683823890624999 0.7645649078125001 0.5586454765625 0.7866990875 0.5540215265625 0.8402636421875 0.5478031640625 0.8499646999999999 0.550846940625 0.8617080937500001 0.5618970046875 0.8750226546875 0.5751488625000001 0.8633760171875 0.6015235734375 0.8618102546875 0.615873628125 0.8548735140625 0.6668136812500001 0.7771396484374999 0.6676776656250001 0.7740328515625 0.6500892281249999 0.7755401843749999
1 0.5100831703125001 0.48597551718750004 0.5278830375 0.4485971375 0.5361911203124999 0.421755721875 0.5419019281249999 0.4206255296875 0.5828345828125 0.46719980625 0.6213736375 0.5188185984375 0.6472850484375 0.5277311234375001 0.6579738265625 0.5266076875000001 0.64503636875 0.5194880562499999 0.6330654078125 0.506437246875 0.6060083703125 0.4658240703125 0.5854318578125 0.44148858593750007 0.5743723015625 0.42198242500000005 0.5527191046875 0.402529775 0.5165858531249999 0.3612806546875 0.48875276875000007 0.3435374625 0.47225312031250005 0.3579907640625 0.4584262640625 0.3928317109375 0.45263202500000005 0.3982103796875 0.4508092171875 0.41112108125 0.453925915625 0.41556317343750004 0.4529043234375 0.420970178125 0.436870590625 0.45498315 0.43678716093750003 0.45923162656249994 0.4450354015625 0.46207444375 0.4488132125 0.4728066078125 0.43689418125 0.480418909375 0.4343819203125 0.4918121859375 0.4275944296875 0.4978252125 0.42773136875000006 0.5041703796875 0.45245091875 0.49733254374999997 0.458604053125 0.4903262640625 0.5100831703125001 0.48597551718750004
1 0.6705889375 0.5938794703125 0.67378716875 0.5603538703125001 0.672871271875 0.54364535 0.6680608703125 0.53784915 0.6559681 0.5307177578125 0.6176108921875 0.5175243593750001 0.5616652906249999 0.6767481421875 0.5609864640625 0.68228104375 0.5672618218750001 0.69002386875 0.573625784375 0.6906153484375 0.586242640625 0.7027330921875 0.603037253125 0.710630659375 0.6177317546875 0.7225300328125 0.6359913265625 0.7323742234374999 0.6561763125 0.736554490625 0.669719103125 0.7015215171875 0.674271225 0.6808773265625 0.6705889375 0.5938794703125
3 0.8607471437499999 0.7047506765625 0.8538048796875 0.7011074421875 0.83752886875 0.70227150625 0.7380511765625 0.7127270328125 0.71989509375 0.7272073921875 0.6472772796874999 0.7435856234375 0.6428368843750001 0.7533447328125 0.6434327140625 0.764214346875 0.6500892281249999 0.7755401843749999 0.6782593109375 0.773126 0.6924003609375 0.7776524484375 0.720684090625 0.7763195453125 0.7481122046875 0.7876486453125 0.8584026874999999 0.7760566484375 0.8664846875000001 0.769741078125 0.870584140625 0.7567381296875 0.86851253125 0.7214260859375 0.8607471437499999 0.7047506765625