1 0.5724690875 0.521876646875 0.5270636609375 0.504429565625 0.493397990625 0.6002198078125 0.4980236609375 0.6149121171874999 0.5109307624999999 0.583791171875 0.5393473906249999 0.5898313125 0.5486655093749999 0.594794178125 0.5525489359375 0.591427053125 0.5639947421875 0.5670732015625 0.575963084375 0.5294141859375 0.5724690875 0.521876646875
1 0.35182087968750003 0.76018488125 0.4393331 0.7540527359375 0.446859409375 0.7326378359375 0.44732520468750003 0.7326547015625 0.48397193749999995 0.630978690625 0.3335573921875 0.7535198000000001 0.35182087968750003 0.76018488125
1 0.3788239296875 0.80820235625 0.3629345421875 0.8062633343750001 0.35627738125 0.8014921125000001 0.3592424796875 0.7920537624999999 0.37111848593749996 0.7835505734375 0.38106760624999997 0.7678020109375 0.36101179375000003 0.7635390171875 0.35182087968750003 0.76018488125 0.32288769687499996 0.762212284375 0.32922155000000003 0.7675406890625001 0.3405066375 0.8057783265625 0.349721025 0.825656365625 0.366180328125 0.8465765953125001 0.37099960468750004 0.8492149890625 0.372014559375 0.8377226906249999 0.37725222812500003 0.8204825078125 0.386833875 0.804759959375 0.3788239296875 0.80820235625
6 0.725537353125 0.62989359375 0.7840951125 0.5439553671875 0.8065810859375 0.5151780984375 0.7985063578125 0.5107350484375 0.7685452875000001 0.5043666265625 0.7553054625 0.50979313125 0.7448512578125001 0.5202067859375 0.7213198515625 0.566297471875 0.7012340984375001 0.6147880078125 0.71477340625 0.6438380140625 0.725537353125 0.62989359375
6 0.8718090406250001 0.6117920703124999 0.8483075437500001 0.645213696875 0.838019534375 0.656144921875 0.8096618046874999 0.7025294296875 0.8078550109375 0.7054847890625 0.8040978000000001 0.7106403859375 0.8059166609374999 0.7134411843749999 0.812233040625 0.7184771796875 0.8163134875000001 0.743785625 0.8080770390625001 0.7601638890625 0.8059139140625 0.7632596390625 0.8072538765624999 0.7633873171875 0.8199074859375 0.766076925 0.8264950359375 0.8069353328125001 0.8389008828125 0.8104491265625 0.841361084375 0.819167365625 0.8534728062499999 0.79491154375 0.9242853015625 0.6297662109375 0.9268220171875001 0.620416546875 0.9248387625 0.6013160359375 0.91253330625 0.581669615625 0.8332072359374999 0.5310241812500001 0.882495453125 0.590170021875 0.8718090406250001 0.6117920703124999
1 0.8005693828125 0.7627503796874999 0.8059139140625 0.7632596390625 0.8080770390625001 0.7601638890625 0.8226468 0.73119176875 0.8212009703125001 0.7256272328125 0.8059166609374999 0.7134411843749999 0.8040978000000001 0.7106403859375 0.8027999609375 0.7124212640625001 0.8005693828125 0.7627503796874999
1 0.637374959375 0.9152427078125 0.6450464265625 0.9148240124999999 0.6455220890625 0.90678059375 0.6422944078125 0.8998175734375 0.6291504765625 0.8817349921875 0.6219949359375 0.883104340625 0.622507525 0.8788091937500001 0.62265445 0.8785722171874999 0.6055299062499999 0.8796529 0.5924454578125 0.8941267703125 0.59044565 0.9010618015625 0.6243602187499999 0.907219121875 0.637374959375 0.9152427078125
0 0.8226226984375 0.8560926046875 0.840220228125 0.847557196875 0.8439021890625 0.8281723062499999 0.8389008828125 0.8104491265625 0.8264950359375 0.8069353328125001 0.827864821875 0.78399000625 0.8202575203125001 0.7661513281250001 0.8072538765624999 0.7633873171875 0.8005693828125 0.7627503796874999 0.7998303234375 0.7794260093750001 0.818275846875 0.7846946578125 0.8194824171875 0.7865526125 0.8177725312499999 0.79459699375 0.8097985671875 0.8189263062500001 0.7971333390625001 0.8497998843750001 0.8226226984375 0.8560926046875
3 0.5817902671875 0.67405764375 0.579841453125 0.669464746875 0.5825637421875001 0.6517356000000001 0.5961149953125 0.6347389828125001 0.6046857984375 0.6313299671875 0.610585040625 0.63310696875 0.6109598265625 0.6436482234375 0.61557041875 0.64410515625 0.6298348984375 0.6262139796875 0.640127053125 0.6048630625 0.6501364187500001 0.60699061875 0.6642051828125 0.6220118578125 0.6774036203125 0.650971253125 0.68703588125 0.6682277234375 0.6983559234375 0.667028384375 0.70161575 0.6608834234375001 0.71477340625 0.6438380140625 0.69816256875 0.6081977203125 0.6874770640625 0.5925175078125 0.6717545031250001 0.5775951265625 0.6496680140625 0.5668055265625 0.6266772484375001 0.5631376828125 0.6037372109375 0.564966096875 0.582014203125 0.5725386734375 0.55834456875 0.5864019500000001 0.5486655093749999 0.594794178125 0.5774618015625 0.6101312 0.5841786640625 0.618453671875 0.5622811328124999 0.6648520046875 0.5683671109375 0.6639363625 0.5817902671875 0.67405764375
5 0.5109516203125 0.6891002546875 0.5210094578125 0.6869064546875 0.5353216890625 0.676314596875 0.5478961265625 0.67636545 0.5596997703125 0.6652403734375001 0.5622811328124999 0.6648520046875 0.5841786640625 0.618453671875 0.5774618015625 0.6101312 0.5393473906249999 0.5898313125 0.5109307624999999 0.583791171875 0.49076165781250003 0.632421890625 0.50055395 0.63450330625 0.5073286703125001 0.6399047328125 0.509148571875 0.6433556703125001 0.5108579484375 0.6465970265625 0.5127164843750001 0.6658087953125 0.5109516203125 0.6891002546875
1 0.319030921875 0.65682615625 0.3244323484375 0.650051434375 0.3358623609375 0.6475291890625 0.35637180156250003 0.63257670625 0.37239761250000003 0.6270699125 0.3876178 0.62535329375 0.48261555156249997 0.6308995015625001 0.55279044375 0.431228153125 0.46540670625 0.3999973515625 0.2918344125 0.363103421875 0.23178802968749998 0.5293436875 0.19489410000000001 0.70291598125 0.36101179375000003 0.7635390171875 0.38106760624999997 0.7678020109375 0.3834022140625 0.764106534375 0.3828924734375 0.752970671875 0.3723194390625 0.7372985062499999 0.37011218281249997 0.7296374828125 0.36934775000000003 0.723494553125 0.3693213390625 0.7232823203125001 0.358718096875 0.72171209375 0.341177071875 0.7110511578125001 0.32928009375 0.6971333078125 0.32125571875 0.692951790625 0.3175547796875 0.6847374765625001 0.3155657953125 0.6684690437499999 0.319030921875 0.65682615625
5 0.800098421875 0.6770068296875 0.8035612390625 0.695244321875 0.8027999609375 0.7124212640625001 0.8078550109375 0.7054847890625 0.838019534375 0.656144921875 0.8483075437500001 0.645213696875 0.8718090406250001 0.6117920703124999 0.882495453125 0.590170021875 0.831728440625 0.529249628125 0.8098378500000001 0.51101013125 0.7840951125 0.5439553671875 0.725537353125 0.62989359375 0.70161575 0.6608834234375001 0.6983559234375 0.667028384375 0.72606281875 0.664092890625 0.767318328125 0.655925134375 0.7840632359375 0.659484375 0.7939478890625 0.666101925 0.800098421875 0.6770068296875
3 0.776895890625 0.7283317765625 0.7946404671875 0.777943615625 0.7998303234375 0.7794260093750001 0.8035612390625 0.695244321875 0.800098421875 0.6770068296875 0.7939478890625 0.666101925 0.7840632359375 0.659484375 0.767318328125 0.655925134375 0.72606281875 0.664092890625 0.68703588125 0.6682277234375 0.7242692078124999 0.734932271875 0.7359699078124999 0.75589440625 0.7742521828125 0.7273627421875 0.776895890625 0.7283317765625
3 0.5601541703125 0.8602986781249999 0.5696265546875 0.874167915625 0.5834071296875 0.8810490062499999 0.62265445 0.8785722171874999 0.6245864453125 0.875456090625 0.62205799375 0.8719776093749999 0.6113870140625 0.851784909375 0.6078806078125 0.849675915625 0.6040980515625 0.8448681796875 0.6054373296875 0.8405263203125 0.5998582375 0.8299690015625 0.5862464859375 0.80421148125 0.5818006453125 0.80019878125 0.5785692296875 0.810835228125 0.5667462328124999 0.831919509375 0.55412094375 0.8444430953125 0.538594196875 0.8532004171875001 0.5411677265625 0.854004734375 0.551464646875 0.8533705984375001 0.5601541703125 0.8602986781249999
6 0.31627727031249997 0.492554090625 0.3141730640625 0.520220396875 0.326191871875 0.5248731 0.33157584687499997 0.5390252703125 0.353741871875 0.543317196875 0.39239901875 0.5351694140625 0.4090104015625 0.5261121078125 0.41927787656250004 0.5291337375 0.43842985624999997 0.4962793328125 0.4373766859375 0.48346730937500004 0.442712065625 0.46823676562500005 0.441608484375 0.45961008281250004 0.4344926171875 0.455579925 0.432731565625 0.4480723078125 0.4354118578125 0.4394107015625 0.431482521875 0.43815589062500004 0.41893622031250005 0.44388120156250005 0.41593979687499993 0.45205600625000003 0.4103037703125 0.4588305359375 0.40694080312500003 0.47070387968749994 0.4107945234375 0.4782367015625 0.41000130781250005 0.4839425765625 0.378962315625 0.48783517187500003 0.3799920953125 0.46917181250000006 0.39070173124999996 0.46221689374999997 0.3906318828125 0.454649146875 0.387897228125 0.44777379531249994 0.38428402500000003 0.4470057859375 0.378186403125 0.4520037796875 0.36496319375 0.4470950734375 0.3300492265625 0.46526981406249995 0.32481466718749996 0.47212967812500006 0.31627727031249997 0.492554090625
5 0.7742521828125 0.7273627421875 0.7359699078124999 0.75589440625 0.7394834125 0.7621889515625 0.7946404671875 0.777943615625 0.776895890625 0.7283317765625 0.7742521828125 0.7273627421875
1 0.643002409375 0.8671506046875 0.6540298953125 0.8698949421875 0.693028821875 0.8915042375000001 0.804881109375 0.873176128125 0.782596546875 0.873106696875 0.7862226453125001 0.869566909375 0.7929721390625 0.8584615937500001 0.707710403125 0.7531135359375 0.6374743031250001 0.7330517999999999 0.6306309890625 0.7464110015625 0.6272778625 0.769720640625 0.6185115921875 0.7981403578124999 0.621376728125 0.8577934140625001 0.6113870140625 0.851784909375 0.62205799375 0.8719776093749999 0.6245864453125 0.875456090625 0.6291504765625 0.8817349921875 0.6299245703125 0.8815868546875001 0.636743834375 0.8702244046875001 0.643002409375 0.8671506046875
3 0.36692535 0.70402833125 0.3708897953125 0.6650760609375 0.380292753125 0.6862530046875001 0.392552196875 0.6917355734374999 0.40101547968749995 0.699287984375 0.41268998437500004 0.7297047484375 0.42784756249999994 0.7319494234375 0.45853639062499996 0.7330606546875 0.48764410781249995 0.7007898421875 0.50396320625 0.6906245578125 0.5109516203125 0.6891002546875 0.5127164843750001 0.6658087953125 0.5108579484375 0.6465970265625 0.5073286703125001 0.6399047328125 0.50055395 0.63450330625 0.48397193749999995 0.630978690625 0.3876178 0.62535329375 0.37239761250000003 0.6270699125 0.35637180156250003 0.63257670625 0.3358623609375 0.6475291890625 0.3244323484375 0.650051434375 0.319030921875 0.65682615625 0.3155657953125 0.6684690437499999 0.3175547796875 0.6847374765625001 0.32125571875 0.692951790625 0.32928009375 0.6971333078125 0.341177071875 0.7110511578125001 0.358718096875 0.72171209375 0.3693213390625 0.7232823203125001 0.36692535 0.70402833125
3 0.5353216890625 0.676314596875 0.5210094578125 0.6869064546875 0.50396320625 0.6906245578125 0.48764410781249995 0.7007898421875 0.43962003281250006 0.7540326296875 0.42263189375000004 0.7701608890625 0.42321434687500004 0.7730483218749999 0.42136172656250004 0.78176421875 0.4094281171875 0.7950497375000001 0.386833875 0.804759959375 0.37725222812500003 0.8204825078125 0.372014559375 0.8377226906249999 0.37015076874999997 0.858826328125 0.37701011093750003 0.890698671875 0.451106809375 0.91955804375 0.49042483593749997 0.8875376796875001 0.5338632453125001 0.8558687468749999 0.55412094375 0.8444430953125 0.5667462328124999 0.831919509375 0.5785692296875 0.810835228125 0.5838069015625 0.79359504375 0.6097724859375 0.7676510828125 0.6140382203125 0.74758238125 0.6116749828125 0.7266290328125 0.5887048890625 0.67927138125 0.5683671109375 0.6639363625 0.5596997703125 0.6652403734375001 0.5478961265625 0.67636545 0.5353216890625 0.676314596875
3 0.392552196875 0.6917355734374999 0.380292753125 0.6862530046875001 0.3708897953125 0.6650760609375 0.36692535 0.70402833125 0.37011218281249997 0.7296374828125 0.3723194390625 0.7372985062499999 0.3828924734375 0.752970671875 0.3834022140625 0.764106534375 0.37111848593749996 0.7835505734375 0.3592424796875 0.7920537624999999 0.35627738125 0.8014921125000001 0.3629345421875 0.8062633343750001 0.3788239296875 0.80820235625 0.4094281171875 0.7950497375000001 0.42136172656250004 0.78176421875 0.42321434687500004 0.7730483218749999 0.4164440625 0.739485628125 0.40101547968749995 0.699287984375 0.392552196875 0.6917355734374999
1 0.643002409375 0.8671506046875 0.6540298953125 0.8698949421875 0.7056087484375 0.8984747687500001 0.7282336796875 0.9012819828125 0.739797803125 0.8977344203125 0.7791498375 0.8764713671875001 0.7862226453125001 0.869566909375 0.7948424921874999 0.855384203125 0.8097985671875 0.8189263062500001 0.8177725312499999 0.79459699375 0.8194824171875 0.7865526125 0.818275846875 0.7846946578125 0.6374743031250001 0.7330517999999999 0.6306309890625 0.7464110015625 0.6272778625 0.769720640625 0.6040980515625 0.8448681796875 0.6078806078125 0.849675915625 0.6284699609375 0.8620597734375 0.627990696875 0.8699653578125 0.622507525 0.8788091937500001 0.6219949359375 0.883104340625 0.6299245703125 0.8815868546875001 0.636743834375 0.8702244046875001 0.643002409375 0.8671506046875