1 0.575682453125 0.498411746875 0.5271078828125 0.49584963593750003 0.5246907390625 0.597354834375 0.5336301875 0.609898640625 0.5362886687499999 0.5763123484375 0.5651809953125 0.5732756421875 0.5755766609374999 0.5751161515625001 0.5782295203125 0.5707137796875 0.581589375 0.5440149421875 0.5813346703125 0.50450066875 0.575682453125 0.498411746875
1 0.4394748328125 0.79324039375 0.5208089625000001 0.7603656125 0.5213493390624999 0.737673075 0.5217975499999999 0.7375451765625 0.5252310484375 0.62952108125 0.4200456 0.792545253125 0.4394748328125 0.79324039375
1 0.479994475 0.830563325 0.464283578125 0.8336292953125 0.456477853125 0.83114876875 0.45638121875 0.8212561 0.4650483421875 0.8094991984375 0.46964394374999996 0.791446978125 0.44925239531249994 0.7935902171875 0.4394748328125 0.79324039375 0.4125842421875 0.8041094140625 0.4202546625 0.8072197578125 0.44280349843750005 0.8400986296875 0.45770955312500006 0.856156365625 0.4798279859375 0.87096648125 0.4852267 0.8719865046875 0.48264066406249995 0.8607430421875 0.4822944734375 0.8427281234375 0.486548625 0.8248141999999999 0.479994475 0.830563325
6 0.754638096875 0.5538412734375 0.7837734640625 0.45401382031250004 0.7962662296875 0.4196964625 0.7872137296874999 0.4179661 0.7567511078125 0.42116784999999995 0.74583616875 0.43042009531250003 0.7391116234374999 0.44355459531249997 0.7309747328125 0.494661046875 0.7268564453125 0.5469851265625 0.7487100390625 0.5704294484375 0.754638096875 0.5538412734375
6 0.8881570609375 0.4914252640625 0.876133659375 0.5304734828125001 0.869727115625 0.5440488640625001 0.8570909125 0.5969261734375 0.8562858062500001 0.60029521875 0.8543056531250001 0.6063595234375 0.8569009875000001 0.6084611828125001 0.8644644296875 0.6112988296874999 0.8761659046875 0.6341076640625001 0.8733937390625 0.652229521875 0.8722931234375 0.655842196875 0.8736069593750001 0.6555495546875 0.8864723906249999 0.65419734375 0.905363465625 0.691020334375 0.9182479484374999 0.6905285328125 0.9232818234375 0.6980598265625 0.9273052953124999 0.6712484421875 0.943619265625 0.49230363125 0.9431426187499999 0.482627684375 0.9353540499999999 0.465074878125 0.9175797875 0.45019261874999994 0.8264859124999999 0.42653905156249994 0.8916388625 0.46755919218750003 0.8881570609375 0.4914252640625
1 0.8670528031250001 0.6570094125 0.8722931234375 0.655842196875 0.8733937390625 0.652229521875 0.878297528125 0.62017309375 0.875202925 0.6153276921875 0.8569009875000001 0.6084611828125001 0.8543056531250001 0.6063595234375 0.8536216578125 0.60845429375 0.8670528031250001 0.6570094125
1 0.758968403125 0.8524680859375 0.76613501875 0.84969926875 0.7641018484375001 0.8419025359375001 0.7588804484375 0.8362777187500001 0.7407920031249999 0.8231418609375 0.73440983125 0.826655371875 0.7335700578125001 0.8224120453125 0.7336365625 0.8221412656249999 0.7176841031250001 0.8284608296875 0.7097127249999999 0.846269615625 0.7099538375 0.853483196875 0.7441112249999999 0.8488589781250001 0.758968403125 0.8524680859375
0 0.9168710859375 0.7389682953125 0.9309697453125001 0.7254127046875001 0.9284812390624999 0.7058387890625 0.9182479484374999 0.6905285328125 0.905363465625 0.691020334375 0.8995757140625 0.66877474375 0.886828284375 0.6541599375 0.8736069593750001 0.6555495546875 0.8670528031250001 0.6570094125 0.87150296875 0.6730972625 0.8906738046875 0.6724080640625 0.8923954625 0.6738022328125 0.8932551140625 0.681981278125 0.8931895953125 0.7075839203125 0.8906847078125001 0.7408602078125 0.9168710859375 0.7389682953125
3 0.6315739375 0.6402640734375 0.6283012218749999 0.6364981859375 0.6254116640625 0.61879553125 0.633047428125 0.5984432203125001 0.640145303125 0.5925525296874999 0.6463049390625 0.5924195921875001 0.6499188078125 0.6023291078125 0.6544449421875 0.6013389250000001 0.662482590625 0.5799154375 0.6656732140625 0.5564290578125 0.6758501390625 0.5553594203125 0.693872146875 0.5652979796875 0.7153735515624999 0.5887614609375 0.72986691875 0.60219680625 0.740262303125 0.5975580828125 0.741463684375 0.590706534375 0.7487100390625 0.5704294484375 0.7218987375 0.5416665453125 0.7068907656250001 0.5300557796875001 0.6873264515625 0.520722290625 0.6629867843749999 0.517285871875 0.639987840625 0.5209020828125001 0.6187355796875 0.5297298687499999 0.600415825 0.5436445953125 0.582188653125 0.5641436750000001 0.5755766609374999 0.5751161515625001 0.6077029625 0.5808039828125 0.6166628640625 0.5866434984375 0.6101749484375001 0.6375376453125 0.6156801078125 0.634786146875 0.6315739375 0.6402640734375
5 0.5688508015625 0.6764607921875 0.577738453125 0.6712663234375 0.588077128125 0.65677014375 0.6000518453125 0.6529327921875 0.6078399390625 0.638704690625 0.6101749484375001 0.6375376453125 0.6166628640625 0.5866434984375 0.6077029625 0.5808039828125 0.5651809953125 0.5732756421875 0.5362886687499999 0.5763123484375 0.5321344296875 0.62879550625 0.5420906453125001 0.627749065625 0.5502029203125 0.6307926234375001 0.553000146875 0.6335122796875 0.5556274953125 0.6360667671875 0.56333183125 0.653763925 0.5688508015625 0.6764607921875
1 0.3763501265625 0.7050730578125 0.379393684375 0.6969607812499999 0.3894848546875 0.6910299171875 0.40436992031249996 0.6704714953125 0.41790968125 0.6602819734375001 0.431854475 0.6539460765625 0.5239165765625 0.6298649140625 0.5289550265625 0.41828094218749995 0.43619730468749995 0.4155817453125 0.2597193921875 0.434130321875 0.25398295625 0.6107895625 0.27253153124999996 0.7872674749999999 0.44925239531249994 0.7935902171875 0.46964394374999996 0.791446978125 0.47072232343750003 0.7872109375 0.4667963609375 0.776777621875 0.45189784218750007 0.7651397531249999 0.44743122968750004 0.7585357671875 0.44480594062499995 0.752929715625 0.4447152390625 0.7527360328125 0.43414572968750004 0.754519240625 0.4141688140625 0.7498005625 0.39855326406249997 0.74024026875 0.38962946875000004 0.738743078125 0.3835713046875 0.7320744546875 0.37665244531250003 0.7172168859375 0.3763501265625 0.7050730578125
5 0.8401086781249999 0.5756079875 0.8490377078125 0.5918828031250001 0.8536216578125 0.60845429375 0.8562858062500001 0.60029521875 0.869727115625 0.5440488640625001 0.876133659375 0.5304734828125001 0.8881570609375 0.4914252640625 0.8916388625 0.46755919218750003 0.8245311281250001 0.42530832343749997 0.7980756234374999 0.41472609531250004 0.7837734640625 0.45401382031250004 0.754638096875 0.5538412734375 0.741463684375 0.590706534375 0.740262303125 0.5975580828125 0.765706009375 0.586204359375 0.802418353125 0.565687709375 0.8194435734375001 0.5638982859375 0.8308893734374999 0.5671374250000001 0.8401086781249999 0.5756079875
3 0.8339020406250001 0.6315908875 0.8661090375 0.673291175 0.87150296875 0.6730972625 0.8490377078125 0.5918828031250001 0.8401086781249999 0.5756079875 0.8308893734374999 0.5671374250000001 0.8194435734375001 0.5638982859375 0.802418353125 0.565687709375 0.765706009375 0.586204359375 0.72986691875 0.60219680625 0.7858907562499999 0.654130871875 0.8034964390624999 0.67045133125 0.831088278125 0.6314862328124999 0.8339020406250001 0.6315908875
3 0.6685484296875 0.8240757453124999 0.6818430328125 0.834339046875 0.6970755125 0.8366249203124999 0.7336365625 0.8221412656249999 0.7345110640625 0.8185806328125 0.7310314531250001 0.8160537343750001 0.7146428609375 0.80014685 0.71065635625 0.7992246171875 0.705573259375 0.7958210625000001 0.705505278125 0.79127785 0.69693685625 0.7829612765625 0.6760318 0.76267068125 0.6705635609375 0.76022821875 0.6707771453125 0.7713426421875 0.666048209375 0.7950484921875 0.6579108453125 0.8108605593749999 0.6458501937500001 0.8239872953124999 0.6485463140625 0.8239569828125 0.6581433078125001 0.8201719593749999 0.6685484296875 0.8240757453124999
6 0.3229683875 0.5496919640625 0.329516528125 0.576654421875 0.3423848578125 0.5773653890625 0.3518785828125 0.5891611640625001 0.37428600312500004 0.58639335 0.40853333281250004 0.56669863125 0.42153283437500005 0.552951421875 0.43223151875 0.5526523390625 0.44029356406250003 0.51548765625 0.43533280625000004 0.5036281453125 0.43570055781250006 0.4874943140625 0.4319851984375 0.4796308765625 0.42397221875 0.47799689218749997 0.419977378125 0.4714009203125 0.4198499046875 0.4623349859375 0.415725125 0.462355821875 0.40556210156250005 0.47167793593749996 0.4052384875 0.48037858437500003 0.40197175312500005 0.4885631734375 0.40244244531250006 0.5008946078125 0.40843532031249996 0.50686788125 0.40944414062499995 0.5125396078125 0.3811271828125 0.5258332625000001 0.3763392671875 0.5077651328125 0.384375546875 0.497841153125 0.38197055468749996 0.4906653828125 0.37724514375 0.484971590625 0.3735714546875 0.4853577109375 0.3693167375 0.491995353125 0.35522384375 0.49141309218749996 0.32763499218750003 0.5194873078125 0.3247764453125 0.5276289937499999 0.3229683875 0.5496919640625
5 0.831088278125 0.6314862328124999 0.8034964390624999 0.67045133125 0.8087831015625 0.675352065625 0.8661090375 0.673291175 0.8339020406250001 0.6315908875 0.831088278125 0.6314862328124999
1 0.7494591500000001 0.8049908015625 0.7607949578125 0.804193140625 0.8045627828124999 0.81269346875 0.9052769312500001 0.76069814375 0.8840615968750001 0.7675184203125001 0.8864163671874999 0.76303135625 0.8894037875 0.750383865625 0.7757607156249999 0.6765392328125001 0.7027627984375 0.6791635359375 0.700382640625 0.69398359375 0.704396703125 0.71718855 0.704841659375 0.7469262328124999 0.7260003734375 0.8027742859375 0.7146428609375 0.80014685 0.7310314531250001 0.8160537343750001 0.7345110640625 0.8185806328125 0.7407920031249999 0.8231418609375 0.7414824328125 0.822761765625 0.7444567484375 0.8098481640624999 0.7494591500000001 0.8049908015625
3 0.4364867078125 0.735164803125 0.42822020624999996 0.6968939109375001 0.44370698593749996 0.7141287078125 0.4570606171875 0.7155545640625001 0.4674435015625 0.7201220359375 0.48794591093750006 0.7454424765625001 0.5030552671875 0.742893340625 0.5325854671875 0.7344668140625 0.550296321875 0.69478066875 0.5626754609375 0.6800700296875 0.5688508015625 0.6764607921875 0.56333183125 0.653763925 0.5556274953125 0.6360667671875 0.5502029203125 0.6307926234375001 0.5420906453125001 0.627749065625 0.5252310484375 0.62952108125 0.431854475 0.6539460765625 0.41790968125 0.6602819734375001 0.40436992031249996 0.6704714953125 0.3894848546875 0.6910299171875 0.379393684375 0.6969607812499999 0.3763501265625 0.7050730578125 0.37665244531250003 0.7172168859375 0.3835713046875 0.7320744546875 0.38962946875000004 0.738743078125 0.39855326406249997 0.74024026875 0.4141688140625 0.7498005625 0.43414572968750004 0.754519240625 0.4447152390625 0.7527360328125 0.4364867078125 0.735164803125
3 0.588077128125 0.65677014375 0.577738453125 0.6712663234375 0.5626754609375 0.6800700296875 0.550296321875 0.69478066875 0.5210756375 0.7602578234374999 0.5099028640625 0.780846334375 0.5113490765625001 0.78341245625 0.5122804890625 0.792274259375 0.5050364046875 0.808597225 0.486548625 0.8248141999999999 0.4822944734375 0.8427281234375 0.48264066406249995 0.8607430421875 0.4873894765625 0.8813897359375 0.50376219375 0.909582484375 0.583150378125 0.9141322375 0.61064920625 0.871529125 0.64217535 0.8279869734374999 0.6579108453125 0.8108605593749999 0.666048209375 0.7950484921875 0.6707771453125 0.7713426421875 0.6704309578125 0.7533277234375 0.687108571875 0.7206297421875 0.6849639562500001 0.7002250890624999 0.6762414437500001 0.6810275515625 0.639761265625 0.643085896875 0.6156801078125 0.634786146875 0.6078399390625 0.638704690625 0.6000518453125 0.6529327921875 0.588077128125 0.65677014375
3 0.4570606171875 0.7155545640625001 0.44370698593749996 0.7141287078125 0.42822020624999996 0.6968939109375001 0.4364867078125 0.735164803125 0.44743122968750004 0.7585357671875 0.45189784218750007 0.7651397531249999 0.4667963609375 0.776777621875 0.47072232343750003 0.7872109375 0.4650483421875 0.8094991984375 0.45638121875 0.8212561 0.456477853125 0.83114876875 0.464283578125 0.8336292953125 0.479994475 0.830563325 0.5050364046875 0.808597225 0.5122804890625 0.792274259375 0.5113490765625001 0.78341245625 0.494538709375 0.753584571875 0.4674435015625 0.7201220359375 0.4570606171875 0.7155545640625001
1 0.7494591500000001 0.8049908015625 0.7607949578125 0.804193140625 0.8186810156250001 0.815435428125 0.8410660812499999 0.8111137578125 0.8509679578125 0.8041663171875 0.881823321875 0.771783503125 0.8864163671874999 0.76303135625 0.89023163125 0.7468791218749999 0.8931895953125 0.7075839203125 0.8932551140625 0.681981278125 0.8923954625 0.6738022328125 0.8906738046875 0.6724080640625 0.7027627984375 0.6791635359375 0.700382640625 0.69398359375 0.704396703125 0.71718855 0.705573259375 0.7958210625000001 0.71065635625 0.7992246171875 0.7340648171875 0.80463990625 0.73605196875 0.8123066640625 0.7335700578125001 0.8224120453125 0.73440983125 0.826655371875 0.7414824328125 0.822761765625 0.7444567484375 0.8098481640624999 0.7494591500000001 0.8049908015625