3 0.519521290625 0.49482221875 0.5142948359374999 0.5255537703125001 0.51912838125 0.526056459375 0.522511659375 0.52602651875 0.52855150625 0.4973372453125 0.5223559953125 0.45918593750000003 0.519521290625 0.49482221875
3 0.2291189734375 0.6262294515625 0.22535033593749998 0.626606315625 0.2221383890625 0.633489059375 0.2225972390625 0.6481722453125001 0.2299388328125 0.6743266718750001 0.23075165156250002 0.6755146390625 0.23012082500000003 0.6736822390625 0.22621686875 0.6480276640625 0.227332284375 0.6307387125 0.2291189734375 0.6262294515625
3 0.45920411406249995 0.8250416312500001 0.4668431453125 0.8144318640625 0.47108705312500004 0.7974562374999999 0.4702382703125 0.7792074375 0.4682855703125 0.7725682546875 0.45822345625 0.79470490625 0.449300125 0.80585906875 0.43312658906249996 0.8164555234374999 0.423057040625 0.8186708234375001 0.424404078125 0.820797725 0.4401065328125 0.8305587093750001 0.451989471875 0.8305587093750001 0.45920411406249995 0.8250416312500001
3 0.7278967749999999 0.606950475 0.73612000625 0.60585404375 0.7459878843750001 0.6003718890624999 0.7536629015625 0.589955796875 0.758048625 0.569671825 0.7553075484375 0.5439056984375 0.749277178125 0.52910388125 0.73612000625 0.5104645546875 0.7314372984374999 0.509554028125 0.7016789515624999 0.527101190625 0.70148668125 0.5365224609375 0.6911851140625 0.5763239703124999 0.677137521875 0.6048874078125 0.6701137265625 0.612847709375 0.6584073984375001 0.6470301843749999 0.6527883625 0.644220665625 0.649978321875 0.6446464296875 0.6505983953125 0.6453255578125 0.6664966437500001 0.6508077125 0.6845877546875 0.6458737734375 0.7037752953124999 0.6277826625 0.715836034375 0.6020165359375 0.7278967749999999 0.606950475
5 0.7832288359375 0.421663553125 0.7743068390625 0.42886978124999997 0.7605828296875 0.43034021093749997 0.747427890625 0.4267525 0.6959509203125 0.485907390625 0.701954934375 0.5135780609375 0.7016789515624999 0.527101190625 0.773902034375 0.48451447812500004 0.7773089859375 0.4725351953125 0.7907037578125 0.44048341718749995 0.7949854921874999 0.42789511874999997 0.7939829140625 0.427170178125 0.7885193203124999 0.423219578125 0.7832288359375 0.421663553125
5 0.354664775 0.9096941453125 0.3812025171875 0.8762762484375 0.40602818437500005 0.822417171875 0.4052411828125 0.8225903125 0.368990153125 0.8225903125 0.3539320328125 0.81868635625 0.332181415625 0.8092053171875 0.2921600203125 0.7800988484375 0.2917605 0.7956801453125 0.259816921875 0.8467898703125 0.256868284375 0.8541614640624999 0.258342603125 0.8566186625000001 0.29716633593749997 0.8890536796875 0.3237040765625 0.9067455078125001 0.332549990625 0.910185584375 0.33746438749999996 0.9062540671875 0.354664775 0.9096941453125
5 0.773816696875 0.35044686875000003 0.7855801328124999 0.36221030625 0.7919519953124999 0.375444171875 0.79197388125 0.3755623609375 0.8263085765625 0.336106559375 0.829452921875 0.3261494640625 0.83662869375 0.315625 0.8431813953124999 0.3167171171875 0.851048753125 0.307676321875 0.7934865875 0.21440429375 0.78975570625 0.21387131093749998 0.6642529328125 0.356713284375 0.6663677015625 0.356713284375 0.67479625625 0.3660783453125 0.6827565578125 0.3880862390625 0.699145415625 0.39838780625000003 0.7066374640624999 0.40775286718750003 0.7085104765625 0.41945919375 0.7061692125000001 0.43257027968750006 0.694462884375 0.4489591375 0.6911851140625 0.46394323593750003 0.6959509203125 0.485907390625 0.747427890625 0.4267525 0.7444081046875 0.42592892187500003 0.7355855265625 0.4195570609375 0.728233378125 0.40534290781250004 0.7267629484375 0.38965832499999997 0.73166438125 0.36711173750000003 0.7385263859375 0.35485815781249996 0.7483292500000001 0.347996153125 0.762053259375 0.3460355796875 0.773816696875 0.35044686875000003
6 0.66453173125 0.7408025515625 0.6538988406249999 0.7368152171875 0.53158940625 0.8167871124999999 0.5376299906249999 0.8490493765625 0.5477393203124999 0.8542163687500001 0.5445950140625 0.8862489984374999 0.66453173125 0.7408025515625
6 0.6952282296875001 0.789642896875 0.6946429125 0.7714980515625001 0.71981156875 0.7580357484375 0.728006015625 0.739305584375 0.7227381562499999 0.7235020109375 0.715129028125 0.7135516109375 0.7092758531250001 0.71003970625 0.684107196875 0.7170635171875 0.66453173125 0.7408025515625 0.667491809375 0.74191258125 0.6792871125 0.7690930609375 0.68492834375 0.7988377375 0.68492834375 0.8004109609375 0.6952282296875001 0.789642896875
3 0.7919519953124999 0.4082837671875 0.7870505624999999 0.4185767734375 0.7832288359375 0.421663553125 0.7885193203124999 0.423219578125 0.7949854921874999 0.42789511874999997 0.7958765 0.4252755578125 0.8107306515625 0.38160435000000004 0.8000463765625 0.3860768375 0.79381460625 0.38550227656249997 0.7944027109375 0.3886780390625 0.7919519953124999 0.4082837671875
3 0.9192629484375001 0.40238770468749996 0.90189930625 0.45555425625 0.90028158125 0.46050764375000003 0.9016552546875 0.460789246875 0.9127553828125 0.45865460625 0.9183054484375001 0.44968911718750004 0.921720871875 0.43389277968749995 0.92300165625 0.4168156578125 0.921720871875 0.4069963125 0.9192629484375001 0.40238770468749996
6 0.7713649015625 0.598886509375 0.7512177203125 0.6084564203125 0.736107334375 0.626588884375 0.7280484609375 0.6467360656250001 0.7255300625000001 0.6603354125 0.7255300625000001 0.68652675 0.735099975 0.716747521875 0.7507140406249999 0.736894703125 0.7713649015625 0.7469682953125 0.7889936859375 0.7469682953125 0.8086371874999999 0.7373983828124999 0.8267696515624999 0.714732803125 0.8358358828125001 0.685519390625 0.8358358828125001 0.661342771875 0.826265971875 0.630114640625 0.8136739828125 0.61248585625 0.793023121875 0.5998938671875 0.7713649015625 0.598886509375
6 0.8237123046875 0.344328084375 0.8241906906249999 0.35150385625 0.8146229953124999 0.3701608609375 0.7907037578125 0.44048341718749995 0.7773089859375 0.4725351953125 0.7624790578125 0.52467913125 0.763435828125 0.5332900578124999 0.766784521875 0.539509059375 0.849066696875 0.5902178421875 0.857677621875 0.584955609375 0.8696372406249999 0.5543389859375 0.923694715625 0.388817865625 0.9222595625000001 0.3797285546875 0.9079080203125001 0.36585539843750003 0.861983084375 0.33284685 0.84523961875 0.3170601546875 0.83662869375 0.315625 0.829452921875 0.3261494640625 0.8237123046875 0.344328084375
3 0.7267629484375 0.38965832499999997 0.728233378125 0.40534290781250004 0.7355855265625 0.4195570609375 0.7444081046875 0.42592892187500003 0.7605828296875 0.43034021093749997 0.7743068390625 0.42886978124999997 0.7870505624999999 0.4185767734375 0.7919519953124999 0.4082837671875 0.7944027109375 0.3886780390625 0.7919519953124999 0.375444171875 0.7855801328124999 0.36221030625 0.773816696875 0.35044686875000003 0.762053259375 0.3460355796875 0.7483292500000001 0.347996153125 0.7385263859375 0.35485815781249996 0.73166438125 0.36711173750000003 0.7267629484375 0.38965832499999997
3 0.6430948859375001 0.69436675 0.6230672453125 0.6803939765625 0.6127369859375 0.678202709375 0.6111450406250001 0.6792157671875 0.607612025 0.6771790875 0.600710809375 0.6808597359374999 0.5932586640624999 0.6957640265625 0.568021675 0.7750027421875 0.6040932999999999 0.7553273109374999 0.6136436875 0.7501180093750001 0.6442858453125 0.7383648515625 0.6514785484375001 0.7199834984375 0.6514785484375001 0.7064764859375 0.6430948859375001 0.69436675
3 0.5770561390625 0.86210450625 0.559795565625 0.8603784484375 0.5477393203124999 0.8542163687500001 0.542490925 0.9076844062499999 0.5303811890625 0.9463424109374999 0.5327099843750001 0.9556575921875 0.5378333343749999 0.9603151828125001 0.5462169968749999 0.9621782187499999 0.551340346875 0.9579863874999999 0.5587924921874999 0.9342326734374999 0.5676419140625 0.9160680703124999 0.6002450500000001 0.8666976078124999 0.6044345359375 0.85639845625 0.5803091359375 0.86242980625 0.5770561390625 0.86210450625
0 0.4306147625 0.630412253125 0.45097325 0.6569509953125 0.452856271875 0.6611354875 0.4699869109375 0.6413848703125 0.4635594921875 0.612614525 0.4306147625 0.630412253125
5 0.23169382968750002 0.5517018671875 0.2312562796875 0.5810177328125 0.241717934375 0.597417084375 0.2517021828125 0.58336518125 0.2398086421875 0.5649842546875 0.23711698281250002 0.5491509671875 0.23650688125000002 0.549076565625 0.23169382968750002 0.5517018671875
6 0.449300125 0.80585906875 0.45822345625 0.79470490625 0.46937761875 0.770165746875 0.476627825 0.736703259375 0.4660313703125 0.6904134828124999 0.45097325 0.6569509953125 0.4306147625 0.630412253125 0.42877839062499995 0.631404315625 0.4021168171875 0.636081784375 0.33382576875000003 0.6356140375 0.31371265312499996 0.630468821875 0.2935995359375 0.6211138828125 0.2603895046875 0.5967910437499999 0.2517021828125 0.58336518125 0.23904415625 0.60118018125 0.227332284375 0.6307387125 0.22621686875 0.6480276640625 0.23012082500000003 0.6736822390625 0.24183269687500003 0.7077024359374999 0.2568908171875 0.7383763828125 0.2892378890625 0.7779736609375 0.332181415625 0.8092053171875 0.3539320328125 0.81868635625 0.368990153125 0.8225903125 0.4052411828125 0.8225903125 0.43312658906249996 0.8164555234374999 0.449300125 0.80585906875
3 0.5367177984375 0.8485831453125 0.559795565625 0.8603784484375 0.5803091359375 0.86242980625 0.65210663125 0.84448043125 0.67415871875 0.8342236468750001 0.6818513078125 0.8255053796875 0.68492834375 0.81524859375 0.68492834375 0.7988377375 0.6792871125 0.7690930609375 0.667491809375 0.74191258125 0.6510809531249999 0.735758509375 0.6136436875 0.7501180093750001 0.55723136875 0.7808883640625 0.5413333515625001 0.7988377375 0.53158940625 0.8167871124999999 0.5018447296875 0.8316594500000001 0.497742015625 0.8383263609375 0.49825485468749997 0.8511473421875 0.5028704078125 0.8552500562500001 0.5085116390625 0.8552500562500001 0.5367177984375 0.8485831453125
5 0.533657328125 0.650763246875 0.55968835625 0.6495525015625 0.6111450406250001 0.6792157671875 0.617804140625 0.6749781578125 0.6208310046875 0.665897565625 0.6202256312500001 0.650763246875 0.6172284578125 0.63254965 0.608304321875 0.6283000609375 0.60034401875 0.6301730734375 0.5909789578125 0.622212771875 0.575058353125 0.622212771875 0.5670980515624999 0.616593734375 0.5399393734375 0.61612548125 0.532915578125 0.6067604203125 0.52963780625 0.58849855 0.5347885906250001 0.5791334890625001 0.532915578125 0.5627446328125 0.5464949171875 0.5299669171875 0.5466333796875 0.525813053125 0.51912838125 0.526056459375 0.5142948359374999 0.5255537703125001 0.5078276171875 0.5635810140624999 0.4937952109375 0.5902425874999999 0.46947237187499996 0.6094202109375 0.46443791250000005 0.6121399765625 0.46464483437500004 0.6126247640625 0.48643825312500005 0.6434987734375001 0.4876489984375 0.650763246875 0.47554154375 0.661054584375 0.471303934375 0.6810318843750001 0.4658555796875 0.6864802390625 0.4700931890625 0.687690984375 0.4749361703125 0.6828480031249999 0.47554154375 0.7022199312499999 0.5009671984375 0.6731620390625 0.533657328125 0.650763246875
1 0.532915578125 0.6067604203125 0.5399393734375 0.61612548125 0.5670980515624999 0.616593734375 0.575058353125 0.622212771875 0.5909789578125 0.622212771875 0.60034401875 0.6301730734375 0.608304321875 0.6283000609375 0.62797095 0.637665121875 0.6373360109374999 0.64656193125 0.6527883625 0.644220665625 0.6584073984375001 0.6470301843749999 0.6701137265625 0.612847709375 0.677137521875 0.6048874078125 0.6911851140625 0.5763239703124999 0.70148668125 0.5365224609375 0.701954934375 0.5135780609375 0.6911851140625 0.46394323593750003 0.694462884375 0.4489591375 0.7061692125000001 0.43257027968750006 0.7085104765625 0.41945919375 0.7066374640624999 0.40775286718750003 0.699145415625 0.39838780625000003 0.6827565578125 0.3880862390625 0.67479625625 0.3660783453125 0.6663677015625 0.356713284375 0.6630899296874999 0.356713284375 0.625629684375 0.37263388750000004 0.5980027531250001 0.3918322640625 0.5956614890624999 0.3918322640625 0.5867646796875 0.37637991249999997 0.58114564375 0.370760875 0.5226140109374999 0.4091576265625 0.5469631703125 0.515919325 0.5464949171875 0.5299669171875 0.532915578125 0.5627446328125 0.5347885906250001 0.5791334890625001 0.52963780625 0.58849855 0.532915578125 0.6067604203125
2 0.5092308578125 0.3825629625 0.49613394531250005 0.3657240734375 0.46806913124999994 0.3516916671875 0.3894876515625 0.340465740625 0.3431807078125 0.34093348749999997 0.3006157390625 0.350288425 0.268341203125 0.36338533906250003 0.24869583281250002 0.376482253125 0.226711728125 0.4059503078125 0.2234375 0.42840215937500004 0.226711728125 0.5023061703125 0.23185694375 0.5182095640625 0.2398086421875 0.5649842546875 0.2603895046875 0.5967910437499999 0.2935995359375 0.6211138828125 0.31371265312499996 0.630468821875 0.33382576875000003 0.6356140375 0.4021168171875 0.636081784375 0.42877839062499995 0.631404315625 0.46947237187499996 0.6094202109375 0.4937952109375 0.5902425874999999 0.5078276171875 0.5635810140624999 0.519521290625 0.49482221875 0.52279551875 0.4536604921875 0.521392278125 0.4092245359375 0.5092308578125 0.3825629625