3 0.5283730203125 0.49584662343749997 0.5201893140625 0.45807184999999995 0.519223553125 0.49380765000000004 0.5156126265625 0.5247706156249999 0.52046585625 0.5250196484375 0.52384293125 0.52481268125 0.5283730203125 0.49584662343749997
3 0.2394324953125 0.6882216734375 0.2403063734375 0.689365471875 0.2395805109375 0.6875685984375 0.23433924843749998 0.6621535 0.2345483015625 0.644829865625 0.2360965453125 0.6402332765625001 0.23235279687500002 0.640806859375 0.22950546562500002 0.6478482703124999 0.23073214531250003 0.66248731875 0.2394324953125 0.6882216734375
3 0.4825941546875 0.7738545140624999 0.473704371875 0.7964874390625 0.465377034375 0.8080933265624999 0.4497802390625 0.8195217156249999 0.43984043125000005 0.8222609796875 0.4412969359375 0.8243144671874999 0.4574887203125 0.833240271875 0.469355375 0.8326183671875 0.47627138750000003 0.8267312640625001 0.48334467812500004 0.8157362421875 0.486694334375 0.7985617703125001 0.48489164531249995 0.7803824015624999 0.4825941546875 0.7738545140624999
3 0.7613413203125 0.5560711203125 0.7572555046875 0.5304837625000001 0.75045873125 0.5160178359375001 0.736344084375 0.498092646875 0.731620140625 0.4974284421875 0.7028209249999999 0.5165089890625 0.7031219890625 0.525927409375 0.6949175890625 0.566213515625 0.68238414375 0.5954730015624999 0.675786584375 0.6037899906249999 0.665885271875 0.63853828125 0.6601268984375 0.636026690625 0.657342990625 0.6365989375 0.6579977578125 0.6372446828125 0.67416113125 0.641887275 0.6919692265624999 0.63601328125 0.71018365625 0.616942765625 0.720879371875 0.590580740625 0.73318180625 0.5948767078125 0.741336384375 0.5933514078125001 0.750903825 0.587360321875 0.7580231875 0.576556825 0.7613413203125 0.5560711203125
5 0.6949448265625 0.475671425 0.7023887828125 0.5029899484375 0.7028209249999999 0.5165089890625 0.7727162109375 0.470200775 0.775491546875 0.45805960468749995 0.7871905015625 0.4253507234375 0.790807546875 0.4125555875 0.7897684015624999 0.4118841125 0.7841055375 0.40822486874999997 0.7787408671875 0.4069478578125 0.77020824375 0.4146111515625 0.7565799984375 0.416797825 0.743255321875 0.41390350781249996 0.6949448265625 0.475671425
5 0.38605277031249996 0.8290047390625 0.37081096874999997 0.8258942140625001 0.3485939609375 0.8175645078124999 0.30710409843750003 0.7905924875 0.3075205875 0.8061733390624999 0.2782956640625 0.8588848171875 0.2757368671875 0.8664006296875 0.277337765625 0.8687773 0.31780580937499997 0.8991359890625 0.3452330984375 0.9154146921875 0.3542469296875 0.9183870953125 0.35894883125 0.9142037671875001 0.37630568750000004 0.9167389312499999 0.4010581015625 0.8819779546875001 0.42303098125 0.826893415625 0.42225411875 0.82710750625 0.38605277031249996 0.8290047390625
5 0.8172838625000001 0.3192534984375 0.8199027843750001 0.3091454859375 0.8265179140625 0.2982598953125 0.8331187921875 0.2990075734375 0.8405022093750001 0.289567421875 0.77813745 0.19943579218750002 0.7743837874999999 0.1990987984375 0.6565287828125 0.3483133203125 0.658640653125 0.348202640625 0.6675477859375001 0.35711375156249997 0.6766489828125 0.3786748734375 0.693554521875 0.388104596875 0.7015264328125 0.39706471875 0.704009540625 0.4086569765625 0.702357665625 0.4218726265625 0.6915251078125 0.43885168593749996 0.6890360359375001 0.4539867953125 0.6949448265625 0.475671425 0.743255321875 0.41390350781249996 0.740196571875 0.4132391015625 0.73105260625 0.40733771093750004 0.7229666234375001 0.3935278203125 0.720677340625 0.3779416890625 0.7243920593750001 0.3551694796875 0.73060335625 0.34257356250000004 0.74003365625 0.3352079203125 0.75363625 0.332531775 0.765614434375 0.3363213671875 0.7779773999999999 0.3474530328125 0.7850331374999999 0.360335284375 0.785061178125 0.36045216562500004 0.8172838625000001 0.3192534984375
6 0.566212146875 0.8512324453125 0.564748609375 0.8833857343749999 0.676908878125 0.7318616140625 0.666081878125 0.7284362265625 0.5481254703125 0.8146997046875001 0.555846253125 0.8466016156249999 0.566212146875 0.8512324453125
6 0.7341300921875 0.7115384953125 0.7260106296875 0.7019999625 0.7199816765625 0.6987992015625 0.6952151109375 0.7071306125000001 0.676908878125 0.7318616140625 0.67992299375 0.7328152046875 0.6931246484375 0.7593411156250001 0.7003148640625 0.7887497890625 0.7003972015625 0.7903208562499999 0.7101194140625 0.7790284953125 0.708585271875 0.76093915 0.733014871875 0.7461780703125 0.740217828125 0.7270447109375 0.7341300921875 0.7115384953125
3 0.790807546875 0.4125555875 0.7915602359375 0.40989298593749995 0.80410845625 0.365504221875 0.7936728953125 0.3705297515625 0.7874195953124999 0.3702821234375 0.7881731015625 0.3734227546875 0.786751828125 0.39312987499999996 0.7823958078125 0.40366529531250006 0.7787408671875 0.4069478578125 0.7841055375 0.40822486874999997 0.790807546875 0.4125555875
3 0.910025865625 0.43710932031249994 0.9150991078124999 0.4278656515625 0.9176831328124999 0.4119122125 0.9180684156250001 0.3947914625 0.9162754812499999 0.38505260625000004 0.9135797296874999 0.3805789515625 0.89902240625 0.43458138281250003 0.8976661390625 0.439612646875 0.8990526671874999 0.439821971875 0.910025865625 0.43710932031249994
6 0.7336122890625 0.648312346875 0.7349830374999999 0.674467790625 0.7461214671875 0.7041462953125001 0.76276855625 0.7234486875 0.7839183265624999 0.7324276921874999 0.8015229515625 0.7315050734375 0.8206386828125 0.7209202140625 0.837560071875 0.6973367171875 0.845084965625 0.66768885 0.843819659375 0.643545365625 0.832628509375 0.6128608812499999 0.8191311578124999 0.5959152703124999 0.797849584375 0.5844213203125 0.776168325 0.584548846875 0.75654960625 0.595160065625 0.7424089078125 0.6140584953125 0.7354155 0.634599834375 0.7336122890625 0.648312346875
6 0.775491546875 0.45805960468749995 0.7634109453125 0.5109082171875 0.764817065625 0.51945726875 0.768486646875 0.525492490625 0.8533099500000001 0.5718254625 0.8616336703125 0.5661197796875 0.8719745484375 0.5349191984375 0.9172952328124999 0.36679576875 0.91538635 0.357794025 0.9003284109375 0.3446909828125 0.8527388796875 0.314131196875 0.8351921484375 0.299242421875 0.8265179140625 0.2982598953125 0.8199027843750001 0.3091454859375 0.8151214296875 0.327599634375 0.8159747109375 0.33474053593750003 0.807396559375 0.35387270625 0.7871905015625 0.4253507234375 0.775491546875 0.45805960468749995
3 0.7565799984375 0.416797825 0.77020824375 0.4146111515625 0.7823958078125 0.40366529531250006 0.786751828125 0.39312987499999996 0.7881731015625 0.3734227546875 0.7850331374999999 0.360335284375 0.7779773999999999 0.3474530328125 0.765614434375 0.3363213671875 0.75363625 0.332531775 0.74003365625 0.3352079203125 0.73060335625 0.34257356250000004 0.7243920593750001 0.3551694796875 0.720677340625 0.3779416890625 0.7229666234375001 0.3935278203125 0.73105260625 0.40733771093750004 0.740196571875 0.4132391015625 0.7565799984375 0.416797825
3 0.6167373828125 0.6713042921875 0.61003825625 0.675341078125 0.603376353125 0.6906149578125 0.582320984375 0.77106588125 0.6173134421875 0.7495295718749999 0.6265781078125 0.7438275796875 0.656563159375 0.73048684375 0.6627839984375 0.71175424375 0.6620770968749999 0.6982657421875 0.6530711484375 0.6866113687500001 0.6323396765625 0.6737059109375 0.6219088937499999 0.672058290625 0.6203721484375 0.6731532765625 0.6167373828125 0.6713042921875
3 0.553699309375 0.9441406859375 0.5565124328125 0.9533212203125 0.5618725203125 0.95770429375 0.570342196875 0.959126009375 0.5752391421875 0.9546717875 0.5814379015625 0.9305606109375001 0.5893245328125001 0.911957759375 0.6192991375 0.860948640625 0.622943865625 0.8504443437500001 0.5991671859375 0.857730053125 0.5959016218750001 0.8575754484375 0.57857436875 0.8567551046874999 0.566212146875 0.8512324453125 0.5637692453125001 0.9049018859375 0.553699309375 0.9441406859375
0 0.469503221875 0.6143673390625 0.437535103125 0.6338648703125 0.4592546203125 0.6593017609375 0.4613540609375 0.66338196875 0.4774275546875 0.6427618703125 0.469503221875 0.6143673390625
5 0.24356623906250002 0.578512559375 0.2400496171875 0.5628418421875 0.23943645781249998 0.562799471875 0.23476740000000001 0.565673071875 0.23586472343749998 0.5949716609375 0.24717031718750002 0.6108010171875 0.25640546249999996 0.5962458359375 0.24356623906250002 0.578512559375
6 0.4760433953125 0.6919303078125 0.4592546203125 0.6593017609375 0.437535103125 0.6338648703125 0.4357531671875 0.63495168125 0.4093729328125 0.6410180984375 0.3411509953125 0.6441250703125 0.3207961640625 0.6400395453125001 0.3002210109375 0.631750065625 0.265783534375 0.6091986390625 0.25640546249999996 0.5962458359375 0.2446971484375 0.6146988906249999 0.2345483015625 0.644829865625 0.23433924843749998 0.6621535 0.2395805109375 0.6875685984375 0.2530568125 0.7209292203125 0.2696996453125 0.7507730484375 0.30407474843750004 0.78862314375 0.3485939609375 0.8175645078124999 0.37081096874999997 0.8258942140625001 0.38605277031249996 0.8290047390625 0.42225411875 0.82710750625 0.4497802390625 0.8195217156249999 0.465377034375 0.8080933265624999 0.473704371875 0.7964874390625 0.48355896875 0.7713981453125001 0.489047946875 0.7376020703124999 0.4760433953125 0.6919303078125
3 0.6914119546874999 0.8246508421875 0.6986377218750001 0.8155419234375 0.7011737421875 0.8051381546874999 0.7003148640625 0.7887497890625 0.6931246484375 0.7593411156250001 0.67992299375 0.7328152046875 0.6632125484375 0.72752844375 0.6265781078125 0.7438275796875 0.571853496875 0.7775081578124999 0.5569166640625001 0.7962649703125 0.5481254703125 0.8146997046875001 0.519199915625 0.8311083765625 0.51545174375 0.8379808703125 0.516634878125 0.850757440625 0.5214588250000001 0.8546129734375001 0.527092325 0.8543177343749999 0.5549109109375 0.8461837624999999 0.57857436875 0.8567551046874999 0.5991671859375 0.857730053125 0.6699268875 0.8360476875 0.6914119546874999 0.8246508421875
5 0.6293478171875 0.659346403125 0.6279512046875 0.6442645078125 0.6240049125 0.62623273125 0.6148706015625 0.6224560203125 0.6070192328124999 0.624743075 0.597250396875 0.6172838125 0.5813516109375 0.6181170328125 0.573108140625 0.61292230625 0.5459621765625 0.6138760703125 0.5384578765625 0.604891440625 0.5342288453124999 0.5868261421875001 0.538882440625 0.5772043453125 0.53615426875 0.560935975 0.5479995453125001 0.5274924921874999 0.5479204203125 0.5233370749999999 0.52046585625 0.5250196484375 0.5156126265625 0.5247706156249999 0.5111444625 0.5630842125 0.498526646875 0.5904436468750001 0.47524082031250003 0.610867946875 0.4703556015625 0.61384746875 0.4705876125 0.6143207625 0.493966984375 0.6440118796875 0.4955562640625 0.6512030328125 0.484004009375 0.662113921875 0.48081773749999995 0.682285621875 0.4756619953125 0.6880116546874999 0.4799571625 0.6889989625 0.48454004375000004 0.68390915625 0.48615843593749997 0.703222853125 0.5100284734375 0.6728741078125 0.541501540625 0.6487951421875 0.567433528125 0.6462236984375 0.6203721484375 0.6731532765625 0.62680034375 0.6685729640625 0.6293478171875 0.659346403125
1 0.597250396875 0.6172838125 0.6070192328124999 0.624743075 0.6148706015625 0.6224560203125 0.63500040625 0.630778975 0.64481825625 0.6391734625 0.6601268984375 0.636026690625 0.665885271875 0.63853828125 0.675786584375 0.6037899906249999 0.68238414375 0.5954730015624999 0.6949175890625 0.566213515625 0.7031219890625 0.525927409375 0.7023887828125 0.5029899484375 0.6890360359375001 0.4539867953125 0.6915251078125 0.43885168593749996 0.702357665625 0.4218726265625 0.704009540625 0.4086569765625 0.7015264328125 0.39706471875 0.693554521875 0.388104596875 0.6766489828125 0.3786748734375 0.6675477859375001 0.35711375156249997 0.658640653125 0.348202640625 0.6553673734375 0.34837418593749997 0.6187916859375 0.3662334890625 0.5922073812499999 0.38685143593750004 0.5898693265625 0.38697396875 0.580175996875 0.3720084171875 0.5742705828125 0.3666911578125 0.517828696875 0.40809859687500005 0.5477319625 0.5134396453125001 0.5479995453125001 0.5274924921874999 0.53615426875 0.560935975 0.538882440625 0.5772043453125 0.5342288453124999 0.5868261421875001 0.5384578765625 0.604891440625 0.5459621765625 0.6138760703125 0.573108140625 0.61292230625 0.5813516109375 0.6181170328125 0.597250396875 0.6172838125
2 0.335070725 0.3493587703125 0.2930536890625 0.360928565625 0.261508825 0.37569664999999997 0.24257581718750001 0.3898037734375 0.22216407968750002 0.420382003125 0.220069378125 0.4429744453125 0.22720695625 0.5166058125 0.23317743906250002 0.53221813125 0.24356623906250002 0.578512559375 0.265783534375 0.6091986390625 0.3002210109375 0.631750065625 0.3207961640625 0.6400395453125001 0.3411509953125 0.6441250703125 0.4093729328125 0.6410180984375 0.4357531671875 0.63495168125 0.47524082031250003 0.610867946875 0.498526646875 0.5904436468750001 0.5111444625 0.5630842125 0.519223553125 0.49380765000000004 0.52033905625 0.4525309734375 0.516612140625 0.40822935468750005 0.503072028125 0.3822408 0.489111784375 0.366110428125 0.4603510328125 0.3535660515625 0.38128972656250004 0.346468146875 0.335070725 0.3493587703125