3 0.5286165359375 0.5018364671875 0.52846548125 0.46318567499999996 0.520090934375 0.49793976874999996 0.510121353125 0.527475365625 0.5148167515625001 0.5287279984375 0.518163059375 0.5292276890625 0.5286165359375 0.5018364671875
3 0.205993034375 0.629933546875 0.20661000624999998 0.631234040625 0.20627359687500002 0.62932551875 0.206430965625 0.6033760796875 0.2102372359375 0.5864744734375 0.21270733125 0.5823002296875 0.2089261375 0.5820829078124999 0.2046770375 0.5883784546874999 0.20283328125 0.602952646875 0.205993034375 0.629933546875
3 0.4260369578125 0.7642512578125 0.412635790625 0.7845413078125001 0.402077425 0.794162228125 0.3844453609375 0.802098125 0.3741532359375 0.8027109265625001 0.37515096875 0.805022365625 0.3891331453125 0.8171195812500001 0.4008697859375 0.81897848125 0.40885866562500006 0.8146579468749999 0.41806338125 0.8053738109375 0.4249106125 0.7892710765625 0.4269270203125 0.7711141703125 0.4260369578125 0.7642512578125
3 0.74397254375 0.6091817484375001 0.745295925 0.583304046875 0.7416553125 0.56774110625 0.731575959375 0.547273025 0.7270933421875 0.545641171875 0.6949563890625 0.55831706875 0.6932926734375 0.5675922703125 0.6768916078125 0.6052922359374999 0.658548659375 0.6313064828125 0.6503660734375 0.6380700171875 0.6334565515625 0.670000375 0.6283462015625 0.6663464359375 0.625504153125 0.6663273703125 0.6260103531250001 0.6670951390625001 0.6408552703125 0.6749968328125 0.6594954875 0.6729537125 0.6812768703125001 0.658086925 0.6972198328125 0.6345247374999999 0.708360246875 0.641284646875 0.71665375625 0.6414881109375 0.7272577421875 0.637617128125 0.736467703125 0.6285299125 0.74397254375 0.6091817484375001
5 0.695743009375 0.5167343718749999 0.6973444578125 0.5450036046875 0.6949563890625 0.55831706875 0.772952315625 0.5275528484375 0.77819129375 0.5162540156250001 0.79643515625 0.4866922515625 0.8026334203125 0.47492874687500003 0.801756590625 0.47405589375 0.7969782734375 0.4692992375 0.7919963390625 0.46693475624999997 0.782056884375 0.47265655625 0.7682718140625 0.47196197343749996 0.7558400765625 0.4663605484375 0.695743009375 0.5167343718749999
5 0.320138859375 0.798124234375 0.3058768421875 0.791912734375 0.285877171875 0.7791458765625 0.25090176249999996 0.74413703125 0.24806970781249998 0.759463996875 0.2085240859375 0.8049474 0.20445857968749998 0.81176696875 0.20553035625 0.81442455 0.23880215 0.8525336078124999 0.26224555625 0.8741590374999999 0.270444415625 0.8789405671875 0.27591333281249997 0.875826234375 0.29236380781250004 0.8819146921875 0.3238025375 0.8530596421875 0.356747975 0.80374725 0.355943578125 0.8037951453125001 0.320138859375 0.798124234375
5 0.8479297593749999 0.38917026718750003 0.852593025 0.37982764375 0.8613268406250001 0.3705552921875 0.867628021875 0.37265903125 0.8768128125000001 0.36496026875 0.8345502921874999 0.26383186875 0.8309487203125 0.262721809375 0.6846456875 0.3841722015625 0.6867344203125 0.3845030234375 0.6935941859375 0.3950713015625 0.6980136906250001 0.41805350781249995 0.7125892546875 0.43079202812500006 0.7185240453125 0.44121380312499997 0.718542725 0.45306900937499994 0.714179259375 0.46565242187500006 0.7000532734375 0.4800082328125 0.694471828125 0.4942950953125 0.695743009375 0.5167343718749999 0.7558400765625 0.4663605484375 0.7529863046874999 0.46507471093749997 0.7452691265625 0.45740114218750005 0.740231078125 0.44221185937499996 0.7412323609375 0.42649035468749996 0.7496005125 0.40498810625 0.7582949171875 0.3939588421875 0.7690505453125 0.3887148265625 0.782912290625 0.3889252984375 0.7938408234375001 0.39512248437499997 0.8036192249999999 0.4085813015625 0.80784240625 0.42264901562499996 0.8078455343750001 0.4227691734375 0.8479297593749999 0.38917026718750003
6 0.491739921875 0.857323453125 0.48362332031250005 0.8884698296875 0.6248362546874999 0.76357630625 0.614958028125 0.7579747109375 0.481644065625 0.817828609375 0.48256335000000006 0.8506386265625 0.491739921875 0.857323453125
6 0.6850324624999999 0.7555942546875001 0.6790736015625 0.74457603125 0.6738418703125 0.7401917250000001 0.6478843171875 0.743191815625 0.6248362546874999 0.76357630625 0.6275862421875 0.765135728125 0.6349843609375 0.7938267625 0.635903046875 0.824087715625 0.635656940625 0.8256415703125001 0.6475145140625 0.8166173359375 0.6497748828125001 0.7986043203125 0.6767396390625 0.7892450046875 0.6877632421875 0.7720273343749999 0.6850324624999999 0.7555942546875001
3 0.8026334203125 0.47492874687500003 0.803923246875 0.47248082187499996 0.8254262015625 0.4316709796875 0.8141738171874999 0.43441701562499996 0.8081086515625 0.43287466406249997 0.8081927171875 0.436103328125 0.8027051609375 0.45508430000000005 0.7962538921875 0.4644838296875 0.7919963390625 0.46693475624999997 0.7969782734375 0.4692992375 0.8026334203125 0.47492874687500003
3 0.9141415234375 0.5237328046874999 0.9210257703125 0.5157459171875 0.9268702359375001 0.5006783484375 0.9308067015624999 0.48401183281250004 0.9310777703124999 0.47411302187500004 0.9293710531249999 0.4691766484375 0.9039041046875 0.518972359375 0.9015314156249999 0.5236116953125001 0.902844125 0.524104721875 0.9141415234375 0.5237328046874999
6 0.6976714281249999 0.6936420921875001 0.6935742015625 0.7195109703125 0.698298721875 0.7508567390625001 0.7105688390625 0.773198453125 0.729389596875 0.7863785296875 0.746801340625 0.789136278125 0.7677000625 0.7827571078125 0.7891549640625 0.7632071218750001 0.802679559375 0.7357716453125 0.8064616156250001 0.7118926812499999 0.8018946828125 0.67955195625 0.7922154703125 0.660170390625 0.7737886765625 0.6445029234375 0.752554690625 0.640119875 0.731158490625 0.6464202515624999 0.7133975968749999 0.6619656890625001 0.702286228125 0.6806041406250001 0.6976714281249999 0.6936420921875001
6 0.77819129375 0.5162540156250001 0.7553868390625 0.5654360609375 0.7549847828125 0.5740906453125 0.7573193828125 0.58075693125 0.8306559265625 0.6437131734375 0.83998403125 0.6398627718750001 0.8565859031249999 0.6114939875000001 0.9358710484375001 0.4564671578125 0.9358754453125 0.44726524375 0.923870834375 0.4313178140625 0.8836749859375 0.3915314125 0.86960724375 0.37331982343750003 0.8613268406250001 0.3705552921875 0.852593025 0.37982764375 0.844079321875 0.396884425 0.8434292796875 0.4040466875 0.8310607796875 0.4209772765625 0.79643515625 0.4866922515625 0.77819129375 0.5162540156250001
3 0.7682718140625 0.47196197343749996 0.782056884375 0.47265655625 0.7962538921875 0.4644838296875 0.8027051609375 0.45508430000000005 0.8081927171875 0.436103328125 0.80784240625 0.42264901562499996 0.8036192249999999 0.4085813015625 0.7938408234375001 0.39512248437499997 0.782912290625 0.3889252984375 0.7690505453125 0.3887148265625 0.7582949171875 0.3939588421875 0.7496005125 0.40498810625 0.7412323609375 0.42649035468749996 0.740231078125 0.44221185937499996 0.7452691265625 0.45740114218750005 0.7529863046874999 0.46507471093749997 0.7682718140625 0.47196197343749996
3 0.5785702265625 0.6918319484375 0.571178196875 0.69438769375 0.5614862546875 0.707942715625 0.5241643078125 0.7822579359375 0.562869746875 0.7684675875 0.57311746875 0.76481643125 0.6052209687500001 0.7580014640625 0.6152005953125 0.7409716015625001 0.6173135578125 0.7276308828125 0.6109274921875001 0.7143587453125 0.5933322484375 0.6974249859375 0.5834719609375 0.6936446890625 0.5817411375 0.6943962390625 0.5785702265625 0.6918319484375
3 0.460183809375 0.9455998609374999 0.46102671875 0.9551646593750001 0.465358384375 0.9605663765625 0.4733473859375 0.9637179687499999 0.47906340625 0.9603792140625 0.490139703125 0.9380837203124999 0.50172174375 0.9215271078124999 0.5416467234375 0.8778647328125 0.547395771875 0.8683477609375 0.522623884375 0.8705308109375001 0.519461825 0.8697006343749999 0.5026837734375 0.8652956796875 0.491739921875 0.857323453125 0.47819189843750004 0.9093121796875 0.460183809375 0.9455998609374999
0 0.4463913421875 0.6055275015625 0.4110680390625 0.6179524187500001 0.42702430625 0.6473491953125 0.4282295453125 0.6517767390625 0.44823895468749997 0.63494910625 0.4463913421875 0.6055275015625
5 0.232846253125 0.5234812953125 0.232664603125 0.5074218734375 0.232073653125 0.507252946875 0.2269091703125 0.5090929984375 0.22189099531249998 0.537979490625 0.229658425 0.5558135015625 0.241717953125 0.5434964812499999 0.232846253125 0.5234812953125
6 0.4366623484375 0.6827553125 0.42702430625 0.6473491953125 0.4110680390625 0.6179524187500001 0.4090990828125 0.6186449953125 0.382034040625 0.6190940890625 0.314656940625 0.6079490265625 0.2955963390625 0.5997207734375001 0.27719428281249997 0.5873346234375 0.248198053125 0.5581160453125 0.241717953125 0.5434964812499999 0.2264288875 0.559111996875 0.2102372359375 0.5864744734375 0.206430965625 0.6033760796875 0.20627359687500002 0.62932551875 0.2125193453125 0.6647590109375 0.2225936125 0.6974109187499999 0.24834805937499999 0.7415808859374999 0.285877171875 0.7791458765625 0.3058768421875 0.791912734375 0.320138859375 0.798124234375 0.355943578125 0.8037951453125001 0.3844453609375 0.802098125 0.402077425 0.794162228125 0.412635790625 0.7845413078125001 0.427491396875 0.7620491625 0.43988702812499997 0.7301328359375 0.4366623484375 0.6827553125
3 0.6197304390625 0.857353225 0.62869215625 0.8499456796875 0.6333358234375 0.8402965265625 0.635903046875 0.824087715625 0.6349843609375 0.7938267625 0.6275862421875 0.765135728125 0.6123401390625001 0.7564901984375 0.57311746875 0.76481643125 0.512586134375 0.7863831203125 0.49407594843749997 0.801624509375 0.481644065625 0.817828609375 0.44993904999999995 0.8278647515625 0.4448439125 0.833807775 0.44334479375 0.8465511343750001 0.447261715625 0.8513253687500001 0.45283349375000004 0.8522078515624999 0.48173532343750003 0.8500354375000001 0.5026837734375 0.8652956796875 0.522623884375 0.8705308109375001 0.596345334375 0.8640340249999999 0.6197304390625 0.857353225
5 0.593391278125 0.682757225 0.5951608859374999 0.6677145328125 0.5950498468750001 0.649256315625 0.5869003640625 0.643663003125 0.5787450625 0.6442676890625 0.570740565625 0.634940375 0.5550159703124999 0.63244984375 0.5480326843750001 0.6256547203125 0.5212816265625 0.620943678125 0.5158093234375001 0.610595153125 0.5154286921875 0.5920453609375 0.5219810796875 0.583601359375 0.522694909375 0.5671212734375 0.5412346296874999 0.5368713828125 0.54202119375 0.5327903187499999 0.5148167515625001 0.5287279984375 0.510121353125 0.527475365625 0.49778498437499996 0.5640227359375001 0.4797545515625 0.588160909375 0.452731125 0.60329749375 0.44733318281249995 0.6051962109375 0.4474617203125 0.6057074 0.4641570671875 0.639610540625 0.46421649218749994 0.646974978125 0.4506481796875 0.6552455890625 0.4433376046875 0.674314028125 0.4371040171875 0.67884299375 0.441100053125 0.680701740625 0.44664101875 0.67667599375 0.44420850156249997 0.6959041234375001 0.4738667796875 0.6711814296874999 0.5096583828125001 0.6541722671875 0.535558328125 0.6570485781250001 0.5817411375 0.6943962390625 0.5889811609375 0.6912525140625 0.593391278125 0.682757225
1 0.570740565625 0.634940375 0.5787450625 0.6442676890625 0.5869003640625 0.643663003125 0.6048598453125 0.6559893031249999 0.6127178390625 0.6662415953124999 0.6283462015625 0.6663464359375 0.6334565515625 0.670000375 0.6503660734375 0.6380700171875 0.658548659375 0.6313064828125 0.6768916078125 0.6052922359374999 0.6932926734375 0.5675922703125 0.6973444578125 0.5450036046875 0.694471828125 0.4942950953125 0.7000532734375 0.4800082328125 0.714179259375 0.46565242187500006 0.718542725 0.45306900937499994 0.7185240453125 0.44121380312499997 0.7125892546875 0.43079202812500006 0.6980136906250001 0.41805350781249995 0.6935941859375 0.3950713015625 0.6867344203125 0.3845030234375 0.6834970031250001 0.3839902671875 0.6440074234375001 0.39385478749999997 0.6137173390624999 0.408494996875 0.6114048999999999 0.40812874218750006 0.6050349046875 0.3914748671875 0.600364059375 0.3850459984375 0.5365464734375001 0.41381365781249996 0.5438946453125 0.523069990625 0.5412346296874999 0.5368713828125 0.522694909375 0.5671212734375 0.5219810796875 0.583601359375 0.5154286921875 0.5920453609375 0.5158093234375001 0.610595153125 0.5212816265625 0.620943678125 0.5480326843750001 0.6256547203125 0.5550159703124999 0.63244984375 0.570740565625 0.634940375
2 0.3699948984375 0.31835991875 0.326490540625 0.320941053125 0.2925645484375 0.328827871875 0.2711122375 0.338690328125 0.2447889734375 0.3643565109375 0.23804281249999998 0.386019740625 0.2297155953125 0.45952607343749996 0.23230962656249998 0.4760385578125 0.232846253125 0.5234812953125 0.248198053125 0.5581160453125 0.27719428281249997 0.5873346234375 0.2955963390625 0.5997207734375001 0.314656940625 0.6079490265625 0.382034040625 0.6190940890625 0.4090990828125 0.6186449953125 0.452731125 0.60329749375 0.4797545515625 0.588160909375 0.49778498437499996 0.5640227359375001 0.520090934375 0.49793976874999996 0.5297639640625 0.45779701250000004 0.5353293140625001 0.413688621875 0.5274884109375 0.38545283124999996 0.5171869250000001 0.3667724484375 0.4916627875 0.34852249999999996 0.4158048984375 0.32514193125 0.3699948984375 0.31835991875