6 0.5560568328125 0.68138185625 0.5564556656249999 0.681337865625 0.5563029562499999 0.6812964546875 0.5560568328125 0.68138185625
3 0.48994733437500004 0.6539005625 0.49006885625 0.6688857578125 0.4988816640625 0.6696162546875 0.5105247765625001 0.6572027984375 0.519159553125 0.6501714796875 0.5197583265625 0.6158677484374999 0.5018070515625 0.6232684484375 0.459111253125 0.6310352359375 0.45322849062500004 0.63511684375 0.4586951 0.634087940625 0.4768166765625 0.63548436875 0.48024527812500006 0.6357485734375 0.4855801515625 0.6391813281250001 0.48805866093750006 0.6443624859375 0.48994733437500004 0.6539005625
3 0.4163543484375 0.674225109375 0.4251286046875 0.6590965359375 0.43214641875000004 0.6469964171875 0.4118172453125 0.65840586875 0.38515228281249997 0.6773585343749999 0.373980328125 0.6925916109375 0.369929934375 0.7093092609375 0.394782340625 0.7063915109375001 0.411996234375 0.7106495234375 0.4193949328125 0.6778266562499999 0.4163543484375 0.674225109375
3 0.5582834171875 0.592714240625 0.5516172625 0.6017684062499999 0.5454857921875 0.614085959375 0.5427895546875 0.6329715890625 0.543434140625 0.6468865359375 0.5448414234375 0.6535103437500001 0.5520455703125 0.6436874109375 0.5714796609375 0.629874234375 0.5713689515625 0.624960196875 0.5713286906249999 0.623173128125 0.5736121062499999 0.6074729343749999 0.577886746875 0.5928121828124999 0.5840707968750001 0.58387796875 0.5902103203125 0.5806897046875 0.5863094671875 0.5801872109375 0.5732455859375001 0.5829174140625 0.5582834171875 0.592714240625
1 0.43407980156250003 0.7033753140625 0.457290703125 0.743757515625 0.467799284375 0.74394094375 0.5285246109374999 0.6849663859375 0.527926665625 0.6849272656250001 0.5040438593750001 0.6961277296875 0.4918877140625 0.6825694421875 0.4193949328125 0.6778266562499999 0.434263709375 0.69543859375 0.43407980156250003 0.7033753140625
1 0.3956868359375 0.8040884609375001 0.39376444374999997 0.8010006390625 0.3866881296875 0.836500115625 0.386598228125 0.8416506171875 0.3869468578125 0.842760715625 0.5117754359375 0.8806360906249999 0.5151442640624999 0.8773828484375 0.5228360453125 0.8583808484375 0.5207076093749999 0.8749039203125 0.5221278093749999 0.8778727515625 0.5728007015625 0.884277325 0.574272275 0.8843030109375001 0.5777530390625001 0.8674539015624999 0.5671221296875 0.86475586875 0.48673097343749994 0.7943354265625 0.48156690312499995 0.780741921875 0.48179206093750004 0.7678426359375 0.4854389875 0.76520561875 0.47910640000000004 0.7497912671875 0.479127553125 0.7485794328125001 0.4753223984375 0.7440722609375 0.467799284375 0.74394094375 0.46112293125 0.750424809375 0.46437327812499996 0.7564468062499999 0.46636235 0.770649021875 0.4609881984375 0.779503109375 0.4512780828125 0.78045210625 0.44370016718749994 0.7874035796875 0.43244714375 0.7913082765625 0.42894307343750004 0.7998221765625 0.409856525 0.803962965625 0.3956868359375 0.8040884609375001
1 0.479127553125 0.7485794328125001 0.5040438593750001 0.6961277296875 0.45028109687500006 0.6356715921875 0.44949464062500005 0.635819615625 0.477955159375 0.744118215625 0.47920504218750004 0.74414003125 0.479127553125 0.7485794328125001
3 0.599975428125 0.9049210375 0.6188096546875 0.8992544890625 0.6188685015625001 0.8958831593750001 0.6047320765624999 0.8900158125000001 0.602168778125 0.8865987125 0.60537426875 0.8675569015625 0.595001209375 0.8704963671874999 0.5916278875 0.8894123703125001 0.5720444765625 0.89506584375 0.5712299078124999 0.8987986875 0.57567270625 0.9018738875000001 0.599975428125 0.9049210375
1 0.3468730640625 0.624197359375 0.3708352765625 0.6430536328125 0.3983375828125 0.6435336875 0.40919359999999994 0.6419671796875 0.4192842375 0.6339486390625 0.4202845375 0.6269420953125 0.42423615000000003 0.61852373125 0.4271159640625 0.621208 0.429754271875 0.6209613843749999 0.43217194531249997 0.6186266640625 0.397254946875 0.574397265625 0.39241774375 0.5571875015625001 0.384066871875 0.54505400625 0.386631034375 0.53550858125 0.39605519375 0.5253978828125 0.4001460921875 0.526496809375 0.40684471875000006 0.5351763984375 0.42417574843750006 0.5430140578125 0.42502939531250006 0.5440458921875 0.4227184140625 0.521039171875 0.4227728375 0.5179212640624999 0.41773207812499996 0.5063779921875 0.4179212296875 0.4955414734375 0.4196591265625 0.49162560781250003 0.41799697968749994 0.4729593921875 0.4152295171875 0.4638384140625 0.4114923984375 0.4599685125 0.4130165703125 0.45648311406250003 0.3884400421875 0.4560541296875 0.3532490015625 0.4601225390625 0.355215334375 0.4648395296875 0.35614561875 0.4786111109375 0.35920055 0.48802977500000005 0.3617279859375 0.5109019078125 0.365670865625 0.5197507375 0.367232265625 0.53089933125 0.366313678125 0.5332246328125 0.3633879 0.5331735625 0.3567877671875 0.542423696875 0.3512455921875 0.55813096875 0.3524786671875 0.5713225015625001 0.34635644375 0.58672698125 0.3444069125 0.5978142921875 0.3468730640625 0.624197359375
3 0.6840405171875 0.583389428125 0.6664374609375 0.5906465703125 0.624569878125 0.598262696875 0.624500978125 0.5983105 0.6283001890625 0.601729625 0.635735753125 0.5978406765625001 0.6473892171875 0.60172793125 0.654203640625 0.6142379796874999 0.6567183546875001 0.6236589265625 0.65644369375 0.6393941828124999 0.65336136875 0.6483615953124999 0.6622282625 0.6375245703125 0.674986078125 0.6239226578125 0.6834533578124999 0.6170277343749999 0.6840405171875 0.583389428125
3 0.5921155312499999 0.6878479140625 0.5952619734375 0.6893326296875 0.6171659015625 0.6787334875 0.6422387031250001 0.661955596875 0.646052259375 0.6572947109375 0.6403461203124999 0.6598766687500001 0.63532423125 0.6597890109375 0.6283578671875001 0.6559835703125 0.6190613359375 0.6705566640625 0.60616974375 0.6800435874999999 0.594751728125 0.681853653125 0.5854535046875 0.6773377203125001 0.5795733328125 0.668862715625 0.577382825 0.6630166890625 0.57477350625 0.6560529359375 0.5717060843749999 0.6399244484375 0.5714796609375 0.629874234375 0.5520455703125 0.6436874109375 0.5410903312500001 0.6586249953125 0.5368739421875001 0.6760277796875 0.5564556671875 0.6813378671875 0.5667426109375 0.6802032328125 0.5921155312499999 0.6878479140625
2 0.6564550359375 0.8183032078125001 0.6627269874999999 0.8028087968750001 0.660888915625 0.7877729718750001 0.6652300624999999 0.7797467265625 0.66802788125 0.7569898765625 0.6643726828125 0.72571829375 0.655509321875 0.7177616375 0.5921155312499999 0.6878479140625 0.5667426125 0.6802032328125 0.529160903125 0.6843484375 0.4903418859375 0.702553625 0.4906807546875 0.744340340625 0.47920504218750004 0.74414003125 0.47910640000000004 0.7497912671875 0.4854389875 0.76520561875 0.48179206093750004 0.7678426359375 0.48156690312499995 0.780741921875 0.48673097343749994 0.7943354265625 0.5671221296875 0.86475586875 0.592515996875 0.8712006156250001 0.6054833546875 0.8675259890625 0.6564550359375 0.8183032078125001
6 0.4336515625 0.7218564296875 0.425594103125 0.7140130796874999 0.394782340625 0.7063915093750001 0.3671363515625 0.7096372375 0.3637493828125 0.7114422625 0.3631814953125 0.7226172140625 0.373759803125 0.778726190625 0.3776905234375 0.7884883515625 0.391697565625 0.7976807375 0.3956868359375 0.8040884609375001 0.409856525 0.803962965625 0.42894307343750004 0.7998221765625 0.43244714375 0.7913082765625 0.44370016718749994 0.7874035796875 0.4512780828125 0.78045210625 0.4609881984375 0.779503109375 0.46636235 0.770649021875 0.46437327812499996 0.7564468062499999 0.46112293125 0.750424809375 0.45375970781249997 0.7450766796875 0.4527189390625 0.743677715625 0.43315384218749997 0.7433362046875 0.4336515625 0.7218564296875
3 0.6567183546875001 0.6236589265625 0.6542036390625 0.6142379796874999 0.6473892171875 0.60172793125 0.635735753125 0.5978406765625001 0.6283001890625 0.6017296234375 0.608187559375 0.5836291390625 0.5921817921875 0.5796659156249999 0.5840707968750001 0.58387796875 0.577886746875 0.5928121828124999 0.5736121062499999 0.6074729343749999 0.5713286906249999 0.623173128125 0.5717060843749999 0.6399244484375 0.57477350625 0.6560529374999999 0.57957333125 0.668862715625 0.5854535046875 0.6773377203125001 0.5947517296875 0.681853653125 0.60616974375 0.6800435874999999 0.6190613359375 0.670556665625 0.6283578671875001 0.655983571875 0.63532423125 0.6597890109375 0.6403461203124999 0.6598766687500001 0.6467597781250001 0.6569745671875 0.6522099609375 0.651711384375 0.65644369375 0.6393941812499999 0.6567183546875001 0.6236589265625
3 0.5496728640625 0.45786937187500004 0.5540498406250001 0.43999232343749994 0.5489271312499999 0.4229656890625 0.5436152703125 0.41677557031249995 0.5355292609375 0.41426321875000005 0.522958159375 0.41641500000000004 0.49093082499999996 0.42703452343750004 0.484360690625 0.43471096249999996 0.47799324218750006 0.450182059375 0.44094711562500005 0.4766349640625 0.43277835 0.4788635890625 0.4217999671875 0.48680182343749995 0.4179212296875 0.4955414734375 0.41773207812499996 0.5063779921875 0.42652663906250005 0.5265174171875 0.43620536875000004 0.5348162265624999 0.44330501250000004 0.5356176390625 0.45496658749999996 0.527352584375 0.4615544546875 0.5186602234375 0.4992601328125 0.4932350625 0.5182417703125 0.4925501546875 0.5285428703124999 0.48460009687500005 0.5496728640625 0.45786937187500004
4 0.39241774375 0.5571875015625001 0.397254946875 0.574397265625 0.4424931015625 0.631700484375 0.449635734375 0.6345652109375 0.4558706953125 0.6305639640625 0.46923460468749995 0.61058934375 0.47046501718749995 0.5989655984375 0.42417574843750006 0.5430140578125 0.40684471875000006 0.5351763984375 0.4001460921875 0.526496809375 0.39605519375 0.5253978828125 0.386631034375 0.53550858125 0.384066871875 0.54505400625 0.39241774375 0.5571875015625001
3 0.43665052031249996 0.6460341015625 0.43523643749999996 0.65345936875 0.43315384218749997 0.7433362046875 0.4906807546875 0.744340340625 0.48994733437500004 0.6539005625 0.4880586625 0.6443624875 0.4855801515625 0.6391813281250001 0.4802452796875 0.6357485734375 0.4586951 0.634087940625 0.44245738125 0.63714414375 0.43933075468749994 0.639658515625 0.43665052031249996 0.6460341015625