6 0.559458440625 0.6802862203125 0.5592138453125 0.6803759046875 0.55961185 0.680324959375 0.559458440625 0.6802862203125
3 0.4791847359375 0.6358683390625 0.4826174265625 0.636072665625 0.488011396875 0.639411790625 0.49057995312499997 0.6445489046875 0.4926348 0.654052565625 0.49301783125 0.6690333578125001 0.501842046875 0.6696099390625 0.513266740625 0.6569951734374999 0.5217774890625 0.649814228125 0.5217774890625 0.6155052703125 0.5039581078125 0.6232181359375 0.4614043609375 0.6317288859375 0.45559372812500004 0.6359125406249999 0.4610415484375 0.6347883875 0.4791847359375 0.6358683390625
3 0.3736026953125 0.7115474171875 0.39840039374999997 0.708196378125 0.41568597812499997 0.71215331875 0.4225107125 0.679206325 0.4194077359375 0.6756583921875 0.42791662500000005 0.660378990625 0.43472219375 0.6481582375 0.4145952390625 0.65992074375 0.3882651078125 0.679335890625 0.377360709375 0.694761625 0.3736026953125 0.7115474171875
3 0.585521865625 0.58239795625 0.5916048109375 0.579103028125 0.58769578125 0.578668690625 0.5746815390625 0.5816264734375001 0.5598926265624999 0.591682934375 0.5533855046875 0.6008520609375 0.5474699390625 0.6132747468749999 0.5451037125 0.6322045562499999 0.5459910484375 0.646106134375 0.54751371875 0.652704371875 0.554545334375 0.64275720625 0.5737353921875 0.6286069624999999 0.5735389375 0.6236956046875 0.5734674937500001 0.6219095109375 0.57547655625 0.6061718578125 0.5794946796875 0.5914387359375 0.585521865625 0.58239795625
1 0.50746614375 0.6960272828125 0.495075225 0.682683215625 0.4225107125 0.679206325 0.4376845953125 0.6965560843749999 0.4376392296875 0.7044948046874999 0.4615513625 0.7444657703125 0.4720615453125 0.7444657703125 0.531748375 0.6844403921875 0.5311498375 0.6844117125 0.50746614375 0.6960272828125
1 0.4487246265625 0.788342375 0.43754146250000003 0.79244286875 0.4341865140625 0.8010166265625 0.4151751390625 0.8054898906249999 0.4010097984375 0.8058626625 0.399033809375 0.8028088609375 0.392578125 0.8384264296874999 0.392578125 0.843577715625 0.392946075 0.8446815609374999 0.5184166578125 0.8803726078125 0.521728196875 0.8770610671875 0.529087175 0.8579277218750001 0.52724743125 0.8744854234374999 0.528719228125 0.877429015625 0.579496178125 0.8829482499999999 0.580967975 0.8829482499999999 0.5841541515625 0.866040959375 0.573477775 0.8635288718749999 0.49186985625 0.794522175 0.4864693328125 0.7810208656250001 0.4864693328125 0.7681196140625 0.49006968124999994 0.7654193515625 0.483469040625 0.7501178656249999 0.483469040625 0.748905846875 0.4795858046875 0.7444657703125 0.4720615453125 0.7444657703125 0.46549936875000003 0.7510651671875 0.46885431874999994 0.7570295203125 0.47109094999999995 0.771194859375 0.46587214218749995 0.7801413890625 0.4561800671875 0.78125970625 0.4487246265625 0.788342375
1 0.45265646562499995 0.63651864375 0.4518727125 0.6366803703125 0.4822189671875 0.7444657703125 0.483469040625 0.7444657703125 0.483469040625 0.748905846875 0.50746614375 0.6960272828125 0.45265646562499995 0.63651864375
3 0.598410115625 0.8877539343749999 0.578928353125 0.8937483234375 0.57817905625 0.8974948156250001 0.582674846875 0.900492009375 0.6070270484375 0.9031145546875001 0.6257595109375 0.8971201656250001 0.6257595109375 0.8937483234375 0.6115228390625 0.888128584375 0.6089002953125 0.8847567406250001 0.611772971875 0.8656618859374999 0.6014527937499999 0.8687819390625 0.598410115625 0.8877539343749999
1 0.3522827734375 0.5607182374999999 0.353745884375 0.573886240625 0.34789343906250003 0.589395221875 0.3461377046875 0.60051486875 0.349063928125 0.6268508765624999 0.3733515796875 0.6452860796875 0.40085807500000004 0.6452860796875 0.41168509843749995 0.643530346875 0.42163425625000006 0.635336921875 0.4225121234375 0.6283139875 0.4263162140625 0.619827940625 0.42924243593750006 0.622461540625 0.43187603750000003 0.62216891875 0.43425259687500006 0.619792359375 0.39856900624999997 0.5761790828125 0.3934321890625 0.5590563609375 0.38487082968749997 0.54707045625 0.3872680109375 0.537481734375 0.39651427968749997 0.5272081015625 0.40062373281249997 0.5282354640625 0.4074728203125 0.5367968249999999 0.4249379953125 0.544330821875 0.4258095203125 0.5453476015625001 0.42309736875 0.5223847171875 0.42309736875 0.5192663343749999 0.41785591875000005 0.50781279375 0.41785591875000005 0.496974625 0.419525209375 0.49302902499999995 0.4175375453125 0.47439466093749993 0.414611321875 0.46532337031250004 0.4108072328125 0.4615192796875 0.41227034375000005 0.4580078125 0.387690071875 0.4580078125 0.35257539531250004 0.46268977031249997 0.35462375156250003 0.467371725 0.355794240625 0.4811249734375 0.3590130859375 0.4904888875 0.36193930937499996 0.5133134265625 0.366036021875 0.5220920953125 0.36779175468749997 0.5332117421875 0.3669138890625 0.5355527203125 0.36398766562499996 0.5355527203125 0.357549975 0.544916634375 0.3522827734375 0.5607182374999999
3 0.655927278125 0.6456624734374999 0.6646036890625 0.6346723515625 0.6771221749999999 0.62084985625 0.6854678328125 0.6138082078125 0.6854678328125 0.580164778125 0.6679941125 0.5877280296875 0.6262658265625001 0.5960736875 0.6261977703125 0.5961226859375001 0.6300560749999999 0.599474984375 0.6374226359375 0.595456859375 0.649142165625 0.599140140625 0.6561738828125 0.6115293562499999 0.65885263125 0.6209049796875 0.65885263125 0.6366426328125 0.655927278125 0.6456624734374999
3 0.5438524609375001 0.6578837109375 0.539940434375 0.6753574312499999 0.5596118515625 0.6803249609375001 0.5698774249999999 0.6790109671875 0.5953799 0.6862116656249999 0.598551775 0.6876412421875 0.6202673859375001 0.6766614390625 0.6450435546875 0.659448521875 0.6487751859374999 0.654721790625 0.6431149781250001 0.657402940625 0.6380923234375 0.657402940625 0.6310606062499999 0.653719659375 0.6220198265625 0.66845278125 0.6092957671875 0.6781632484375 0.59791108125 0.6801723109375 0.588535459375 0.6758193421875001 0.5825082734375 0.6674482515625 0.5802160734374999 0.66164134375 0.5774856171875 0.654724190625 0.57413718125 0.63865169375 0.5737353921875 0.6286069624999999 0.554545334375 0.64275720625 0.5438524609375001 0.6578837109375
2 0.49186985625 0.794522175 0.573477775 0.8635288718749999 0.59898025 0.869529453125 0.6118815015625 0.865629075 0.6619863640625 0.8155242125 0.6679869453125 0.7999227 0.6658867421875 0.78492124375 0.67008715 0.7768204578125 0.6724873812500001 0.7540182453125001 0.668286975 0.7228152171875 0.6592861015625 0.7150144593750001 0.5953799 0.6862116656249999 0.5698774265625 0.6790109671875 0.5323737859375 0.6838114328125 0.4938784046875 0.7026913328125 0.4949465015625 0.7444657703125 0.483469040625 0.7444657703125 0.483469040625 0.7501178656249999 0.49006968124999994 0.7654193515625 0.4864693328125 0.7681196140625 0.4864693328125 0.7810208656250001 0.49186985625 0.794522175
6 0.46549936875000003 0.7510651671875 0.45804392812500005 0.7458463578125001 0.456978903125 0.7444657703125 0.437410825 0.7444657703125 0.437533596875 0.7229805796875 0.429340478125 0.715279046875 0.39840039374999997 0.7081963765625 0.3708152609375 0.7119240984374999 0.3674603109375 0.7137879593750001 0.3670875390625 0.7249711203125 0.37864347343750004 0.780886934375 0.38274396718750003 0.7905790078125 0.39690930625 0.7995255375 0.4010097984375 0.8058626625 0.4151751390625 0.8054898906249999 0.4341865140625 0.8010166265625 0.43754146250000003 0.79244286875 0.4487246265625 0.788342375 0.4561800671875 0.78125970625 0.46587214218749995 0.7801413890625 0.47109094999999995 0.771194859375 0.46885431874999994 0.7570295203125 0.46549936875000003 0.7510651671875
3 0.6431149781250001 0.657402940625 0.649477009375 0.6543893484375001 0.6548345078125 0.6490318484375 0.65885263125 0.63664263125 0.65885263125 0.6209049796875 0.65617388125 0.6115293562499999 0.649142165625 0.599140140625 0.6374226359375 0.595456859375 0.6300560749999999 0.5994749828125 0.6096306109375 0.5817282687499999 0.5935581140624999 0.5780449875 0.585521865625 0.58239795625 0.5794946796875 0.5914387359375 0.57547655625 0.6061718578125 0.5734674937500001 0.6219095109375 0.57413718125 0.63865169375 0.5774856171875 0.6547241921875 0.582508271875 0.6674482515625 0.588535459375 0.6758193421875001 0.5979110828125 0.6801723109375 0.6092957671875 0.6781632484375 0.6220198265625 0.6684527828125 0.6310606062499999 0.6537196609375 0.6380923234375 0.657402940625 0.6431149781250001 0.657402940625
3 0.4618859765625 0.5193283484375 0.49914218125 0.49324900468750005 0.518108975 0.49223292656249995 0.5282697578125 0.4841043 0.5489300171875 0.457008878125 0.5529943296875001 0.4390581625 0.5475752453125 0.42212352500000005 0.5421561609375 0.4160270546875 0.5340275359375 0.41365620625000005 0.521495903125 0.4160270546875 0.48965878281249997 0.427203915625 0.483223621875 0.43499385 0.4771271515625 0.45057371718750006 0.44054833281250005 0.47766913750000006 0.43241970625 0.4800399875 0.4215815375 0.4881686125 0.41785591875000005 0.496974625 0.41785591875000005 0.50781279375 0.427000621875 0.527795665625 0.4368227125 0.5359242937500001 0.44393526093749996 0.536601678125 0.4554508140625 0.528134359375 0.4618859765625 0.5193283484375
4 0.40062373281249997 0.5282354640625 0.39651427968749997 0.5272081015625 0.3872680109375 0.537481734375 0.38487082968749997 0.54707045625 0.3934321890625 0.5590563609375 0.39856900624999997 0.5761790828125 0.44480035000000007 0.632684059375 0.4519918921875 0.63542369375 0.45815607187499996 0.631314240625 0.47116934062500004 0.61110943125 0.472196703125 0.5994659812500001 0.4249379953125 0.544330821875 0.4074728203125 0.5367968249999999 0.40062373281249997 0.5282354640625
3 0.482617428125 0.636072665625 0.4610415484375 0.6347883875 0.444859640625 0.6381275125 0.44177737187500005 0.64069606875 0.43920881562499997 0.6471174609375 0.4379245359375 0.6545662765625 0.437410825 0.7444657703125 0.4949465015625 0.7444657703125 0.4926348 0.654052565625 0.49057995468750004 0.6445489046875 0.488011396875 0.639411790625 0.482617428125 0.636072665625