6 0.5432677234375001 0.684850346875 0.543668653125 0.6848342828125 0.543519203125 0.684782321875 0.5432677234375001 0.684850346875
3 0.4792362609375 0.6528244296875 0.47831217343750004 0.6677815984375 0.4870525578125 0.6691250671875 0.49953322499999997 0.6575540328125 0.5086374484375 0.6511421734375 0.511627671875 0.616963771875 0.493203878125 0.623094225 0.4500703 0.6278637859375 0.44391714843749996 0.6315250906250001 0.449442215625 0.6308800234375 0.4674222390625 0.6335371484375 0.47082405781250003 0.6340398765625 0.4759064796875 0.6378364109375 0.4780175328125 0.643177840625 0.4792362609375 0.6528244296875
3 0.40440477656249996 0.6679658796875 0.41421297343749997 0.6534862203125 0.4220577546875 0.641905115625 0.40098221875 0.6518686812500001 0.373060140625 0.6689151265625 0.3608527953125 0.6833317796875 0.355646103125 0.6997261640625 0.3806415015625 0.6985491390624999 0.3975164390625 0.7039975593750001 0.40718672187499994 0.6717707546875 0.40440477656249996 0.6679658796875
3 0.5516740234374999 0.5965540390624999 0.5443925203125 0.6051211421875 0.5374167562500001 0.6169809796875 0.5334096921875 0.635632525 0.53308205 0.649558540625 0.5340238515625 0.6562643796875001 0.5418956625 0.6469679109375 0.562245971875 0.6345440375 0.5624783171875001 0.629634246875 0.5625628140625001 0.627848721875 0.5659358578125 0.6123460578125 0.5712227671875 0.5980192015625 0.5780149734375 0.589538128125 0.5843619437500001 0.586785903125 0.58050564375 0.5860125234375 0.5672831375 0.587824784375 0.5516740234374999 0.5965540390624999
1 0.420053634375 0.698281540625 0.44039107499999997 0.7401844843750001 0.45086126406249993 0.7411005078125 0.5155525234375 0.68650559375 0.5149587625 0.6864248578125001 0.4903528296875 0.6959320578125 0.47917207343749996 0.681558828125 0.40718672187499994 0.6717707546875 0.42079073281249996 0.6903769843750001 0.420053634375 0.698281540625
1 0.3747287984375 0.7960711984375 0.373026484375 0.7928567984375 0.363491090625 0.82777618125 0.3630421265625 0.832907865625 0.3633124703125 0.8340395796875001 0.4851949203125 0.8805302921875 0.4887824765625 0.8775199734375001 0.49778103281249997 0.8591008125 0.494505190625 0.8754351640625 0.4957148359375 0.8784958296875001 0.54581753125 0.8884195640625 0.547283728125 0.888547840625 0.5519313484375 0.8719825812499999 0.5415145406249999 0.8685495453125001 0.46623149531249997 0.792692840625 0.4620282390625 0.7787722203125 0.46315265625 0.7659200625 0.4669746484375 0.7635438671875 0.46173273750000005 0.7477253234375 0.461838371875 0.7465179171874999 0.458356890625 0.7417562906249999 0.45086126406249993 0.7411005078125 0.44374888281249997 0.7471028609375 0.44657123906249996 0.7533369203125 0.44756476875000006 0.7676432906249999 0.441586078125 0.776100928125 0.43183341718749996 0.77637026875 0.42378905156249996 0.7827762015624999 0.4122910609375 0.7858864156250001 0.4082016265625 0.7941351437499999 0.38887272500000003 0.7969344359375 0.3747287984375 0.7960711984375
1 0.461838371875 0.7465179171874999 0.4903528296875 0.6959320578125 0.4409382375 0.6318728874999999 0.44014337187499997 0.631965690625 0.460980034375 0.741985784375 0.46222535000000003 0.7420947359375 0.461838371875 0.7465179171874999
3 0.5714860296875 0.9109086046874999 0.5906696546875 0.9065696671874999 0.5909635296875 0.90321065625 0.5772708265625 0.89637149375 0.5749521375 0.8927839109375 0.579478109375 0.8740120890625 0.568925271875 0.8762208062499999 0.5642406531249999 0.8948554203124999 0.5443105796875 0.8991290515625 0.5432376046875 0.90279598125 0.547455065625 0.9061736046875 0.5714860296875 0.9109086046874999
1 0.338582503125 0.613213225 0.3611709984375 0.633695084375 0.3885728234375 0.636092434375 0.39951166875 0.6352870203125 0.41013707187500004 0.6279918999999999 0.4116236875 0.6210722 0.41615290937499994 0.61294999375 0.4188384640625 0.6158286093750001 0.421487546875 0.615766634375 0.42406219375000004 0.61360625 0.3923155375 0.5670489046875 0.3886906109375 0.5495436375 0.3812064703125 0.5368571703125 0.3844302421875 0.5275138640625 0.39453673125 0.5180851921875 0.39854100625 0.5194668078125 0.40461785937499994 0.5285925265625 0.42135994375 0.5376200453125 0.42213953281250005 0.5387089140625 0.42143905000000004 0.51559703125 0.42171083437499995 0.5124905140625 0.417487571875 0.5006237359375 0.41843218125000003 0.48982680937499995 0.420439 0.4860417109375 0.4200829921875 0.46730502031250004 0.41795851875 0.45801321093749997 0.41450045468749996 0.4538920484375 0.4162640421875 0.45052146249999997 0.3917773046875 0.44837914999999995 0.356388190625 0.4499828453125 0.35802069375 0.4548255109375 0.3579880546875 0.46862843906249996 0.36037853124999997 0.47823726093749996 0.3613043296875 0.5012299828125 0.3646203421875 0.5103322984374999 0.365400253125 0.5215626531249999 0.3643216984375 0.5238182124999999 0.361406609375 0.5235631749999999 0.3541772984375 0.532330375 0.3475529390625 0.54761278125 0.347862815625 0.5608581953125 0.34068094375 0.5757980859375 0.33796274843749996 0.586722396875 0.338582503125 0.613213225
3 0.6777752515625 0.5960243140625 0.6597088421875 0.60203585 0.6174119734375 0.606712890625 0.61733990625 0.6067557703124999 0.62089135625 0.6104315859375 0.6285800874999999 0.6070707890625 0.6399340015625 0.611761478125 0.6458591703125001 0.6247164046875 0.6477105859375001 0.63428981875 0.646338959375 0.6499675859375 0.64263860625 0.6586981421875 0.652239853125 0.6485060390624999 0.6659154125 0.6358272 0.6748430328125 0.6295397203124999 0.6777752515625 0.5960243140625
3 0.578787534375 0.6938159796875001 0.58182274375 0.6955165640625001 0.6044126734375 0.6864711828125001 0.6305947656249999 0.6714831515624999 0.6347241593749999 0.6670996390624999 0.6288518125 0.6692772671875 0.6238482703125 0.6688395140625001 0.6171643296875 0.66455739375 0.6068738765624999 0.678446496875 0.5933519140625 0.6870110375 0.5818354484375 0.6880202140625 0.572874890625 0.6828666703125 0.567600228125 0.6740021296875 0.56582285625 0.668017540625 0.563705659375 0.6608887343750001 0.561770775 0.6445855640625 0.562245971875 0.6345440375 0.5418956625 0.6469679109375 0.5299251171875 0.661104909375 0.5245050421874999 0.67817118125 0.5436686546875 0.6848342859375001 0.5540096859375 0.6844199953125 0.578787534375 0.6938159796875001
2 0.633870209375 0.8284415890625001 0.64120771875 0.81342243125 0.6404229703125 0.7982950140625 0.645313425 0.7905911437500001 0.649691865625 0.7680848953125 0.6482269671875 0.7366345140624999 0.6399402249999999 0.7280789624999999 0.578787534375 0.6938159796875001 0.5540096875 0.6844199953125 0.516230371875 0.6859335359375 0.47623598593749994 0.7013864984375 0.4736591359375 0.7430950625 0.46222535000000003 0.7420947359375 0.46173273750000005 0.7477253234375 0.4669746484375 0.7635438671875 0.46315265625 0.7659200625 0.4620282390625 0.7787722203125 0.46623149531249997 0.792692840625 0.5415145406249999 0.8685495453125001 0.5663969859375 0.8767499796875 0.579589084375 0.8739888609375001 0.633870209375 0.8284415890625001
6 0.4183372625 0.7166877656249999 0.410846553125 0.7083014624999999 0.3806415015625 0.6985491374999999 0.3528364453125 0.699858471875 0.349331815625 0.7014228359375 0.3479857859375 0.712530953125 0.35462436249999996 0.76924115625 0.35786453281249997 0.7792537296875001 0.3711962265625 0.78940080625 0.3747287984375 0.7960711984375 0.38887272500000003 0.7969344359375 0.4082016265625 0.7941351437499999 0.4122910609375 0.7858864156250001 0.42378905156249996 0.7827762015624999 0.43183341718749996 0.77637026875 0.441586078125 0.776100928125 0.44756476875000006 0.7676432906249999 0.44657123906249996 0.7533369203125 0.44374888281249997 0.7471028609375 0.43677666249999997 0.741254125 0.43583601562499996 0.7397859687499999 0.4163424 0.7380804984375 0.4183372625 0.7166877656249999
3 0.6477105859375001 0.63428981875 0.64585916875 0.6247164046875 0.6399340015625 0.611761478125 0.6285800874999999 0.6070707890625 0.62089135625 0.610431584375 0.6020903453125 0.5909722046875 0.586400028125 0.5859021296875 0.5780149734375 0.589538128125 0.5712227671875 0.5980192015625 0.5659358578125 0.6123460578125 0.5625628140625001 0.627848721875 0.561770775 0.6445855640625 0.563705659375 0.6608887359375 0.5676002265625 0.6740021296875 0.572874890625 0.6828666703125 0.58183545 0.6880202140625 0.5933519140625 0.6870110375 0.6068738765624999 0.6784464984375 0.6171643296875 0.6645573953125 0.6238482703125 0.6688395140625001 0.6288518125 0.6692772671875 0.6354522859375 0.6668296296875 0.641256334375 0.6619594531249999 0.646338959375 0.649967584375 0.6477105859375001 0.63428981875
3 0.552490746875 0.4614370046875 0.5581041015625 0.443908825 0.5541815890625 0.426566325 0.54931446875 0.42002074843750004 0.5414234078125 0.416950465625 0.5287328296875 0.4182200890625 0.49604273125000004 0.4265796296875 0.48895312031250004 0.4337790609375 0.4815219734375 0.4487682984375 0.44272082656249995 0.472572559375 0.43441650000000004 0.47422593125 0.4229111171875 0.48137901562499996 0.41843218125000003 0.48982680937499995 0.417487571875 0.5006237359375 0.4248558546875 0.5213275796875 0.43393211249999997 0.530281328125 0.44095855781250004 0.531576034375 0.453168265625 0.5241445828125 0.46034643593749996 0.5159329421875001 0.4997338328125 0.49319992968750004 0.518717009375 0.493840784375 0.529547584375 0.486628659375 0.552490746875 0.4614370046875
4 0.3886906109375 0.5495436375 0.3923155375 0.5670489046875 0.43344622343749994 0.627368190625 0.44037162500000004 0.6307241828125 0.44687051093749997 0.6271676109375 0.46159522500000005 0.60817386875 0.463633471875 0.5966642656250001 0.42135994375 0.5376200453125 0.40461785937499994 0.5285925265625 0.39854100625 0.5194668078125 0.39453673125 0.5180851921875 0.3844302421875 0.5275138640625 0.3812064703125 0.5368571703125 0.3886906109375 0.5495436375
3 0.4266180125 0.641259334375 0.4246894125 0.648567871875 0.4163424 0.7380804984375 0.4736591359375 0.7430950625 0.4792362609375 0.6528244296875 0.478017534375 0.6431778421875001 0.4759064796875 0.6378364109375 0.47082405937500005 0.6340398765625 0.449442215625 0.6308800234375 0.4330308609375 0.632796096875 0.42973645625 0.635086240625 0.4266180125 0.641259334375