6 0.5315813734375 0.38566639375 0.5846562359374999 0.2986869203125 0.5771999437499999 0.28775623125 0.55844341875 0.2762830515625 0.4556385140625 0.265945590625 0.43208453125 0.2652660515625 0.404932453125 0.272681740625 0.3954876953125 0.2830255390625 0.3915014765625 0.2962707171875 0.3913945734375 0.345265853125 0.398842178125 0.43857746249999996 0.41968649999999996 0.42041883125 0.4440650625 0.40864882343750003 0.45125907343750005 0.3595808625 0.4761691375 0.35652229062499996 0.48628160156250005 0.38826661875 0.4867930453125 0.3880196921875 0.52066323125 0.38386095625 0.5315813734375 0.38566639375
6 0.7016015531249999 0.3361428390625 0.70788229375 0.341049890625 0.710406478125 0.341393128125 0.75090916875 0.3239669453125 0.79637880625 0.31018184843749996 0.7985318515625 0.3068416890625 0.861553146875 0.289876253125 0.8870540109375 0.3786350234375 0.887945521875 0.37856231406249996 0.8929212578125 0.3728409640625 0.8945810281250001 0.316990521875 0.9071920796875 0.304085621875 0.910214909375 0.2963327671875 0.9095280656250001 0.290738871875 0.9018538093749999 0.2837316296875 0.8985173015625 0.2750561359375 0.8770841890625001 0.262356571875 0.8378978937499999 0.2484298890625 0.8262293125 0.2458878484375 0.8038537296875001 0.248635225 0.7239884812499999 0.2641196734375 0.7090612734375 0.28128372343749997 0.700855940625 0.325445753125 0.7016015531249999 0.3361428390625
3 0.620066878125 0.44995875625000004 0.62435854375 0.44468224999999995 0.6167319171875 0.41272309218750003 0.6078992015625 0.382537 0.5939012265625 0.3478587921875 0.5913678250000001 0.3230508390625 0.6433407046874999 0.3079546109375 0.671807165625 0.33521735 0.677072440625 0.338902384375 0.6524479015625 0.297511425 0.6313132046875001 0.2755261171875 0.61877031875 0.26846307812500003 0.6096895984375 0.26957805 0.592101353125 0.2864858078125 0.5315813734375 0.38566639375 0.55291116875 0.38919351875 0.5819870328125 0.40653070312499995 0.6189076124999999 0.446134959375 0.620066878125 0.44995875625000004
1 0.8518704328125001 0.5451651609375 0.8544111296875 0.5412236140625 0.9112424484374999 0.523385640625 0.8982571515625001 0.4176288796875 0.861553146875 0.289876253125 0.7985318515625 0.3068416890625 0.79637880625 0.31018184843749996 0.75090916875 0.3239669453125 0.695888271875 0.34763955 0.6886319765625 0.3469926125 0.671807165625 0.33521735 0.6433407046874999 0.3079546109375 0.5913678250000001 0.3230508390625 0.5939012265625 0.3478587921875 0.6078992015625 0.382537 0.6167319171875 0.41272309218750003 0.6441863999999999 0.527770325 0.6523350046874999 0.5553461343749999 0.6714871453125 0.549165503125 0.6833252125 0.5597033875 0.709504540625 0.558795184375 0.753250184375 0.569803396875 0.757823396875 0.5681565546875 0.786514775 0.568888465625 0.798433615625 0.5632200703125 0.8518704328125001 0.5451651609375
4 0.641223125 0.7979601890625 0.69640114375 0.8525185765625001 0.6814243062500001 0.8074609125000001 0.6756544625 0.78657785 0.6706295250000001 0.786102703125 0.6343654421875 0.7815198390625 0.641223125 0.7979601890625
5 0.3799850484375 0.6533801265625 0.3535303015625 0.6605330765625 0.33008811250000003 0.672418346875 0.3215661796875 0.68709188125 0.323918334375 0.6836596890625 0.33329689375 0.67850348125 0.383042209375 0.665916690625 0.3824617875 0.6651340203125 0.3799850484375 0.6533801265625
5 0.5538451921875 0.8251062375 0.5667552015624999 0.8314676265625 0.5831132015625 0.8386603734375001 0.5904212078125 0.840272496875 0.5969557484375 0.8423978296874999 0.6021024374999999 0.8434388515625001 0.6068876890625 0.844942490625 0.6163570125 0.8471257156249999 0.61723165625 0.8474365609375001 0.61872799375 0.8459981171875001 0.6197617140625 0.8441982375 0.6196751375 0.8366805671875 0.6173693515625 0.831526575 0.6154250015625 0.825909965625 0.6113772281250001 0.8167874734374999 0.6104592953125 0.8127177937500001 0.6076908921874999 0.807202365625 0.6064115218749999 0.8035953031249999 0.6047201249999999 0.800038828125 0.60385278125 0.7963811734374999 0.60457565625 0.7954559390625 0.606896046875 0.7939163140625001 0.6156065109375 0.78991913125 0.6190112109375 0.7869916515625001 0.6206666234375 0.7834424828125 0.622095215625 0.7799691921874999 0.5000538062500001 0.7645462375000001 0.502244996875 0.7211112625 0.4778055515625 0.72411205 0.4947261796875 0.8068550640625001 0.49678491406249997 0.823622109375 0.49617482500000004 0.8279257812499999 0.4972024078125 0.8270422296875 0.5023131109375 0.8209776078125 0.5102068234375 0.8137347984375 0.51237544375 0.810959090625 0.5135609343749999 0.8103952921875001 0.516033096875 0.81009175 0.520406321875 0.8116459781250001 0.5397496921875 0.8193086468749999 0.5432988625 0.8209640578125 0.5538451921875 0.8251062375
5 0.5058063046875 0.671457075 0.5081536437499999 0.678550646875 0.4796405078125 0.391472946875 0.461028825 0.40045869375 0.38144111718749996 0.6314181265625 0.48597477343750006 0.6703009015625 0.5058063046875 0.671457075
3 0.34344702968749996 0.62909998125 0.38144111718749996 0.6314181265625 0.37565404999999996 0.62560575 0.3576002828125 0.5944692921875 0.34006300624999997 0.5972285687500001 0.334967484375 0.60314715625 0.3344823515625 0.61643906875 0.34344702968749996 0.62909998125
5 0.62075745625 0.6116807484375 0.7183924328125 0.588246790625 0.706124471875 0.5799985921874999 0.6874976671875 0.5634175796875 0.6449638875 0.557724884375 0.6361901390625 0.56055628125 0.637598759375 0.5567391390624999 0.6122725046874999 0.6137172734375 0.6184395453125 0.6065270296875 0.62075745625 0.6116807484375
0 0.3758674109375 0.882520228125 0.3614450046875 0.883289909375 0.358553671875 0.8802544625 0.362359459375 0.914866546875 0.3815797703125 0.9552807874999999 0.40219701093750004 0.97223533125 0.431858415625 0.9738213265625 0.4533551875 0.9631022843749999 0.4601074921875 0.9522925593749999 0.4601169875 0.8943085937499999 0.4720355453125 0.8695532265624999 0.47130829375000005 0.869966696875 0.45691183437499994 0.8604468328125 0.3758674109375 0.882520228125
1 0.6305073421875 0.6327491125 0.783994675 0.6498646171875 0.7858614375 0.6650681859375001 0.8027982171874999 0.669334928125 0.8132315078125 0.6796630765625 0.8257449031249999 0.7019560265625 0.83075010625 0.7178387421875 0.8424825140625 0.7188422234375 0.8648699375 0.7319796625 0.868438878125 0.75109378125 0.8629787859375 0.771316525 0.8579202390624999 0.7798807703125 0.8500105015624999 0.7851290359374999 0.8264717765625 0.782520134375 0.8191114031250001 0.7773137718750001 0.792287934375 0.7977155671875 0.772413396875 0.8050439375 0.73343573125 0.7920415125 0.6756544625 0.78657785 0.6814243062500001 0.8074609125000001 0.7092436859375 0.891155234375 0.7209008546875 0.907266921875 0.7551519515625 0.9103205921875 0.7665481140625 0.9095262515625 0.7939616671875 0.906160290625 0.796512925 0.8973779953125 0.795195809375 0.8866509546874999 0.8031211515625 0.8723693546875 0.8041252125 0.8559129249999999 0.8168701765625 0.8513233828125 0.889930990625 0.8502167500000001 0.9091581968750001 0.8442263593750001 0.9941485078125 0.8368155171874999 0.9976510171875 0.8357805328125 0.97745525 0.6712992156250001 0.9272214999999999 0.518370203125 0.8544111296875 0.5412236140625 0.8518704328125001 0.5451651609375 0.798433615625 0.5632200703125 0.7349909234374999 0.5933923125 0.725905375 0.5932980156250001 0.706124471875 0.5799985921874999 0.6714871453125 0.549165503125 0.6361901390625 0.56055628125 0.61981950625 0.6049181124999999 0.6184395453125 0.6065270296875 0.6298362015625 0.6318667234374999 0.6305073421875 0.6327491125
1 0.5029215875 0.7076995140625 0.5000538062500001 0.7645462375000001 0.6706295250000001 0.786102703125 0.73343573125 0.7920415125 0.6800330734375 0.7742271046875 0.623314759375 0.7402535484375 0.60767510625 0.7372857734375 0.598107378125 0.7439596359375 0.5856145500000001 0.746715584375 0.559013578125 0.734095503125 0.54595081875 0.7222571828125 0.540723890625 0.7045686609375 0.542551034375 0.6945681515625 0.5431683828125 0.6938920375000001 0.5576314265625 0.6780522640625 0.5573464609375 0.67075513125 0.5534721203124999 0.6626086203125 0.513285415625 0.6718931046875001 0.5058063046875 0.671457075 0.5081536437499999 0.678550646875 0.5084399640624999 0.6935461640625 0.50772318125 0.7003720625 0.5029215875 0.7076995140625
5 0.4678845984375 0.8574582749999999 0.31704534687499997 0.7248466078125 0.325413365625 0.7610665062499999 0.329959303125 0.7865157109375 0.3168192359375 0.7503085328125 0.2968945828125 0.7071308843749999 0.332041340625 0.8695188015624999 0.3373084375 0.8647776140625 0.341298965625 0.84999775 0.3414256859375 0.8507071546875 0.3465038609375 0.8676040437499999 0.3479858703125 0.8691599203125 0.466068915625 0.8665020828125 0.45691183437499994 0.8604468328125 0.4678845984375 0.8574582749999999
0 0.37565404999999996 0.62560575 0.3979124234375 0.6479614671875 0.4173200171875 0.6572435578125 0.42554186562499996 0.6551632265625 0.4519814875 0.6544197656249999 0.462008628125 0.6626996671875001 0.465532459375 0.66910911875 0.513285415625 0.6718931046875001 0.5534721203124999 0.6626086203125 0.54828619375 0.6517042515625 0.5489833734375 0.6424534953125 0.556608146875 0.6299080953125 0.5728710734375 0.6230231765625 0.5774015921875 0.615134775 0.5980997921875 0.6095383046875 0.6122725046874999 0.6137172734375 0.61981950625 0.6049181124999999 0.637598759375 0.5567391390624999 0.63764801875 0.507949503125 0.6189076124999999 0.446134959375 0.5819870328125 0.40653070312499995 0.55291116875 0.38919351875 0.52066323125 0.38386095625 0.4867930453125 0.3880196921875 0.41968649999999996 0.42041883125 0.3898869875 0.44637881874999996 0.3716425046875 0.4718492421875 0.3591152796875 0.49847609375 0.3504582703125 0.53391985625 0.3511239609375 0.5696127515625 0.356792546875 0.5930762296875 0.37565404999999996 0.62560575
6 0.49678491406249997 0.823622109375 0.4947261796875 0.8068550640625001 0.4671648359375 0.672078228125 0.462008628125 0.6626996671875001 0.4519814875 0.6544197656249999 0.42554186562499996 0.6551632265625 0.33329689375 0.67850348125 0.323918334375 0.6836596890625 0.3175504765625 0.6929514765625 0.3147295375 0.71482291875 0.325413365625 0.7610665062499999 0.3414256859375 0.8507071546875 0.3465038609375 0.8676040437499999 0.3614450046875 0.883289909375 0.3758674109375 0.882520228125 0.4863070625 0.8524407 0.4949072 0.836867825 0.49678491406249997 0.823622109375
6 0.623314759375 0.7402535484375 0.6800330734375 0.7742271046875 0.772413396875 0.8050439375 0.792287934375 0.7977155671875 0.8191114031250001 0.7773137718750001 0.8264717765625 0.782520134375 0.8500105015624999 0.7851290359374999 0.8579202390624999 0.7798807703125 0.8629787859375 0.771316525 0.868438878125 0.75109378125 0.8648699375 0.7319796625 0.8424825140625 0.7188422234375 0.83075010625 0.7178387421875 0.8257449031249999 0.7019560265625 0.8132315078125 0.6796630765625 0.8027982171874999 0.669334928125 0.708221209375 0.6455089265625 0.6500765296875 0.6447050625 0.6324200125 0.6352638140625 0.617118665625 0.6151462140625 0.5980997921875 0.6095383046875 0.5774015921875 0.615134775 0.5728710734375 0.6230231765625 0.556608146875 0.6299080953125 0.5489833734375 0.6424534953125 0.54828619375 0.6517042515625 0.5573464609375 0.67075513125 0.5576314265625 0.6780522640625 0.542551034375 0.6945681515625 0.540723890625 0.7045686609375 0.54595081875 0.7222571828125 0.559013578125 0.734095503125 0.5856145500000001 0.746715584375 0.598107378125 0.7439596359375 0.60767510625 0.7372857734375 0.623314759375 0.7402535484375