3 0.3542168546875 0.6653272921875 0.35133709999999996 0.664280109375 0.34935069687500003 0.65858575625 0.34164319062500004 0.680713759375 0.34105677968750003 0.68569825 0.37712102812500004 0.68569825 0.4026298875 0.684525428125 0.40432813437500004 0.6801680828125 0.39976505625000003 0.6665431171875 0.3958424 0.665850884375 0.3957387078125 0.66605826875 0.394271625 0.668992434375 0.3853705640625 0.6695160265625 0.373327953125 0.667421659375 0.3607617515625 0.66166215 0.3542168546875 0.6653272921875
4 0.5634450546875 0.3592198421875 0.561415065625 0.35642860625 0.5671260796875 0.3351420984375 0.5510666468750001 0.339101959375 0.5379857968749999 0.3442849375 0.5066411203125 0.363289190625 0.5031858015624999 0.36723812499999997 0.5021985671875 0.378838125 0.5049134609375 0.41166365312500003 0.508121971875 0.43338279843749994 0.51059005625 0.43831896875 0.5146267546875001 0.43973780781249994 0.527648284375 0.427941834375 0.5364165453124999 0.4104053125 0.5384318125 0.40887648906249996 0.5786343375 0.378378021875 0.577325171875 0.36570716875 0.57435625 0.364548565625 0.570042521875 0.3604885859375 0.5634450546875 0.3592198421875
5 0.5893914546875 0.37021745 0.593775584375 0.3713134828125 0.594169596875 0.372280603125 0.5951636437500001 0.3726685234375 0.6050598421875 0.34424866718749997 0.6053135921874999 0.34171118125 0.60252235625 0.3401886890625 0.60252235625 0.3376512015625 0.603283603125 0.3356212125 0.6073435828125 0.3366362078125 0.608104828125 0.326232509375 0.605821090625 0.32014254062499997 0.600746115625 0.31456006875 0.585774940625 0.30720135625 0.5806999671875 0.3069476078125 0.5725800078125001 0.3148138171875 0.561415065625 0.35642860625 0.5634450546875 0.3592198421875 0.570042521875 0.3604885859375 0.5743562484375 0.3645485640625 0.589218665625 0.3703485328125 0.5893914546875 0.37021745
3 0.62242011875 0.5458984375 0.6337807125 0.5458984375 0.6301896734375 0.532585315625 0.61207464375 0.4527449984375 0.6067072265625 0.4446938734375 0.598991565625 0.4416747015625 0.5902695140625001 0.4443584109375 0.570141703125 0.45811241562499994 0.5661161421875 0.462137978125 0.62242011875 0.5458984375
1 0.3337244921875 0.516961903125 0.33045689375 0.5243882640625 0.33758619843750004 0.5555789796874999 0.339962634375 0.5597377406249999 0.3444184515625 0.5621141765625 0.3609592640625 0.5489937890625 0.3579202828125 0.548673896875 0.3558803953125 0.545359078125 0.3558803953125 0.5407693296875 0.36862264375 0.5287855484375 0.37141995625 0.498414740625 0.3423390703125 0.5024062359375 0.34055674375 0.5032974 0.3414479078125 0.5083473234375 0.3337244921875 0.516961903125
1 0.3609592640625 0.5489937890625 0.3627650171875 0.5491838687499999 0.36769019531249997 0.545937728125 0.36710171406250003 0.5613853265625 0.36820934375 0.5631575328125 0.365540696875 0.5659373734375001 0.3661362140625 0.5715947984375 0.3521071 0.5732452828125 0.348280159375 0.5668670484375 0.3444184515625 0.5621141765625 0.359595384375 0.600215146875 0.3650410859375 0.6005293218750001 0.3740566046875 0.605412728125 0.4327993078125 0.4920093296875 0.3609592640625 0.5489937890625
3 0.7149883046875 0.348720525 0.709754378125 0.3438355265625 0.6874229546875 0.3337166 0.6591597484375 0.32848267343750004 0.6420622515625001 0.33057624375 0.6375261812499999 0.3344144578125 0.6343858265625 0.34313767031250003 0.6288029703125 0.46037763906249995 0.6301986828125 0.47398585000000004 0.63368796875 0.47956870625 0.6329901125 0.4844537046875 0.6350836828124999 0.49945762968749996 0.643457965625 0.5092276265625 0.6609043906250001 0.5179508390625001 0.6790486703124999 0.5217890515625 0.695448309375 0.520044409375 0.7006822374999999 0.516555125 0.7027758078125 0.511321196875 0.7090565203125 0.5099254828124999 0.7132436625 0.4973640578125 0.7111500921875 0.47154334999999997 0.713592590625 0.4596797828125 0.713592590625 0.41676157968750005 0.7184775890624999 0.36512016406250003 0.7170818765625 0.353605525 0.7149883046875 0.348720525
1 0.4552700640625 0.622916359375 0.44890771718750005 0.6074649437499999 0.451724503125 0.6057044515625 0.454958959375 0.598265203125 0.45592929687500006 0.5772412390625 0.45466361875 0.5735592640625 0.472916453125 0.576277771875 0.475188396875 0.5762323328125001 0.478734225 0.4953349359375 0.4502269984375 0.49327106406250004 0.3684094390625 0.5634758093750001 0.37698715781250003 0.565440171875 0.3691745609375 0.5704315531249999 0.4348118328125 0.651608390625 0.43615896562499995 0.6511903140624999 0.44636900468749996 0.6417656625 0.45343749375 0.6310320328125 0.4552700640625 0.622916359375
1 0.39976505625000003 0.6665431171875 0.4101942171875 0.697683709375 0.42126533750000006 0.6987908218750001 0.45420795625 0.6755965296875 0.4348118328125 0.651608390625 0.42097480468750004 0.655902640625 0.41128835625000004 0.6624475375000001 0.4060524390625 0.6632329265625 0.4002929296875 0.6666362718750001 0.39976505625000003 0.6665431171875
1 0.508688646875 0.6293951125 0.5078832125 0.6119440390625 0.4990234375 0.609259259375 0.4990234375 0.583485365625 0.5049299546875 0.568719071875 0.5084201687500001 0.567645159375 0.5159375546875 0.57167233125 0.5258712437499999 0.5722092875 0.558785903125 0.5672605796875 0.526810021875 0.4965583515625 0.5216434984375 0.4954512390625 0.506148853125 0.5058864078124999 0.49904355 0.5757552296874999 0.475188396875 0.5762323328125001 0.46997826875 0.6951004484375 0.4744067171875 0.6958385234375 0.5095889125 0.6695757578125 0.509225603125 0.6514103125 0.51110495 0.6366440203125 0.508688646875 0.6293951125
6 0.5380768578125 0.8558900484375 0.5439203046875 0.867233209375 0.553201071875 0.87067053125 0.5607631796875 0.8665457453125001 0.569700215625 0.8565775125 0.5879180203125001 0.8548588531249999 0.6030422343749999 0.8500466015624999 0.6466962171875 0.8142984578125001 0.6931000578125001 0.76789461875 0.6979123078125 0.761019975 0.701005896875 0.7510517421875 0.701005896875 0.741770975 0.6975685765625 0.7293966171874999 0.691037665625 0.7221782421875 0.688631540625 0.712553740625 0.6800382359375 0.6994919203125 0.6748822546875 0.6943359375 0.659070575 0.6943359375 0.6535708609374999 0.6960545984375 0.645665021875 0.702929240625 0.5762311265625 0.7761441890625 0.57073875625 0.7830605078125 0.5739080453125001 0.78691060625 0.5727780499999999 0.7993405499999999 0.558088115625 0.8215637828125001 0.5547717234375 0.8234838 0.5535448046875 0.8283914765624999 0.5480450890624999 0.8325162625000001 0.5377331265625 0.847984209375 0.5380768578125 0.8558900484375
5 0.4298263359375 0.5083861078125 0.428518184375 0.5093500093750001 0.3959131984375 0.5333747359375 0.38520378593750004 0.5343946796875 0.36769019531249997 0.5459377296875 0.367101715625 0.561385328125 0.3684080703125 0.5634754953125001 0.37698715781250003 0.565440171875 0.3792726921875 0.5639799703125 0.43878668125000003 0.5639799703125 0.4484900484375 0.564303415625 0.45237139531250004 0.5668909796875 0.45466361875 0.5735592640625 0.472916453125 0.576277771875 0.49904355 0.5757552296874999 0.506881678125 0.49868029687500004 0.48885398281250003 0.49606758749999996 0.42774671406250003 0.49164353125 0.4316112375 0.500736528125 0.432121209375 0.505071290625 0.4298263359375 0.5083861078125
1 0.508688646875 0.6293951125 0.51110495 0.6366440203125 0.509225603125 0.6514103125 0.509762559375 0.67825811875 0.5156690765625 0.6871178953125 0.5315092828125 0.685775503125 0.5803722875 0.6908765875 0.583594025 0.6930244109375 0.5932592343749999 0.6951722359375 0.6112472640625 0.7158450453125 0.6227918203125 0.7177243921875001 0.6217179078124999 0.712623309375 0.6327255093749999 0.7051059234375 0.6364842015625001 0.6975885374999999 0.6488341906249999 0.6916820218749999 0.65017658125 0.68819180625 0.653935275 0.68497006875 0.6547407093750001 0.6822852890625 0.6515189734375 0.6809428984375 0.6429276749999999 0.6841646359375 0.6402428953125 0.6836276796874999 0.6394374593750001 0.6817483328125 0.6402428953125 0.6626863921874999 0.638900503125 0.6589276984375 0.6394374593750001 0.6500679234375 0.6372896359375 0.6460407515625 0.6372896359375 0.6320798921875 0.6418537625 0.567645159375 0.64077985 0.5485832171875 0.6378265921875 0.5458984375 0.603729878125 0.5458984375 0.6026559671875 0.5480462625 0.6026559671875 0.5606647296875 0.5258712437499999 0.5722092875 0.5159375546875 0.57167233125 0.5084201687500001 0.567645159375 0.5049299546875 0.568719071875 0.4990234375 0.583485365625 0.4990234375 0.609259259375 0.5078832125 0.6119440390625 0.508688646875 0.6293951125
4 0.5739080453125001 0.78691060625 0.523058275 0.7251375515625 0.506636021875 0.7177314375 0.5088644328124999 0.72598966875 0.5171837265625 0.7461936687499999 0.515103903125 0.755404315625 0.507081728125 0.7675861390625001 0.5026770875000001 0.771651959375 0.5430215171875 0.8226937781249999 0.5509314828125 0.8257070984375 0.558088115625 0.8215637828125001 0.5727780499999999 0.7993405499999999 0.5739080453125001 0.78691060625
6 0.3958424 0.665850884375 0.4002929296875 0.6666362718750001 0.4060524390625 0.6632329265625 0.41128835625000004 0.6624475375000001 0.42097480468750004 0.655902640625 0.43615896562499995 0.6511903140624999 0.44636900468749996 0.6417656625 0.45343749375 0.6310320328125 0.4552700640625 0.622916359375 0.44890771718750005 0.6074649437499999 0.446549375 0.6089389078125 0.3805664734375 0.6089389078125 0.3761314359375 0.6065365953125 0.3759459125 0.6066850140625 0.36207073125 0.6257961140625 0.35552583437499996 0.643598234375 0.350289915625 0.6446454171875 0.34688656875 0.6475251734375 0.3474101609375 0.6530228859375 0.35133709999999996 0.6642801078125 0.3542168546875 0.6653272921875 0.3607617515625 0.66166215 0.3733279546875 0.667421659375 0.3853705640625 0.6695160265625 0.3942716234375 0.668992434375 0.3958424 0.665850884375
3 0.432121209375 0.505071290625 0.4316112375 0.500736528125 0.42294171406250003 0.4803376484375 0.4196268953125 0.47957269062499996 0.383418884375 0.5083861078125 0.37729922031249996 0.5206254359375 0.3558803953125 0.5407693296875 0.3558803953125 0.545359078125 0.3579202828125 0.548673896875 0.3627650171875 0.5491838687499999 0.38520378593750004 0.53439468125 0.3959131984375 0.5333747359375 0.4298263359375 0.5083861078125 0.432121209375 0.505071290625
3 0.454958959375 0.598265203125 0.45592929687500006 0.5772412390625 0.45237139531250004 0.5668909796875 0.4484900484375 0.564303415625 0.43878668125000003 0.5639799703125 0.379272690625 0.5639799703125 0.36762865 0.57141921875 0.32364004999999996 0.5765943484375 0.32040559375 0.5820929234375 0.3200821484375 0.588561834375 0.3233166046875 0.5956776374999999 0.340135775 0.596001084375 0.348221915625 0.5995589859375 0.3650410859375 0.6005293218750001 0.3805664734375 0.6089389078125 0.446549375 0.6089389078125 0.451724503125 0.6057044515625 0.454958959375 0.598265203125
3 0.593775584375 0.3713134828125 0.5893914546875 0.37021745 0.5364165453124999 0.4104053125 0.527648284375 0.427941834375 0.4965940265625 0.4560733375 0.49622868281250004 0.462649534375 0.49915143593750005 0.46776435312500003 0.50572763125 0.46849504062499997 0.538608609375 0.447670421875 0.5539530671875 0.4469397328125 0.603274534375 0.41186668906249996 0.60656263125 0.4067518703125 0.6058319437499999 0.4009063640625 0.593775584375 0.3713134828125
6 0.40992425624999995 0.7901670796875 0.42418590468749995 0.79670366875 0.43785331562499996 0.799080609375 0.44795531562499996 0.7984863734375 0.449738021875 0.7949209625 0.45478902187500003 0.795812315625 0.46132560937499995 0.7919497859375 0.46726796249999997 0.791058434375 0.478261315625 0.7836304921874999 0.49549413906249995 0.7782823734375001 0.507081728125 0.7675861390625001 0.515103903125 0.755404315625 0.5171837265625 0.7461936687499999 0.5088644328124999 0.72598966875 0.5038134328125 0.70727125625 0.49876243281250005 0.7010317859375 0.4830151984375 0.6989519625 0.45865155 0.7141049625 0.44052737343750004 0.7170761390625 0.42715707968750005 0.727772375 0.4114098453125 0.7494619625000001 0.40398190468750006 0.7696659625 0.39803955 0.770854434375 0.394177021875 0.7741227281249999 0.39477125625 0.7803621984375 0.399228021875 0.79313825625 0.402496315625 0.7943267281249999 0.40992425624999995 0.7901670796875