3 0.322516734375 0.6680668843750001 0.35838341875 0.671836625 0.38387513125 0.6733366296875001 0.3860195421875 0.6691806703125 0.38290565781249997 0.655153371875 0.3790768484375 0.6540549015625 0.378952046875 0.6542503109375 0.377186296875 0.6570150515625001 0.368279265625 0.6566053609375 0.356521546875 0.653263671875 0.3446262171875 0.6462221875 0.3377340625 0.6491831234375 0.33497954375 0.6478406609375 0.33359924375 0.6419698671875 0.3236209546875 0.663170996875 0.322516734375 0.6680668843750001
4 0.5540543625 0.3491085578125 0.5208949109375001 0.3647322921875 0.51704574375 0.368298415625 0.5148513875 0.379731675 0.5141202078125 0.412661165625 0.5150408718749999 0.43459671093749996 0.516979465625 0.4397638265625 0.5208457421875 0.4415968421875 0.535028953125 0.431226609375 0.545582246875 0.4147026875 0.5477462796875 0.4133928921875 0.590916528125 0.38726380625 0.590939 0.3745255203125 0.5881074484375 0.3730629265625 0.5842417359375001 0.36857428125 0.5778130296875 0.3666228640625 0.576085925 0.363634728125 0.5839906984375001 0.34306179375 0.5676053234375 0.34532129375 0.5540543625 0.3491085578125
5 0.6207647609375 0.3560836328125 0.6212823609375 0.35358657187500003 0.618665559375 0.35178065625 0.6189307984375 0.34925707031250003 0.6199000671875 0.34731777343750003 0.623831709375 0.3487515921875 0.6256762671875 0.33848445781250003 0.624041615625 0.332189134375 0.61957796875 0.3261067640625 0.6054580031250001 0.31722345 0.6004373546874999 0.3164406125 0.591539634375 0.3234149625 0.576085925 0.363634728125 0.5778130296875 0.3666228640625 0.5842417359375001 0.36857428125 0.5881074468749999 0.373062925 0.602282184375 0.3803846671875 0.6024677296875 0.3802723640625 0.6067132765625 0.381820659375 0.6070040375 0.3828236671875 0.607952090625 0.38331336875 0.6207647609375 0.3560836328125
3 0.6119037374999999 0.4561507890625 0.6045459328125 0.45234165 0.5955911375 0.4540989546875 0.5741359046875 0.465673684375 0.569711609375 0.46925640937499996 0.6169517953125 0.5584433875 0.6282501546875 0.55963089375 0.6260703875 0.5460153359375 0.6164001796874999 0.46471885625000003 0.6119037374999999 0.4561507890625
1 0.33877804375 0.5455112078125001 0.3565996984375 0.53419168125 0.353610803125 0.5335558812500001 0.3519285828125 0.5300459953125001 0.3524083421875 0.525481390625 0.36633343281249997 0.514895184375 0.3722900359375 0.48498315 0.3429512328125 0.48591300000000004 0.34108551875000004 0.486612978125 0.341443940625 0.4917283890625 0.332862365625 0.4994884609375 0.3288364015625 0.5065325828125 0.3326663328125 0.538297646875 0.3345950421875 0.54268203125 0.33877804375 0.5455112078125001
1 0.36232954687499996 0.5490356750000001 0.359384946875 0.5515213375 0.3593858390625 0.55721001875 0.34526105625 0.5573850203124999 0.3421217875 0.5506417015625 0.33877804375 0.5455112078125001 0.3498892 0.5849898796875 0.3552722296875 0.5858715640625001 0.3637279046875 0.591670596875 0.43400269218750004 0.48502871875000003 0.3565996984375 0.53419168125 0.358375690625 0.534569471875 0.3636132015625 0.5318559359374999 0.36141323125 0.5471573984375 0.36232954687499996 0.5490356750000001
3 0.658993625 0.3463539140625 0.6540812 0.349696953125 0.650046225 0.358044121875 0.6322390390625 0.4740582703125 0.6322046593749999 0.48773782656250003 0.6350912640625 0.4936548296875 0.633886609375 0.49844012031249996 0.6344003734375 0.513580690625 0.6417075375 0.5241725171875 0.658146565625 0.534671590625 0.675790246875 0.540385371875 0.6922824125 0.540364515625 0.697852396875 0.537441440625 0.70048159375 0.5324550218749999 0.706873790625 0.5317234671875 0.712351021875 0.5196685296875 0.7129679203125 0.4937704328125 0.71663711875 0.48222716718749997 0.7211232921875 0.43954407343749996 0.731379528125 0.3886961765625 0.7311950687500001 0.3770987234375 0.7296235875 0.372021646875 0.7249289546875 0.3666163140625 0.7037775796875 0.3542185515625 0.6762162968750001 0.3460589875 0.658993625 0.3463539140625
1 0.44809681250000005 0.5722114609375 0.44722293906250005 0.56841735625 0.46509162187499997 0.5730289125 0.46735586875 0.5732212046875 0.479338353125 0.4931376125 0.451203025 0.48810523124999994 0.36249527656249997 0.5493731234375 0.370820675 0.552223340625 0.362529134375 0.5563707390625 0.4193215484375 0.6439638453125001 0.42070500156249996 0.643688871875 0.4318442546875 0.635383090625 0.43999599062500006 0.62544711875 0.442666840625 0.617567459375 0.4379544609375 0.6015356421875 0.44093983750000004 0.600079228125 0.4449341875 0.5930188249999999 0.44809681250000005 0.5722114609375
1 0.4193215484375 0.6439638453125001 0.40511145 0.6467882078125 0.3947939359375 0.6522847406250001 0.38950460625 0.652518525 0.38342090156249997 0.65530119375 0.38290565781249997 0.655153371875 0.39002260781250003 0.6872135171875 0.4009173546875 0.6894718109375 0.436103975 0.669848021875 0.4193215484375 0.6439638453125001
1 0.4977198484375 0.5688579421875 0.501303196875 0.5681547390625 0.5083584484375 0.57294563125 0.5181815921874999 0.5745179984375001 0.5514332234375 0.57303691875 0.5270229046875 0.499379615625 0.5220004078125 0.49773851875 0.505499871875 0.5064968921874999 0.4911302125 0.5752402578125 0.46735586875 0.5732212046875 0.44974918124999996 0.6908935421875 0.45407622031250006 0.6920904734375 0.49181089062499994 0.66964911875 0.49334837656249997 0.6515452093749999 0.4967609265625 0.637056253125 0.4951155765625 0.6295944828125 0.49613868906249997 0.61215481875 0.487608084375 0.6085586468749999 0.490302190625 0.5829259453125 0.4977198484375 0.5688579421875
6 0.532045890625 0.8619098 0.5503435453125001 0.862104834375 0.565887925 0.8588998562500001 0.613039465625 0.8279106281249999 0.6640396234375 0.786611515625 0.6695441062499999 0.78027755 0.6736627125 0.7706872921875 0.6746328171875 0.761457365625 0.6725078 0.7487914984375 0.666767190625 0.74093 0.66538028125 0.7311067140625 0.658199384375 0.7172182031250001 0.6536105937500001 0.71155151875 0.6378855328124999 0.7098987484375 0.6322362984375001 0.7110331171875 0.6236551718750001 0.7170437140625 0.546948596875 0.7825997640625 0.5407633625 0.7889040859375 0.5435128453125 0.7930643749999999 0.54108975625 0.8053081093750001 0.524157334375 0.8258740843749999 0.5206584140625 0.8274369265624999 0.518925225 0.8321894703125 0.5130244796875 0.8357167828125001 0.501152165625 0.8500221015625 0.5006676296875 0.8579205609375 0.50529338125 0.8698123890625 0.5141640093750001 0.8742009859375001 0.5221158484374999 0.8708892515625 0.532045890625 0.8619098
5 0.3636132015625 0.5318559375 0.36141323281250004 0.5471574 0.3624939484375 0.5493726671875 0.370820675 0.552223340625 0.3732463203125 0.551010040625 0.4324342859375 0.5572309468750001 0.4420506875 0.5585668984375001 0.44564029843749997 0.5615459984375 0.44722293906250005 0.56841735625 0.46509162187499997 0.5730289125 0.4911302125 0.5752402578125 0.5069819265625 0.4994068578125 0.489326090625 0.494924053125 0.4290160140625 0.48413678437499996 0.43190889062500004 0.493583921875 0.4319629625 0.49794824374999996 0.4293341671875 0.501005021875 0.4279324265625 0.5018269046875 0.3929947875 0.5223118718750001 0.382237428125 0.5222067906250001 0.3636132015625 0.5318559375
1 0.49602409375 0.6877307078125 0.5119178437499999 0.688051421875 0.5599799640625001 0.6982321375 0.56295954375 0.7007049578125 0.5723472968750001 0.70385130625 0.5880758890625 0.7262911296875 0.5993607578125 0.729366915625 0.5988259359375 0.7241815218750001 0.61055901875 0.7178559250000001 0.6150829 0.7107726109375 0.627982634375 0.7061893765625 0.6296824984375 0.7028585984375 0.6337573640625 0.7000474015625 0.634839021875 0.6974615203125001 0.631775253125 0.6957897203125001 0.6228942562500001 0.6980957734375 0.6202803109375 0.697281121875 0.6196757328125 0.6953278796875 0.622469271875 0.6764545531249999 0.6215271234374999 0.67257613125 0.6229872375000001 0.66382101875 0.6212721343750001 0.6595913999999999 0.622731440625 0.64570701875 0.6340058281250001 0.5821023484375 0.6349303140625 0.563032575 0.6322738703125 0.560053803125 0.5983639421875 0.5564897265625001 0.5970714046875 0.55851353125 0.595752415625 0.5710628718749999 0.5181815921874999 0.5745179984375001 0.5083584484375 0.57294563125 0.501303196875 0.5681547390625 0.4977198484375 0.5688579421875 0.490302190625 0.5829259453125 0.487608084375 0.6085586468749999 0.49613868906249997 0.61215481875 0.4951155765625 0.6295944828125 0.4967609265625 0.637056253125 0.49334837656249997 0.6515452093749999 0.49107603125 0.6783020671875 0.49602409375 0.6877307078125
4 0.491355346875 0.7466411828124999 0.4883241421875 0.7555839718749999 0.479072565625 0.766860515625 0.4742670609375 0.770443653125 0.50905515625 0.8254230015624999 0.5166068125 0.82924663125 0.524157334375 0.8258740843749999 0.54108975625 0.8053081093750001 0.5435128453125 0.7930643749999999 0.49939867656250003 0.7263144703125 0.4838405359375 0.717232334375 0.48519352031249996 0.725678259375 0.491355346875 0.7466411828124999
6 0.40511145 0.6467882078125 0.42070500156249996 0.643688871875 0.4318442546875 0.635383090625 0.43999599062500006 0.62544711875 0.442666840625 0.617567459375 0.4379544609375 0.6015356421875 0.4354549671875 0.6027550171875 0.3698335265625 0.5958579265624999 0.36567389375000003 0.5930051859375001 0.3654738734375 0.5931333999999999 0.34967704843749997 0.6106894546875 0.3413071765625 0.627709925 0.3359904796875 0.62820406875 0.3323047609375 0.6307123031249999 0.3322508171875 0.6362346296875 0.33497954375 0.647840659375 0.3377340625 0.6491831234375 0.3446262171875 0.6462221875 0.3565215484375 0.653263671875 0.368279265625 0.6566053609375 0.3771862953125 0.6570150515625001 0.3790768484375 0.6540549015625 0.38342090156249997 0.65530119375 0.38950460625 0.652518525 0.3947939359375 0.6522847406250001 0.40511145 0.6467882078125
3 0.383180940625 0.4961541234375 0.3758154421875 0.5076867234375 0.3524083421875 0.525481390625 0.3519285828125 0.5300459953125001 0.353610803125 0.5335558812500001 0.358375690625 0.534569471875 0.382237428125 0.5222067921875 0.3929947875 0.5223118718750001 0.4293341671875 0.501005021875 0.4319629625 0.49794824374999996 0.43190889062500004 0.493583921875 0.4254191234375 0.4723905765625 0.4222024234375 0.47128331718750005 0.383180940625 0.4961541234375
3 0.4324342859375 0.5572309468750001 0.37324631875000003 0.551010040625 0.360888453125 0.557191403125 0.316599878125 0.557740121875 0.3128083828125 0.5628704828125 0.311810525 0.569270146875 0.3142834578125 0.5766850609375 0.3309766828125 0.5787648187500001 0.33864662343749996 0.5831484609375 0.3552722296875 0.5858715640625001 0.3698335265625 0.5958579265624999 0.4354549671875 0.6027550171875 0.44093983750000004 0.600079228125 0.4449341875 0.5930188249999999 0.44809681250000005 0.5722114609375 0.44564029843749997 0.5615459984375 0.4420506875 0.5585668984375001 0.4324342859375 0.5572309468750001
3 0.501204271875 0.45595795156249996 0.5001535296874999 0.462459934375 0.5025256265625 0.46785224375 0.5089894203124999 0.46926632812499997 0.5438670375 0.45199278749999994 0.5592038140625 0.45287003437499995 0.611921225 0.42314462031250005 0.615725953125 0.418401521875 0.6156102906250001 0.41251165937499995 0.6067132765625 0.381820659375 0.6024677296875 0.3802723640625 0.545582246875 0.4147026875 0.535028953125 0.431226609375 0.501204271875 0.45595795156249996
6 0.41918572656249997 0.788051546875 0.4241158859375 0.789465990625 0.431020409375 0.7863078796875 0.43702338125000006 0.78604255625 0.4487329421875 0.7798044234375 0.46643039374999995 0.7762869234374999 0.479072565625 0.766860515625 0.4883241421875 0.7555839718749999 0.491355346875 0.7466411828124999 0.48519352031249996 0.725678259375 0.482126796875 0.706534415625 0.47775566875 0.6998011515625 0.4623121 0.6960866875 0.43649799843750003 0.7086099828125 0.4181625359375 0.709670390625 0.403747425 0.7189104562499999 0.38581927656250004 0.7388351906249999 0.3763201328125 0.7581520796875 0.37028610156249997 0.758712896875 0.366103103125 0.7615595421875 0.36604188125000003 0.767826946875 0.36913877031250003 0.7809988734375 0.37226492968749997 0.7825224656249999 0.38008698124999996 0.779162034375 0.39358724375 0.7871535640625 0.40693132500000007 0.7909461171875 0.4170401 0.7914110828124999 0.41918572656249997 0.788051546875