5 0.7721054984375 0.632694596875 0.767836159375 0.673236525 0.7660866515625 0.6734204046875 0.7346657671875 0.6706000296875 0.7319585734375 0.6813921890625 0.7727095390625001 0.6756538140624999 0.7721054984375 0.632694596875
0 0.6530684 0.7439060109375 0.6526385125 0.7510112906249999 0.6314196765625 0.7675924734375 0.642532465625 0.7704477953125 0.7029597890625 0.727769153125 0.7273928703125 0.699593240625 0.7346657671875 0.6706000296875 0.7209663734375 0.6693703578125 0.678273146875 0.7091066984375 0.648833471875 0.73173853125 0.6530684 0.7439060109375
5 0.52935235 0.3615239484375 0.5496710921875 0.3961752859375 0.5502031281249999 0.3972433015625 0.575331815625 0.36110815937499996 0.5477874078125 0.3595863453125 0.5307319984375 0.35598352499999997 0.52935235 0.3615239484375
6 0.7798393546875 0.711341884375 0.7918197671875 0.7052974234375 0.8498624765624999 0.690496396875 0.8761871125 0.6969618015625 0.8878827312500001 0.6871789625 0.877015115625 0.679621528125 0.8478883625 0.6813092421875 0.8290594046875001 0.6764200875 0.8156418249999999 0.666383403125 0.8034142187500001 0.6676685765625 0.7539543546874999 0.6806509296875001 0.743822471875 0.6931627625 0.74160433125 0.7025534421875 0.7460009640624999 0.744384615625 0.749443821875 0.7449883015625 0.762399784375 0.7275306671874999 0.7798393546875 0.711341884375
6 0.8761871125 0.6969618015625 0.7656362265625 0.7894324484374999 0.7684131890625 0.7930223609375 0.7720040171875 0.7947834328125001 0.768454428125 0.7963670375 0.75292855 0.8000618265625 0.8301380937499999 0.8517224828125001 0.8406403703124999 0.8517159718749999 0.8844884578125001 0.699000634375 0.8761871125 0.6969618015625
1 0.4730739171875 0.5410837625 0.45319305468750004 0.544065890625 0.3932305484375 0.6753497875 0.3969737125 0.6853506140625 0.63653566875 0.7414925609374999 0.48473685 0.4913840359375 0.479475890625 0.4989493140625 0.47407149375 0.5148472296875 0.49800766875 0.540632775 0.4991873640625 0.5416277828125 0.4730739171875 0.5410837625
6 0.7796397359375 0.5611490078125 0.7755013125 0.6004477390625 0.8232759328125001 0.584405278125 0.8383354515624999 0.5724917265625 0.8466880453125001 0.5536709796875 0.8567928578125 0.5515214765625001 0.862312796875 0.5471352484375 0.8617475656250001 0.5417574265625 0.8811658640625 0.529929471875 0.8852711015624999 0.522429596875 0.8853325156249999 0.5193022125 0.8745032015625 0.52648434375 0.8488979343749999 0.529175565625 0.774270071875 0.512374759375 0.7767922281249999 0.51722745 0.7800740734375 0.5316227953125 0.7796397359375 0.5611490078125
3 0.6359416546875 0.735840896875 0.6481377109375 0.7322734 0.678273146875 0.7091066984375 0.7209663734375 0.6693703578125 0.6571601546875 0.6636430359375 0.6527697406249999 0.6723590453125 0.647183225 0.6753046578124999 0.607580209375 0.6442623937499999 0.6209253 0.6655566328125 0.6367514765625 0.7063689906249999 0.6378152765625 0.7115011015625 0.6353029515624999 0.71753346875 0.6176933359375 0.734591684375 0.615645159375 0.7400508765625 0.6208073296875 0.7548824375 0.63653566875 0.7414925609374999 0.6359416546875 0.735840896875
1 0.607580209375 0.6442623937499999 0.606060209375 0.6430709640625001 0.59185050625 0.6368995171875 0.5560022546875001 0.6324127625 0.554284275 0.6272868296875 0.5605485421874999 0.6083504796875 0.5614101734375 0.59410925 0.4991873640625 0.5416277828125 0.4730739171875 0.5410837625 0.379632125 0.5551000265625 0.3737352578125 0.5588661640625 0.371412946875 0.571695659375 0.3711917609375 0.589548234375 0.3773035515625 0.607783975 0.37187083125 0.6109769375 0.370750953125 0.6152897765625001 0.3970001953125 0.685421365625 0.3935876125 0.687877609375 0.3894663515625 0.68359124375 0.379611765625 0.684627003125 0.3809200921875 0.6970749015625 0.384139528125 0.7077487578125 0.388206275 0.7115164625 0.392790115625 0.7251932671875 0.39893151250000003 0.728742915625 0.41066446875 0.76054643125 0.42081653125 0.7773087375000001 0.41811262656250003 0.78650759375 0.43194044218750005 0.8631886468750001 0.5071464953125 0.855284171875 0.523418178125 0.8404641484375001 0.5687365234375 0.8126277484375001 0.5791658515625 0.802092525 0.59551695625 0.802995915625 0.6265308078125 0.7787605453124999 0.6269139671875 0.77242756875 0.615645159375 0.7400508765625 0.6176933359375 0.734591684375 0.6353029515624999 0.71753346875 0.6378152765625 0.7115011015625 0.6367514765625 0.7063689906249999 0.6209253 0.6655566328125 0.607580209375 0.6442623937499999
6 0.8303957828125 0.35313935625 0.7452163171875 0.343215321875 0.694877240625 0.34149480312499997 0.684413625 0.3454321703125 0.7015285437500001 0.35650917031249996 0.704780621875 0.36501153125 0.7035792359374999 0.3928495296875 0.7062481453125 0.40141318437500006 0.7143179296875 0.4164845203125 0.72732976875 0.42808836718750004 0.742795109375 0.4518161765625 0.774270071875 0.512374759375 0.8488979343749999 0.529175565625 0.8745032015625 0.52648434375 0.8860995875000001 0.5187934828125 0.895369990625 0.48384095781249997 0.9015310859375001 0.40391101718750005 0.9018995484375001 0.381759515625 0.8953604796875 0.3657273859375 0.8724528781249999 0.353033665625 0.8303957828125 0.35313935625
3 0.952886853125 0.80639646875 0.948584128125 0.782949778125 0.9408113515625001 0.7658425359375001 0.932725965625 0.7588792343749999 0.9201180484375 0.7569872171875 0.9115154343749999 0.7582289015625 0.911379590625 0.7584198843750001 0.9168800718749999 0.7735026421875 0.9147274171875001 0.7819943625 0.8975824484375 0.79684710625 0.8673484453125001 0.8113354656249999 0.7881358890625 0.802695084375 0.7720040171875 0.7947834328125001 0.768454428125 0.7963670375 0.72002941875 0.8078910359375 0.7007448671875001 0.8168118453125001 0.6977048171875 0.82724245 0.701051990625 0.8415976781250001 0.7067211796875 0.8474361484375 0.7174152484375 0.8486101296875 0.7329430859375 0.84330133125 0.7663180328125 0.8416318609375001 0.8101222109374999 0.8517348874999999 0.8409130515625 0.8517158031250001 0.88754296875 0.844976421875 0.9051511874999999 0.8463428875 0.9393643 0.8395297812500001 0.94666204375 0.83462640625 0.9517114984375 0.82582298125 0.952886853125 0.80639646875
6 0.911379590625 0.7584198843750001 0.9170648625 0.7504269203125 0.9181980453125 0.7446524984375 0.917089425 0.738243653125 0.9121988078125 0.7331023578125 0.91448843125 0.71763585 0.9120889953125 0.711362671875 0.8945176546875 0.7014638328125 0.8498624765624999 0.690496396875 0.7918197671875 0.7052974234375 0.7798393546875 0.711341884375 0.762399784375 0.7275306671874999 0.749443821875 0.7449883015625 0.7432391296875 0.7439003421875 0.7310778234375 0.74822371875 0.7304407984375 0.766996728125 0.7422609812500001 0.7718447187499999 0.7512966796875 0.7708950296875 0.7684131890625 0.7930223609375 0.7881358890625 0.802695084375 0.8673484453125001 0.8113354656249999 0.8975824484375 0.79684710625 0.9147274171875001 0.7819943625 0.9168800718749999 0.7735026421875 0.911379590625 0.7584198843750001
5 0.7035792359374999 0.3928495296875 0.704780621875 0.36501153125 0.7015285437500001 0.35650917031249996 0.649018846875 0.3225242078125 0.6315255390625001 0.313160215625 0.620200153125 0.31199211718750003 0.6064790359375001 0.321688821875 0.5767934265625 0.35900635625 0.479475890625 0.4989493140625 0.47407149375 0.5148472296875 0.49800766875 0.540632775 0.5614101734375 0.59410925 0.5605485421874999 0.6083504796875 0.554284275 0.6272868296875 0.5560022546875001 0.6324127625 0.59185050625 0.6368995171875 0.606060209375 0.6430709640625001 0.647183225 0.6753046578124999 0.6527697406249999 0.6723590453125 0.6571601546875 0.6636430359375 0.7660866515625 0.6734204046875 0.767836159375 0.673236525 0.7796397359375 0.5611490078125 0.7800740734375 0.5316227953125 0.7767922281249999 0.51722745 0.742795109375 0.4518161765625 0.72732976875 0.42808836718750004 0.7143179296875 0.4164845203125 0.7062481453125 0.40141318437500006 0.7035792359374999 0.3928495296875