3 0.46766037968749996 0.5719070312500001 0.4655332828125 0.55387483125 0.46550699062499995 0.5420881140625 0.465455128125 0.5188376906250001 0.4388997703125 0.5134200921875001 0.42494213125 0.5305010546875 0.4215185609375 0.5505090796875 0.4227673875 0.5606682515625 0.43046749218749997 0.5723530140624999 0.47567724062499994 0.58397014375 0.46766037968749996 0.5719070312500001
3 0.6042125578124999 0.5992710609375 0.6088531890625 0.5818163843749999 0.5273828265625 0.5892818375 0.532704009375 0.6144897281249999 0.579689815625 0.614017084375 0.5935568796874999 0.609993840625 0.6042125578124999 0.5992710609375
5 0.7754376374999999 0.37901204375 0.74433749375 0.41842364062500004 0.7906354531249999 0.3967480203125 0.79190996875 0.39702969375 0.7796873671875 0.3792347625 0.7754376374999999 0.37901204375
5 0.8154419421875 0.4312899859375 0.8319066375 0.4816329078125 0.84155151875 0.46930301874999997 0.8154419421875 0.4312899859375
6 0.4809932 0.706277259375 0.48608869375 0.7019107796874999 0.468927325 0.7047844546875 0.4558898953125 0.9535534437500001 0.4635057984375 0.96144685 0.4784253140625 0.9627640546875 0.53470223125 0.9614309609375 0.7587165140625001 0.9667473890625 0.7639407265625 0.9589915984375 0.766943378125 0.9425544984374999 0.764689421875 0.901622275 0.7628545375 0.9017412484375 0.742357946875 0.894527465625 0.7324678296875 0.9075162718750001 0.7242110187499999 0.908880328125 0.6916638171875 0.9479204734375 0.69097165 0.9495466875 0.6908798921875 0.9488607859375 0.6882773624999999 0.9519825015625001 0.682689028125 0.9578505671875 0.6741436609375 0.961363325 0.6645347078125 0.9599796078124999 0.6407174515625 0.9442091906250001 0.5554042515625001 0.8842896843749999 0.5465791546875 0.8763460437499999 0.5441989828125 0.8713805671875001 0.5458356984375 0.8569441359375001 0.5517657125000001 0.8499777109375 0.5501717859374999 0.8408806 0.5368886453124999 0.8443027953125 0.527035621875 0.839577815625 0.5227267796875 0.8334599546874999 0.5148370421874999 0.816352496875 0.5016396656250001 0.8215839875000001 0.49924419843749995 0.814227890625 0.5052037984375 0.79546456875 0.496683384375 0.7769896015625 0.47517265468750003 0.7674463515625 0.47194332812499995 0.762945609375 0.47999128906250005 0.736994303125 0.47837032968750004 0.73223314375 0.47838985312500004 0.7281460296875 0.47166372343749996 0.7143356453124999 0.4802549546875 0.708686503125 0.4809932 0.706277259375
6 0.5501717859374999 0.8408806 0.5517657125000001 0.8499777109375 0.5580280890625 0.8426208374999999 0.5822158468749999 0.8193966046875 0.57849404375 0.8192145078124999 0.551820365625 0.8404558703125 0.5501717859374999 0.8408806
5 0.7310490234375 0.6644365421875 0.73080531875 0.6602608953125 0.669590765625 0.6699957515625 0.66958426875 0.6775599140625 0.6732166281249999 0.6821550734375 0.67412374375 0.6828635859375 0.675478328125 0.6830090140625 0.6816462640625 0.6836712031250001 0.6901760859375 0.6734587546874999 0.70793370625 0.681752940625 0.7154785546875 0.687303440625 0.7216870375 0.687969984375 0.73722481875 0.6836799671875 0.7363075390625 0.6817931203125001 0.7310490234375 0.6644365421875
5 0.8713601046875 0.7763202 0.873059034375 0.7652313609375 0.8636107031250001 0.7535583171875 0.8388667218749999 0.7351862046875 0.8448280703125001 0.7766360999999999 0.8416820609375 0.8366655515625 0.8501921625 0.8283057484375 0.8713601046875 0.7763202
5 0.59106015 0.6477935265625 0.5912304328125 0.652006496875 0.58894891875 0.6472468421875 0.49901526562500004 0.6756499421875 0.6072722781250001 0.666666565625 0.48646385781249996 0.7588322093750001 0.487367878125 0.762249228125 0.6737445046875 0.682822871875 0.6732166281249999 0.6821550734375 0.6739336265625 0.68271509375 0.6901760859375 0.6734587546874999 0.59106015 0.6477935265625
1 0.7216870375 0.687969984375 0.7234271453125001 0.6874895359375001 0.665582746875 0.6724977437499999 0.66752943125 0.674960421875 0.8187652640625 0.7603907421875 0.7278224203125 0.688628678125 0.7216870375 0.687969984375
1 0.8186716031250001 0.773892959375 0.8038641859375 0.845564246875 0.8048077593749999 0.8861350765625 0.8047058609375 0.8862663281250001 0.8364918031249999 0.88905653125 0.8389509640625 0.8887779828125 0.8448280703125001 0.7766360999999999 0.8350968953125 0.7089741875 0.8240756609375 0.7181824781249999 0.8070930640625 0.7253584796875 0.8005831296875 0.7264129140625 0.8187652640625 0.7603907421875 0.8186716031250001 0.773892959375
5 0.62873230625 0.5366443375000001 0.6287372734375001 0.5368269578125 0.6278274203125 0.5541879765625 0.6235573234375 0.5672767265624999 0.6124875890625 0.5809908375 0.617878971875 0.6631689 0.62078270625 0.6622113625 0.6457221 0.6341804359375 0.652220103125 0.6333474640625 0.661124134375 0.6713421875 0.73080531875 0.6602608953125 0.7292990859375 0.6344530953125 0.7374093625 0.5973948499999999 0.746504753125 0.5808807125000001 0.7157715375 0.5950544734375 0.7015150015625 0.604225953125 0.6871121312499999 0.605675271875 0.6779982515625 0.590319684375 0.6595906828125 0.5314962921874999 0.6521689890625 0.5025767078125 0.6495131 0.5029171640625 0.6434099125 0.5044350296875 0.6412013265625001 0.5197721109375 0.62873230625 0.5366443375000001
5 0.49956104999999995 0.8132303078125 0.499621971875 0.8130385015625 0.48980531875000005 0.771462271875 0.4863520078125 0.758409440625 0.4887389125 0.7597634656250001 0.490472853125 0.7635232015625 0.49639603593750004 0.6930781140625 0.47838985312500004 0.7281460296875 0.49956104999999995 0.8132303078125
5 0.5148370421874999 0.816352496875 0.5052037984375 0.79546456875 0.499621971875 0.8130385015625 0.5016396656250001 0.8215839875000001 0.5148370421874999 0.816352496875
1 0.652220103125 0.6333474640625 0.6457221 0.6341804359375 0.62078270625 0.6622113625 0.6061111796875001 0.66704945 0.5994880874999999 0.6692334828125001 0.6037466453125 0.6781176171875 0.62702599375 0.67780716875 0.6635583406250001 0.681729284375 0.652220103125 0.6333474640625
6 0.6037466453125 0.6781176171875 0.6321372875 0.73734570625 0.636138184375 0.749339475 0.6355003015625 0.7615109953125 0.6328056859375 0.769361028125 0.6445590171875 0.770144021875 0.659666175 0.7757764890625001 0.66887015625 0.78154641875 0.6737246203125 0.774892053125 0.7265063296875 0.763537140625 0.738008665625 0.7549305484375 0.7485752390625 0.7407492718750001 0.7558317359375 0.713303703125 0.7453018390625 0.700294428125 0.74373378125 0.6970689296875 0.7278224203125 0.688628678125 0.62702599375 0.67780716875 0.6037466453125 0.6781176171875
6 0.746504753125 0.5808807125000001 0.753664771875 0.5678805515625001 0.7703932109375 0.553425221875 0.7662872109375 0.55521610625 0.7463684203125001 0.5120761125 0.7467155984375 0.4709035046875 0.78477375625 0.46158189531250005 0.800261596875 0.4510774234375 0.814160565625 0.45361642187499995 0.8403101749999999 0.5246943765625 0.8404609187500001 0.534284940625 0.84422903125 0.530703109375 0.84141913125 0.5107185828125 0.8124483640625 0.42213673281249997 0.80044051875 0.39891498593749997 0.7906354531249999 0.3967480203125 0.681610621875 0.44779089218749996 0.647371896875 0.4702420640625 0.6476933640625 0.4851368625 0.6595906828125 0.5314962921874999 0.6779982515625 0.590319684375 0.6871121312499999 0.605675271875 0.7015150015625 0.604225953125 0.7157715375 0.5950544734375 0.746504753125 0.5808807125000001
5 0.738008665625 0.7549305484375 0.7265063296875 0.763537140625 0.6737246203125 0.774892053125 0.66887015625 0.78154641875 0.7316717984375 0.8209164343750001 0.7559049140625 0.8371487140625 0.7622118390625 0.8427600484375001 0.764731028125 0.8480892515624999 0.7649848734375 0.8486262468750001 0.762723434375 0.8581892015625 0.7497931828125 0.8781947000000001 0.7242110187499999 0.908880328125 0.7324678296875 0.9075162718750001 0.742357946875 0.894527465625 0.7628545375 0.9017412484375 0.794273275 0.899704071875 0.8048077593749999 0.8861350765625 0.8038641859375 0.845564246875 0.8186716031250001 0.773892959375 0.8187652640625 0.7603907421875 0.8005831296875 0.7264129140625 0.7893873015625 0.7282263359375001 0.76692300625 0.7223043125 0.75733355625 0.7151591421875 0.7558317359375 0.713303703125 0.7485752390625 0.7407492718750001 0.738008665625 0.7549305484375
2 0.6361746484374999 0.77058475 0.6287913296875 0.7749669124999999 0.626204315625 0.7782790890625 0.6074852468749999 0.7951338156250001 0.5580280890625 0.8426208374999999 0.5458356984375 0.8569441359375001 0.5441989828125 0.8713805671875001 0.5465791546875 0.8763460437499999 0.5554042515625001 0.8842896843749999 0.6407174515625 0.9442091906250001 0.6645347078125 0.9599796078124999 0.6741436609375 0.961363325 0.682689028125 0.9578505671875 0.6882773624999999 0.9519825015625001 0.7497931828125 0.8781947000000001 0.762723434375 0.8581892015625 0.7649848734375 0.8486262468750001 0.7622118390625 0.8427600484375001 0.7559049140625 0.8371487140625 0.7316717984375 0.8209164343750001 0.659666175 0.7757764890625001 0.6445590171875 0.770144021875 0.6361746484374999 0.77058475
3 0.8407688390624999 0.5538754875 0.8409367781249999 0.564560078125 0.8349777062499999 0.583258915625 0.8011458875 0.58103321875 0.7736989703125 0.551983371875 0.7703932109375 0.553425221875 0.753664771875 0.5678805515625001 0.7374093625 0.5973948499999999 0.7292990859375 0.6344530953125 0.7310490234375 0.6644365421875 0.7363075390625 0.6817931203125001 0.7453018390625 0.700294428125 0.75733355625 0.7151591421875 0.76692300625 0.7223043125 0.7893873015625 0.7282263359375001 0.8070930640625 0.7253584796875 0.8240756609375 0.7181824781249999 0.8449160203125 0.700770265625 0.8561441437499999 0.6857011296875 0.8683413984374999 0.661193346875 0.8741870171875 0.6311334953125 0.868151715625 0.5923849671875 0.856591159375 0.5685299765625 0.8407688390624999 0.5538754875
4 0.6412013265625001 0.5197721109375 0.643731365625 0.5022027546875 0.6271871046874999 0.479811965625 0.62873230625 0.5366443375000001 0.6412013265625001 0.5197721109375
6 0.494754246875 0.592271725 0.48037594375000003 0.5905202515625 0.5018145453125 0.6884348328125001 0.541190475 0.65469243125 0.5273828265625 0.5892818375 0.494754246875 0.592271725
0 0.814160565625 0.45361642187499995 0.800261596875 0.4510774234375 0.78477375625 0.46158189531250005 0.7467155984375 0.4709035046875 0.7463684203125001 0.5120761125 0.7662872109375 0.55521610625 0.7736989703125 0.551983371875 0.8011458875 0.58103321875 0.8349777062499999 0.583258915625 0.8409367781249999 0.564560078125 0.8403101749999999 0.5246943765625 0.814160565625 0.45361642187499995
6 0.5888877703125 0.6471192765625 0.5797184078125001 0.637379803125 0.5672151624999999 0.6350410937500001 0.5545817265624999 0.643217071875 0.4809932 0.706277259375 0.47845474374999997 0.7145614328125001 0.47837032968750004 0.73223314375 0.4849352484375 0.7515159140625001 0.5227267796875 0.8334599546874999 0.527035621875 0.839577815625 0.5368886453124999 0.8443027953125 0.551820365625 0.8404558703125 0.5979352890625 0.8037326359374999 0.626204315625 0.7782790890625 0.632520140625 0.7701928796875 0.6355003015625 0.7615109953125 0.636138184375 0.749339475 0.6321372875 0.73734570625 0.5888877703125 0.6471192765625
6 0.6235573234375 0.5672767265624999 0.6278274203125 0.5541879765625 0.6287372734375001 0.5368269578125 0.6248895328125 0.39530760468750004 0.6213397953124999 0.38488115624999997 0.6126571140625 0.374697725 0.5857281515625 0.370726334375 0.4880684421875 0.3778967015625 0.477641996875 0.381446440625 0.469527796875 0.38972554531250003 0.46276029999999996 0.4113877625 0.46532424843750003 0.4601640953125 0.4655332828125 0.55387483125 0.46766037968749996 0.5719070312500001 0.479999840625 0.5904744375 0.494754246875 0.592271725 0.6120582906250001 0.5815226874999999 0.6235573234375 0.5672767265624999