1 0.8508230749999999 0.7096930359375 0.8422851781249999 0.706839703125 0.8161760062500001 0.7370963796875001 0.8117455328125001 0.7352553234375 0.8072542765625 0.7283683390625 0.8032486265625 0.7496156187499999 0.757455528125 0.75220479375 0.7226622109374999 0.723395509375 0.721900628125 0.7237601984375 0.6961105937500001 0.72713143125 0.6959918984375 0.736036640625 0.6938682390625 0.7377487078125 0.7049348546875 0.741038565625 0.7024946828124999 0.7593458828124999 0.683074134375 0.84343234375 0.68808649375 0.845567409375 0.7066879187499999 0.8436623265625001 0.7171640890625001 0.8465558234375001 0.7327332140625 0.8617843921875 0.7515322671875 0.8713480140625001 0.7754536859375001 0.9023098046875001 0.7916915546875 0.9011743421875 0.8121224781249999 0.8822197171875 0.8528666843750001 0.80805809375 0.8613410187499999 0.7996090484375 0.8720821578125 0.7976492671875001 0.8807499968749999 0.77468245 0.8786766984375 0.7536754125 0.8611183828125 0.7186426124999999 0.8508230749999999 0.7096930359375
3 0.49101184375000007 0.8217327437499999 0.490092371875 0.8395573187500001 0.4867343625 0.8814432468750001 0.4887422234375 0.8818217796875001 0.5047827171875 0.877981953125 0.5146157359375 0.8695928875 0.5223170671874999 0.8590122375 0.509537725 0.8463155656250001 0.5036154921875 0.8281279625 0.5016738484375 0.800361146875 0.5036949875000001 0.7856866218749999 0.4940747765625 0.7824453499999999 0.49349286093750006 0.7890709421875 0.49101184375000007 0.8217327437499999
3 0.3965719046875 0.6730445078125 0.3987444625 0.6700328015625 0.4016666390625 0.664108890625 0.4025820953125 0.66356824375 0.4060017796875 0.664759009375 0.41029378124999993 0.67160835 0.4114245109375 0.6730718671875 0.41452396875 0.6691609656249999 0.4107803546875 0.6648046703125 0.4072306078125 0.6620128546874999 0.38172313125 0.6693225921875 0.38204404531249997 0.6697707140625 0.3877921484375 0.6769948671875 0.392701103125 0.6790347546875 0.39534797187500004 0.67598988125 0.3965719046875 0.6730445078125
3 0.4229018078125 0.6905876484375 0.42879908437500003 0.701474465625 0.43623625156249995 0.7012410796874999 0.43760794687500004 0.7012855296875 0.43295964062500003 0.6906138312500001 0.4311265515625 0.6884807375 0.42991393593750005 0.6894717109374999 0.4229018078125 0.6905876484375
5 0.814983609375 0.49021202031250005 0.8330096765624999 0.49259627968749997 0.806697215625 0.4329590125 0.8033401250000001 0.4261903046875 0.799650453125 0.4264483125 0.74108000625 0.47256470625 0.7349506031249999 0.4791728375 0.7341793921875001 0.48581825468749995 0.7377365609375001 0.495303525 0.7383331953125001 0.494181675 0.74273851875 0.47765386562499995 0.7478113515625 0.4772991390625 0.751302140625 0.47891526406249996 0.7562643578125 0.47242741875 0.7606574125 0.47373337656250003 0.7727202578125001 0.48883118281250004 0.780857275 0.492598365625 0.814983609375 0.49021202031250005
5 0.875076271875 0.5829677734375001 0.8697170078124999 0.5837032421874999 0.862405996875 0.605068453125 0.854201740625 0.607032415625 0.8533068531250001 0.6068461046875 0.872143275 0.634172246875 0.8900367125 0.6232281734375 0.8912178875000001 0.6165540875 0.875076271875 0.5829677734375001
0 0.5218548171874999 0.4849897890625 0.541435009375 0.48187371875 0.5966694671874999 0.49940098749999995 0.5940356312499999 0.490562196875 0.5703305125 0.46832126562500004 0.5343792828125 0.4626747390625 0.48636035624999996 0.4928455609375 0.4605052140625 0.5232152171875 0.44565892500000004 0.560975540625 0.44412010156250004 0.5790812234375 0.4520464390625 0.62186125 0.46309285312500004 0.643167675 0.46371815468750005 0.652109915625 0.45827138281249996 0.6633114171875001 0.47650285156249994 0.6853061968749999 0.5120768328125 0.6938935625 0.5286381375 0.689359815625 0.5273761765625 0.6865978609375001 0.5207606109375 0.6495976546875 0.5211222703125 0.6374875890625 0.526470934375 0.6218061890625 0.5368458109375001 0.6146354921875 0.54322045625 0.60210495625 0.549410059375 0.5984495296875 0.56303106875 0.60313661875 0.5689123265625 0.59507166875 0.5715550421875 0.5954106734375 0.6100295625000001 0.5442356015625001 0.602399378125 0.5186297671875 0.5581218578125 0.50399873125 0.529566075 0.5036663609375001 0.5227057375 0.49715852031249996 0.5218548171874999 0.4849897890625
6 0.6093186125 0.6048312984375 0.600655984375 0.613468078125 0.6215237578125 0.6216046625 0.638298378125 0.6425870921875 0.643677821875 0.64462788125 0.6476658359374999 0.6482072999999999 0.653491240625 0.6415059375000001 0.6525459875 0.6134544187500001 0.653406115625 0.6044596515625 0.6489726015625 0.60003876875 0.6348841703125 0.594964971875 0.6093186125 0.6048312984375
3 0.49842727187499997 0.73122719375 0.49590452812499997 0.7616121171875 0.49409579531250003 0.7822060375000001 0.504762015625 0.7779394484375 0.505683625 0.7712480796875 0.51242799375 0.747989353125 0.5188503484375 0.734353046875 0.5116008828124999 0.734675096875 0.49842727187499997 0.73122719375
3 0.6961208796875 0.7263597984375 0.6961105937500001 0.72713143125 0.721900628125 0.7237601984375 0.7226622109374999 0.723395509375 0.71581315 0.717724403125 0.7063943015625 0.7232869421875 0.697667659375 0.709203490625 0.69275419375 0.7185387015625 0.6961208796875 0.7263597984375
5 0.6632167124999999 0.6303180625 0.6663649109375 0.6303600234375 0.6681661484375 0.6303840328125 0.6662153281250001 0.6133066125 0.715779421875 0.5945160359375 0.7184452 0.5921867015625 0.7056929078125 0.5726320765625 0.6732642296875 0.5664345859375 0.6595087578125 0.5791961156250001 0.6548962125 0.588877 0.6525459875 0.6134544187500001 0.653491240625 0.6415059375000001 0.6632167124999999 0.6303180625
5 0.3559454578125 0.5137929 0.27676414375 0.5320335046875 0.2849299265625 0.594981040625 0.289346153125 0.6168908296875 0.2896429859375 0.61617650625 0.291507065625 0.615569525 0.2934043140625 0.61543685625 0.3103700671875 0.6194934390625 0.323000678125 0.6228999 0.33870933124999997 0.6294275421875 0.3461556796875 0.6336731531249999 0.3479467484375 0.6350541328125 0.3506898234375 0.6371691453125 0.35227859375000004 0.639441203125 0.3555556390625 0.645408253125 0.3585573734375 0.65425434375 0.3605209546875 0.6550702984375001 0.3633999921875 0.6553456062499999 0.3665543390625 0.652741878125 0.367944109375 0.6521680640625 0.37044833593750004 0.653899478125 0.37257775312499997 0.6570869921875 0.3778183796875 0.663869996875 0.38172313125 0.6693225921875 0.40862770625 0.6616124859375 0.4179153609375 0.6599343578125 0.4221138921875 0.6455602578125 0.41853308125 0.634932903125 0.4039629015625 0.622709275 0.3997040875 0.6159128953125 0.38952113593750004 0.5920317875000001 0.38797686875 0.5834393140625 0.3975188625 0.5711358703125 0.41089436562500004 0.5730382374999999 0.4211728234375 0.5779948453125 0.44723915468750003 0.6125889203125 0.4520464390625 0.62186125 0.43225518906250004 0.5150439125 0.428257359375 0.5049722984375 0.42753705625 0.494671496875 0.4214174796875 0.4946289109375 0.3559454578125 0.5137929
3 0.41562683125 0.667769375 0.4114245109375 0.6730718671875 0.41448628125000003 0.6770347546875 0.41610821875 0.679781125 0.42198899218749997 0.6889025234374999 0.4229018078125 0.6905876484375 0.42991393593750005 0.6894717109374999 0.45586196562500003 0.668266478125 0.46371815468750005 0.652109915625 0.46309285312500004 0.643167675 0.44723915468750003 0.6125889203125 0.4211728234375 0.5779948453125 0.41089436562500004 0.5730382374999999 0.3975188625 0.5711358703125 0.3825537546875 0.553264509375 0.38952113593750004 0.5920317875000001 0.3997040875 0.6159128953125 0.4039629015625 0.622709275 0.41853308125 0.634932903125 0.4221138921875 0.6455602578125 0.41562683125 0.667769375
5 0.5330835671874999 0.6990891890625 0.5378367890625 0.7040060968749999 0.5519068765624999 0.694073975 0.5639068015625 0.6927698140625 0.6017617468750001 0.7028454734375 0.6035517890625 0.6989547046875 0.62992249375 0.6686186796875 0.577041765625 0.59611450625 0.5689123265625 0.59507166875 0.56303106875 0.60313661875 0.549410059375 0.5984495296875 0.54322045625 0.60210495625 0.5368458109375001 0.6146354921875 0.526470934375 0.6218061890625 0.5211222703125 0.6374875890625 0.5207606109375 0.6495976546875 0.5273761765625 0.6865978609375001 0.5330835671874999 0.6990891890625
1 0.7833972874999999 0.5922913296875 0.758485821875 0.482241084375 0.7727202578125001 0.48883118281250004 0.7606574125 0.47373337656250003 0.7562643578125 0.47242741875 0.751302140625 0.47891526406249996 0.7353833515625 0.49972826562500006 0.7308464984375 0.581350553125 0.80797243125 0.722122984375 0.8007534078124999 0.6701015703125 0.7580554484375 0.5870153015625 0.7833972874999999 0.5922913296875
1 0.8533068531250001 0.6068461046875 0.7833972874999999 0.5922913296875 0.8161760062500001 0.7370963796875001 0.8843210796875001 0.658126296875 0.8856270374999999 0.6537332421875 0.8533068531250001 0.6068461046875
3 0.6890158921875 0.732850865625 0.678770003125 0.7326372421875 0.6676827375000001 0.72039133125 0.6563554359375 0.7173764 0.5877065140625 0.7945688703125 0.5766960953125 0.780317946875 0.5666090968749999 0.7434711843749999 0.59105604375 0.7261149734375001 0.6017617468750001 0.7028454734375 0.5639068015625 0.6927698140625 0.5519068765624999 0.694073975 0.5372823421875 0.704397484375 0.5257904578125 0.7196174125 0.51242799375 0.747989353125 0.505683625 0.7712480796875 0.5016738484375 0.800361146875 0.5036154921875 0.8281279625 0.509537725 0.8463155656250001 0.52353111875 0.860218434375 0.5411393984374999 0.865962790625 0.5591683703125 0.8777232890625 0.6177083796875 0.8968819296874999 0.63291540625 0.894888465625 0.6510511890624999 0.9015260218750001 0.6641708421875 0.902933821875 0.6707015843749999 0.8899209828125001 0.680005840625 0.8567173453124999 0.7024946828124999 0.7593458828124999 0.7049348546875 0.741038565625 0.69353688125 0.7376502015625 0.6890158921875 0.732850865625
0 0.6632167124999999 0.6303180625 0.6035517890625 0.6989547046875 0.59105604375 0.7261149734375001 0.5666090968749999 0.7434711843749999 0.5766960953125 0.780317946875 0.5877065140625 0.7945688703125 0.6836879078125 0.6866423296875 0.672537025 0.6686465265625 0.6719441390625 0.6634564078125 0.658255759375 0.6757275046875 0.67003455625 0.646740015625 0.6681661484375 0.6303840328125 0.6632167124999999 0.6303180625
0 0.541435009375 0.48187371875 0.5218548171874999 0.4849897890625 0.5227057375 0.49715852031249996 0.529566075 0.5036663609375001 0.5581218578125 0.50399873125 0.6672026484375 0.5400433171875 0.7188309125 0.5385025578125 0.7190350109375 0.5363122437500001 0.72062169375 0.53249391875 0.7277746265625 0.528749784375 0.7279422734375001 0.5207090171875 0.661728203125 0.520045740625 0.541435009375 0.48187371875
1 0.862405996875 0.605068453125 0.8697170078124999 0.5837032421874999 0.8834875125 0.5818134703125 0.89259155 0.5728352640625001 0.89210783125 0.5659177640624999 0.8848453015625 0.5548400671875 0.8849388843750001 0.53629665625 0.8825137546875 0.5281246484375 0.88529045 0.5214425781250001 0.8770088421875 0.509045878125 0.8379032562500001 0.49324353906249996 0.814983609375 0.49021202031250005 0.780857275 0.492598365625 0.7478113515625 0.4772991390625 0.74273851875 0.47765386562499995 0.7383331953125001 0.494181675 0.7280939453124999 0.5134345406249999 0.7277746265625 0.528749784375 0.72062169375 0.53249391875 0.7190350109375 0.5363122437500001 0.7161227875 0.5675651390625001 0.716638753125 0.5749438046875001 0.7192348187500001 0.5789330671874999 0.7308464984375 0.581350553125 0.7348432234375 0.5778582484375 0.7539240296874999 0.5789759421875 0.7580554484375 0.5870153015625 0.854201740625 0.607032415625 0.862405996875 0.605068453125
5 0.48168178125 0.905122071875 0.4833457734375 0.904139359375 0.4845786953125 0.9031867890624999 0.48529011874999994 0.9009711546875 0.48628189375 0.896570028125 0.48639045000000003 0.8857329984375 0.490092371875 0.8395573187500001 0.49101184375000007 0.8217327437499999 0.49349286093750006 0.7890709421875 0.49590452812499997 0.7616121171875 0.49872618593749996 0.7276269625 0.499256746875 0.722824909375 0.50026665 0.70629354375 0.5001460765625 0.704569265625 0.49876243750000004 0.7033664875000001 0.496977871875 0.7026249203125 0.4826319984375 0.701895371875 0.46397542812500003 0.7014672562500001 0.45316854375000004 0.70178976875 0.43623625156249995 0.7012410796874999 0.42879908437500003 0.701474465625 0.430198184375 0.7040573078125 0.4346891890625 0.71375251875 0.440185178125 0.731003553125 0.4455153328125 0.745883028125 0.4455816671875 0.7468316515625 0.4434091109375 0.749843359375 0.438798659375 0.7520722765625 0.4356443125 0.75467600625 0.4219787984375 0.763734321875 0.41516262499999995 0.7685006343749999 0.41292373437499996 0.7705637171874999 0.41078434531249997 0.7740497359375 0.4101010578125 0.7779105640624999 0.408028003125 0.78234520625 0.40696990624999996 0.7876621375 0.4032417453125 0.7888760984375 0.3989729375 0.789174603125 0.394803634375 0.7908960421875 0.390766996875 0.7945147296874999 0.3826273890625 0.8008034796875 0.3763518609375 0.80648525 0.3722820578125 0.809629625 0.36726363125 0.8128403343749999 0.3650247390625 0.8149034171875 0.359645334375 0.818541246875 0.358962865625 0.8227361359375 0.3582725234375 0.831447959375 0.3562889734375 0.8402502125 0.35599955625 0.8485008234375 0.35401600625 0.8573030781250001 0.35381701875 0.866846896875 0.351863609375 0.8760802203125 0.3510828375 0.8834988359375 0.3495605 0.8927020156250001 0.3495514375 0.898767134375 0.3505040046875 0.9000000578125 0.3513962890625 0.9003708406250001 0.352719640625 0.9007114796875 0.3614013203125 0.900970753125 0.3662033734375 0.9015013140624999 0.391325990625 0.90147728125 0.4035165140625 0.902357546875 0.428238203125 0.902794725 0.43651895625000003 0.9035152109375 0.4599474359375 0.90404281875 0.4665039125 0.9048838781249999 0.47127582187500006 0.9049833734374999 0.48168178125 0.905122071875
0 0.6662153281250001 0.6133066125 0.672537025 0.6686465265625 0.7063943015625 0.7232869421875 0.71581315 0.717724403125 0.757455528125 0.75220479375 0.8032486265625 0.7496156187499999 0.8081671500000001 0.7235261562499999 0.8007534078124999 0.6701015703125 0.7539240296874999 0.5789759421875 0.7348432234375 0.5778582484375 0.715779421875 0.5945160359375 0.6662153281250001 0.6133066125
5 0.3722820578125 0.809629625 0.3763518609375 0.80648525 0.3826273890625 0.8008034796875 0.390766996875 0.7945147296874999 0.394803634375 0.7908960421875 0.3989729375 0.789174603125 0.4032417453125 0.7888760984375 0.40696990624999996 0.7876621375 0.408028003125 0.78234520625 0.4101010578125 0.7779105640624999 0.41078434531249997 0.7740497359375 0.41292373437499996 0.7705637171874999 0.41516262499999995 0.7685006343749999 0.4219787984375 0.763734321875 0.4356443125 0.75467600625 0.438798659375 0.7520722765625 0.4434091109375 0.749843359375 0.4455816671875 0.7468316515625 0.4455153328125 0.745883028125 0.440185178125 0.731003553125 0.4346891890625 0.71375251875 0.430198184375 0.7040573078125 0.42198899218749997 0.6889025234374999 0.41610821875 0.679781125 0.41448628125000003 0.6770347546875 0.41029378124999993 0.67160835 0.4060017796875 0.664759009375 0.4025820953125 0.66356824375 0.4016666390625 0.664108890625 0.3987444625 0.6700328015625 0.3965719046875 0.6730445078125 0.39534797187500004 0.67598988125 0.392701103125 0.6790347546875 0.3877921484375 0.6769948671875 0.38204404531249997 0.6697707140625 0.3778183796875 0.663869996875 0.37257775312499997 0.6570869921875 0.37044833593750004 0.653899478125 0.367944109375 0.6521680640625 0.3665543390625 0.652741878125 0.3633999921875 0.6553456062499999 0.3605209546875 0.6550702984375001 0.3585573734375 0.65425434375 0.3555556390625 0.645408253125 0.35227859375000004 0.639441203125 0.3506898234375 0.6371691453125 0.3461556796875 0.6336731531249999 0.33870933124999997 0.6294275421875 0.323000678125 0.6228999 0.3103700671875 0.6194934390625 0.2934043140625 0.61543685625 0.291507065625 0.615569525 0.2896429859375 0.61617650625 0.289235009375 0.617158296875 0.289268175 0.617632609375 0.290992865625 0.6422968250000001 0.291317815625 0.6742083875 0.2918916296875 0.6755981546875 0.29392154375 0.677362734375 0.30146739375 0.68303128125 0.305935203125 0.6855786484374999 0.30569306093750004 0.6889319984375 0.3052850828125 0.6899137890625 0.3018222609375 0.6949222453125 0.3001571828125 0.698375096875 0.29754348125 0.70189428125 0.292581415625 0.712727146875 0.2866043921875 0.7226777234374999 0.28497248124999996 0.7266048859375001 0.2832410703125 0.729109115625 0.2790617921875 0.7375040875 0.27443139843750003 0.753080071875 0.2720498671875 0.7599194406249999 0.271091271875 0.76665930625 0.2697578640625 0.7748552765625 0.26899827187500003 0.784441015625 0.26874615625 0.794467896875 0.2693995265625 0.8106276687499999 0.27019553749999997 0.8220111515624999 0.27180750468750003 0.8314310546874999 0.273253634375 0.838479396875 0.27493193437499996 0.848847925 0.276653375 0.8530172281249999 0.281429659375 0.8531598703125001 0.30393129218750004 0.8477733546874999 0.3197593890625 0.8423768656249999 0.328098 0.8389339859374999 0.33545482031249996 0.8350831296875001 0.35366445 0.8228472734375 0.3563776515625 0.820751021875 0.3650247390625 0.8149034171875 0.36726363125 0.8128403343749999 0.3722820578125 0.809629625