1 0.8090804703125001 0.767427115625 0.8011677593750001 0.7631345406250001 0.770201228125 0.788397740625 0.766157759375 0.785815309375 0.762930646875 0.77825305625 0.7552963015625 0.7984819671875 0.709749296875 0.79307991875 0.6804872484375 0.758666515625 0.6796739078125 0.7588934187499999 0.6536902734375001 0.7577350421875 0.652027009375 0.7664843484375 0.6496383156250001 0.7678016359375001 0.6599655265625 0.7729632125 0.6543833921875 0.79056866875 0.6206564265625001 0.8700053249999999 0.6252218875 0.872978340625 0.643871528125 0.8743323046875 0.6536860921875001 0.879001009375 0.6663742734375 0.896701771875 0.6832270203124999 0.9093845234375 0.7014085609375 0.9440298453124999 0.7175969109375 0.945731309375 0.7410088796875 0.9306124406249999 0.79401211875 0.86465265625 0.803824871875 0.857803521875 0.814743140625 0.8577386953125 0.8272674421874999 0.8366259484375 0.8288734765625 0.81557803125 0.8176652921875001 0.7780284890625 0.8090804703125001 0.767427115625
3 0.4352800890625 0.8152841234375 0.4312793828125 0.8326782390625 0.420698971875 0.8733447125 0.4226105984375 0.87406615625 0.4390741796875 0.8730700671875 0.45021455781249997 0.8665159375 0.4596362 0.8574333515625 0.449255759375 0.8427104625 0.4465817421875 0.8237707859375 0.449491253125 0.796088646875 0.45402989062500004 0.781988028125 0.4451186734375 0.777125465625 0.4433950765625 0.7835493515625 0.4352800890625 0.8152841234375
3 0.36809434531249996 0.6524554734375 0.370756875 0.64986678125 0.374663334375 0.6445402984374999 0.3756587640625 0.6441668328125 0.378819721875 0.6459333296875001 0.38185714375 0.6534239125 0.38271655781249997 0.6550615453125 0.386448046875 0.6517482734375 0.38351777187499997 0.6468080890625 0.38050674687499997 0.6434422796875 0.3541174640625 0.6462116390625 0.3543556859375 0.6467086796875 0.35876200156250004 0.654821228125 0.36324215625 0.6576825562499999 0.36637755 0.655143565625 0.36809434531249996 0.6524554734375
3 0.39097790468750004 0.674304234375 0.3948951125 0.6860497062500001 0.40225982031249996 0.6871113171875 0.40360295781250005 0.6873932843749999 0.40087838906249995 0.6760765421875 0.3994435578125 0.6736575421875 0.398077284375 0.6744228921875 0.39097790468750004 0.674304234375
5 0.8118979656249999 0.5450570515625001 0.829236153125 0.5505352828125 0.813679340625 0.487234928125 0.8115486265625 0.47998609999999997 0.80787020625 0.4795994828125 0.7421815484375001 0.5148446140625 0.734997775 0.5202879921875 0.7330843140625001 0.5266985328125 0.7349403421875 0.5366573953125 0.7357227203125001 0.5356561937500001 0.742931140625 0.5201444546875 0.7479885046875 0.5206760046875 0.751145621875 0.522873746875 0.7571590546875 0.517346146875 0.7612585921874999 0.5193951109375 0.77051646875 0.5363582375 0.7778757015625 0.5414811671875001 0.8118979656249999 0.5450570515625001
5 0.8549708171875 0.6468386171875 0.8495652609375 0.6466322859375 0.8386552890625 0.66640336875 0.8302346359375001 0.6669128390625 0.829385696875 0.6665739640624999 0.8431908171875 0.6967558703125001 0.8627128296875 0.689085225 0.8650350046874999 0.6827176421875001 0.8549708171875 0.6468386171875
0 0.5241292890625 0.48901287812499994 0.5439531140625 0.4893442125 0.5953048578125 0.5161965640624999 0.594245875 0.5070346953125 0.5747629875 0.48101530156249994 0.5403384484375 0.46921169375 0.487809928125 0.4905857546875 0.45707394843750004 0.516004328125 0.4358961953125 0.55061295625 0.4312367328125 0.568176359375 0.431613978125 0.6116828562500001 0.4387927484375 0.634583778125 0.4378557484375 0.6434987484375 0.4305466046875 0.6535842515625 0.4446817421875 0.6784107421875001 0.4782240953125 0.6930450031250001 0.495321071875 0.691455975 0.49455789218749996 0.6885168421875 0.49446785000000004 0.6509299734375 0.49692690624999997 0.6390666875 0.504917359375 0.6245523078125 0.516379796875 0.6192921296875 0.5248335015625 0.6080589062499999 0.531563828125 0.6055338265625 0.5441639984375 0.612514971875 0.5513563718750001 0.605593815625 0.5539000703125 0.6063865749999999 0.6006765359374999 0.562669996875 0.5976086765625 0.5361282046875 0.556544484375 0.5140307375 0.52848024375 0.5087447546874999 0.5228542046875 0.5011444984375 0.5241292890625 0.48901287812499994
6 0.589454053125 0.622221653125 0.57942326875 0.629222971875 0.5985611109375 0.6408595921875 0.6114373265624999 0.664436134375 0.6163806640625 0.66738005 0.6196865328125 0.6715976015625 0.626587115625 0.66600961875 0.6305273171875 0.6382201249999999 0.6329363031249999 0.6295113671875 0.629337821875 0.6243877765625 0.6163444828125 0.61694463125 0.589454053125 0.622221653125
3 0.458298984375 0.72744123125 0.4505382796875 0.7569264703125 0.4451809296875 0.7768934390625 0.456425990625 0.7745438390625 0.45849554374999996 0.7681141640625 0.46917628437500003 0.7463799359375 0.4778689890625 0.734066025 0.4706737375 0.7331243265625 0.458298984375 0.72744123125
3 0.653834396875 0.7569769171875 0.6536902734375001 0.7577350421875 0.6796739078125 0.7588934187499999 0.6804872484375 0.758666515625 0.6747270171874999 0.7518922406249999 0.6644853375 0.7557347062499999 0.6583368390625 0.7403498484375 0.651876978125 0.748690021875 0.653834396875 0.7569769171875
5 0.638107590625 0.656680521875 0.6412006734375 0.6572685265625 0.6429703765625 0.6576049515625 0.64401465625 0.64044821875 0.6960887109375 0.630549828125 0.6991184734375 0.6287187890625 0.6899555421875 0.60724683125 0.6590957125 0.5955123125 0.6433332 0.605691353125 0.6371096625 0.6144242046875 0.6305273171875 0.6382201249999999 0.626587115625 0.66600961875 0.638107590625 0.656680521875
5 0.3557388578125 0.48856854531250005 0.27459303749999997 0.49278234374999996 0.27170404062500003 0.5561915390625 0.27224857812500003 0.5785353390625 0.27266494375 0.5778834109375001 0.2746061046875 0.577609346875 0.27649756718749996 0.577808146875 0.292501153125 0.5847491734375 0.304348353125 0.5902971640625 0.31868484218750004 0.5994534171875 0.3252808203125 0.604927571875 0.326804875 0.6065985859375 0.329139009375 0.609157796875 0.330309103125 0.611671225 0.3325001953125 0.618116675 0.33392021875 0.6273496187500001 0.3357122796875 0.6284941500000001 0.338499771875 0.629265215625 0.3420583296875 0.627248790625 0.343526628125 0.626925025 0.345692153125 0.6290649875 0.3472357140625 0.632573846875 0.35121886562500004 0.6401638281250001 0.3541174640625 0.6462116390625 0.3819521421875 0.643290596875 0.3913901015625 0.6432507484375 0.3980208828125 0.629824090625 0.39633989375 0.6187363875 0.38411367812499997 0.604168378125 0.38109974375 0.596735715625 0.37521840625 0.5714491640625 0.3751896671875 0.5627190718749999 0.3867231671875 0.55225949375 0.3995651234375 0.5564555906249999 0.408826721875 0.5631217328125 0.42848984999999995 0.6017166171875 0.431613978125 0.6116828562500001 0.43067203750000005 0.5030515984374999 0.4284838609375 0.49243877812500003 0.4295632171875 0.482169390625 0.42354400468750003 0.48106479843749994 0.3557388578125 0.48856854531250005
3 0.387775803125 0.6505693328125 0.38271655781249997 0.6550615453125 0.3850436640625 0.6594958984375 0.386164059375 0.662482190625 0.39037157499999997 0.6724862 0.39097790468750004 0.674304234375 0.398077284375 0.6744228921875 0.4273133546875 0.65804564375 0.4378557484375 0.6434987484375 0.4387927484375 0.634583778125 0.42848984999999995 0.6017166171875 0.408826721875 0.5631217328125 0.3995651234375 0.5564555906249999 0.3867231671875 0.55225949375 0.3750887421875 0.532060975 0.37521840625 0.5714491640625 0.38109974375 0.596735715625 0.38411367812499997 0.604168378125 0.39633989375 0.6187363875 0.3980208828125 0.629824090625 0.387775803125 0.6505693328125
5 0.498009478125 0.701809478125 0.5018366765625 0.707477075 0.5174177015625 0.7001390890625 0.5294617875000001 0.7009385078125 0.5649920093749999 0.7174345359375 0.5674304828125 0.7139137156250001 0.5986683515625 0.6886177874999999 0.5591812203125001 0.6080324734375 0.5513563718750001 0.605593815625 0.5441639984375 0.612514971875 0.531563828125 0.6055338265625 0.5248335015625 0.6080589062499999 0.516379796875 0.6192921296875 0.504917359375 0.6245523078125 0.49692690624999997 0.6390666875 0.49446785000000004 0.6509299734375 0.49455789218749996 0.6885168421875 0.498009478125 0.701809478125
1 0.7630656250000001 0.6401006390624999 0.7576426453125 0.5273964734375001 0.77051646875 0.5363582375 0.7612585921874999 0.5193951109375 0.7571590546875 0.517346146875 0.751145621875 0.522873746875 0.7318545359375 0.540606284375 0.713213046875 0.6202007296875001 0.7647223859375 0.7722272890624999 0.766646459375 0.7197426265625 0.7390249578125 0.6305042015625 0.7630656250000001 0.6401006390624999
1 0.829385696875 0.6665739640624999 0.7630656250000001 0.6401006390624999 0.770201228125 0.788397740625 0.8510240343750001 0.7224606578125 0.853073 0.7183611203125 0.829385696875 0.6665739640624999
3 0.6457101875 0.7621356031250001 0.6356570515625 0.7601460437500001 0.62686470625 0.7461608921875 0.61623303125 0.7412248 0.5352227078125 0.8053237843750001 0.5268542093749999 0.789377425 0.5233188265625001 0.751338859375 0.5504082453125 0.7384914953124999 0.5649920093749999 0.7174345359375 0.5294617875000001 0.7009385078125 0.5174177015625 0.7001390890625 0.5012226890625 0.7077662375 0.487262478125 0.720759396875 0.46917628437500003 0.7463799359375 0.45849554374999996 0.7681141640625 0.449491253125 0.796088646875 0.4465817421875 0.8237707859375 0.449255759375 0.8427104625 0.46062235312500005 0.8588320421875 0.47696562656249997 0.8675467749999999 0.49267850781250005 0.8822593031249999 0.5470023015625001 0.911292246875 0.5623244609375 0.9119697406249999 0.5790321203125 0.921655703125 0.5917079937499999 0.9253203203125 0.6003991765625 0.9136392265625 0.6153278296875 0.8825556921875 0.6543833921875 0.79056866875 0.6599655265625 0.7729632125 0.6493290968750001 0.7676470875 0.6457101875 0.7621356031250001
0 0.638107590625 0.656680521875 0.5674304828125 0.7139137156250001 0.5504082453125 0.7384914953124999 0.5233188265625001 0.751338859375 0.5268542093749999 0.789377425 0.5352227078125 0.8053237843750001 0.648487175 0.7157038828125 0.6406306390625 0.696045146875 0.6409480125 0.6908309234375001 0.6253367375 0.7005386328125 0.6419702140625 0.6740368953125 0.6429703765625 0.6576049515625 0.638107590625 0.656680521875
0 0.5439531140625 0.4893442125 0.5241292890625 0.48901287812499994 0.5228542046875 0.5011444984375 0.52848024375 0.5087447546874999 0.556544484375 0.5140307375 0.657709015625 0.5684694046875001 0.7088204796875 0.57591720625 0.709401821875 0.5737956093750001 0.7116274453125 0.5703108171875 0.7193218703125 0.567865659375 0.7208832359375 0.5599761609375 0.6557902828125 0.547825009375 0.5439531140625 0.4893442125
1 0.8386552890625 0.66640336875 0.8495652609375 0.6466322859375 0.8634547156249999 0.6471624484375 0.8739794921874999 0.639901540625 0.8747043328125 0.6330051359375 0.8694757578125 0.620834609375 0.87278795 0.6025891640625 0.8718187171875 0.5941201875 0.8757135578125 0.5880218015625001 0.86971043125 0.5743753484375 0.83394299375 0.5520224703125 0.8118979656249999 0.5450570515625001 0.7778757015625 0.5414811671875001 0.7479885046875 0.5206760046875 0.742931140625 0.5201444546875 0.7357227203125001 0.5356561937500001 0.7222958015625001 0.5528385375 0.7193218703125 0.567865659375 0.7116274453125 0.5703108171875 0.709401821875 0.5737956093750001 0.7011068328125 0.6040680015625 0.70033366875 0.611424165625 0.702197565625 0.6158036234375001 0.713213046875 0.6202007296875001 0.717755484375 0.6174555046875 0.736352325 0.6218695656250001 0.7390249578125 0.6305042015625 0.8302346359375001 0.6669128390625 0.8386552890625 0.66640336875
5 0.41161136562499995 0.89578643125 0.4134207265625 0.8951075984375001 0.414800328125 0.8943835953124999 0.41588568437499995 0.8923251578125001 0.417626640625 0.8881631140625 0.4196153765625 0.877509575 0.4312793828125 0.8326782390625 0.4352800890625 0.8152841234375 0.4433950765625 0.7835493515625 0.4505382796875 0.7569264703125 0.45921853125 0.7239476015624999 0.4605749 0.7193106328125001 0.46444010156250004 0.7032057843749999 0.464620778125 0.7014867640625 0.46346701875 0.7000619921875 0.4618383375 0.69902180625 0.44783709375 0.6958122062500001 0.4295383015625 0.692150915625 0.4188395921875 0.69059193125 0.40225982031249996 0.6871113171875 0.3948951125 0.6860497062500001 0.3958244515625 0.6888362609375001 0.39856367187499997 0.6991640343750001 0.40098055312499997 0.7171073546875 0.4036459375 0.7326863484375 0.4035465375 0.7336320796875 0.400884009375 0.736220771875 0.3959565546875 0.7376152312500001 0.39239799531249997 0.7396316578125 0.37736713125 0.7461793640625001 0.3698268484375 0.74968965 0.367263721875 0.7513326124999999 0.36455149375 0.75439416875 0.3632081609375 0.758077690625 0.3603965328125 0.7620849796875 0.35843123593750004 0.767137396875 0.3545489125 0.767685528125 0.3502931234375 0.7672382265625 0.3458882359375 0.7682095203125 0.3412845453125 0.7710722765625 0.3321765671875 0.7758520578125 0.32500974843749997 0.7803577765624999 0.3204557609375 0.7827476671875 0.314956040625 0.7850381578125 0.3123929109375 0.78668111875 0.3064635296875 0.7893295578124999 0.30506299531250003 0.7933422078125 0.3028703484375 0.8018018015624999 0.2993884375 0.810125890625 0.2976707140625 0.8182008984375001 0.2941888015625 0.8265249859375 0.292335571875 0.8358892593749999 0.2888084890625 0.844643103125 0.28675134999999996 0.8518134328125001 0.2836540234375 0.8606124453125 0.28259190156249997 0.866583846875 0.2833159046875 0.8679634515625001 0.284130246875 0.86848354375 0.2853743421875 0.86904880625 0.29387910625 0.8708116984375 0.2985160734375 0.8721680671875 0.32326119375 0.8765068953125 0.3351136609375 0.8794906499999999 0.35938385624999997 0.8842140625000001 0.3674136953125 0.886361540625 0.390394625 0.8909494468749999 0.39670544531249996 0.8929162484375001 0.40138758281250003 0.8938428640625 0.41161136562499995 0.89578643125
0 0.64401465625 0.64044821875 0.6406306390625 0.696045146875 0.6644853375 0.7557347062499999 0.6747270171874999 0.7518922406249999 0.709749296875 0.79307991875 0.7552963015625 0.7984819671875 0.7646704890625 0.7736429546875 0.766646459375 0.7197426265625 0.736352325 0.6218695656250001 0.717755484375 0.6174555046875 0.6960887109375 0.630549828125 0.64401465625 0.64044821875
5 0.3204557609375 0.7827476671875 0.32500974843749997 0.7803577765624999 0.3321765671875 0.7758520578125 0.3412845453125 0.7710722765625 0.3458882359375 0.7682095203125 0.3502931234375 0.7672382265625 0.3545489125 0.767685528125 0.35843123593750004 0.767137396875 0.3603965328125 0.7620849796875 0.3632081609375 0.758077690625 0.36455149375 0.75439416875 0.367263721875 0.7513326124999999 0.3698268484375 0.74968965 0.37736713125 0.7461793640625001 0.39239799531249997 0.7396316578125 0.3959565546875 0.7376152312500001 0.400884009375 0.736220771875 0.4035465375 0.7336320796875 0.4036459375 0.7326863484375 0.40098055312499997 0.7171073546875 0.39856367187499997 0.6991640343750001 0.3958244515625 0.6888362609375001 0.39037157499999997 0.6724862 0.386164059375 0.662482190625 0.3850436640625 0.6594958984375 0.38185714375 0.6534239125 0.378819721875 0.6459333296875001 0.3756587640625 0.6441668328125 0.374663334375 0.6445402984374999 0.370756875 0.64986678125 0.36809434531249996 0.6524554734375 0.36637755 0.655143565625 0.36324215625 0.6576825562499999 0.35876200156250004 0.654821228125 0.3543556859375 0.6467086796875 0.35121886562500004 0.6401638281250001 0.3472357140625 0.632573846875 0.345692153125 0.6290649875 0.343526628125 0.626925025 0.3420583296875 0.627248790625 0.338499771875 0.629265215625 0.3357122796875 0.6284941500000001 0.33392021875 0.6273496187500001 0.3325001953125 0.618116675 0.330309103125 0.611671225 0.329139009375 0.609157796875 0.3252808203125 0.604927571875 0.31868484218750004 0.5994534171875 0.304348353125 0.5902971640625 0.292501153125 0.5847491734375 0.27649756718749996 0.577808146875 0.2746061046875 0.577609346875 0.27266494375 0.5778834109375001 0.27209267812500004 0.5787794421875 0.272042978125 0.5792523078125 0.26945856875 0.603841309375 0.2642371984375 0.6353244890624999 0.2645609625 0.6367927843750001 0.26625362343750003 0.638883046875 0.27270050156250003 0.6457758 0.2766580890625 0.6490602937500001 0.2758373234375 0.6523206515625 0.2752650578125 0.65321668125 0.27098513281250003 0.657547734375 0.2687457703125 0.6606589921875 0.2655606765625 0.663670846875 0.25879288906250003 0.673477484375 0.2511787703125 0.6822389906249999 0.2488897078125 0.6858231124999999 0.2467497453125 0.6879886390625 0.24117618749999997 0.6955303484375001 0.2339113984375 0.710065640625 0.2303784046875 0.7163875546875 0.22826400625 0.72285856875 0.22552764218750002 0.7306984812499999 0.22311504375000002 0.7400066890625 0.22112560937499998 0.749837459375 0.2189629375 0.7658651843750001 0.21777013437499998 0.777213953125 0.2177218625 0.7867706609375 0.21792209062499998 0.7939630421875 0.2177744171875 0.80446548125 0.2187457125 0.8088703687500001 0.223424665625 0.8098402359374999 0.24651980624999997 0.808442921875 0.26304453125 0.8058769375000001 0.27185430781250003 0.8039343484374999 0.27976805625 0.8014194937499999 0.299825775 0.7925315953125 0.3028617671875 0.790938334375 0.3123929109375 0.78668111875 0.314956040625 0.7850381578125 0.3204557609375 0.7827476671875