1 0.8504128203124999 0.8228793484375 0.8606616296875 0.8005731140625001 0.860058759375 0.7794726234375 0.8449869796874999 0.7433003546875 0.8353410406249999 0.733654415625 0.8270229796875 0.730212459375 0.798866809375 0.7585741484375 0.7945755546875 0.756428521875 0.79057565 0.7492450203125001 0.7850976234375 0.770161121875 0.7392354625 0.769549625 0.706536534375 0.7383834593749999 0.7057513671875 0.7386941359375 0.679788990625 0.740258134375 0.6790493890625 0.7491333703125 0.6768114749999999 0.750693128125 0.68762164375 0.754746940625 0.6839103609375 0.77283944375 0.6586715453124999 0.855366365625 0.6635227609375 0.857845875 0.682211765625 0.857243003125 0.6924605765625 0.86086023125 0.706929484375 0.8771377515625 0.72501561875 0.8879894328125 0.74671898125 0.9205444765624999 0.7629965015625 0.9205444765624999 0.7846998640625 0.9030612124999999 0.830518071875 0.831922415625 0.8395611390625 0.8240850906249999 0.8504128203124999 0.8228793484375
3 0.4807176359375 0.79974624375 0.4837574953125 0.785248453125 0.47438681875000005 0.7813440046875 0.4733441421875 0.7879128640624999 0.46859079687499994 0.8203220375000001 0.46643018593749996 0.838039053125 0.460158540625 0.8795887062500001 0.46213510625 0.880106378125 0.47840437812500003 0.8773948328125 0.48879863593749995 0.8697121203125 0.4972192765625 0.8596944609375001 0.4853567390625 0.8461372765625 0.4807176359375 0.8275808640625 0.4807176359375 0.79974624375
3 0.37048877343750003 0.6611289703125001 0.37571894375000003 0.6687364921875 0.3804736453125 0.6711138421875 0.383326465625 0.668261021875 0.384752875 0.6654082015625 0.38713022656249996 0.66255538125 0.3904585171875 0.656849740625 0.39140945625 0.6563742703125001 0.394737746875 0.6578006796875 0.3985415078125 0.66493273125 0.39956739375 0.6664715593749999 0.40293211093750003 0.6627863921875 0.39950149687500003 0.6581795671874999 0.39615514375 0.655146934375 0.3701999015625 0.660659553125 0.37048877343750003 0.6611289703125001
3 0.4237189625 0.696442959375 0.4198263984375 0.68547300625 0.41814657187500004 0.6832172390625 0.41686778437500005 0.6841212109375 0.4097948921875 0.6847452890625 0.414918378125 0.696016959375 0.422353709375 0.6963029328125 0.4237189625 0.696442959375
5 0.7575634765625 0.4903706828125 0.7618547312499999 0.491979903125 0.772835021875 0.5078823921875 0.7806894328125 0.512208009375 0.8148991000000001 0.512208009375 0.8327149390624999 0.5158438953125 0.810626659375 0.4545164375 0.8077499078124999 0.4475300390625 0.8040512265625 0.4475300390625 0.7424065375 0.48944842812499995 0.7358311046875 0.495612896875 0.7345982109375 0.5021883296875 0.7374850562499999 0.5118986296875 0.7381584937500001 0.51082113125 0.7437060078125 0.49464088281249996 0.748791228125 0.49464088281249996 0.752160778125 0.4964965765625 0.7575634765625 0.4903706828125
5 0.8449930078125 0.6312312734375001 0.8618773703124999 0.6598048125 0.8804906390625 0.65013558125 0.8821344984374999 0.6435601484375 0.868375065625 0.6089296656250001 0.8629775531250001 0.6092895 0.8541939890625001 0.6300926765625 0.8458727187499999 0.6314795546874999 0.8449930078125 0.6312312734375001
0 0.6008503921874999 0.5257274062499999 0.5577013390625 0.5080433671875 0.5292383015625 0.5057198546875 0.5228486390625 0.4987493140625 0.5228486390625 0.48655086875000003 0.5425985015625 0.484808234375 0.5964757703125 0.5061457671875 0.5944649125 0.49714478125 0.5723689875 0.4733044421875 0.536899215625 0.46516383906250003 0.48689265 0.4919115359375 0.458982009375 0.5204036484375 0.4415378578125 0.5570363656249999 0.4387397953125 0.5749906015625 0.44366264062500005 0.61821933125 0.453195884375 0.6402444140625 0.453195884375 0.649208490625 0.446981003125 0.6600027578125001 0.4636337828125 0.683215721875 0.4985220828125 0.694263684375 0.515359303125 0.690896240625 0.5142930812500001 0.6880529828124999 0.510274634375 0.6506814296875 0.51148016875 0.6386260906250001 0.5179096828125 0.62335599375 0.5287594890625 0.6169264796875 0.5359926921875 0.604871140625 0.54242220625 0.6016563828125 0.55568308125 0.6072822078125 0.5621125953125 0.599647159375 0.564725225 0.6001696859375001 0.6066758171875 0.5518031203125 0.6008503921874999 0.5257274062499999
6 0.6442602125 0.6238191203125 0.6457456890625 0.6149062625 0.641631359375 0.6101868828125 0.627931178125 0.6041426859375 0.60173965625 0.612201615625 0.5924956578125 0.6202130828125 0.6127450203125 0.6297855078125 0.6280151171874999 0.6518869640625 0.6332390984375 0.6542980328125 0.6369677109375 0.658146921875 0.6432463890625 0.65186824375 0.6442602125 0.6238191203125
3 0.4867484703125 0.770983803125 0.49509885625 0.748252196875 0.5024567875 0.7350971078125 0.4952025171875 0.7349126765625 0.48230150937499994 0.730554228125 0.47766536562499995 0.7606891578125 0.4744244796875 0.7811067406250001 0.4853623390625 0.7775945828124999 0.4867484703125 0.770983803125
3 0.7000997531250001 0.7322484015625 0.690315825 0.737140365625 0.682592853125 0.7224824796875 0.677040165625 0.7314522046875 0.6798530781250001 0.7394890984375 0.679788990625 0.740258134375 0.7057513671875 0.7386941359375 0.706536534375 0.7383834593749999 0.7000997531250001 0.7322484015625
5 0.6535957609375 0.590129965625 0.648319146875 0.5994655140625 0.6442602125 0.6238191203125 0.6432463890625 0.65186824375 0.653728596875 0.6413860359375 0.6568661984374999 0.641647503125 0.6586613734375 0.6417971015624999 0.657906565625 0.6246251984375 0.7086606890625 0.6093378109375001 0.711482459375 0.60720010625 0.7001252921875001 0.5868035609375 0.668207925 0.57835905625 0.6535957609375 0.590129965625
5 0.4313708015625 0.5102816265625 0.42808527031250004 0.499955671875 0.42808527031250004 0.48962971718750004 0.4219835703125 0.4891603546875 0.3553342234375 0.5037105640624999 0.27507339062499997 0.5163833265625 0.27882828437499996 0.5797471421875 0.28170540312500003 0.6019116203125 0.2820513421875 0.6012197421875001 0.283953221875 0.600744271875 0.285855103125 0.600744271875 0.3024965546875 0.60597444375 0.3148587765625 0.6102536734374999 0.33007381874999997 0.6178611953125001 0.33720586875 0.6226158953125001 0.33889624218750003 0.6241184484375 0.3414851 0.62641965625 0.34291150937500003 0.62879700625 0.34576433125 0.6349781171875 0.34814168125 0.6440120484375 0.3500435609375 0.6449629890625 0.35289638125 0.6454384578125001 0.356224671875 0.6430611078124999 0.3576510828125 0.6425856375000001 0.36002843281249997 0.64448751875 0.3619303125 0.647815809375 0.3666850140625 0.654947859375 0.3701999015625 0.660659553125 0.3975767671875 0.654844996875 0.40695885781249996 0.65381883125 0.4121498484375 0.6397726203125 0.4093190875 0.62892136875 0.3956370765625 0.6157111515625 0.391862728125 0.6086342484375 0.38337044374999996 0.5841009859375 0.38242931874999997 0.575421721875 0.3928063140625 0.5638138640625 0.40601653281249994 0.566644625 0.415924196875 0.5723061484375 0.439513871875 0.6086342484375 0.44366264062500005 0.61821933125 0.4313708015625 0.5102816265625
3 0.391862728125 0.6086342484375 0.3956370765625 0.6157111515625 0.4093190875 0.62892136875 0.4121498484375 0.6397726203125 0.404129359375 0.661475121875 0.39956739375 0.6664715593749999 0.40234526875 0.670638371875 0.40377167812500003 0.6734911921875 0.40900184843750004 0.68300059375 0.4097948921875 0.6847452890625 0.41686778437500005 0.6841212109375 0.4442318078125 0.6647776765625 0.453195884375 0.649208490625 0.453195884375 0.6402444140625 0.439513871875 0.6086342484375 0.415924196875 0.5723061484375 0.40601653281249994 0.566644625 0.3928063140625 0.5638138640625 0.379124303125 0.5449421234375 0.38337044374999996 0.5841009859375 0.391862728125 0.6086342484375
5 0.5179096828125 0.62335599375 0.51148016875 0.6386260906250001 0.510274634375 0.6506814296875 0.5142930812500001 0.6880529828124999 0.5191152171875 0.7009120109375 0.523513875 0.706148509375 0.5382425171875 0.6972220609375 0.5503041859375 0.69675815 0.587364075 0.7094498921875 0.5894211640625 0.70569346875 0.6178437640625 0.67727086875 0.5701494874999999 0.6012545375 0.5621125953125 0.599647159375 0.55568308125 0.6072822078125 0.54242220625 0.6016563828125 0.5359926921875 0.604871140625 0.5287594890625 0.6169264796875 0.5179096828125 0.62335599375
1 0.724609440625 0.597255425 0.791727709375 0.743064975 0.7881551015625 0.6906667093750001 0.7513569578125 0.604804375 0.776269028125 0.6118353078125 0.7590949625000001 0.500315403125 0.772835021875 0.5078823921875 0.7618547312499999 0.491979903125 0.7575634765625 0.4903706828125 0.752160778125 0.4964965765625 0.734828925 0.516148440625 0.724609440625 0.597255425
1 0.776269028125 0.6118353078125 0.798866809375 0.7585741484375 0.872354559375 0.6845499921875 0.87396378125 0.6802587375 0.8449930078125 0.6312312734375001 0.776269028125 0.6118353078125
3 0.6546840109375001 0.868404971875 0.6839103609375 0.77283944375 0.68762164375 0.754746940625 0.6764877953124999 0.7505717484375001 0.672312603125 0.7454687343749999 0.6621065749999999 0.7445409140625 0.6519005484375 0.7315514249999999 0.6408111515625 0.7277536859375 0.5669447796875 0.7999694125000001 0.5569552765625 0.78498515625 0.5494631484375 0.7475245171875 0.575061253125 0.7319159171875 0.587364075 0.7094498921875 0.5503041859375 0.69675815 0.5382425171875 0.6972220609375 0.5229334765625 0.7065002671875 0.510407896875 0.7208814875 0.49509885625 0.748252196875 0.4867484703125 0.770983803125 0.4807176359375 0.79974624375 0.4807176359375 0.8275808640625 0.4853567390625 0.8461372765625 0.49834622968750003 0.8609824078124999 0.5155109109375 0.8679410624999999 0.53267559375 0.8809305515625001 0.5897365640625 0.9041260671875 0.6050456046875 0.9031982468749999 0.622674196875 0.9110847234375001 0.6356636875 0.9134042750000001 0.6430862515625 0.9008786953125 0.6546840109375001 0.868404971875
0 0.6601231484375 0.675052453125 0.645612125 0.6863388046875001 0.6593842953125 0.658243575 0.6586613734375 0.6417971015624999 0.653728596875 0.6413860359375 0.5894211640625 0.70569346875 0.575061253125 0.7319159171875 0.5494631484375 0.7475245171875 0.5569552765625 0.78498515625 0.5669447796875 0.7999694125000001 0.6702209421875 0.6990010984375 0.660352546875 0.6802712859375 0.6601231484375 0.675052453125
0 0.717817609375 0.54780455625 0.7252142953125 0.54456850625 0.7259424296875 0.5365590203124999 0.659935921875 0.5312785 0.5425985015625 0.484808234375 0.5228486390625 0.48655086875000003 0.5228486390625 0.4987493140625 0.5292383015625 0.5057198546875 0.5577013390625 0.5080433671875 0.6640020703125 0.551609240625 0.7156120484375 0.553673640625 0.7159684390625001 0.5515028984375 0.717817609375 0.54780455625
1 0.728840040625 0.594050425 0.7477964 0.59649640625 0.7513569578125 0.604804375 0.8458727187499999 0.6314795546874999 0.8541939890625001 0.6300926765625 0.8629775531250001 0.6092895 0.8768463375 0.6083649140625 0.8865544859375 0.6000436437500001 0.8865544859375 0.5931092515625 0.8800823875000001 0.58155193125 0.8814692656249999 0.56306021875 0.87962009375 0.5547389484374999 0.88285614375 0.5482668484375 0.8754594593749999 0.53532265 0.8375514484375 0.5168309375 0.8148991000000001 0.512208009375 0.7806894328125 0.512208009375 0.748791228125 0.49464088281249996 0.7437060078125 0.49464088281249996 0.7381584937500001 0.51082113125 0.7266011734375 0.52931284375 0.7252142953125 0.54456850625 0.717817609375 0.54780455625 0.7159684390625001 0.5515028984375 0.7108832171875 0.5824765171874999 0.7108832171875 0.5898732015625 0.71319468125 0.5940338374999999 0.724609440625 0.597255425 0.728840040625 0.594050425
5 0.4085257953125 0.8981040546875001 0.4318604 0.9002646656250001 0.43834223593750005 0.9015610328125 0.44309558125 0.90199315625 0.453466515625 0.9028574 0.45519500625 0.90199315625 0.456491371875 0.9011289109374999 0.45735561718750006 0.8989682999999999 0.458651984375 0.8946470765625 0.45951622812500004 0.88384401875 0.46643018593749996 0.838039053125 0.46859079687499994 0.8203220375000001 0.4733441421875 0.7879128640624999 0.47766536562499995 0.7606891578125 0.48285083437500004 0.7269836171875 0.48371507812500003 0.722230271875 0.485875690625 0.7058096234375 0.485875690625 0.704081134375 0.4845793234375 0.7027847687500001 0.48285083437500004 0.7019205234375 0.46859079687499994 0.700192034375 0.4500095375 0.6984635453125 0.43920647968750004 0.698031421875 0.422353709375 0.6963029328125 0.414918378125 0.696016959375 0.4161339 0.69869110625 0.4199376609375 0.7086759765624999 0.424216890625 0.72626836875 0.428496121875 0.7414834109374999 0.428496121875 0.7424343515625 0.42611877187499997 0.745287171875 0.4213640703125 0.7471890515624999 0.41803577968749994 0.749566403125 0.40377167812500003 0.7576493937500001 0.39663962656249996 0.7619286234375 0.3942622765625 0.7638305046875 0.3918849265625 0.7671587953125 0.3909339859375 0.7709625546875001 0.3885566359375 0.7752417859375 0.38713022656249996 0.78047195625 0.383326465625 0.781422896875 0.379047234375 0.781422896875 0.3747680046875 0.7828493062499999 0.37048877343750003 0.786177596875 0.3619303125 0.7918832375 0.35527373125 0.797113409375 0.3509945015625 0.7999662296875 0.34576433125 0.8028190499999999 0.3433869796875 0.8047209296875 0.3377669171875 0.80797465 0.33679349062499997 0.8121117140624999 0.33549712343750004 0.820754159375 0.332904390625 0.8293966062499999 0.33204014531250003 0.8376069296875001 0.3294474125 0.8462493765625 0.3285831671875 0.8557560671875001 0.3259904328125 0.8648306359375001 0.32469406562500003 0.872176715625 0.3225334546875 0.881251284375 0.32210133281250003 0.8873009968750001 0.3229655765625 0.8885973640625 0.323829821875 0.8890294859375001 0.3251261890625 0.8894616078125 0.33376863437500004 0.890325853125 0.3385219796875 0.8911900968750001 0.363585075 0.8929185875 0.37568450000000003 0.8946470765625 0.40031547187500005 0.8968076875 0.4085257953125 0.8981040546875001
0 0.7881551015625 0.6906667093750001 0.7477964 0.59649640625 0.728840040625 0.594050425 0.7086606890625 0.6093378109375001 0.657906565625 0.6246251984375 0.660352546875 0.6802712859375 0.690315825 0.737140365625 0.7000997531250001 0.7322484015625 0.7392354625 0.769549625 0.7850976234375 0.770161121875 0.7918240734374999 0.7444783109374999 0.7881551015625 0.6906667093750001
5 0.331500228125 0.81185298125 0.3343530484375 0.8099510999999999 0.3433869796875 0.8047209296875 0.34576433125 0.8028190499999999 0.3509945015625 0.7999662296875 0.35527373125 0.797113409375 0.3619303125 0.7918832375 0.37048877343750003 0.786177596875 0.3747680046875 0.7828493062499999 0.379047234375 0.781422896875 0.383326465625 0.781422896875 0.38713022656249996 0.78047195625 0.3885566359375 0.7752417859375 0.3909339859375 0.7709625546875001 0.3918849265625 0.7671587953125 0.3942622765625 0.7638305046875 0.39663962656249996 0.7619286234375 0.40377167812500003 0.7576493937500001 0.41803577968749994 0.749566403125 0.4213640703125 0.7471890515624999 0.42611877187499997 0.745287171875 0.428496121875 0.7424343515625 0.428496121875 0.7414834109374999 0.424216890625 0.72626836875 0.4199376609375 0.7086759765624999 0.4161339 0.69869110625 0.40900184843750004 0.68300059375 0.40377167812500003 0.6734911921875 0.40234526875 0.670638371875 0.3985415078125 0.66493273125 0.394737746875 0.6578006796875 0.39140945625 0.6563742703125001 0.3904585171875 0.656849740625 0.38713022656249996 0.66255538125 0.384752875 0.6654082015625 0.383326465625 0.668261021875 0.3804736453125 0.6711138421875 0.37571894375000003 0.6687364921875 0.37048877343750003 0.6611289703125001 0.3666850140625 0.654947859375 0.3619303125 0.647815809375 0.36002843281249997 0.64448751875 0.3576510828125 0.6425856375000001 0.356224671875 0.6430611078124999 0.35289638125 0.6454384578125001 0.3500435609375 0.6449629890625 0.34814168125 0.6440120484375 0.34576433125 0.6349781171875 0.34291150937500003 0.62879700625 0.3414851 0.62641965625 0.33720586875 0.6226158953125001 0.33007381874999997 0.6178611953125001 0.3148587765625 0.6102536734374999 0.3024965546875 0.60597444375 0.285855103125 0.600744271875 0.283953221875 0.600744271875 0.2820513421875 0.6012197421875001 0.281575871875 0.6021706828125 0.281575871875 0.602646153125 0.281575871875 0.627370596875 0.2796739921875 0.659227090625 0.2801494625 0.6606535 0.2820513421875 0.66255538125 0.2891833921875 0.6687364921875 0.2934626234375 0.6715893125 0.292987153125 0.674917603125 0.2925116828125 0.6758685421874999 0.28870792343749996 0.68062324375 0.2868060421875 0.683951534375 0.283953221875 0.6872798234374999 0.27824758125 0.697740165625 0.271591 0.7072495671875 0.2696891203125 0.7110533265625001 0.26778724062500003 0.713430678125 0.2630325390625 0.72151366875 0.2573268984375 0.7367287109375 0.254474078125 0.7433852921875 0.25304766875 0.7500418718749999 0.2511457875 0.7581248640625 0.249719378125 0.767634265625 0.24876843750000002 0.7776191359375 0.2482929671875 0.79378511875 0.2482929671875 0.8051964 0.2492439078125 0.8147058015624999 0.2501948484375 0.8218378515625 0.2511457875 0.83229819375 0.2525721984375 0.8365774234375 0.2573268984375 0.8370528937499999 0.2801494625 0.833249134375 0.29631544375 0.8289699031250001 0.30487390468750003 0.8261170828125 0.3124814265625 0.8227887921875 0.331500228125 0.81185298125