5 0.395239615625 0.47922844375 0.37143859218749997 0.47425320624999995 0.3509266609375 0.4738323140625 0.3501453234375 0.4963860734375 0.352437009375 0.49230069531250004 0.3586065609375 0.4887333140625 0.395239615625 0.47922844375
5 0.3500467015625 0.6039826234375 0.3575871984375 0.6056688890624999 0.3543501140625 0.5992327828125 0.348258528125 0.5508493421875 0.3465986671875 0.598762125 0.3500467015625 0.6039826234375
5 0.6338793390624999 0.8440447953125 0.6222405890625 0.8384122640625 0.6219928765625 0.8379967468749999 0.6201230875 0.8518273796875 0.6121495171875 0.8809647515625001 0.613382178125 0.900101821875 0.6102017531249999 0.906116234375 0.634998028125 0.9259702687500001 0.652342784375 0.9232231296875 0.6338793390624999 0.8440447953125
5 0.717949534375 0.8989415265625 0.7213846265625 0.8537085609374999 0.6372168359375 0.84491631875 0.652342784375 0.9232231296875 0.717949534375 0.8989415265625
6 0.62542133125 0.615076375 0.620255078125 0.6472517609375 0.6127708484375 0.6683916859375 0.5969744515625 0.6946182375000001 0.6001013687500001 0.69442371875 0.611352584375 0.6915264546875 0.64975701875 0.668933709375 0.6339524921875 0.6160891578125 0.6319865390625 0.5911948796875001 0.633686078125 0.5837151859375 0.6210195609375 0.5804157609375 0.62542133125 0.615076375
4 0.852572484375 0.6589351890625 0.8623246968749999 0.63065200625 0.8601257578125001 0.6167684546875 0.7877316953125 0.5626818859375 0.76423445 0.5586406687500001 0.7538002359375 0.549942865625 0.7524396078125 0.5500523687500001 0.7653325 0.565626896875 0.7834184843750001 0.6018064125 0.79217774375 0.6103036515625 0.8032757953124999 0.6273265765625 0.808844746875 0.6426242109375 0.836564459375 0.6640582187499999 0.8458658874999999 0.6656038890625 0.852572484375 0.6589351890625
3 0.53651838125 0.5937496375 0.5559013421875 0.64804634375 0.5559370046875001 0.65609586875 0.53185975 0.67230190625 0.52181784375 0.6763864500000001 0.5231477875 0.678578215625 0.5346408921875 0.7068341734375 0.5355155468749999 0.706523178125 0.5560160453125 0.7082216906250001 0.5685609687500001 0.715474878125 0.5794761687500001 0.7101533437499999 0.5960682312500001 0.696122825 0.6127708484375 0.6683916859375 0.620255078125 0.6472517609375 0.62542133125 0.615076375 0.6208078453125 0.57874865 0.599476215625 0.5376571343750001 0.5780944859375 0.5142475734375 0.541932590625 0.49831012656249996 0.5247555312500001 0.49875277812499996 0.5356213015625 0.5793289921875 0.53651838125 0.5937496375
5 0.416155525 0.6934896312500001 0.42962625625 0.6822008578125 0.45782510624999995 0.667562134375 0.47247463749999996 0.6637160078125001 0.494306396875 0.660258196875 0.5071823249999999 0.6612705890624999 0.5169532953125 0.6683696140625 0.52181784375 0.6763864500000001 0.53185975 0.67230190625 0.5559370046875001 0.65609586875 0.5559013421875 0.64804634375 0.53651838125 0.5937496375 0.537631759375 0.611647334375 0.5256379359375 0.617691321875 0.3941076765625 0.6343793171875001 0.38040785312500003 0.6329228484375 0.3795244109375 0.632254140625 0.38253430312500003 0.648860946875 0.409958796875 0.7200630828125 0.4097884359375 0.70467054375 0.416155525 0.6934896312500001
3 0.3689461484375 0.8425998078125 0.3723151765625 0.8557634343749999 0.37803268125 0.8621345234375 0.4304511625 0.8606808656249999 0.444508415625 0.8649584593749999 0.4330593859375 0.819759009375 0.4303448515625 0.82217425 0.3716460515625 0.835323571875 0.3689461484375 0.8425998078125
6 0.8414716343749999 0.8632614828125 0.8589100046875 0.857886709375 0.86226153125 0.852652828125 0.863624628125 0.8414631421875001 0.8659740703125 0.7606165640625 0.8550883734375001 0.721580896875 0.8396542796875 0.7099162578125 0.81015940625 0.7079550046875001 0.8090298984375 0.7198244093749999 0.8003365015625 0.7429473625 0.779890721875 0.760518284375 0.766849146875 0.7655492374999999 0.7506572359375 0.7631714984375 0.738904853125 0.757619465625 0.7267182546875001 0.7462054625000001 0.707093765625 0.738291090625 0.7207687593750001 0.7631996109375 0.721242425 0.7687084390625001 0.7076703281250001 0.7812280546875 0.6868481828124999 0.7933005796875 0.6415015296875 0.8268066453125 0.6404342453125 0.8268857031250001 0.636770871875 0.8271570625000001 0.612924809375 0.7856111015625 0.6138848484375 0.79257056875 0.6226075125 0.8334503468750001 0.6219928765625 0.8379967468749999 0.6222405890625 0.8384122640625 0.635257221875 0.8447116171875001 0.812197659375 0.8631949734375001 0.8414716343749999 0.8632614828125
5 0.79217774375 0.6103036515625 0.7834184843750001 0.6018064125 0.7653325 0.565626896875 0.7476088546875 0.5442168484375001 0.7366919703125 0.5345786578125 0.7113110734375 0.527231340625 0.6975822359375 0.5279230890625 0.6758622515625 0.53432856875 0.64638469375 0.557283809375 0.634898815625 0.57837790625 0.6319865390625 0.5911948796875001 0.6339524921875 0.6160891578125 0.652863478125 0.6793205734375001 0.6690359140625 0.6940571109375 0.678216859375 0.7103818046875 0.6856181484375 0.7049514953125 0.6890389609375001 0.7064039234374999 0.6949827859375 0.7162313671875 0.707093765625 0.738291090625 0.7267182546875001 0.7462054625000001 0.738904853125 0.757619465625 0.7506572359375 0.7631714984375 0.766849146875 0.7655492374999999 0.779890721875 0.760518284375 0.8003365015625 0.7429473625 0.8090298984375 0.7198244093749999 0.8138527671875 0.6691434609375 0.8093997828124999 0.644148859375 0.8032757953124999 0.6273265765625 0.79217774375 0.6103036515625
6 0.5010398703125001 0.4656560484375 0.4098588890625 0.4754353015625 0.3586065609375 0.4887333140625 0.352437009375 0.49230069531250004 0.3463773125 0.503103290625 0.344310321875 0.5194900312499999 0.3543501140625 0.5992327828125 0.36569259375 0.6217843734375 0.38040785312500003 0.6329228484375 0.3941076765625 0.6343793171875001 0.5256379359375 0.617691321875 0.537631759375 0.611647334375 0.5356213015625 0.5793289921875 0.5207789796875 0.469264253125 0.516601075 0.465781615625 0.5010398703125001 0.4656560484375
3 0.480088875 0.708558075 0.4849827890625 0.7082325421875 0.493320009375 0.7154542375 0.4962035109375 0.7109512390625 0.4997122015625 0.7103955171874999 0.5035940921875001 0.717873278125 0.5346408921875 0.7068341734375 0.5231477875 0.678578215625 0.5169532953125 0.6683696140625 0.5071823249999999 0.6612705890624999 0.494306396875 0.660258196875 0.47247463749999996 0.6637160078125001 0.45782510624999995 0.667562134375 0.42962625625 0.6822008578125 0.416155525 0.6934896312500001 0.4097884359375 0.70467054375 0.40997949843750003 0.7219334734375 0.415529875 0.7505545296875 0.4481063859375 0.87916283125 0.49209733125 0.872866815625 0.4842921265625 0.85715570625 0.464596646875 0.8009294890625 0.447715203125 0.7397616890625 0.4620455359375 0.7280506296875 0.480088875 0.708558075
6 0.6226075125 0.8334503468750001 0.6138848484375 0.79257056875 0.612924809375 0.7856111015625 0.610329978125 0.7810902421875 0.6045057828125 0.7644634609375001 0.60950188125 0.760797834375 0.6078154984374999 0.7485730140625 0.608063403125 0.735945275 0.5986324546875 0.710463684375 0.594220715625 0.7053177859375 0.5897653890625 0.7055738515625001 0.5743276921875 0.718809065625 0.5560160453125 0.7082216906250001 0.5355155468749999 0.706523178125 0.5035940921875001 0.717873278125 0.4997122015625 0.7103955171874999 0.4962035109375 0.7109512390625 0.493320009375 0.7154542375 0.4849827890625 0.7082325421875 0.480088875 0.708558075 0.4620455359375 0.7280506296875 0.447715203125 0.7397616890625 0.464596646875 0.8009294890625 0.4842921265625 0.85715570625 0.49485223281249996 0.8784121609375 0.5091730140624999 0.8950266843750001 0.518317940625 0.9016708640625 0.5543596375 0.9134963687500001 0.5576422187500001 0.9228674046875 0.5718594968749999 0.9161197234375 0.6023303421875 0.9126423828125001 0.6092305875 0.9079527828125 0.613382178125 0.900101821875 0.6121495171875 0.8809647515625001 0.6201230875 0.8518273796875 0.6226075125 0.8334503468750001
5 0.6415015296875 0.8268066453125 0.6868481828124999 0.7933005796875 0.7076703281250001 0.7812280546875 0.721242425 0.7687084390625001 0.7207687593750001 0.7631996109375 0.6949827859375 0.7162313671875 0.6890389609375001 0.7064039234374999 0.6856181484375 0.7049514953125 0.6045057828125 0.7644634609375001 0.610329978125 0.7810902421875 0.636770871875 0.8271570625000001 0.6415015296875 0.8268066453125