1 0.6731915421875 0.43158844375000005 0.6804948093750001 0.438453515625 0.680587365625 0.43567684375000004 0.6749450578125 0.4109375 0.53236926875 0.4109375 0.5314609640625 0.415625 0.5395338187500001 0.415625 0.5455744124999999 0.41851397968750004 0.550575509375 0.41754154374999997 0.5846391890625 0.4219211609375 0.595831540625 0.428247271875 0.5982018859375 0.4315292890625 0.6058673828125001 0.4266014703125 0.6251919109374999 0.4222378671875 0.643893065625 0.4222378671875 0.6731915421875 0.43158844375000005
1 0.6610643281249999 0.6696177343749999 0.7148381781250001 0.6609644703125 0.7357980203125 0.6653592765624999 0.734368184375 0.6560653390625 0.731810221875 0.654999521875 0.7200382859375 0.63498723125 0.7165067046875 0.60751938125 0.725356734375 0.5962110109375 0.7245422406250001 0.586088015625 0.718074315625 0.5917950078125 0.6999965312499999 0.5992754703125 0.6763084015625 0.619846740625 0.6635065546875001 0.624647434375 0.6557742953125001 0.671968859375 0.6610643281249999 0.6696177343749999
1 0.8920421093750001 0.8660046765624999 0.9039538078125 0.8472862937500001 0.9116113265625 0.8260154046875 0.922246771875 0.8141037078125001 0.9275820140625 0.7828036218750001 0.9207736265625 0.791706896875 0.9131298015624999 0.7922948843750001 0.8513792703125 0.7800427953125 0.853845978125 0.8017238593749999 0.8539084796875 0.8018890437499999 0.86256174375 0.8525724421875 0.8630579656249999 0.8853230578125 0.8737491453124999 0.8800434625 0.8920421093750001 0.8660046765624999
0 0.4328600625 0.5917713499999999 0.42959774062499995 0.582656040625 0.42072067031250004 0.5984375 0.42767527968749997 0.5984375 0.4328600625 0.5917713499999999
6 0.7357980203125 0.6653592765624999 0.7411268765625 0.6664766171875 0.737909809375 0.66293784375 0.7357689203125 0.6566489796874999 0.734368184375 0.6560653390625 0.7357980203125 0.6653592765624999
6 0.8451766718749999 0.7788121203125 0.853845978125 0.8017238593749999 0.8513792703125 0.7800427953125 0.8451766718749999 0.7788121203125
5 0.4328600625 0.5917713499999999 0.42767527968749997 0.5984375 0.436508496875 0.5984375 0.433970859375 0.5948750453125 0.4328600625 0.5917713499999999
3 0.549055184375 0.420178696875 0.569753803125 0.4392214265625 0.578807946875 0.45021574375 0.588412971875 0.4378221625 0.5982018859375 0.4315292890625 0.595831540625 0.428247271875 0.5846391890625 0.4219211609375 0.550575509375 0.41754154374999997 0.5455744124999999 0.41851397968750004 0.549055184375 0.420178696875
3 0.7219438421875 0.5355483359375001 0.706985115625 0.5355483359375001 0.699505753125 0.5302687859375 0.6739879265625001 0.5298288234374999 0.6673884890624999 0.5210295734375 0.6643087515625 0.503871034375 0.6691483390624999 0.495071784375 0.6673884890624999 0.4796730953125 0.680147403125 0.4488757203125 0.6804948093750001 0.438453515625 0.6731915421875 0.43158844375000005 0.643893065625 0.4222378671875 0.6251919109374999 0.4222378671875 0.6058673828125001 0.4266014703125 0.588412971875 0.4378221625 0.578807946875 0.45021574375 0.5813450312499999 0.4532964875 0.5933502296875 0.47565099687499995 0.60121570625 0.5029731749999999 0.6049414578125 0.5273975453124999 0.6028715953125 0.5617572546875 0.5974899546875 0.5849397093750001 0.5916943406249999 0.5998427140625 0.590513325 0.601885553125 0.6651061015625 0.6148582109375 0.6635065546875001 0.624647434375 0.6763084015625 0.619846740625 0.6999965312499999 0.5992754703125 0.718074315625 0.5917950078125 0.7245422406250001 0.586088015625 0.72438611875 0.5841476453125 0.7232101453124999 0.5653320765625 0.7296779984375 0.556512278125 0.7306807796875 0.5429747328125 0.7219438421875 0.5355483359375001
6 0.8557627515625 0.94343170625 0.8631798343750001 0.8933663968750001 0.86256174375 0.8525724421875 0.8539084796875 0.8018890437499999 0.8451766718749999 0.7788121203125 0.8390434953125 0.7775952203125 0.8313996703125 0.7717153546875 0.8084681953124999 0.7405520671875 0.7411268765625 0.6664766171875 0.7148381781250001 0.6609644703125 0.6610643281249999 0.6696177343749999 0.6557742953125001 0.671968859375 0.61081165 0.947140246875 0.680225125 0.947140246875 0.8557627515625 0.94343170625
1 0.7219438421875 0.5355483359375001 0.7306807796875 0.5429747328125 0.7308539703125 0.540636640625 0.7349698765625 0.5365207359374999 0.7432016890625001 0.5359327484375 0.761429271875 0.54710449375 0.800236384375 0.5053574484375 0.8079811031249999 0.508931934375 0.8160958203125 0.492432009375 0.825774996875 0.45503519531250003 0.8262149593749999 0.43347703125 0.8160958203125 0.3868410046875 0.8191755578125001 0.372762203125 0.8301746218750001 0.357363515625 0.832374434375 0.34504456562499997 0.830614584375 0.3340455015625 0.823575184375 0.3252462515625 0.8081764953125001 0.3155670765625 0.8006971328124999 0.2948888375 0.7927778078125 0.2860895875 0.7896980703125001 0.2860895875 0.75450106875 0.3010483140625 0.7285432796875 0.3190867765625 0.7263434671875 0.3190867765625 0.7179841796875001 0.3045680140625 0.7127046296875 0.29928846249999996 0.6577093140625 0.3353653890625 0.680587365625 0.43567684375000004 0.680147403125 0.4488757203125 0.6673884890624999 0.4796730953125 0.6691483390624999 0.495071784375 0.6643087515625 0.503871034375 0.6673884890624999 0.5210295734375 0.6739879265625001 0.5298288234374999 0.699505753125 0.5302687859375 0.706985115625 0.5355483359375001 0.7219438421875 0.5355483359375001
1 0.5635442171875 0.6399980375000001 0.5660280515625 0.6416539265625001 0.5652001078125 0.6437237890625 0.55940449375 0.642481871875 0.5577486046875 0.6453796781250001 0.54657135 0.649933375 0.5338312671875001 0.652056721875 0.541868553125 0.65848655 0.5487096734375 0.6698884171875 0.5538405140625 0.6972528984374999 0.560111540625 0.6989631796875 0.5686629421875 0.6949725250000001 0.5817750890625 0.6738790703124999 0.58462555625 0.6733089765625 0.5829152765625001 0.6972528984374999 0.570373221875 0.749131396875 0.5646722875 0.7468510234375 0.5641021937499999 0.7308884078125 0.5475694859375 0.7240472875 0.535597525 0.7428603687499999 0.5253358453125 0.7514117703125 0.49740126875 0.7593930765625 0.48314893437500006 0.7554024234375001 0.48029846718749997 0.7479912093750001 0.48086856093749997 0.7263276609375 0.493980709375 0.6630472968750001 0.49982034531249997 0.651368021875 0.49358288281249996 0.6503473468750001 0.47661001562500005 0.642481871875 0.4554974234375 0.62509503125 0.436508496875 0.5984375 0.39709665156249996 0.5984375 0.3671875 0.76968205 0.3671875 0.943272415625 0.53843205 0.973768021875 0.6064607078125 0.973768021875 0.6651061015625 0.6148582109375 0.590513325 0.601885553125 0.5763773624999999 0.6263369484375 0.5635442171875 0.6399980375000001
3 0.58462555625 0.6733089765625 0.5817750890625 0.6738790703124999 0.5686629421875 0.6949725250000001 0.560111540625 0.6989631796875 0.5538405140625 0.6972528984374999 0.5487096734375 0.6698884171875 0.541868553125 0.65848655 0.5338312671875001 0.652056721875 0.5291845093750001 0.6528311812500001 0.5163513656250001 0.6540730984375001 0.49982034531249997 0.651368021875 0.493980709375 0.6630472968750001 0.48086856093749997 0.7263276609375 0.48029846718749997 0.7479912093750001 0.48314893437500006 0.7554024234375001 0.49740126875 0.7593930765625 0.5253358453125 0.7514117703125 0.535597525 0.7428603687499999 0.5475694859375 0.7240472875 0.5641021937499999 0.7308884078125 0.5646722875 0.7468510234375 0.570373221875 0.749131396875 0.5829152765625001 0.6972528984374999 0.58462555625 0.6733089765625
6 0.4161700453125 0.5240857671875 0.419895796875 0.55554766875 0.433970859375 0.5948750453125 0.4554974234375 0.62509503125 0.47661001562500005 0.642481871875 0.49358288281249996 0.6503473468750001 0.5163513656250001 0.6540730984375001 0.5291845093750001 0.6528311812500001 0.54657135 0.649933375 0.5577486046875 0.6453796781250001 0.55940449375 0.642481871875 0.5652001078125 0.6437237890625 0.5660280515625 0.6416539265625001 0.5635442171875 0.6399980375000001 0.5763773624999999 0.6263369484375 0.5916943406249999 0.5998427140625 0.5974899546875 0.5849397093750001 0.6028715953125 0.5617572546875 0.6049414578125 0.5273975453124999 0.60121570625 0.5029731749999999 0.5933502296875 0.47565099687499995 0.5813450312499999 0.4532964875 0.569753803125 0.4392214265625 0.549055184375 0.420178696875 0.5395338187500001 0.415625 0.49482480000000006 0.415625 0.4559113953125 0.42100664062500004 0.4480459203125 0.4276302 0.429831134375 0.45536635 0.4211377140625 0.478548803125 0.416997990625 0.49800550625 0.4161700453125 0.5240857671875
6 0.7887079109374999 0.6240000921875 0.8004798453124999 0.6255696828125 0.8075430078125001 0.6408731999999999 0.8071506093749999 0.6589235 0.792239490625 0.6687334468749999 0.7561388890625 0.6659866625 0.75299970625 0.6530375328125 0.7412277703125 0.6589235 0.7357689203125 0.6566489796874999 0.737909809375 0.66293784375 0.8084681953124999 0.7405520671875 0.8313996703125 0.7717153546875 0.8390434953125 0.7775952203125 0.9131298015624999 0.7922948843750001 0.9207736265625 0.791706896875 0.9284174515625001 0.7817111265625 0.9395891953125 0.77877119375 0.9419411421874999 0.765247503125 0.9313573843749999 0.73996408125 0.9519369125000001 0.6841053593749999 0.9495849671875 0.6664657625 0.9437051015625 0.6588219375000001 0.9278294640625001 0.648826165625 0.9143057734375001 0.6300105968749999 0.9007820828125 0.6188388515625001 0.8843184609374999 0.5964953640624999 0.8754986625000001 0.59296744375 0.865502890625 0.5729759015625 0.8525671859375 0.560040196875 0.8437473890625 0.545340534375 0.83316363125 0.5424006015625 0.826695778125 0.5347567765625 0.815524034375 0.5124132875 0.800236384375 0.5053574484375 0.761429271875 0.54710449375 0.7432016890625001 0.5359327484375 0.7349698765625 0.5365207359374999 0.7308539703125 0.540636640625 0.7296779984375 0.556512278125 0.7232101453124999 0.5653320765625 0.72438611875 0.5841476453125 0.725356734375 0.5962110109375 0.730633028125 0.5894690812500001 0.7765435765625 0.5863298984374999 0.7867459203125 0.60320300625 0.7887079109374999 0.6240000921875
0 0.75299970625 0.6530375328125 0.7561388890625 0.6659866625 0.792239490625 0.6687334468749999 0.8071506093749999 0.6589235 0.8075430078125001 0.6408731999999999 0.8004798453124999 0.6255696828125 0.7887079109374999 0.6240000921875 0.7867459203125 0.60320300625 0.7765435765625 0.5863298984374999 0.730633028125 0.5894690812500001 0.7165067046875 0.60751938125 0.7200382859375 0.63498723125 0.731810221875 0.654999521875 0.7412277703125 0.6589235 0.75299970625 0.6530375328125