1 0.54590319375 0.4170976765625 0.5442727859375001 0.421585375 0.5522462499999999 0.4228482484375 0.5577605375 0.42664661718749997 0.5628521859375 0.426468496875 0.5958113609375 0.4361229265625 0.6058762953125 0.44412202343749996 0.6077040375 0.44773443593750006 0.6160460390625 0.4440664359375 0.6358152687499999 0.442779578125 0.65428618125 0.44570508281250004 0.6817611921875 0.45952382968750005 0.687900609375 0.4674468640625 0.68842639375 0.46471885625000003 0.6867236390625 0.43940144375 0.54590319375 0.4170976765625
1 0.7047089859375 0.6893543281250001 0.69621259375 0.6677468859375 0.6970214109375 0.64006475 0.7075315015625 0.6302800546875 0.7083106203125 0.620154275 0.70102955625 0.6247791984375 0.6820041375 0.629339575 0.6553895921875 0.6459519390625 0.6419943625 0.648690878125 0.6269545984375 0.69422010625 0.6325472999999999 0.6927254703125 0.6870127734375 0.6925908265625 0.707027065625 0.7002103671875 0.707068725 0.6908071765625 0.7047089859375 0.6893543281250001
1 0.8780775359374999 0.846210403125 0.8699601921875001 0.8539389984374999 0.8623184937499999 0.8533239890625 0.8032448640625001 0.83156283125 0.8022895359375 0.85336284375 0.8023254281250001 0.853535771875 0.8029435250000001 0.9049488421874999 0.7983103125000001 0.9373738703125 0.8096957781249999 0.9338317437500001 0.8299596749999999 0.92282745 0.8446529203124999 0.9062029203125 0.8555436625 0.8863918125 0.8679115671875 0.8762905171875 0.8780775359374999 0.846210403125
0 0.41933046406249996 0.5801384921875 0.41753425625 0.5706250671875 0.40629771249999996 0.5848235515625 0.4131667 0.5859114921875 0.41933046406249996 0.5801384921875
6 0.707068725 0.6908071765625 0.707027065625 0.7002103671875 0.7121155234375001 0.7021475671874999 0.70949165 0.6981491015625 0.7083609140625 0.69160275625 0.707068725 0.6908071765625
6 0.8022895359375 0.85336284375 0.8032448640625001 0.83156283125 0.79731115 0.8293770078125 0.8022895359375 0.85336284375
5 0.41933046406249996 0.5801384921875 0.4131667 0.5859114921875 0.42189116562500006 0.5872933109375 0.41994206093750003 0.5833777421875 0.41933046406249996 0.5801384921875
3 0.6077040375 0.44773443593750006 0.6058762953125 0.44412202343749996 0.5958113609375 0.4361229265625 0.5628521859375 0.426468496875 0.5577605375 0.42664661718749997 0.5609380359375 0.4288353515625 0.57840288125 0.4508816109375 0.5856256640625 0.46315695 0.59705121875 0.45241851093749996 0.6077040375 0.44773443593750006
3 0.6620379093750001 0.5469559937499999 0.6616802749999999 0.5295269265625 0.667836784375 0.5215930890625 0.6685074875 0.50610868125 0.6859270890625 0.47768640781249994 0.687900609375 0.4674468640625 0.6817611921875 0.45952382968750005 0.65428618125 0.44570508281250004 0.6358152687499999 0.442779578125 0.6160460390625 0.4440664359375 0.59705121875 0.45241851093749996 0.5856256640625 0.46315695 0.587649578125 0.46659665156249996 0.59600995625 0.4905539671875 0.599504465625 0.5187701953125 0.599363534375 0.543476696875 0.5919441125 0.5770895828125 0.58300219375 0.59914475 0.5749465890625001 0.6129576390625 0.57346054375 0.6147905765624999 0.6451055890624999 0.6392724000000001 0.6419943625 0.648690878125 0.6553895921875 0.6459519390625 0.6820041375 0.629339575 0.70102955625 0.6247791984375 0.7083106203125 0.620154275 0.7084599609375 0.6182133703125 0.7102418703125 0.599445490625 0.7180098125 0.5917460734375 0.7211179875 0.5785320671874999 0.7136503609375 0.56983034375 0.6988757999999999 0.5674902828125 0.692314425 0.561105703125 0.667179590625 0.5566792890625 0.6620379093750001 0.5469559937499999
6 0.79731115 0.8293770078125 0.791443846875 0.82721565 0.78481394375 0.8202124171875 0.76703980625 0.7858455296875 0.7121155234375001 0.7021475671874999 0.6870127734375 0.6925908265625 0.6325472999999999 0.6927254703125 0.6269545984375 0.69422010625 0.5394992296875001 0.9589699703125 0.608058109375 0.9698286296875 0.7820147203125 0.9936258812500001 0.7971724265625 0.9453372468750001 0.8029435250000001 0.9049488421874999 0.8023254281250001 0.853535771875 0.79731115 0.8293770078125
1 0.734586353125 0.5735354828125 0.7508418781249999 0.5874211078125 0.7957018859375 0.5522588078124999 0.8027920828124999 0.5570008265624999 0.8133880515625 0.5419734640625 0.8287982109375 0.5065512234375 0.8326051968750001 0.4853273015625 0.8299061234374999 0.4376824609375 0.835150353125 0.42425876875 0.8484228859374999 0.4107702984375 0.8525227234375 0.398947140625 0.8525051734375 0.38780819218749996 0.8469289453125001 0.3780160703125 0.833233996875 0.3660471765625 0.8290815078125 0.34445349062499997 0.8226361875 0.33452371875 0.8195943671875 0.3340419421875 0.7824906390625 0.343310478125 0.7540305953125 0.3570661640625 0.7518578671875 0.35672203750000003 0.74587273125 0.34107434531249997 0.741484084375 0.3350338890625 0.681522178125 0.3620634859375 0.68842639375 0.46471885625000003 0.6859270890625 0.47768640781249994 0.6685074875 0.50610868125 0.667836784375 0.5215930890625 0.6616802749999999 0.5295269265625 0.6620379093750001 0.5469559937499999 0.667179590625 0.5566792890625 0.692314425 0.561105703125 0.6988757999999999 0.5674902828125 0.7136503609375 0.56983034375 0.7211179875 0.5785320671874999 0.7216548031250001 0.576249853125 0.72636390625 0.5728284921875 0.734586353125 0.5735354828125
1 0.53429523125 0.652623684375 0.5225432328124999 0.6553728109375 0.5096278359374999 0.655477028125 0.5165603234375 0.6630850015624999 0.5215335734375001 0.67541668125 0.522320496875 0.7032469 0.52824676875 0.7059171296875 0.5373171640625001 0.7033133406250001 0.5535676234375 0.6845307734375 0.556472178125 0.6844136093750001 0.5510373000000001 0.7077951953125 0.5305340734375 0.7570729734375 0.5252600562499999 0.753928853125 0.527194084375 0.73807358125 0.511935109375 0.7287304 0.497167528125 0.745439034375 0.485694453125 0.7522798734375 0.456855246875 0.7557929859375 0.4434026578125 0.7496219078124999 0.44174665312499994 0.7418560265624999 0.44569865468750003 0.720548375 0.4685486 0.6600982890625 0.47614338125 0.6494763265625 0.47014238124999996 0.6474924625 0.454608909375 0.637068684375 0.43647615 0.6165931671875 0.42189116562500006 0.5872933109375 0.3829645453125 0.581127940625 0.326635075 0.7455853640625 0.29947955937500004 0.91703854375 0.463845240625 0.9739472484375 0.531036353125 0.984589275 0.6451055890624999 0.6392724000000001 0.57346054375 0.6147905765624999 0.555673578125 0.6367295828125 0.5408613640625 0.648214934375 0.5430555796875 0.6502389953125001 0.5419140328125 0.6521538546875 0.53638405 0.65002059375 0.53429523125 0.652623684375
3 0.522320496875 0.7032469 0.5215335734375001 0.67541668125 0.5165603234375 0.6630850015624999 0.5096278359374999 0.655477028125 0.5049171359375 0.6555150390625 0.4920477109375 0.6547341203125 0.47614338125 0.6494763265625 0.4685486 0.6600982890625 0.44569865468750003 0.720548375 0.44174665312499994 0.7418560265624999 0.4434026578125 0.7496219078124999 0.456855246875 0.7557929859375 0.485694453125 0.7522798734375 0.497167528125 0.745439034375 0.511935109375 0.7287304 0.527194084375 0.73807358125 0.5252600562499999 0.753928853125 0.5305340734375 0.7570729734375 0.5510373000000001 0.7077951953125 0.556472178125 0.6844136093750001 0.5535676234375 0.6845307734375 0.5373171640625001 0.7033133406250001 0.52824676875 0.7059171296875 0.522320496875 0.7032469
6 0.454608909375 0.637068684375 0.47014238124999996 0.6474924625 0.4920477109375 0.6547341203125 0.5049171359375 0.6555150390625 0.5225432328124999 0.6553728109375 0.53429523125 0.652623684375 0.53638405 0.65002059375 0.5419140328125 0.6521538546875 0.5430555796875 0.6502389953125001 0.5408613640625 0.648214934375 0.555673578125 0.6367295828125 0.5749465890625001 0.6129576390625 0.58300219375 0.59914475 0.5919441125 0.5770895828125 0.599363534375 0.543476696875 0.599504465625 0.5187701953125 0.59600995625 0.4905539671875 0.587649578125 0.46659665156249996 0.57840288125 0.4508816109375 0.5609380359375 0.4288353515625 0.5522462499999999 0.4228482484375 0.5080876734374999 0.41585421718750004 0.4688114828125 0.415082203125 0.4600066921875 0.420393784375 0.4376772703125 0.4449390359375 0.425464346875 0.4664761234375 0.41833189062500004 0.4850456875 0.4134342875 0.5106753375 0.41219244218749995 0.5423327265625 0.41994206093750003 0.5833777421875 0.43647615 0.6165931671875 0.454608909375 0.637068684375
6 0.7622458109375 0.7123723859375 0.7270193593750001 0.704012040625 0.725944515625 0.6907312609375 0.71339674375 0.694703225 0.7083609140625 0.69160275625 0.70949165 0.6981491015625 0.76703980625 0.7858455296875 0.78481394375 0.8202124171875 0.791443846875 0.82721565 0.8623184937499999 0.8533239890625 0.8699601921875001 0.8539389984374999 0.8790735921874999 0.84526205 0.8905677000000001 0.8441059578125 0.8950062624999999 0.8311166921875 0.88850800625 0.8044888875 0.9175723953125001 0.7525372265625 0.9180088484375 0.7347468765625 0.91339713125 0.726277346875 0.8992806312500001 0.7139211421875 0.88886684375 0.693221653125 0.8772572984375 0.6800718781249999 0.8644916625000001 0.6554279984375 0.8563323390625 0.6505637921874999 0.8495869968750001 0.629254696875 0.8388341421875 0.6144546609375 0.8324224656249999 0.59855625625 0.82242891875 0.5939968546875 0.817236453125 0.5854353421875 0.8096975437499999 0.5616192921875001 0.7957018859375 0.5522588078124999 0.7508418781249999 0.5874211078125 0.734586353125 0.5735354828125 0.72636390625 0.5728284921875 0.7216548031250001 0.576249853125 0.7180098125 0.5917460734375 0.7102418703125 0.599445490625 0.7084599609375 0.6182133703125 0.7075315015625 0.6302800546875 0.7137975046875 0.6244465234375001 0.7596338953124999 0.62852798125 0.7670710953125 0.6467893499999999 0.76575555 0.6676373124999999 0.7771370140625 0.671029115625 0.78171921875 0.68724914375 0.7785079625 0.7050158296875 0.7622458109375 0.7123723859375
0 0.78171921875 0.68724914375 0.7771370140625 0.671029115625 0.76575555 0.6676373124999999 0.7670710953125 0.6467893499999999 0.7596338953124999 0.62852798125 0.7137975046875 0.6244465234375001 0.6970214109375 0.64006475 0.69621259375 0.6677468859375 0.7047089859375 0.6893543281250001 0.71339674375 0.694703225 0.725944515625 0.6907312609375 0.7270193593750001 0.704012040625 0.7622458109375 0.7123723859375 0.7785079625 0.7050158296875 0.78171921875 0.68724914375