1 0.5082152421874999 0.4055944484375 0.5085511 0.41035731249999996 0.5163488796875 0.40826790312499994 0.52293136875 0.40949502187500003 0.5275103718749999 0.40726134218750004 0.5615468875 0.40267539843750005 0.5739951875 0.40588915937500003 0.5771342140625 0.40844585312500004 0.5832631015625 0.40170197031250005 0.6007997796875 0.392485496875 0.6188637078125 0.38764528125000003 0.6495839703125 0.3890942421875 0.6584151953124999 0.3938351671875 0.6577859421875 0.39112915312499996 0.645932878125 0.36869311875 0.5082152421874999 0.4055944484375
1 0.7640283078125 0.589721140625 0.7474779296875 0.573437553125 0.7369574812499999 0.5478196890625 0.7425791312500001 0.5346060859375 0.7391723671875 0.5250388296875 0.734401909375 0.5322253828125 0.7188761968749999 0.5441298296875 0.7013194578124999 0.5701310890625 0.690196334375 0.578081565625 0.69497523125 0.6257918078125 0.69947649375 0.622151634375 0.749178415625 0.5998755265625 0.770561528125 0.598695778125 0.7667749640625 0.5900885921875 0.7640283078125 0.589721140625
1 0.9862074734374999 0.662500953125 0.9819354140625001 0.672862996875 0.974704228125 0.6754093171875 0.9118867203125 0.6795569218749999 0.91988085 0.6998607906250001 0.9199839750000001 0.70000416875 0.9414602140625 0.74672094375 0.9504160109375 0.7782271765625 0.9593764374999999 0.7703603984375 0.9734125796875001 0.7520654046875 0.980073721875 0.7309018609375 0.9819650062499999 0.7083738484375 0.989155084375 0.6941153765625 0.9862074734374999 0.662500953125
0 0.4588999734375 0.6060214109375 0.45338959687499997 0.59806105 0.44889954843749996 0.6156023234375 0.455617184375 0.6138023390625 0.4588999734375 0.6060214109375
6 0.7667749640625 0.5900885921875 0.770561528125 0.598695778125 0.7759979968749999 0.5983958359375 0.7719746468750001 0.59581028125 0.768279028125 0.5902898078125001 0.7667749640625 0.5900885921875
6 0.91988085 0.6998607906250001 0.9118867203125 0.6795569218749999 0.9055769484375 0.67997353125 0.91988085 0.6998607906250001
5 0.4588999734375 0.6060214109375 0.455617184375 0.6138023390625 0.4641494171875 0.611516134375 0.46077621718749995 0.60873185625 0.4588999734375 0.6060214109375
3 0.5771342140625 0.40844585312500004 0.5739951875 0.40588915937500003 0.5615468875 0.40267539843750005 0.5275103718749999 0.40726134218750004 0.52293136875 0.40949502187500003 0.5267243953125 0.4102021265625 0.5516463468749999 0.42323879375000006 0.5632375171875 0.431515103125 0.5693075640624999 0.417057859375 0.5771342140625 0.40844585312500004
3 0.66712771875 0.4769896796875 0.6597119640625 0.4612128984375 0.6621092328125 0.451460896875 0.656423875 0.43704238906250004 0.6607770921875 0.403992159375 0.6584151953124999 0.3938351671875 0.6495839703125 0.3890942421875 0.6188637078125 0.38764528125000003 0.6007997796875 0.392485496875 0.5832631015625 0.40170197031250005 0.5693075640624999 0.417057859375 0.5632375171875 0.431515103125 0.5664855078125 0.433834228125 0.5838674125 0.45231985156250004 0.5985363796875001 0.4766753140625 0.6084566703125 0.4993031484375 0.6153502843750001 0.5330277984375 0.6161520796875 0.5568132015625 0.614411128125 0.5727084140625001 0.6137990796875 0.5749873140624999 0.689207740625 0.568211909375 0.690196334375 0.578081565625 0.7013194578124999 0.5701310890625 0.7188761968749999 0.5441298296875 0.734401909375 0.5322253828125 0.7391723671875 0.5250388296875 0.7385193609375 0.5232049828124999 0.7325136296875 0.505334903125 0.7364783640625 0.495141628125 0.7339432015625 0.481805825 0.723581875 0.47689376250000004 0.7091328546875 0.48076536562500005 0.7005418984375 0.47760151406249995 0.6757797 0.4837810421875 0.66712771875 0.4769896796875
6 0.9055769484375 0.67997353125 0.8993377984375 0.680385478125 0.8904326093750001 0.6766843328125 0.860216853125 0.6525180109375001 0.7759979968749999 0.5983958359375 0.749178415625 0.5998755265625 0.69947649375 0.622151634375 0.69497523125 0.6257918078125 0.722764246875 0.903224146875 0.7898125140625 0.8852586171875 0.958409 0.8362439609375001 0.9526154968749999 0.7859649046875 0.9414602140625 0.74672094375 0.9199839750000001 0.70000416875 0.9055769484375 0.67997353125
1 0.744214871875 0.47176314062499997 0.7647128249999999 0.477836571875 0.7913926874999999 0.427468003125 0.79979865625 0.4289162109375 0.8033663765625001 0.4108782640625 0.8030367359374999 0.37225056093750003 0.7978820421874999 0.3513131015625 0.7760374140625 0.30888518593750003 0.77536835 0.29448901250000004 0.78200715625 0.27676825625 0.7809436328125 0.2642997109375 0.77639698125 0.25413091250000003 0.7673200296875 0.2474534203125 0.7499408828125 0.2420895296875 0.7373644515625 0.2240516859375 0.7274375578125001 0.21760193593750002 0.7244627593749999 0.21839902968749997 0.6943366703125 0.24195770468750002 0.67393206875 0.2660998921875 0.6718072125 0.2666692453125 0.6599750281250001 0.25480874062500003 0.6535089265625 0.2510755328125 0.6097249265625 0.300157003125 0.6577859421875 0.39112915312499996 0.6607770921875 0.403992159375 0.656423875 0.43704238906250004 0.6621092328125 0.451460896875 0.6597119640625 0.4612128984375 0.66712771875 0.4769896796875 0.6757797 0.4837810421875 0.7005418984375 0.47760151406249995 0.7091328546875 0.48076536562500005 0.723581875 0.47689376250000004 0.7339432015625 0.481805825 0.7335053484375 0.47950257656249995 0.736415734375 0.47446164218750003 0.744214871875 0.47176314062499997
1 0.5934078984375 0.6254795468750001 0.5837900828125 0.6327709671874999 0.5720336703125 0.6381193390625 0.5814612546875 0.6422498734375 0.5910202890625 0.6514926187500001 0.60305875 0.67659671875 0.6095587499999999 0.6766256625 0.6167859124999999 0.6705577203125 0.6239918859375 0.646789334375 0.6265976734375001 0.6455009109375001 0.6311428140625 0.669071615625 0.6324552625 0.7224285203125 0.6263583796875001 0.721701359375 0.62167628125 0.7064302078125 0.6039363 0.704101171875 0.5972414578125 0.7253717843749999 0.5895427015625 0.7362877234375 0.5646256875 0.7512270734375 0.54982613125 0.7510611734375 0.5451546281249999 0.7446402453125 0.5400983578125 0.7235673140625 0.5363855578125001 0.6590495015625 0.5390033937500001 0.6462567796875 0.5327142968749999 0.6468852578125001 0.5142840328125 0.64368069375 0.4893907890625 0.6323506359375 0.4641494171875 0.611516134375 0.42608049843750007 0.6217166703125 0.4415118265625 0.7948672609375 0.48644031875 0.962542678125 0.659742696875 0.947677821875 0.725453334375 0.930070709375 0.689207740625 0.568211909375 0.6137990796875 0.5749873140624999 0.606473275 0.6022642046875 0.597613159375 0.6187812671875 0.600440934375 0.6197378687499999 0.6001769218749999 0.621951490625 0.59425735625 0.62225190625 0.5934078984375 0.6254795468750001
3 0.60305875 0.67659671875 0.5910202890625 0.6514926187500001 0.5814612546875 0.6422498734375 0.5720336703125 0.6381193390625 0.5677456921874999 0.640070078125 0.5556712578125 0.644591140625 0.5390033937500001 0.6462567796875 0.5363855578125001 0.6590495015625 0.5400983578125 0.7235673140625 0.5451546281249999 0.7446402453125 0.54982613125 0.7510611734375 0.5646256875 0.7512270734375 0.5895427015625 0.7362877234375 0.5972414578125 0.7253717843749999 0.6039363 0.704101171875 0.62167628125 0.7064302078125 0.6263583796875001 0.721701359375 0.6324552625 0.7224285203125 0.6311428140625 0.669071615625 0.6265976734375001 0.6455009109375001 0.6239918859375 0.646789334375 0.6167859124999999 0.6705577203125 0.6095587499999999 0.6766256625 0.60305875 0.67659671875
6 0.5142840328125 0.64368069375 0.5327142968749999 0.6468852578125001 0.5556712578125 0.644591140625 0.5677456921874999 0.640070078125 0.5837900828125 0.6327709671874999 0.5934078984375 0.6254795468750001 0.59425735625 0.62225190625 0.6001769218749999 0.621951490625 0.600440934375 0.6197378687499999 0.597613159375 0.6187812671875 0.606473275 0.6022642046875 0.614411128125 0.5727084140625001 0.6161520796875 0.5568132015625 0.6153502843750001 0.5330277984375 0.6084566703125 0.4993031484375 0.5985363796875001 0.4766753140625 0.5838674125 0.45231985156250004 0.5664855078125 0.433834228125 0.5516463468749999 0.42323879375000006 0.5267243953125 0.4102021265625 0.5163488796875 0.40826790312499994 0.473163284375 0.4198394484375 0.4369686921875 0.4351092453125 0.4310855296875 0.44354284687499995 0.42067004218750004 0.47504824375 0.418272903125 0.49969079687500007 0.419310003125 0.5195559671875001 0.4252603375 0.544961853125 0.4370020765625 0.574387421875 0.46077621718749995 0.60873185625 0.4893907890625 0.6323506359375 0.5142840328125 0.64368069375
6 0.8259531015625001 0.5873468484375 0.790371678125 0.5940371812499999 0.783987978125 0.5823417625 0.7741405625 0.591073971875 0.768279028125 0.5902898078125001 0.7719746468750001 0.59581028125 0.860216853125 0.6525180109375001 0.8904326093750001 0.6766843328125 0.8993377984375 0.680385478125 0.974704228125 0.6754093171875 0.9819354140625001 0.672862996875 0.9867316859375 0.66122945625 0.9967618515625001 0.655498240625 0.99553346875 0.6418266296875 0.9787665125 0.620143996875 0.984187509375 0.560862240625 0.977350240625 0.5444324265625 0.969692359375 0.53857088125 0.951770575 0.5330246234375 0.933837865625 0.51835036875 0.9178835218750001 0.5110594796875 0.896197965625 0.4937384265625 0.8867656015625001 0.49261345 0.8719362343749999 0.4758901984375 0.856093296875 0.46674327499999996 0.843769475 0.454827221875 0.8327854390624999 0.45472674375000005 0.8245596046875001 0.44901737812500003 0.807985609375 0.4303266859375 0.7913926874999999 0.427468003125 0.7647128249999999 0.477836571875 0.744214871875 0.47176314062499997 0.736415734375 0.47446164218750003 0.7335053484375 0.47950257656249995 0.7364783640625 0.495141628125 0.7325136296875 0.505334903125 0.7385193609375 0.5232049828124999 0.7425791312500001 0.5346060859375 0.7459307 0.5267282765625 0.7894644046875 0.511813534375 0.8036861937499999 0.52547114375 0.8109640125 0.5450517859375 0.8227410687500001 0.54352109375 0.8335244015625 0.556475075 0.8378171343749999 0.5740118859375001 0.8259531015625001 0.5873468484375
0 0.8335244015625 0.556475075 0.8227410687500001 0.54352109375 0.8109640125 0.5450517859375 0.8036861937499999 0.52547114375 0.7894644046875 0.511813534375 0.7459307 0.5267282765625 0.7369574812499999 0.5478196890625 0.7474779296875 0.573437553125 0.7640283078125 0.589721140625 0.7741405625 0.591073971875 0.783987978125 0.5823417625 0.790371678125 0.5940371812499999 0.8259531015625001 0.5873468484375 0.8378171343749999 0.5740118859375001 0.8335244015625 0.556475075