3 0.670558221875 0.726202246875 0.6733865031249999 0.7448439734375001 0.67263959375 0.7512168078125 0.6856070765625 0.7534273625 0.71139715625 0.7208057328125 0.7190492374999999 0.7143848734375 0.7282083453125 0.7123500593750001 0.7449317093750001 0.71570391875 0.786229603125 0.7344150046875 0.74436036875 0.6922267265625 0.723818665625 0.6951367015625001 0.7174576140625 0.6929419140624999 0.71267515625 0.6938970265625 0.659459909375 0.71180613125 0.6627238421875 0.7138113734375 0.670558221875 0.726202246875
2 0.9109117328125 0.450114246875 0.9008441703125 0.4487382015625 0.941818771875 0.471695690625 0.9269586890625 0.46097206562500004 0.9109117328125 0.450114246875
6 0.6375560671875 0.870234128125 0.6930356125 0.8859754203125 0.7124891453125 0.8848547078125 0.7181703953125 0.8815031624999999 0.65424629375 0.8488962640625 0.654028259375 0.8497054234375 0.648126846875 0.850439934375 0.6451786734375 0.846012609375 0.6444867249999999 0.8428980109375 0.6422145515625 0.8413377953125 0.6376587640625 0.8497222421874999 0.61880923125 0.86720286875 0.6375560671875 0.870234128125
2 0.71139715625 0.7208057328125 0.6666296625 0.7774317187500001 0.6693022640625 0.7914857125 0.6586051562499999 0.8111726140625001 0.6609327796875 0.82320843125 0.6827023390625 0.8221944453125 0.697106528125 0.8005229828125 0.70709389375 0.7959765515624999 0.7247050984375 0.7996020296874999 0.7252888234375 0.815333521875 0.674052240625 0.8313718218749999 0.6589674546875 0.8313752750000001 0.6575789140625 0.8365283765625 0.65424629375 0.8488962640625 0.7498123718749999 0.8976433453125001 0.7770553546875 0.910425946875 0.7878856484375001 0.9109007859375 0.7963528046875 0.9059693031249999 0.8012313390625 0.8988331031250001 0.8556749890625 0.8114220281250001 0.8666809296875 0.788277803125 0.8675838265625 0.777957646875 0.8638544328125001 0.7719591046875001 0.8557800359375 0.7669984875 0.8276809374999999 0.753195609375 0.8049966812499999 0.74291791875 0.7896480703125001 0.7378595203125 0.786229603125 0.7344150046875 0.7449317093750001 0.71570391875 0.7282083453125 0.7123500593750001 0.7190492374999999 0.7143848734375 0.71139715625 0.7208057328125
5 0.5623634531249999 0.558072578125 0.5723964109375 0.4433953453125 0.5842821609375 0.3870481390625 0.6338225093750001 0.3626444296875 0.6204410859375 0.31202451249999996 0.6171702796874999 0.30157465625 0.6118303703125 0.301107475 0.5175371859375 0.35384007500000003 0.50726538125 0.3619093765625 0.5046548671875 0.37124681718749997 0.5092607874999999 0.393770771875 0.52742438125 0.4390039921875 0.5611081640625 0.5590781828125 0.5623634531249999 0.558072578125
5 0.4396703765625 0.6938158765625 0.453034071875 0.6347773625 0.4558512875 0.624402203125 0.4523774171875 0.5995508515625 0.46400911406249995 0.5943587984375001 0.48641208281250004 0.5118538140625 0.4793783140625 0.506053865625 0.44090621093750004 0.4932614953125 0.41611574375 0.491092609375 0.365824078125 0.71575655625 0.3723491796875 0.7219833265625 0.38579100781250003 0.724573309375 0.393502028125 0.72797425625 0.4396703765625 0.6938158765625
2 0.8580483671874999 0.7476311640625 0.95556351875 0.6658062359375 0.9687452359375 0.6388245578125 0.9673354484375001 0.611648403125 0.9761210671875 0.5978085265625 0.98398686875 0.55737641875 0.9813551984375 0.5008763234375 0.966468203125 0.485506415625 0.9008441703125 0.4487382015625 0.855050834375 0.44247911875 0.83979823125 0.442076871875 0.8440791328125 0.45209314999999994 0.841541034375 0.4744781234375 0.8494413312500001 0.534979940625 0.8558852796875 0.53403648125 0.8764426828125 0.5363413390625 0.8924277249999999 0.5503978078125 0.9009834203124999 0.649372090625 0.89267395 0.6633283375000001 0.8806963874999999 0.672913121875 0.74436036875 0.6922267265625 0.7896480703125001 0.7378595203125 0.8343489749999999 0.75259146875 0.8580483671874999 0.7476311640625
5 0.5623634531249999 0.558072578125 0.5427194484375 0.57380929375 0.47529488437499995 0.58932115625 0.4523774171875 0.5995508515625 0.46215991562500003 0.6695328390624999 0.466025415625 0.689074365625 0.5000589828125 0.6876669468750001 0.5030650921875 0.6486164078125001 0.5078205734375 0.6389734609375 0.522004053125 0.6301553578125 0.5638684234375 0.6243178515625 0.5812866578125 0.6286221890625 0.5817828328125 0.6229508859374999 0.5571466953125 0.6177003921875001 0.5623634531249999 0.558072578125
5 0.619314384375 0.7000977296875 0.6553182546875 0.70926165 0.659459909375 0.71180613125 0.71267515625 0.6938970265625 0.7174576140625 0.6929419140624999 0.7080912374999999 0.689710184375 0.685618015625 0.6745797546875 0.6109883546875 0.671088415625 0.6102921218749999 0.6711717 0.6086260078125 0.696213209375 0.619314384375 0.7000977296875
6 0.8930303671875001 0.29772958437499997 0.81728725625 0.2954017953125 0.8132445796875001 0.2956106578125 0.8177664015625 0.3089319046875 0.826496025 0.3085363125 0.8283944468750001 0.31333974375 0.8323644484375 0.3739724828125 0.83546373125 0.37830130781250004 0.8354999765625 0.4043895125 0.8384986015625 0.40986886250000004 0.8330122078125 0.426199221875 0.83979823125 0.442076871875 0.855050834375 0.44247911875 0.9230200328124999 0.45176922187499996 0.945364284375 0.4475146078125 0.9551172390625 0.43977013125 0.9607814640625 0.407785309375 0.95980891875 0.3370076359375 0.9581910890625001 0.3172823359375 0.9517679109375001 0.30334610781250004 0.9301523140624999 0.2938125453125 0.8930303671875001 0.29772958437499997
3 0.8494413312500001 0.534979940625 0.862367371875 0.6339697265625001 0.8631802000000001 0.6578072046875 0.8452176671875 0.6643510296875 0.7278637734375 0.65408389375 0.5817828328125 0.6229508859374999 0.5812866578125 0.6286221890625 0.5988768671875 0.632969025 0.6074800234375 0.6432218671875 0.6110157125 0.660296196875 0.6102921218749999 0.6711717 0.6109883546875 0.671088415625 0.685618015625 0.6745797546875 0.7080912374999999 0.689710184375 0.723818665625 0.6951367015625001 0.8806963874999999 0.672913121875 0.89267395 0.6633283375000001 0.9009834203124999 0.649372090625 0.8924277249999999 0.5503978078125 0.8764426828125 0.5363413390625 0.8558852796875 0.53403648125 0.8494413312500001 0.534979940625
3 0.670558221875 0.726202246875 0.6627238421875 0.7138113734375 0.6553182546875 0.70926165 0.619314384375 0.7000977296875 0.623502715625 0.7016199140625 0.66001728125 0.7426602046874999 0.6661056734375 0.7746762953124999 0.6711878718750001 0.7636033062500001 0.6733865031249999 0.7448439734375001 0.670558221875 0.726202246875
0 0.40805014531249995 0.9109740609375001 0.44906299218749995 0.9264243000000001 0.47892034062500005 0.927341896875 0.5141833640625 0.9200643890625001 0.4829088515625 0.917328225 0.482596865625 0.9145067625 0.49010233750000004 0.8170077109375 0.5000589828125 0.6876669468750001 0.444898103125 0.6899480609374999 0.382086803125 0.7364199874999999 0.36137416718750004 0.7730184078125 0.35636435781250003 0.7979988484375 0.35771013281249997 0.8342676859375 0.36944043125000003 0.8680558859374999 0.3843448390625 0.891389428125 0.40805014531249995 0.9109740609375001
0 0.66001728125 0.7426602046874999 0.623502715625 0.7016199140625 0.6086260078125 0.696213209375 0.5995539937500001 0.832564634375 0.5958462124999999 0.888292203125 0.59647134375 0.8879185171874999 0.6376587640625 0.8497222421874999 0.6435812890625 0.8388224609374999 0.6415890203125 0.829854859375 0.642928434375 0.8145452859375 0.6490521140625 0.8017389796875 0.6536398078125 0.8017234109375 0.657487928125 0.8053955921875 0.6586051562499999 0.8111726140625001 0.6693022640625 0.7914857125 0.66001728125 0.7426602046874999
3 0.59327190625 0.926983740625 0.6110157125 0.660296196875 0.6074800234375 0.6432218671875 0.5988768671875 0.632969025 0.5638684234375 0.6243178515625 0.522004053125 0.6301553578125 0.5078205734375 0.6389734609375 0.5030650921875 0.6486164078125001 0.482596865625 0.9145067625 0.4829088515625 0.917328225 0.59327190625 0.926983740625
1 0.841541034375 0.4744781234375 0.8440791328125 0.45209314999999994 0.8330122078125 0.426199221875 0.8384986015625 0.40986886250000004 0.8354999765625 0.4043895125 0.83546373125 0.37830130781250004 0.8323644484375 0.3739724828125 0.8283944468750001 0.31333974375 0.826496025 0.3085363125 0.8177664015625 0.3089319046875 0.812696725 0.29399668125 0.7825096968749999 0.287877653125 0.7779075843750001 0.2874750203125 0.701196653125 0.329455746875 0.5842821609375 0.3870481390625 0.5723964109375 0.4433953453125 0.5571466953125 0.6177003921875001 0.7278637734375 0.65408389375 0.8452176671875 0.6643510296875 0.8631802000000001 0.6578072046875 0.862367371875 0.6339697265625001 0.841541034375 0.4744781234375
3 0.654028259375 0.8497054234375 0.6589674546875 0.8313752750000001 0.682733475 0.8313698359374999 0.696791603125 0.8517789734375001 0.7081238234375 0.8556889906249999 0.7220679109375 0.8535734234374999 0.7260709609375 0.8364121921875001 0.7247050984375 0.7996020296874999 0.70709389375 0.7959765515624999 0.697106528125 0.8005229828125 0.6827023390625 0.8221944453125 0.6609327796875 0.82320843125 0.657487928125 0.8053955921875 0.6536398078125 0.8017234109375 0.6490521140625 0.8017389796875 0.642928434375 0.8145452859375 0.6415890203125 0.829854859375 0.6451786734375 0.846012609375 0.648126846875 0.850439934375 0.654028259375 0.8497054234375