3 0.7292407765625 0.6664518859374999 0.7373957875 0.6834521484375 0.7385447515625 0.6897648953125 0.7515919203125 0.6880875343749999 0.7667174546875 0.649351025 0.7721578984375 0.640973475 0.780321875 0.636349709375 0.7972950812499999 0.63466758125 0.8422590453125001 0.640486746875 0.7898846390625 0.612383275 0.7710913046875 0.6211719109375 0.76436650625 0.620932815625 0.76007226875 0.62324445 0.714418390625 0.6559296453125001 0.7181259796874999 0.6568929859375 0.7292407765625 0.6664518859374999
2 0.8783716609375001 0.33215505312500004 0.8683416859375 0.3337826046875 0.9142380125 0.343757146875 0.8968919609375 0.3378467609375 0.8783716609375001 0.33215505312500004
6 0.7397915046875 0.81383915625 0.797449165625 0.8126719781249999 0.8157250078124999 0.8059125734375 0.8201781171875 0.8010464390625 0.749513859375 0.7885539046875001 0.749541928125 0.7893914546875 0.7441131296875 0.791819278125 0.739999353125 0.7884473671875 0.73842701875 0.78567116875 0.735797965625 0.784843446875 0.73389261875 0.7941935171875001 0.7209775625 0.8164213921875 0.7397915046875 0.81383915625
2 0.7667174546875 0.649351025 0.7404619218749999 0.7165914734375 0.747126734375 0.72924998125 0.7426529328125 0.751204190625 0.7483977828125 0.76203356875 0.76891965625 0.7546990859375 0.7763583265625 0.7297631859375 0.7845800453125 0.7224953890625 0.8024817109375 0.7208134328125 0.8076393734374999 0.73568686875 0.7633307296875 0.7660044984375001 0.7489060875 0.770418165625 0.7490848406249999 0.7757520703125 0.749513859375 0.7885539046875001 0.8551564218750001 0.807230153125 0.8849462859375 0.8114891390625001 0.8954421781249999 0.8087767578125 0.9020975328124999 0.8015852015625 0.9046764765624999 0.7933344734375 0.9311846718749999 0.6938250625 0.9349429890625001 0.66847430625 0.9327891125000001 0.658341109375 0.9274688718749999 0.65369504375 0.91829694375 0.6513119078125 0.8873900703125001 0.6463275312500001 0.8626921031249999 0.6431311609375 0.8465352203125001 0.642781290625 0.8422590453125001 0.640486746875 0.7972950812499999 0.63466758125 0.780321875 0.636349709375 0.7721578984375 0.640973475 0.7667174546875 0.649351025
5 0.5766172453125 0.5373017734375 0.5526834328125 0.4247020375 0.547575503125 0.3673418796875 0.58781621875 0.3295203 0.5602196703125 0.2850245828125 0.5540365390625 0.2759876265625 0.54879336875 0.277102096875 0.47403786718749996 0.355099190625 0.466574128125 0.3658190875 0.466807684375 0.3755117671875 0.47779771406249993 0.3957048921875 0.508392559375 0.4336511140625 0.575710815625 0.53863045 0.5766172453125 0.5373017734375
5 0.498972771875 0.70298571875 0.494491346875 0.642619740625 0.49415206093749997 0.631874253125 0.48356415 0.6091244484375 0.4931695875 0.600758484375 0.49047152968749996 0.51530858125 0.4820493625 0.5118185375000001 0.4415181796875 0.5108332875 0.41717681874999996 0.516007203125 0.434768040625 0.7455582640625 0.4428285578125 0.7496052 0.456440278125 0.7481520015625 0.4648087046875 0.749149859375 0.498972771875 0.70298571875
2 0.9148037015625 0.6321276484375 0.9841346124999999 0.525367409375 0.9888516718749999 0.49571074218750005 0.9795579453125001 0.47013423750000005 0.9839132875000001 0.45433043125 0.9796141859375 0.41336527500000003 0.960578478125 0.3601033921875 0.941848246875 0.34975761250000004 0.8683416859375 0.3337826046875 0.8227193249999999 0.34118569062500004 0.8080155796874999 0.34526045 0.8150379046875 0.3535874484375 0.8191554406250001 0.3757363734375 0.8443995515625 0.431284725 0.8502860890624999 0.4284984625 0.87061910625 0.42469220625000004 0.8900153921875 0.43346090000000004 0.9271345234374999 0.5256090343750001 0.9232685500000001 0.5413849140625 0.9146166703124999 0.5540527890625 0.7898846390625 0.612383275 0.8465352203125001 0.642781290625 0.8935901140625001 0.6438002421875 0.9148037015625 0.6321276484375
5 0.5766172453125 0.5373017734375 0.5624325609375 0.5580942203125 0.5024893593749999 0.5926413234375 0.48356415 0.6091244484375 0.5133799531250001 0.67318843125 0.5227899375 0.690745921875 0.5549249109375001 0.6794495484375 0.54638239375 0.64122643125 0.548110759375 0.6306144671875 0.559096325 0.6180348265625 0.5974247 0.6002124328125 0.61534030625 0.5992360921875 0.614156671875 0.5936675296875 0.5890619203125 0.5958493671875 0.5766172453125 0.5373017734375
5 0.672603828125 0.6564702609374999 0.709713771875 0.6547072484375 0.714418390625 0.6559296453125001 0.76007226875 0.62324445 0.76436650625 0.620932815625 0.7544645296875 0.6205807609375 0.728549571875 0.61268199375 0.6561601031250001 0.6311628109375 0.6555186421875 0.631446015625 0.6612467578125 0.655880453125 0.672603828125 0.6564702609374999
6 0.8167186624999999 0.19165688125 0.7436045859375 0.2115759484375 0.7397996203125 0.212957646875 0.7480186171875001 0.2243747671875 0.7562511359374999 0.221444165625 0.75947099375 0.2254826640625 0.7809948234374999 0.2823053265625 0.7852243062500001 0.285538859375 0.792886421875 0.3104765359375 0.7973560281250001 0.3148397515625 0.7968838984375 0.3320606171875 0.8080155796874999 0.34526045 0.8227193249999999 0.34118569062500004 0.8904347546875 0.3301975890625 0.9105587406250001 0.31959605468749996 0.9176212703125 0.3093384875 0.9136865390625 0.2770951921875 0.8920631 0.209694509375 0.88474884375 0.19130411875 0.8745317671875 0.17985479375 0.8510733265624999 0.17705759062499998 0.8167186624999999 0.19165688125
3 0.8443995515625 0.431284725 0.8857025984375 0.5221699203125 0.8934493140624999 0.5447281671875001 0.8781848875 0.55623779375 0.76295698125 0.580730240625 0.614156671875 0.5936675296875 0.61534030625 0.5992360921875 0.6334327984375 0.5982501140625 0.6446576796875 0.6055396359375 0.6530309265625001 0.6208341625 0.6555186421875 0.631446015625 0.6561601031250001 0.6311628109375 0.728549571875 0.61268199375 0.7544645296875 0.6205807609375 0.7710913046875 0.6211719109375 0.9146166703124999 0.5540527890625 0.9232685500000001 0.5413849140625 0.9271345234374999 0.5256090343750001 0.8900153921875 0.43346090000000004 0.87061910625 0.42469220625000004 0.8502860890624999 0.4284984625 0.8443995515625 0.431284725
3 0.7292407765625 0.6664518859374999 0.7181259796874999 0.6568929859375 0.709713771875 0.6547072484375 0.672603828125 0.6564702609374999 0.6770541921875 0.6567013828125 0.7239722640624999 0.6852725828125 0.739155221875 0.7141096484375 0.7407779234375 0.7020346046875 0.7373957875 0.6834521484375 0.7292407765625 0.6664518859374999
0 0.5322251046875001 0.9198999859375 0.575963096875 0.9226841265625 0.6047841015625 0.914832184375 0.636378559375 0.897562759375 0.60567061875 0.9040899343750001 0.6045473484375 0.901482971875 0.583218903125 0.806049778125 0.5549249109375001 0.6794495484375 0.5028412328125 0.6977584703125 0.45636156406249995 0.760564040625 0.44725431406249994 0.8016190734374999 0.4497669828125 0.8269727140625 0.4616579359375 0.8612633078125 0.482754390625 0.89014551875 0.5038296140625 0.9081018671875001 0.5322251046875001 0.9198999859375
0 0.7239722640624999 0.6852725828125 0.6770541921875 0.6567013828125 0.6612467578125 0.655880453125 0.6924364468750001 0.7889263703125 0.7051838421875 0.843302959375 0.705672403125 0.8427628328125 0.73389261875 0.7941935171875001 0.7363695703124999 0.7820384234375 0.73184248125 0.774045146875 0.7286472828125 0.7590129234375 0.7307591859375 0.7449758 0.7351418671875 0.7436195999999999 0.7398954843750001 0.74600624375 0.7426529328125 0.751204190625 0.747126734375 0.72924998125 0.7239722640624999 0.6852725828125
3 0.7140343328125 0.881056515625 0.6530309265625001 0.6208341625 0.6446576796875 0.6055396359375 0.6334327984375 0.5982501140625 0.5974247 0.6002124328125 0.559096325 0.6180348265625 0.548110759375 0.6306144671875 0.54638239375 0.64122643125 0.6045473484375 0.901482971875 0.60567061875 0.9040899343750001 0.7140343328125 0.881056515625
1 0.8191554406250001 0.3757363734375 0.8150379046875 0.3535874484375 0.7968838984375 0.3320606171875 0.7973560281250001 0.3148397515625 0.792886421875 0.3104765359375 0.7852243062500001 0.285538859375 0.7809948234374999 0.2823053265625 0.75947099375 0.2254826640625 0.7562511359374999 0.221444165625 0.7480186171875001 0.2243747671875 0.7388038234375001 0.211574371875 0.70814679375 0.2145485484375 0.703628053125 0.2155090375 0.6425430015625 0.2780835109375 0.547575503125 0.3673418796875 0.5526834328125 0.4247020375 0.5890619203125 0.5958493671875 0.76295698125 0.580730240625 0.8781848875 0.55623779375 0.8934493140624999 0.5447281671875001 0.8857025984375 0.5221699203125 0.8191554406250001 0.3757363734375
3 0.749541928125 0.7893914546875 0.7489060875 0.770418165625 0.7716320546875 0.7634644515625 0.7910429640625 0.778871609375 0.8030231984375 0.77929755625 0.8157394640625 0.7731975734375001 0.814550140625 0.7556158265625 0.8024817109375 0.7208134328125 0.7845800453125 0.7224953890625 0.7763583265625 0.7297631859375 0.76891965625 0.7546990859375 0.7483977828125 0.76203356875 0.7398954843750001 0.74600624375 0.7351418671875 0.7436195999999999 0.7307591859375 0.7449758 0.7286472828125 0.7590129234375 0.73184248125 0.774045146875 0.739999353125 0.7884473671875 0.7441131296875 0.791819278125 0.749541928125 0.7893914546875