5 0.823462421875 0.67023280625 0.8589823234375 0.665167859375 0.86150731875 0.6597440406249999 0.860366421875 0.6393019515625 0.8537895921875001 0.6328897859375 0.8199782078125001 0.627381315625 0.8098979453125 0.6277938015625 0.8231375125 0.668894103125 0.823462421875 0.67023280625
6 0.5621871546875 0.2641603984375 0.5644948656250001 0.26507952968750004 0.5638290968749999 0.264617925 0.5621871546875 0.2641603984375
5 0.725372846875 0.5978102125 0.72467525 0.5991591125 0.7947146187499999 0.5950927640625 0.8017119546875 0.5969992125 0.8020247749999999 0.597084440625 0.798164315625 0.5816852531250001 0.7967504046875 0.5832034890625 0.7890221656249999 0.5857977296875 0.7805901234375 0.5812071015625 0.7682271296875001 0.5599157296875 0.750467059375 0.5685149515625 0.7475250390625 0.5714029171874999 0.7447058328125 0.57130446875 0.7268940109375001 0.5799287484375 0.725372846875 0.5978102125
5 0.7962593109375 0.6123157531250001 0.799853953125 0.6322929921875 0.801204703125 0.6704339859374999 0.8018057546874999 0.6733209312499999 0.823462421875 0.67023280625 0.8231375125 0.668894103125 0.809110759375 0.6253500984375 0.8026740234374999 0.5996742703125 0.7962593109375 0.6123157531250001
5 0.71052896875 0.37302144375 0.7142326515625 0.3626490171875 0.720186996875 0.3561740078125 0.735693421875 0.3495552109375 0.749763475 0.3567294890625 0.7586828828125001 0.374703015625 0.7713059734375001 0.3823041171875 0.77579065 0.3905757234375 0.77406065 0.399107659375 0.7582666515625001 0.3866223015625 0.7530827078125 0.39837509375 0.7518461265624999 0.40644690937499994 0.7578277156250001 0.412861378125 0.7579633343750001 0.41290728125 0.7664254859375 0.4031329640625 0.7718735265625 0.403743934375 0.780345734375 0.41413710000000004 0.8023526671875001 0.4224785796875 0.8529381125000001 0.47819596249999996 0.85346799375 0.4763524515625 0.8615741453125001 0.4662955796875 0.8864335609375 0.42063393906249996 0.8941200640625 0.39298450625000003 0.898534603125 0.3553978671875 0.9139059640625 0.34456070781250003 0.9573726421875 0.29903184843749997 0.8170173890625 0.2765526296875 0.760733325 0.27458714687499997 0.74387843125 0.2982974296875 0.7066081609375 0.344042671875 0.660123609375 0.327943475 0.6513207703125 0.3431459890625 0.652137121875 0.3493784640625 0.67552283125 0.375527975 0.6845223765624999 0.399107121875 0.6901302921875 0.40137094375000004 0.6894877 0.404967484375 0.6420675765625 0.410845821875 0.6413484390625 0.431439234375 0.6443921140625 0.4453041375 0.655866478125 0.445101290625 0.66409525625 0.4514240546875 0.67257666875 0.468318959375 0.7075762625 0.4647309234375 0.7169680031250001 0.45908247031249994 0.7174093312500001 0.458606134375 0.712982440625 0.4394591640625 0.7166861234375 0.4290867359375 0.7311118671875 0.41240579374999997 0.71454746875 0.39464265 0.71052896875 0.37302144375
3 0.3442716234375 0.614305590625 0.32480084531250003 0.6003195328125 0.325827021875 0.6065792203125 0.361068346875 0.6281399546875 0.3612707859375 0.6223428328125 0.3442716234375 0.614305590625
6 0.8071989015625001 0.7444613140625 0.8578348609375 0.7396467984374999 0.8859049796875 0.7290848265625 0.892634490625 0.7214711296874999 0.8942594109374999 0.7146025500000001 0.8944321531250001 0.683213790625 0.8866632843750001 0.6677067875 0.868330971875 0.6638347921875 0.8018057546874999 0.6733209312499999 0.8067183015625 0.6969166312499999 0.8071989015625001 0.7444613140625
1 0.49365373593750006 0.22676862656250002 0.4699780203125 0.226480165625 0.42825407968749996 0.2034906 0.4252346625 0.19746371093749998 0.398389328125 0.19544962500000002 0.386760559375 0.2047331796875 0.3799894828125 0.21364805625 0.3792077453125 0.22061883125 0.3898414171875 0.239831134375 0.3961651734375 0.26156214375000003 0.39944964843749997 0.260407390625 0.4012567234375 0.26047049375000003 0.45605379218750003 0.2660952671875 0.43884000156249997 0.25687747656250004 0.43582516875 0.2531790703125 0.43562721875 0.245985909375 0.44100037499999994 0.23359760624999998 0.47976170781249994 0.242586571875 0.49033997031250004 0.24834566093750002 0.5065780734375 0.2469917625 0.5064192624999999 0.2465936890625 0.49365373593750006 0.22676862656250002
5 0.75656985625 0.5625242765625 0.7578929578125 0.5421183640625 0.71665130625 0.47109257031249996 0.7175443078125 0.459189934375 0.7174093312500001 0.458606134375 0.7169680031250001 0.45908247031249994 0.7075762625 0.4647309234375 0.67257666875 0.468318959375 0.6906167953125 0.5042547328125 0.69716919375 0.5412995484375 0.7101572671875 0.549599134375 0.7251914609375001 0.5706230125 0.7475250390625 0.5714029171874999 0.75656985625 0.5625242765625
5 0.7078972125 0.6316017859375 0.6948383296875 0.6426130390625 0.6839246734375 0.644042546875 0.6644951875 0.6300861531249999 0.654710596875 0.6164665671875 0.623280490625 0.6177831671875 0.6043997171875 0.6104256390625 0.6017785953125 0.6106860281250001 0.5993123421875 0.617178525 0.5824629359375 0.617191878125 0.5743117875 0.6151680015625 0.5680123359375 0.674587634375 0.56727783125 0.6956210734375 0.57030186875 0.7018014124999999 0.5690267625 0.71512130625 0.570851459375 0.72085478125 0.5686351109375 0.7495311421874999 0.5697497031250001 0.752404940625 0.57376634375 0.7533551703125 0.5868795 0.7489533015625 0.5916627453125 0.7511452484375 0.5903080265625 0.7551477656250001 0.584475678125 0.759803884375 0.5822696046875 0.7649916203125 0.56335235 0.773240628125 0.5603474265624999 0.7787600546875 0.5747061718750001 0.7842502031249999 0.57358818125 0.8162652390625 0.772037540625 0.8142792890624999 0.7941021578125 0.8123671390625 0.8033618109375 0.80839823125 0.8073205203124999 0.7564927953125 0.8067183015625 0.6969166312499999 0.801204703125 0.6704339859374999 0.799853953125 0.6322929921875 0.7962593109375 0.6123157531250001 0.8037497140625 0.59755440625 0.7947146187499999 0.5950927640625 0.72467525 0.5991591125 0.7078972125 0.6316017859375
5 0.229018884375 0.6467088875 0.30983892968750004 0.7080937640625 0.31636389375 0.7069704265625 0.3265503125 0.7018224859375 0.3340636078125 0.701584525 0.34351199062500004 0.70454948125 0.35281977656249996 0.6897538078125 0.37657039999999997 0.6815271703125 0.377662275 0.674825165625 0.375359428125 0.6670183484375001 0.3738051625 0.66708048125 0.3506076828125 0.639762734375 0.264991796875 0.5949497453125 0.252164075 0.60805015625 0.229018884375 0.6467088875
5 0.557293996875 0.7843685765624999 0.5403144390625 0.795115146875 0.5416640171875 0.8028569421875 0.5243698578125 0.7994181390625 0.49835671093749995 0.7673260890625 0.48390809843750004 0.763581671875 0.47916722968750003 0.7601762578125 0.405818565625 0.7499201984375 0.389593953125 0.7507262046875 0.37745665625 0.75788989375 0.3757783765625 0.7581764468750001 0.5331047421874999 0.8776698171874999 0.532768828125 0.8761845109375 0.5338461140625 0.8567278249999999 0.5383192359375 0.84256168125 0.54498224375 0.8340418125 0.5534377796875 0.8311543421875 0.5730622328125 0.8313264296874999 0.5747061718750001 0.7842502031249999 0.5603474265624999 0.7787600546875 0.557293996875 0.7843685765624999
3 0.37657039999999997 0.6815271703125 0.35281977656249996 0.6897538078125 0.34351199062500004 0.70454948125 0.348415971875 0.7060883796875 0.3592639265625 0.7249794984375 0.3550246546875 0.7580056500000001 0.3620023328125 0.7605286 0.37745665625 0.75788989375 0.389593953125 0.7507262046875 0.381883078125 0.7511092671874999 0.3734504421875 0.7374503703124999 0.3740539703125 0.6969731968749999 0.37657039999999997 0.6815271703125
3 0.5726899375000001 0.2905808078125 0.5987309578125 0.3047582328125 0.5997002859375 0.3056118875 0.6017150734375 0.287267934375 0.599675753125 0.281357890625 0.5935520953125 0.2766526421875 0.5169166484375001 0.24612975312500002 0.49033997031250004 0.24834566093750002 0.47976170781249994 0.242586571875 0.44100037499999994 0.23359760624999998 0.43562721875 0.245985909375 0.43582516875 0.2531790703125 0.43884000156249997 0.25687747656250004 0.45605379218750003 0.2660952671875 0.4992098203125 0.27052511875 0.5417038390625 0.2798492546875 0.5726899375000001 0.2905808078125
1 0.1815972953125 0.8123374109375 0.17283865 0.8625651296875001 0.1882523234375 0.9226429484375 0.1946789203125 0.9248687 0.2834345015625 0.8619242296875 0.288315925 0.851087378125 0.28656134375 0.8440214546875 0.28823502031250003 0.8390765765625 0.3537653796875 0.767816075 0.3592639265625 0.7249794984375 0.348415971875 0.7060883796875 0.3340636078125 0.701584525 0.3265503125 0.7018224859375 0.31636389375 0.7069704265625 0.2922026796875 0.7111300218750001 0.2572506203125 0.7234184453125 0.24775588124999998 0.7230868828125 0.24164339687499997 0.711866115625 0.23425225625 0.708606015625 0.2270990765625 0.7128592140625 0.2125198546875 0.7148517578125 0.20731321406249997 0.7206739296875 0.1982832984375 0.7213592609374999 0.195592725 0.7267689625 0.19620825625 0.7377977703124999 0.1898276625 0.7485822703125 0.17469001875 0.76656595 0.166607196875 0.7687853546875 0.1560717640625 0.78392775625 0.1449144515625 0.8025507656249999 0.1436532453125 0.8100117109375 0.145460178125 0.8155784687500001 0.15336849531250002 0.81835629375 0.1815972953125 0.8123374109375
6 0.7078972125 0.6316017859375 0.725372846875 0.5978102125 0.7274204765625 0.5737400781249999 0.7101572671875 0.549599134375 0.69716919375 0.5412995484375 0.6906167953125 0.5042547328125 0.66409525625 0.4514240546875 0.655866478125 0.445101290625 0.6443921140625 0.4453041375 0.6413484390625 0.431439234375 0.6398462234375 0.4744570453125 0.6305507718750001 0.49885926718749996 0.624743265625 0.5270018515625 0.618937853125 0.5384511765625 0.6092166921875 0.57480029375 0.6099150125 0.5892666296875 0.6022027203125 0.60956950625 0.623280490625 0.6177831671875 0.654710596875 0.6164665671875 0.6644951875 0.6300861531249999 0.6839246734375 0.644042546875 0.6948383296875 0.6426130390625 0.7078972125 0.6316017859375
6 0.7579633343750001 0.41290728125 0.7578277156250001 0.412861378125 0.7518461265624999 0.40644690937499994 0.7530827078125 0.39837509375 0.7582666515625001 0.3866223015625 0.77406065 0.399107659375 0.77579065 0.3905757234375 0.7713059734375001 0.3823041171875 0.7586828828125001 0.374703015625 0.749763475 0.3567294890625 0.735693421875 0.3495552109375 0.720186996875 0.3561740078125 0.7142326515625 0.3626490171875 0.71052896875 0.37302144375 0.71454746875 0.39464265 0.7311118671875 0.41240579374999997 0.7166861234375 0.4290867359375 0.712982440625 0.4394591640625 0.7175443078125 0.459189934375 0.71665130625 0.47109257031249996 0.7805901234375 0.5812071015625 0.7890221656249999 0.5857977296875 0.7967504046875 0.5832034890625 0.8359304249999999 0.541132578125 0.83882186875 0.5329789578125 0.8305760062499999 0.529906621875 0.7715 0.4626318578125 0.7642203859375 0.4421830296875 0.7529387828125 0.42790527031250003 0.7554653734375 0.415792584375 0.7579633343750001 0.41290728125
6 0.618937853125 0.5384511765625 0.5955967421875 0.584484084375 0.57593716875 0.5998365796875 0.5743117875 0.6151680015625 0.5824629359375 0.617191878125 0.5993123421875 0.617178525 0.6099150125 0.5892666296875 0.6092166921875 0.57480029375 0.618937853125 0.5384511765625
1 0.47916722968750003 0.7601762578125 0.48390809843750004 0.763581671875 0.49835671093749995 0.7673260890625 0.5243698578125 0.7994181390625 0.5416640171875 0.8028569421875 0.5403144390625 0.795115146875 0.557293996875 0.7843685765624999 0.56335235 0.773240628125 0.5822696046875 0.7649916203125 0.584475678125 0.759803884375 0.5903080265625 0.7551477656250001 0.5916627453125 0.7511452484375 0.5868795 0.7489533015625 0.57376634375 0.7533551703125 0.5697497031250001 0.752404940625 0.5686351109375 0.7495311421874999 0.570851459375 0.72085478125 0.5690267625 0.71512130625 0.57030186875 0.7018014124999999 0.56727783125 0.6956210734375 0.5680123359375 0.674587634375 0.57593716875 0.5998365796875 0.5571566875 0.61450258125 0.5215677984375 0.63195568125 0.454698325 0.6471102531249999 0.43426019531250004 0.6451903515625 0.38283596875 0.6325389 0.3612707859375 0.6223428328125 0.3609010171875 0.6329316375 0.3741079109375 0.6374426578125 0.3744032484375 0.6637768312500001 0.377662275 0.674825165625 0.3740539703125 0.6969731968749999 0.3734504421875 0.7374503703124999 0.381883078125 0.7511092671874999 0.405818565625 0.7499201984375 0.47916722968750003 0.7601762578125
4 0.7664254859375 0.4031329640625 0.7554653734375 0.415792584375 0.7529387828125 0.42790527031250003 0.7642203859375 0.4421830296875 0.7715 0.4626318578125 0.8305760062499999 0.529906621875 0.839297671875 0.5331562375 0.8470521921874999 0.52795765625 0.861828871875 0.50238895625 0.8623131140625 0.48852206562499995 0.8023526671875001 0.4224785796875 0.780345734375 0.41413710000000004 0.7718735265625 0.403743934375 0.7664254859375 0.4031329640625
3 0.7495045171875 0.8901185765624999 0.7539587171875 0.8878870640625 0.756112021875 0.8831881421875 0.7563668390625 0.86449841875 0.75058685 0.8591246187499999 0.7037401828125 0.85629516875 0.6456249374999999 0.8343735890625 0.614289125 0.8316879453125001 0.5534377796875 0.8311543421875 0.54498224375 0.8340418125 0.5383192359375 0.84256168125 0.5338461140625 0.8567278249999999 0.532768828125 0.8761845109375 0.536215121875 0.8914228937500001 0.5419396062499999 0.8983861281250001 0.54669403125 0.8989499999999999 0.6404012421874999 0.9042115421875 0.656378834375 0.9023824328125001 0.700176565625 0.8899873796875 0.7495045171875 0.8901185765624999
2 0.261411940625 0.4310871640625 0.26377930625 0.43237602031250005 0.26510258124999997 0.44629337500000005 0.2602053046875 0.48291105156249997 0.2644065140625 0.5180371734375 0.273181825 0.543070440625 0.27710385 0.55165070625 0.3107364984375 0.5902169703125 0.3442716234375 0.614305590625 0.38283596875 0.6325389 0.43426019531250004 0.6451903515625 0.454698325 0.6471102531249999 0.5215677984375 0.63195568125 0.5571566875 0.61450258125 0.5955967421875 0.584484084375 0.624743265625 0.5270018515625 0.6305507718750001 0.49885926718749996 0.6398462234375 0.4744570453125 0.643905946875 0.358201803125 0.6342548203125 0.340978165625 0.621549834375 0.32485407187500004 0.5987309578125 0.3047582328125 0.5726899375000001 0.2905808078125 0.5417038390625 0.2798492546875 0.4992098203125 0.27052511875 0.4012567234375 0.26047049375000003 0.39944964843749997 0.260407390625 0.3854060828125 0.2653448171875 0.3666698546875 0.2664998140625 0.3512953640625 0.27500932499999997 0.3343662140625 0.2762274265625 0.2992955453125 0.2961109984375 0.2795286125 0.32678157343750003 0.26411013125 0.388361759375 0.261411940625 0.4310871640625