1 0.8062365765624999 0.7092192484375001 0.8120720828125 0.7142741890625001 0.8353846562499999 0.6876190015625 0.8398137671875 0.676925421875 0.8431669734374999 0.6574806625 0.8446687140625 0.6112967609375 0.8427608687499999 0.5813275640625 0.8412558328124999 0.571566371875 0.8037887234375001 0.57948863125 0.8039687687500001 0.5852314187500001 0.809244553125 0.6085125109375 0.809709425 0.66304181875 0.8062365765624999 0.7092192484375001
6 0.84511849375 0.28719856875 0.8274807125000001 0.322510615625 0.8369375671875 0.41970276718750005 0.843436271875 0.4241462734375 0.8450363953125001 0.43963274375 0.8473783484374999 0.44605827187499997 0.8489086453124999 0.44619047187499994 0.8728912921875001 0.44555951875 0.859505021875 0.30798305 0.8550031015625 0.29727414531249996 0.84511849375 0.28719856875
5 0.647150675 0.344985978125 0.6435572390625001 0.315757775 0.6310062484375 0.320546809375 0.619512421875 0.3362818328125 0.6205177453124999 0.35635127031249997 0.6258313046875 0.34996870625 0.647150675 0.344985978125
6 0.8274634734375 0.5378594875 0.8264845859375001 0.5325584375 0.8238941593750001 0.5290213453125 0.820920309375 0.53092375 0.8006096406250001 0.53764106875 0.8028701921874999 0.5501908234374999 0.8037887234375001 0.57948863125 0.857309396875 0.5681719140625 0.85951181875 0.564739978125 0.854455815625 0.5420214484375 0.8374965546875 0.5540819484374999 0.81925994375 0.57567281875 0.8185694343750001 0.5615031734375 0.81508695625 0.565109384375 0.8119701890625001 0.5642774328125 0.8158879765625 0.5602204453125 0.8187340765625001 0.5455458890625 0.8274634734375 0.5378594875
6 0.8073855078125 0.50598865625 0.8075775328124999 0.5045155671875 0.8101406328125 0.5102416390625 0.8473783484374999 0.44605827187499997 0.7201503609375 0.5076285406250001 0.72731449375 0.5117180234375 0.805996315625 0.5103155109374999 0.8073855078125 0.50598865625
5 0.8568333750000001 0.7530481375 0.8062365765624999 0.7092192484375001 0.8061524984374999 0.7103372078125 0.7974497046875 0.7138977046874999 0.7903989874999999 0.7145374984374999 0.795119240625 0.732521134375 0.7953512265625 0.74581164375 0.7896770671875 0.750785359375 0.7866842093749999 0.7570417265625 0.7385964078125 0.76940305625 0.7190185984374999 0.764870115625 0.7177436765625 0.7679944328125 0.704927115625 0.76999075625 0.7013133828125 0.766065465625 0.699355725 0.7554639890625 0.7013929531249999 0.7452359328125 0.719051771875 0.7413824796874999 0.7263742734374999 0.7292895609375 0.7735703125 0.7157399468750001 0.59268593125 0.7172747734375 0.602401340625 0.7328445859375 0.6182317015625001 0.74499908125 0.65136043125 0.7769911234375 0.6632834625 0.793649771875 0.676788415625 0.8009750062500001 0.6869569890625 0.8170826671875 0.6902701265625 0.8402893406249999 0.701489934375 0.8499809140625001 0.7166783 0.8537870875 0.704424615625 0.8848264453124999 0.7051278390625 0.8917935218749999 0.7281590375 0.911747953125 0.7382971640625 0.9261113078125 0.7459065703125 0.928886546875 0.750507309375 0.925898178125 0.7745520875 0.9039588078125 0.789844884375 0.880427365625 0.8569551625 0.7600253640625 0.8568333750000001 0.7530481375
0 0.6258313046875 0.34996870625 0.61418295625 0.363960521875 0.6171583328125 0.38158263593749997 0.6346411140625 0.382441990625 0.6466688453125 0.40435790312500003 0.6467569703125 0.4066054484375 0.6476452687500001 0.40515824531250005 0.6506854578125 0.40472420781249996 0.6479651343749999 0.3516106015625 0.647150675 0.344985978125 0.6258313046875 0.34996870625
0 0.6479651343749999 0.3516106015625 0.6518146953125 0.40495174531250006 0.651463978125 0.40461305937500003 0.6506854578125 0.40472420781249996 0.6519567312500001 0.429545475 0.653711915625 0.4312404359375 0.6538340875 0.4329332828125 0.6535402515625 0.43357914218750004 0.652800925 0.44602814375 0.65489580625 0.44764490468749996 0.6549109796875 0.447855153125 0.7381785890625 0.5199532296875 0.6479651343749999 0.3516106015625
0 0.6569761187500001 0.5061968375 0.6709979140625 0.52588313125 0.719580078125 0.52096735625 0.7308788828125 0.5203512625 0.7267521875 0.5149251359375 0.7230552078125 0.5201996062500001 0.7063509453125 0.5129130890625 0.709965278125 0.5029037546875 0.7185954765625 0.5089103140625 0.7197057953125 0.5073747703125 0.712633575 0.5033377531250001 0.7069702796875 0.4950743984375 0.6913754015625 0.49761016874999997 0.6746703546874999 0.49675071875 0.6593599296875 0.47687480468750004 0.6555563765625 0.45679803750000003 0.6549109796875 0.447855153125 0.652800925 0.44602814375 0.6519567312500001 0.429545475 0.6518981875 0.42948893750000006 0.6315340828125 0.46908369062500005 0.625767125 0.47349036875 0.6281817140625 0.4954462421875 0.6410618 0.4898975484375 0.63060005625 0.517436240625 0.6314097515625 0.5247987953125001 0.6416320671875 0.5225681140625 0.6569761187500001 0.5061968375
6 0.7866842093749999 0.7570417265625 0.7896770671875 0.750785359375 0.7953512265625 0.74581164375 0.795119240625 0.732521134375 0.7903989874999999 0.7145374984374999 0.777516684375 0.715706459375 0.7735703125 0.7157399468750001 0.7263742734374999 0.7292895609375 0.719051771875 0.7413824796874999 0.7013929531249999 0.7452359328125 0.699355725 0.7554639890625 0.7013133828125 0.766065465625 0.704927115625 0.76999075625 0.7177436765625 0.7679944328125 0.7190185984374999 0.764870115625 0.7385964078125 0.76940305625 0.7866842093749999 0.7570417265625
5 0.6319633671875 0.529832834375 0.6357116609375 0.563916065625 0.6631806828125 0.5679200859375 0.668796296875 0.57284895625 0.6700908375 0.5894151 0.6635509421875 0.6047139640625 0.66591838125 0.6062925609375001 0.6732854953125 0.647317196875 0.6738657890625 0.680562203125 0.67226156875 0.6839157203124999 0.659954271875 0.69327570625 0.650009784375 0.69511204375 0.614220628125 0.692826921875 0.577861690625 0.69545635625 0.58064183125 0.6979730265625 0.59268593125 0.7172747734375 0.777516684375 0.715706459375 0.7974497046875 0.7138977046874999 0.8061524984374999 0.7103372078125 0.809709425 0.66304181875 0.809244553125 0.6085125109375 0.8039687687500001 0.5852314187500001 0.8028701921874999 0.5501908234374999 0.79963504375 0.5322304640625 0.80621223125 0.5184813046875 0.80357093125 0.5178697515625 0.8001271375 0.5285959874999999 0.7912589953125 0.5411868796875 0.7793048515625001 0.5413955390625 0.7414306359375 0.519775903125 0.719580078125 0.52096735625 0.6319633671875 0.529832834375
5 0.427325778125 0.6489483828125 0.429952490625 0.6554374921874999 0.4383033421875 0.65380205625 0.438106090625 0.653085025 0.4385192421875 0.6454207640625 0.4387341125 0.641434765625 0.44196431562500005 0.6359744234375 0.46643898593750005 0.63305308125 0.4954970515625 0.6251230359375 0.48060400937500003 0.4987920859375 0.4640298515625 0.5341972828125 0.4369993109375 0.6271638984375 0.427325778125 0.6489483828125
6 0.6577914984375 0.41072347656249997 0.660843328125 0.4212801828125 0.6623916999999999 0.42003191875 0.7020335281250001 0.436154125 0.776967325 0.4411614453125 0.7778516125 0.437680859375 0.793427721875 0.44139757968750004 0.8375784421875 0.4452116765625 0.8377795859375 0.44440901874999994 0.8374381359375 0.42484733906249994 0.8220088062500001 0.2662734671875 0.8172052046875 0.2548469390625 0.8066582109375 0.24409618125 0.776114790625 0.2417517234375 0.667040546875 0.2574680734375 0.6556140171875 0.2622716734375 0.647154590625 0.272203153125 0.641257646875 0.29705339375 0.6479651343749999 0.3516106015625 0.6518146953125 0.40495174531250006 0.6577914984375 0.41072347656249997
5 0.8989647843749999 0.44487355937500006 0.8489086453124999 0.44619047187499994 0.793427721875 0.44139757968750004 0.7778516125 0.437680859375 0.77660755 0.4425775328125 0.792345790625 0.47117678749999997 0.8006435296875001 0.4759727171875 0.8065150593749999 0.4835232125 0.809072815625 0.4930447953125 0.8075775328124999 0.5045155671875 0.8101406328125 0.5102416390625 0.8264845859375001 0.5325584375 0.8274634734375 0.5378594875 0.8187340765625001 0.5455458890625 0.8158879765625 0.5602204453125 0.8119701890625001 0.5642774328125 0.81508695625 0.565109384375 0.8185694343750001 0.5615031734375 0.81925994375 0.57567281875 0.8374965546875 0.5540819484374999 0.8611347500000001 0.537271753125 0.8801701375000001 0.536053134375 0.9182077359375 0.5571049109375 0.9230270765625 0.5539185437499999 0.9251262921875 0.5472342296875 0.9244899156249999 0.536165884375 0.9117489265625001 0.4663661390625 0.9075836703125001 0.4562457484375 0.8989647843749999 0.44487355937500006
0 0.5964531171874999 0.3295407 0.578408571875 0.32985566718750003 0.5278690359375 0.3365604328125 0.5085557781250001 0.3642637390625 0.516251984375 0.4048875609375 0.5241267484375001 0.415823915625 0.6061850359375 0.399194209375 0.6177647796875 0.4007250390625 0.622718440625 0.4457686734375 0.6467569703125 0.4066054484375 0.6466688453125 0.40435790312500003 0.6346411140625 0.382441990625 0.6171583328125 0.38158263593749997 0.6119631796875 0.35081356874999997 0.5964531171874999 0.3295407
6 0.5242705140624999 0.6835890890625 0.5198701375 0.6821218625000001 0.5138794546875001 0.682947040625 0.49161665 0.6995269671875 0.47599532499999997 0.73218229375 0.4724835234375 0.7628914640625 0.4801470671875 0.8043925406250001 0.48975969375000006 0.8250421734375 0.5051430890625 0.8450128156250001 0.529177584375 0.863675928125 0.5547546171875 0.87132514375 0.5881524046875 0.8632247812499999 0.610344575 0.8425982546874999 0.619808771875 0.8216156359375001 0.6221442203125 0.789770475 0.6207256953125 0.77476043125 0.6127665999999999 0.7494558421875 0.58064183125 0.6979730265625 0.577861690625 0.69545635625 0.55360651875 0.697210459375 0.5407095734375 0.6966041984375 0.5242705140624999 0.6835890890625
3 0.809072815625 0.4930447953125 0.723836009375 0.46045572031250004 0.7233834765625 0.46748045312500003 0.7187249062500001 0.47473968906249997 0.6982972968750001 0.4824195875 0.712633575 0.5033377531250001 0.7793048515625001 0.5413955390625 0.7912589953125 0.5411868796875 0.8001271375 0.5285959874999999 0.8073855078125 0.50598865625 0.809072815625 0.4930447953125
5 0.601456875 0.44568229062500003 0.603832084375 0.44468377343750004 0.6037402328125 0.43942156875 0.6070972593749999 0.4398415015625 0.6140701671875 0.4555112125 0.6164704296875 0.45594784375 0.622718440625 0.4457686734375 0.6177647796875 0.4007250390625 0.6061850359375 0.399194209375 0.4720667359375 0.4263742546875 0.4954970515625 0.6251230359375 0.5152577593750001 0.619730271875 0.5312415859375 0.6054837734375 0.532858565625 0.6040425468749999 0.6394736484375 0.598123840625 0.625767125 0.47349036875 0.6225617234375 0.475939696875 0.6143457234375 0.47129782656249997 0.5917890265625 0.4401087078125 0.593149021875 0.43577821562499996 0.601456875 0.44568229062500003
3 0.438106090625 0.653085025 0.44254460937499995 0.6692194296875 0.44761115 0.6737035734375 0.46546583437500005 0.6725605406249999 0.517162428125 0.681219025 0.5242705140624999 0.6835890890625 0.5407095734375 0.6966041984375 0.55360651875 0.697210459375 0.614220628125 0.692826921875 0.650009784375 0.69511204375 0.659954271875 0.69327570625 0.67226156875 0.6839157203124999 0.6738657890625 0.680562203125 0.6732854953125 0.647317196875 0.66591838125 0.6062925609375001 0.660450784375 0.6026467953125 0.6420789874999999 0.59797920625 0.532858565625 0.6040425468749999 0.5152577593750001 0.619730271875 0.46643898593750005 0.63305308125 0.44196431562500005 0.6359744234375 0.4387341125 0.641434765625 0.438106090625 0.653085025
1 0.6840201078125 0.4877871921875 0.7187249062500001 0.47473968906249997 0.7233834765625 0.46748045312500003 0.725266025 0.4382573859375 0.6990969546875 0.4468491453125 0.68920123125 0.4556353796875 0.6796669859375 0.4577159125 0.6628842781250001 0.4283401171875 0.6577914984375 0.41072347656249997 0.651463978125 0.40461305937500003 0.6476452687500001 0.40515824531250005 0.6164704296875 0.45594784375 0.6140701671875 0.4555112125 0.6070972593749999 0.4398415015625 0.6037402328125 0.43942156875 0.603832084375 0.44468377343750004 0.601456875 0.44568229062500003 0.593149021875 0.43577821562499996 0.5917890265625 0.4401087078125 0.6143457234375 0.47129782656249997 0.6225617234375 0.475939696875 0.6315340828125 0.46908369062500005 0.6518981875 0.42948893750000006 0.65725224375 0.43465929062499997 0.6756872046875 0.476447971875 0.6840201078125 0.4877871921875