1 0.8023551875000001 0.58477836875 0.8024349796875001 0.5905234234375001 0.80730365 0.6138930453125 0.8068167828125 0.6684221609375001 0.80253855625 0.7145319484375 0.808284953125 0.7196879625 0.832059171875 0.6934436953125 0.8366742374999999 0.68282904375 0.840366290625 0.6634457671875 0.8426738234375 0.6172951078125 0.841289303125 0.5872971796875001 0.839954853125 0.5775112078125 0.8023551875000001 0.58477836875
6 0.8497946109375001 0.4522879625 0.8737846171875001 0.45207566093749996 0.862801425 0.31428652343749997 0.8584870875 0.3035006796875 0.8487798281250001 0.29325412812499996 0.8305284531250001 0.328252975 0.8382876296875 0.42559536875 0.8447077953125 0.430151615625 0.8460373984375 0.445663653125 0.8482668546875001 0.45212907500000005 0.8497946109375001 0.4522879625
5 0.6341181859375 0.322860515625 0.6223514953125 0.33839254687500003 0.62300640625 0.3584764734375 0.628430546875 0.352187615625 0.64983363125 0.3475777203125 0.6467508453125 0.31829125468749997 0.6341181859375 0.322860515625
6 0.8139026515625 0.57059849375 0.810800878125 0.5697122734375 0.8147888734375 0.565724278125 0.817890646875 0.551101628125 0.8267528593750001 0.543568746875 0.8258666375000001 0.5382514203125 0.8233383359375 0.5346696578125 0.8203317374999999 0.536519871875 0.7999069296875 0.542881696875 0.8019481125000001 0.5554689921875 0.8023551875000001 0.58477836875 0.8560652125000001 0.5743974406250001 0.8583271953124999 0.5710044640625 0.8536684546875 0.5482011546875001 0.8365012921874999 0.5599638390624999 0.817890646875 0.5812331484375 0.8174475359375 0.567053609375 0.8139026515625 0.57059849375
6 0.8482668546875001 0.45212907500000005 0.7199836953125 0.5114695328125001 0.727075365625 0.5156834234375001 0.8057696796875 0.5156543124999999 0.8072341749999999 0.5113523609375 0.8074518796874999 0.509882846875 0.8099146562499999 0.5156527796875 0.8482668546875001 0.45212907500000005
5 0.7430362078125 0.9302052671875 0.7674602187499999 0.908688878125 0.7831613671875 0.885427915625 0.852362728125 0.7662154875 0.852362728125 0.7592371984375 0.80253855625 0.7145319484375 0.8024349796875001 0.7156482703125 0.793671371875 0.719056340625 0.7866105625 0.719572984375 0.7910162390625 0.7376362609375 0.7910162390625 0.7509287953125 0.785256140625 0.755802725 0.78215455 0.7620059078125 0.7338583375 0.7735261062500001 0.7143626203125 0.7686521765625 0.7130333656250001 0.7717537671875 0.700183915625 0.7735261062500001 0.6966392390625 0.7695383453125 0.6948669015625 0.7589043171875 0.6970823234375 0.7487133734375 0.7148057046875 0.745168696875 0.722338140625 0.733205415625 0.769763465625 0.7204815484375 0.5888798468750001 0.7188592734375 0.5983220453125 0.734596271875 0.6139378703125 0.74702519375 0.6465032171875 0.779590540625 0.6581336984374999 0.7964547375000001 0.6715087515625 0.80401455 0.681394659375 0.8202972234375 0.6843022796875 0.8435581843750001 0.6953512374999999 0.85344409375 0.7104708625 0.8575147624999999 0.6976773328125 0.8883355359375 0.6982588578125 0.895313825 0.7209382953125 0.915667165625 0.730824203125 0.9302052671875 0.738384015625 0.9331128874999999 0.7430362078125 0.9302052671875
0 0.6492779984375 0.4077494546875 0.6523253 0.4073685421875 0.65053235 0.35421555 0.64983363125 0.3475777203125 0.628430546875 0.352187615625 0.61653978125 0.365974009375 0.61920715625 0.38364536562499996 0.636672278125 0.38480970625 0.6483156921875 0.40693219375 0.648364578125 0.40918093593749993 0.6492779984375 0.4077494546875
0 0.6537195921875 0.4487031078125 0.6557859374999999 0.4503561828125 0.6557974390625 0.4505666640625 0.73779408125 0.5241069796875 0.65053235 0.35421555 0.65345039375 0.407615753125 0.653105640625 0.4072709984375 0.6523253 0.4073685421875 0.6531631890625 0.43220821562499995 0.6548885249999999 0.43393355156249996 0.6549811328125 0.43562827187500003 0.6546760703125 0.4362689046875 0.6537195921875 0.4487031078125
0 0.641216628125 0.4923609546875 0.6302758609375 0.5197128703125 0.6309569390624999 0.527088434375 0.641216628125 0.525036496875 0.6568440609375 0.5089355046875 0.6705201468750001 0.5288635140625 0.7191807046875 0.5247963640625 0.730488540625 0.5243775546875 0.726457171875 0.518880234375 0.722668703125 0.5240893796874999 0.706094153125 0.5165124421875 0.7098826218750001 0.5065677125 0.7184066765625 0.5127239734375 0.719543625 0.5112080421874999 0.7125429375000001 0.5070482125 0.7070247203125 0.49868727812499997 0.6913879625 0.50095049375 0.674700459375 0.49979963125 0.6597392484375 0.479659540625 0.6562866625 0.45951945 0.6557974390625 0.4505666640625 0.6537195921875 0.4487031078125 0.6531631890625 0.43220821562499995 0.653105640625 0.43215066562500004 0.6320536140625 0.47138398593749997 0.6262106265625 0.47568934531249996 0.628241665625 0.497684015625 0.641216628125 0.4923609546875
6 0.700183915625 0.7735261062500001 0.7130333656250001 0.7717537671875 0.7143626203125 0.7686521765625 0.7338583375 0.7735261062500001 0.78215455 0.7620059078125 0.785256140625 0.755802725 0.7910162390625 0.7509287953125 0.7910162390625 0.7376362609375 0.7866105625 0.719572984375 0.7737098203125 0.7205169406249999 0.769763465625 0.7204815484375 0.722338140625 0.733205415625 0.7148057046875 0.745168696875 0.6970823234375 0.7487133734375 0.6948669015625 0.7589043171875 0.6966392390625 0.7695383453125 0.700183915625 0.7735261062500001
5 0.790495825 0.5462637765625 0.7785398609375 0.5462637765625 0.741048728125 0.5239864375 0.7191807046875 0.5247963640625 0.6314226140625 0.53213136875 0.6345755015625001 0.5662748265624999 0.6619704609375 0.5707576375000001 0.6674991984374999 0.5757837625 0.6685044234374999 0.5923699765625 0.661698521875 0.6075523734375 0.66403805 0.609172046875 0.6706880640625 0.650319009375 0.6706880640625 0.6835690796875 0.6690255609375 0.6868940875 0.656556784375 0.69603785625 0.6465817625 0.697700359375 0.6108379375 0.694790978125 0.5744386484375 0.6967854609375 0.5771744437499999 0.6993502687500001 0.5888798468750001 0.7188592734375 0.7737098203125 0.7205169406249999 0.793671371875 0.719056340625 0.8024349796875001 0.7156482703125 0.8068167828125 0.6684221609375001 0.80730365 0.6138930453125 0.8024349796875001 0.5905234234375001 0.8019481125000001 0.5554689921875 0.799026909375 0.5374549078124999 0.80584305 0.5238226296875 0.8032128249999999 0.5231650734375 0.7995823578125 0.5338295734375 0.790495825 0.5462637765625
5 0.4933140390625 0.6250253921875 0.48062804375 0.49845376249999995 0.4634385046875 0.533564309375 0.434789590625 0.6260450171875 0.42473733906250005 0.6476573578125 0.42725040156249994 0.6541913203124999 0.4356285234375 0.6527018765625 0.43544381562499995 0.6519815125 0.4359906640625 0.644325628125 0.43627506718750003 0.6403439875 0.43960007343749996 0.6349408515625 0.46412200156249994 0.632447096875 0.4933140390625 0.6250253921875
6 0.65110778125 0.27480604999999997 0.6447780390625 0.2995495890625 0.65053235 0.35421555 0.65345039375 0.407615753125 0.65932555625 0.413490915625 0.66219268125 0.424099275 0.663762603125 0.422878225 0.703117021875 0.4396898203125 0.777952015625 0.44600415312499997 0.7788969140625001 0.4425395296875 0.794405784375 0.44652752500000004 0.8384832156250001 0.4511115765625 0.8386983375 0.45031255156250005 0.8386983375 0.4307478921875 0.8260388531249999 0.27192889375 0.821435403125 0.260420271875 0.8110776421875 0.2494870796875 0.7805797906249999 0.24660992343750002 0.671247871875 0.260420271875 0.6597392484375 0.2650237203125 0.65110778125 0.27480604999999997
5 0.9242371921875 0.5546465125 0.9237940828125 0.543568746875 0.9122732062500001 0.473557271875 0.9082852109375 0.463365728125 0.899866109375 0.4518448515625 0.8497946109375001 0.4522879625 0.794405784375 0.44652752500000004 0.7788969140625001 0.4425395296875 0.77756758125 0.44741374531250006 0.7928043 0.47628331562500004 0.8010170734375001 0.48122332968750003 0.8067559359375001 0.488875146875 0.809147128125 0.49843991875000004 0.8074518796874999 0.509882846875 0.8099146562499999 0.5156527796875 0.8258666375000001 0.5382514203125 0.8267528593750001 0.543568746875 0.817890646875 0.551101628125 0.8147888734375 0.565724278125 0.810800878125 0.5697122734375 0.8139026515625 0.57059849375 0.8174475359375 0.567053609375 0.817890646875 0.5812331484375 0.8365012921874999 0.5599638390624999 0.8604292656249999 0.543568746875 0.879483021875 0.5426825265625 0.9171474234374999 0.5643949453125 0.9220216390625 0.5612931718749999 0.9242371921875 0.5546465125
0 0.6483156921875 0.40693219375 0.636672278125 0.38480970625 0.61920715625 0.38364536562499996 0.6145497890625 0.3527903171875 0.5994133515625 0.33125 0.5813660578125 0.33125 0.5307172046875 0.3370717078125 0.5109234 0.36443373125 0.51790945 0.40518568281249995 0.5255921484375 0.41625780625 0.6079281671875 0.401062746875 0.61947943125 0.4027954375 0.6236462171875 0.44791866562499993 0.648364578125 0.40918093593749993 0.6483156921875 0.40693219375
6 0.5771744437499999 0.6993502687500001 0.5744386484375 0.6967854609375 0.5501565578125 0.6981159859375 0.53727215625 0.6972847343749999 0.521062746875 0.68398470625 0.5166886468749999 0.68244090625 0.5106844749999999 0.68316140625 0.4881357015625 0.6993502687500001 0.471946840625 0.7317279921875001 0.467899625 0.7623711953125001 0.4748377078125 0.8039996984375 0.4840884859375 0.82481395 0.49912100156249994 0.845050028125 0.5228261203125 0.8641297578125 0.5482657609375 0.8722241890625 0.5817998328125 0.8647079312500001 0.6043486046875 0.8444718531250001 0.6141775578125 0.8236576031249999 0.617068425 0.7918580515625 0.615912078125 0.7768255374999999 0.6083958203125001 0.751385896875 0.5771744437499999 0.6993502687500001
3 0.7785398609375 0.5462637765625 0.790495825 0.5462637765625 0.7995823578125 0.5338295734375 0.8072341749999999 0.5113523609375 0.809147128125 0.49843991875000004 0.7244920609375 0.46436822031249997 0.7239169984375 0.47138398593749997 0.719132446875 0.47856081250000004 0.698573915625 0.4858830296875 0.7125429375000001 0.5070482125 0.7785398609375 0.5462637765625
5 0.6229629671875 0.4780823578125 0.6148292296875 0.47329780625 0.59282029375 0.44171976874999996 0.594255659375 0.437413671875 0.602389396875 0.44746122968749996 0.604781671875 0.44650431875 0.604781671875 0.4412413125 0.6081308578125 0.44171976874999996 0.6148292296875 0.4575087875 0.61722150625 0.4579872421875 0.6236462171875 0.44791866562499993 0.61947943125 0.4027954375 0.6079281671875 0.401062746875 0.47335593749999993 0.42589796562500004 0.4933140390625 0.6250253921875 0.5131658546875 0.6199783203125 0.5293958812499999 0.6060129484375001 0.53103776875 0.6046001624999999 0.637739909375 0.600543046875 0.6262106265625 0.47568934531249996 0.6229629671875 0.4780823578125
3 0.5131658546875 0.6199783203125 0.46412200156249994 0.632447096875 0.43960007343749996 0.6349408515625 0.43627506718750003 0.6403439875 0.43544381562499995 0.6519815125 0.43960007343749996 0.6681909218750001 0.44458758437499996 0.67276280625 0.46245949687500004 0.6719315546875 0.51399710625 0.6814909499999999 0.521062746875 0.68398470625 0.53727215625 0.6972847343749999 0.5501565578125 0.6981159859375 0.6108379375 0.694790978125 0.6465817625 0.697700359375 0.656556784375 0.69603785625 0.6690255609375 0.6868940875 0.6706880640625 0.6835690796875 0.6706880640625 0.650319009375 0.66403805 0.609172046875 0.6586349140625 0.6054314140625 0.6403473749999999 0.600443903125 0.53103776875 0.6046001624999999 0.5131658546875 0.6199783203125
1 0.6320536140625 0.47138398593749997 0.653105640625 0.43215066562500004 0.658368646875 0.437413671875 0.6760714859375 0.4795177234375 0.6842052234375 0.4910006453125 0.719132446875 0.47856081250000004 0.7239169984375 0.47138398593749997 0.7263092734375001 0.44219822343750004 0.6999942421875 0.45033196093749994 0.689946684375 0.45894415312500003 0.6803775812499999 0.46085797343749996 0.6641101078125 0.4311937546875 0.65932555625 0.413490915625 0.653105640625 0.4072709984375 0.6492779984375 0.4077494546875 0.61722150625 0.4579872421875 0.6148292296875 0.4575087875 0.6081308578125 0.44171976874999996 0.604781671875 0.4412413125 0.604781671875 0.44650431875 0.602389396875 0.44746122968749996 0.594255659375 0.437413671875 0.59282029375 0.44171976874999996 0.6148292296875 0.47329780625 0.6229629671875 0.4780823578125 0.6320536140625 0.47138398593749997