1 0.6206796265625 0.5349173125 0.6165310734375 0.5081627671875 0.5992762796875 0.5084817015625 0.5958153953124999 0.52786395 0.6005486796875 0.558389509375 0.6005428375 0.5607346765625 0.60828700625 0.55713575 0.61346416875 0.55668280625 0.6159083296875 0.5616857609375 0.618806321875 0.56997613125 0.6205812640625 0.5743928687500001 0.6206796265625 0.5349173125
1 0.620579628125 0.57504908125 0.618806321875 0.56997613125 0.61346416875 0.55668280625 0.647074390625 0.6885762734374999 0.6607746390625 0.6744094171875 0.6576387687499999 0.6745751375 0.6557199625 0.676374321875 0.6555172953125 0.6749962843749999 0.64835804375 0.6545156046875 0.653273409375 0.6557434765625 0.6205812640625 0.5743928687500001 0.620579628125 0.57504908125
6 0.777399278125 0.6744743 0.7024416078125 0.6585541015625 0.6874084140625001 0.6687149796875 0.6731158765624999 0.669248453125 0.6697450140625001 0.6827980546875 0.66946614375 0.682945296875 0.6807244640625 0.707431625 0.7108082640625 0.74270086875 0.7389793734375 0.7620424046875 0.7609611625 0.7699839515625 0.7897056828125 0.7721418875 0.8055432328125001 0.7691986953125001 0.8268682296875 0.7636986359375 0.8402841437499999 0.75681375 0.8420296 0.753026678125 0.8493783515625 0.75394133125 0.8501834609375001 0.7512749171875 0.8469116375000001 0.749484384375 0.861396828125 0.7310836609375 0.8775760890625 0.696439678125 0.8831667718749999 0.6772595375 0.887340634375 0.6478194515625 0.8861753640625001 0.604828215625 0.8791324609375 0.57587816875 0.8786783671875 0.5807686421875 0.8729742249999999 0.6031631453124999 0.8699000124999999 0.60878061875 0.86636708125 0.6152363078125 0.8226231625 0.6595699953125 0.808668890625 0.6690016328125 0.777399278125 0.6744743
1 0.874540903125 0.5446568734375 0.8733683265625001 0.5400683890625 0.8825319296874999 0.539266678125 0.6538535390625 0.5077742140625 0.6395547625 0.5374378421875 0.633005671875 0.56034395 0.6640147078124999 0.6636986484375 0.6694416453125 0.6693855953125001 0.6731158765624999 0.669248453125 0.6697450140625001 0.6827980546875 0.7049097953125 0.65907831875 0.7024416078125 0.6585541015625 0.7027255609374999 0.65836218125 0.7088641875 0.6564109593749999 0.874540903125 0.5446568734375
1 0.8749874953125 0.5464044625 0.876138978125 0.5544151703125 0.8718679500000001 0.5674066453125 0.8193256984374999 0.60039356875 0.7650852453125 0.6280655875 0.75622305625 0.6479194484375 0.7503193109375 0.65154649375 0.7349080046875 0.64605163125 0.734505803125 0.6457443421875 0.7281552734375001 0.6502791015625 0.7088641875 0.6564109593749999 0.7049097953125 0.65907831875 0.777399278125 0.6744743 0.808668890625 0.6690016328125 0.8226231625 0.6595699953125 0.86636708125 0.6152363078125 0.8729742249999999 0.6031631453124999 0.8786783671875 0.5807686421875 0.8825319296874999 0.539266678125 0.874540903125 0.5446568734375 0.8749874953125 0.5464044625
5 0.5332849687500001 0.7747850546875 0.5355863140625 0.7659839546875 0.53664551875 0.7640484828125 0.5389772609375 0.76261594375 0.5474050265625 0.7606500734375 0.5552231890625 0.7587375359374999 0.558164534375 0.757251665625 0.5592770734375 0.75592579375 0.5612354828125 0.750226040625 0.5638034937499999 0.7444729546875 0.5611976234375 0.7287299609375 0.5599451875 0.726691371875 0.5518189765625 0.7279498234374999 0.51712396875 0.7333228046875 0.5270954546875 0.7694537796875001 0.529301271875 0.7834871109375 0.5301073546875 0.780591475 0.5332849687500001 0.7747850546875
1 0.8236967265624999 0.352867853125 0.8268505125000001 0.3541836171875 0.8316592937499999 0.3390980453125 0.83486976875 0.320269278125 0.8068539937500001 0.3130047796875 0.7624749234375 0.2802332890625 0.7456787281249999 0.26492134375 0.7380749062499999 0.2638201265625 0.7354507 0.27420689062500003 0.7354536109375001 0.2797171421875 0.749471990625 0.2798910078125 0.7536342453125 0.314992678125 0.774709515625 0.3259169859375 0.7788024140625 0.32913054218750004 0.7803656343750001 0.32992014531249997 0.7834714765624999 0.332079209375 0.8022090984375 0.340649196875 0.8236967265624999 0.352867853125
6 0.27420833125 0.6949177140625 0.2756684484375 0.6967408859375 0.27376438125 0.674977290625 0.2714522734375 0.6759572515625 0.27420833125 0.6949177140625
5 0.509087296875 0.9561585234375001 0.5059487984375 0.9358339000000001 0.486329978125 0.94010753125 0.4621980703125 0.93992206875 0.44777359375000003 0.9480182140625001 0.477063921875 0.9565558453125 0.509087296875 0.9561585234375001
5 0.4939458859375 0.5029301265624999 0.508871296875 0.4939824828125 0.5126178703125001 0.5044919640625001 0.5248688984375 0.5260370359375 0.55518148125 0.5224426578125 0.5716299421875 0.48425114375 0.57175294375 0.46824651875 0.5386424078125 0.4680468875 0.5329072234375001 0.40837223749999996 0.5042897734375 0.40391572187499997 0.4890048171875 0.41232076093750003 0.48166916562499995 0.420030328125 0.4844686546875 0.44664297187499996 0.4650104296875 0.4450470484375 0.459644615625 0.448343609375 0.460515178125 0.47983686406250003 0.4721985078125 0.4959389984375 0.4943281125 0.4978228734375 0.4939458859375 0.5029301265624999
1 0.4621980703125 0.93992206875 0.486329978125 0.94010753125 0.5347862343750001 0.9295521453125 0.5413399562500001 0.8600768171875 0.5270954546875 0.7694537796875001 0.51712396875 0.7333228046875 0.512208903125 0.73408396875 0.501466403125 0.6870517734375 0.47809427812500005 0.714736321875 0.47290400625 0.7840877796875 0.419409378125 0.788767953125 0.28265247968749996 0.7765687296875 0.27969431718750004 0.7427567796875 0.276744978125 0.7431252421875 0.23964976093749998 0.7325902625 0.23043885312499998 0.8373232234374999 0.262996940625 0.8419391390625 0.2651979578125 0.8342821953125 0.28556196875 0.8307780265625 0.3272870484375 0.8351661171875 0.34737234687499996 0.9137944921875001 0.354800946875 0.9527631953125001 0.3599861671875 0.9660899390625 0.3696516921875 0.971560328125 0.40040060625 0.975186159375 0.4112985046875 0.9684908859375 0.42480322031249995 0.9719028406250001 0.43067243125 0.9667958875 0.42989622499999997 0.9513608578125 0.43648481562499997 0.947913515625 0.4621980703125 0.93992206875
5 0.557270778125 0.5945012609375 0.5556307453125 0.609332915625 0.5479986578125 0.6276264406250001 0.5247642671875 0.6594551875 0.501466403125 0.6870517734375 0.512208903125 0.73408396875 0.6491997390625001 0.7128691171875 0.647074390625 0.6885762734374999 0.6565078484375 0.681731578125 0.6555172953125 0.6749962843749999 0.6159083296875 0.5616857609375 0.61346416875 0.55668280625 0.60828700625 0.55713575 0.5554663640624999 0.5816829453125 0.557270778125 0.5945012609375
5 0.9036043984375001 0.3993542140625 0.8962830015625001 0.3990224375 0.8869473250000001 0.397894571875 0.8829187640624999 0.3963023921875 0.8685895953125 0.39366676875 0.8670155703125 0.39234600468749997 0.8658818 0.390500565625 0.8632765750000001 0.382949965625 0.8569142046874999 0.37135265156249997 0.8536817328125 0.3677461921875 0.847512259375 0.3639105296875 0.8373564375000001 0.358965153125 0.8342928046875 0.35728855312499996 0.8236967265624999 0.352867853125 0.8022090984375 0.340649196875 0.7834714765624999 0.332079209375 0.7803656343750001 0.32992014531249997 0.7788024140625 0.32913054218750004 0.8595446046875 0.3925256109375 0.8511324328125 0.42436693124999997 0.8461113484375 0.436025334375 0.8397821703125 0.4507209890625 0.8518674359375 0.4727203484375 0.8667647374999999 0.514227428125 0.8733683265625001 0.5400683890625 0.9228290781249999 0.535741134375 0.9262666968750001 0.5305788015624999 0.9298731546875001 0.5273463296875 0.9422424984375001 0.5131378875 0.9638149859375 0.4874288 0.9682597453125 0.4826645125 0.9709856953125 0.4804813890625 0.9674400359374999 0.4399543265625 0.9633270546875 0.43739721718749996 0.9518264078125 0.4281940765625 0.9456147250000001 0.4238759484375 0.9382270609375001 0.417229915625 0.9320575890624999 0.413394253125 0.9299588875 0.411633234375 0.92370499375 0.40683264062499996 0.92213096875 0.4055118765625 0.9164439609375 0.401634003125 0.9124154000000001 0.400041825 0.9118485140624999 0.3991191046875 0.9093095578125 0.3978827609375 0.9069816546875 0.3990587421875 0.9036043984375001 0.3993542140625
1 0.47474577656249994 0.594986696875 0.48834346875 0.5777885828125 0.4943281125 0.4978228734375 0.41895156250000004 0.491406134375 0.37612591875 0.4951528921875 0.41458407499999994 0.5430106968749999 0.46731462500000004 0.5867458625 0.47474577656249994 0.594986696875
1 0.380705059375 0.77826976875 0.377396009375 0.7785592734375 0.36732410625 0.7777732609375 0.3396319359375 0.7407391999999999 0.3392184296875 0.72966078125 0.34531977187499996 0.7041191437500001 0.3308980546875 0.6853746093749999 0.3245559578125 0.6637002796875 0.284751353125 0.621612890625 0.2727733734375 0.6160321390625 0.27070996875 0.640065196875 0.28265247968749996 0.7765687296875 0.419409378125 0.788767953125 0.47290400625 0.7840877796875 0.47809427812500005 0.714736321875 0.46126158124999994 0.7346748437499999 0.44578426093749995 0.7448418375 0.4274958328125 0.7468615296875 0.41643831093749994 0.759579471875 0.4081973703125 0.756523503125 0.40396582031249995 0.75135114375 0.39302449687499996 0.7666330921875 0.380705059375 0.77826976875
5 0.3396319359375 0.7407391999999999 0.36732410625 0.7777732609375 0.377396009375 0.7785592734375 0.380705059375 0.77826976875 0.39302449687499996 0.7666330921875 0.40396582031249995 0.75135114375 0.40114864843750003 0.7479076234375001 0.398446853125 0.7410097453125 0.3983896484375 0.73555914375 0.408994259375 0.7224611624999999 0.41044701093749997 0.6958953578125 0.4179333515625 0.6759359359375 0.46973832499999996 0.601320034375 0.47474577656249994 0.594986696875 0.46731462500000004 0.5867458625 0.41458407499999994 0.5430106968749999 0.35658694375 0.4708383515625 0.31563107343749996 0.42829595468750004 0.30515241406250004 0.42921271875 0.301988115625 0.43115674843749996 0.2972932953125 0.44101489843749997 0.267435590625 0.48086100312499996 0.2272299796875 0.542174434375 0.2257477078125 0.5506400625000001 0.269688375 0.614594784375 0.284751353125 0.621612890625 0.3245559578125 0.6637002796875 0.3308980546875 0.6853746093749999 0.34531977187499996 0.7041191437500001 0.3392184296875 0.72966078125 0.3396319359375 0.7407391999999999
3 0.7650852453125 0.6280655875 0.8193256984374999 0.60039356875 0.8718679500000001 0.5674066453125 0.876138978125 0.5544151703125 0.8749874953125 0.5464044625 0.8667647374999999 0.514227428125 0.8518674359375 0.4727203484375 0.8397821703125 0.4507209890625 0.829415496875 0.4747912625 0.81852624375 0.4925408390625 0.7926340046875 0.566348421875 0.77802470625 0.5990774625 0.7650852453125 0.6280655875
3 0.6874084140625001 0.6687149796875 0.7027255609374999 0.65836218125 0.7281552734375001 0.6502791015625 0.734505803125 0.6457443421875 0.71247804375 0.62891475625 0.6815744796875001 0.6053039 0.6501037015625 0.5869055984375 0.6370523640625 0.5776426484375 0.6363377484375 0.579450784375 0.6375784296875 0.6090842171874999 0.6435987765625 0.63153994375 0.65555026875 0.6548286703125 0.6694416453125 0.6693855953125001 0.6874084140625001 0.6687149796875
5 0.7536342453125 0.314992678125 0.754095621875 0.318883615625 0.761469925 0.465523075 0.7460412828125 0.46929734375 0.67116625 0.4688459046875 0.66272251875 0.48937500937499995 0.6395547625 0.5374378421875 0.6309805500000001 0.56742701875 0.6368378375 0.577490390625 0.6501037015625 0.5869055984375 0.6815744796875001 0.6053039 0.7349080046875 0.64605163125 0.7503193109375 0.65154649375 0.75622305625 0.6479194484375 0.7926340046875 0.566348421875 0.81852624375 0.4925408390625 0.829415496875 0.4747912625 0.8511324328125 0.42436693124999997 0.8595446046875 0.3925256109375 0.774709515625 0.3259169859375 0.7536342453125 0.314992678125
5 0.5318837875 0.3977233703125 0.5386424078125 0.4680468875 0.7460412828125 0.46929734375 0.761469925 0.465523075 0.754095621875 0.318883615625 0.749471990625 0.2798910078125 0.68879519375 0.2791384453125 0.6741259312500001 0.28466460625 0.6494115796875 0.28622072187500003 0.6223664656250001 0.2819196578125 0.5442986328125 0.28329472187500004 0.53056925625 0.28570810625 0.5272759734375 0.2896328875 0.5318837875 0.3977233703125
6 0.44578426093749995 0.7448418375 0.46126158124999994 0.7346748437499999 0.5247642671875 0.6594551875 0.5479986578125 0.6276264406250001 0.5556307453125 0.609332915625 0.557270778125 0.5945012609375 0.553944459375 0.5708715421874999 0.5478328984374999 0.55378043125 0.513317646875 0.5526035031250001 0.488630884375 0.5774250640624999 0.46973832499999996 0.601320034375 0.4179333515625 0.6759359359375 0.41044701093749997 0.6958953578125 0.408994259375 0.7224611624999999 0.3983896484375 0.73555914375 0.398446853125 0.7410097453125 0.40114864843750003 0.7479076234375001 0.4081973703125 0.756523503125 0.41643831093749994 0.759579471875 0.4274958328125 0.7468615296875 0.44578426093749995 0.7448418375