6 0.5631609796875 0.585392234375 0.5662693515624999 0.5757934359375 0.5680633140625 0.567769390625 0.563844015625 0.57309040625 0.556510965625 0.572958903125 0.5513250140625 0.5781387390625 0.5631609796875 0.585392234375
5 0.60755754375 0.9652745453125 0.60939925625 0.9643414078125 0.610906021875 0.9629299171874999 0.6117900328125 0.9555385046874999 0.6102105718749999 0.9502284781249999 0.6100544640625001 0.9491757562500001 0.5847192890625 0.9501363953125 0.5807019796875 0.948601440625 0.5707506062500001 0.9485928640625 0.57557456875 0.9516685031250001 0.582200815625 0.9545140640625001 0.5883487046875 0.9576945718750001 0.5934917546875 0.9594400171874999 0.5977498 0.9614487078125 0.6067442437499999 0.9651311375 0.60755754375 0.9652745453125
5 0.4028774515625 0.7091239359375 0.41465980937499997 0.6893003296875 0.4200024125 0.6828753828125 0.4131029234375 0.6775048046875 0.4057058109375 0.664317590625 0.40770754218749994 0.656028440625 0.42711285625000006 0.6118364921875 0.4237103140625 0.610658903125 0.41624142343750004 0.6103451640625 0.40851637656250006 0.6200185406250001 0.40161975468750005 0.6193040937500001 0.3976984609375 0.613094909375 0.393832375 0.59234865 0.35817653437499997 0.5925825453125 0.3522822765625 0.5975625984375 0.3495360953125 0.604602584375 0.3451295 0.6068352671875 0.304264459375 0.5996296578125 0.2940247546875 0.6349435625 0.2750953375 0.7394528218749999 0.279273975 0.744202540625 0.314101390625 0.7543564671875 0.3616057078125 0.7637359859374999 0.3861331609375 0.7706887390625 0.385224053125 0.7622438546875 0.388564471875 0.7432993999999999 0.4028774515625 0.7091239359375
6 0.6977896890624999 0.6926912296875 0.6914647406250001 0.68670168125 0.6876088109375 0.7037752265624999 0.6946962484375 0.709158028125 0.699842275 0.71953174375 0.7000033265625001 0.719856403125 0.701430303125 0.7313084062499999 0.7079244515625 0.6944782625 0.6977896890624999 0.6926912296875
6 0.7361470812500001 0.8546979140625 0.7279036296875 0.8465709546875001 0.71374878125 0.8263557359375 0.7061606171875 0.8021530890624999 0.698254328125 0.8834472203124999 0.727291846875 0.8649801874999999 0.7361470812500001 0.8546979140625
6 0.687029946875 0.7063383562500001 0.68530214375 0.7128533781249999 0.6850695531250001 0.7157374843750001 0.6987224421875 0.7332685515625 0.69764566875 0.745501721875 0.6974408453125001 0.746127265625 0.7008651921875 0.7461132328125 0.7012425046875 0.7323734625 0.701430303125 0.7313084062499999 0.7000033265625001 0.719856403125 0.6946962484375 0.709158028125 0.6876088109375 0.7037752265624999 0.687029946875 0.7063383562500001
5 0.6733223140625 0.9505622078125 0.69217406875 0.945965725 0.7061606171875 0.8021530890624999 0.70560645 0.80038555625 0.700236746875 0.768997821875 0.7008651921875 0.7461132328125 0.6974408453125001 0.746127265625 0.6929639843750001 0.7597999093750001 0.6803322578125 0.773236421875 0.670255834375 0.771782575 0.6690180015625 0.776340303125 0.6676658953125 0.7781632390625 0.6659021140625 0.7793982515625 0.6637266671875001 0.780045334375 0.66366500625 0.7800344625 0.65557635625 0.797180884375 0.6396573640625001 0.8206745984375001 0.649674103125 0.8402454562499999 0.6557574015625 0.8762415656250001 0.6685229390625 0.8844117046875001 0.685072675 0.9080471765624999 0.6833199796875 0.9314150515625 0.6733223140625 0.9505622078125
3 0.6547658843749999 0.5176469046875 0.722872665625 0.5664076390624999 0.723031328125 0.5657210890625 0.7237292859375 0.56702093125 0.7005385796875 0.378379090625 0.6925917765625 0.36310272499999996 0.6608467859375 0.492802334375 0.6636178890625 0.49485771562499997 0.6597940437500001 0.49710349374999996 0.6547658843749999 0.5176469046875
5 0.6486586562500001 0.79357784375 0.6353777953125 0.7923163343749999 0.6194936281250001 0.786201021875 0.62369925 0.7894953890624999 0.6396573640625001 0.8206745984375001 0.65557635625 0.797180884375 0.66366500625 0.7800344625 0.6581085828125001 0.779054715625 0.6486586562500001 0.79357784375
6 0.5358542374999999 0.6693752484375 0.5386163921875 0.6595555390625 0.5416139624999999 0.6513233515625 0.5441117328125 0.6430030375 0.5478734843749999 0.6333595843750001 0.5496952015625001 0.6259507375 0.5526927703125 0.61771855 0.5565716187499999 0.60448838125 0.5594810609375 0.59675599375 0.5631609796875 0.585392234375 0.5513250140625 0.5781387390625 0.55045456875 0.5790081578125 0.544201390625 0.58111385625 0.53766233125 0.5697657656249999 0.496990025 0.5448403421875 0.4805964578125 0.5397891875 0.4711065234375 0.5445974390625 0.44380969375 0.5738125843749999 0.40770754218749994 0.656028440625 0.4057058109375 0.664317590625 0.4131029234375 0.6775048046875 0.4200024125 0.6828753828125 0.43869877968750004 0.6603913578125 0.4554800359375 0.6491441921875001 0.4706416921875 0.6470822171874999 0.4873578 0.6529893328124999 0.5117421281250001 0.6791901015625 0.514242278125 0.6885097906250001 0.5236978671875 0.6919528359375 0.5272412265625 0.69556333125 0.5298301296875 0.6889265375 0.5320043578125 0.6795185 0.5358542374999999 0.6693752484375
5 0.6740173406250001 0.66260203125 0.6789665625 0.6525705046875 0.6860157578125 0.64608965625 0.6919239593750001 0.6357728812500001 0.706974875 0.5761819140625 0.7125722890625 0.5676277078124999 0.7221984390625 0.5693250578125 0.723031328125 0.5657210890625 0.7203438281250001 0.560716021875 0.7043472656249999 0.56320761875 0.6850372328125001 0.5529714328125 0.6766748312499999 0.54404458125 0.6761127546875 0.542685678125 0.674881434375 0.5435478609375 0.6664590546875 0.5411313484375 0.661180228125 0.5368017875 0.6528442265625001 0.534887125 0.6267665890624999 0.530804271875 0.6157710265625 0.5288654578124999 0.603863996875 0.5262505875000001 0.603362878125 0.526162228125 0.571618603125 0.5578690765625 0.5687079640625 0.5648860015625 0.5662693515624999 0.5757934359375 0.5594810609375 0.59675599375 0.5565716187499999 0.60448838125 0.5526927703125 0.61771855 0.5496952015625001 0.6259507375 0.5478734843749999 0.6333595843750001 0.5441117328125 0.6430030375 0.5416139624999999 0.6513233515625 0.5386163921875 0.6595555390625 0.5358542374999999 0.6693752484375 0.5320043578125 0.6795185 0.5298301296875 0.6889265375 0.5272412265625 0.69556333125 0.5690213187500001 0.7381350234374999 0.5743556859375001 0.741670096875 0.5800169828125 0.7468524859375 0.6003951187500001 0.760525475 0.6015610109375 0.7659787734375 0.6022804500000001 0.7661186843750001 0.612100159375 0.7688808390624999 0.6389130093750001 0.77463934375 0.6463218546875 0.776461059375 0.6517315078125 0.777930265625 0.6637266671875001 0.780045334375 0.6659021140625 0.7793982515625 0.6676658953125 0.7781632390625 0.6690180015625 0.776340303125 0.6704872078124999 0.77093065 0.673190203125 0.7585238203125 0.687029946875 0.7063383562500001 0.6914647406250001 0.68670168125 0.6771550656249999 0.6731508203125001 0.6740173406250001 0.66260203125
5 0.6645806546874999 0.4506209515625 0.6839910062500001 0.41802390312500004 0.703474121875 0.399102296875 0.70932763125 0.3952745390625 0.667983175 0.31579689843750003 0.663834428125 0.3150653625 0.49150642187500004 0.48573287656249997 0.49138492187500005 0.4894544703125 0.544201390625 0.58111385625 0.55045456875 0.5790081578125 0.65817681875 0.4714129140625 0.658595490625 0.46695438749999996 0.6645806546874999 0.4506209515625
5 0.7279036296875 0.8465709546875001 0.739128303125 0.8576370062500001 0.7412804328125 0.8634685890625 0.774328571875 0.8692958671875 0.7778270921875 0.8649149890625001 0.7984829515625 0.8508378375 0.8064645125000001 0.839069284375 0.82286504375 0.7924378671875 0.8226553421875 0.7755902375 0.825894153125 0.76752883125 0.8267988265625 0.7495146687500001 0.8316958921875001 0.7372022359375 0.8319023671875 0.7308778578124999 0.83913034375 0.7053461671875 0.849624825 0.684479528125 0.8591614015625 0.6716221421874999 0.8785208765625001 0.6545903515625 0.89173690625 0.633749253125 0.8606822703124999 0.61146283125 0.8322725656250001 0.5973665921875 0.811813671875 0.5920119500000001 0.8096344265625 0.5955549109375 0.7833312343750001 0.6269222421875 0.76415853125 0.6152326640625 0.749066909375 0.5987234140625 0.7378725421875 0.5810549296875 0.7268839671875 0.5701512421875 0.7125722890625 0.5676277078124999 0.706974875 0.5761819140625 0.6919239593750001 0.6357728812500001 0.6860157578125 0.64608965625 0.6789665625 0.6525705046875 0.6740173406250001 0.66260203125 0.6771550656249999 0.6731508203125001 0.6977896890624999 0.6926912296875 0.7079244515625 0.6944782625 0.7012425046875 0.7323734625 0.700236746875 0.768997821875 0.70560645 0.80038555625 0.71374878125 0.8263557359375 0.7279036296875 0.8465709546875001
3 0.6599491625 0.5357920968750001 0.6664590546875 0.5411313484375 0.674881434375 0.5435478609375 0.6761127546875 0.542685678125 0.670579053125 0.5293071171875 0.66635853125 0.49689050312500005 0.6636178890625 0.49485771562499997 0.6597843671875 0.497109175 0.655853575 0.5061959640625 0.6547658843749999 0.5176469046875 0.6599491625 0.5357920968750001
6 0.5236978671875 0.6919528359375 0.514242278125 0.6885097906250001 0.5117421281250001 0.6791901015625 0.4873578 0.6529893328124999 0.4706416921875 0.6470822171874999 0.4554800359375 0.6491441921875001 0.43869877968750004 0.6603913578125 0.41465980937499997 0.6893003296875 0.4028774515625 0.7091239359375 0.388564471875 0.7432993999999999 0.385224053125 0.7622438546875 0.387692328125 0.7851721546875 0.39265795 0.7972942671875 0.42664917343750003 0.8305477703124999 0.42975509531249995 0.8248118546875001 0.4323529578125 0.8052463171875001 0.4336584015625 0.8015877890625 0.43993302500000003 0.7840030687499999 0.4519363921875 0.7618356328125 0.4608787953125 0.749779321875 0.488607246875 0.7278284375 0.5032863796875 0.721896078125 0.5207610203125 0.7194388828125 0.550705159375 0.7259969453124999 0.5690213187500001 0.7381350234374999 0.5236978671875 0.6919528359375
6 0.649674103125 0.8402454562499999 0.62369925 0.7894953890624999 0.6158979312499999 0.7833844234375 0.6052609171875 0.7832845984375 0.6003951187500001 0.760525475 0.5800169828125 0.7468524859375 0.5864609046875 0.75275129375 0.5966229546874999 0.7724365765625001 0.6018267515625 0.7912475875 0.6045763796875 0.8143122375 0.60450655 0.8364537078125001 0.60013518125 0.861244975 0.5955192765625 0.8753422656250001 0.5807942625 0.9008641125000001 0.57048738125 0.91273598125 0.5647558218750001 0.919337815625 0.545362971875 0.9350898765625001 0.5453527953124999 0.9350950328125001 0.5847192890625 0.9501363953125 0.61511055625 0.94898404375 0.6245675484375 0.962490028125 0.64304055625 0.9752180859375 0.6533059453125001 0.9740685359375 0.666339078125 0.9639362453125001 0.6833199796875 0.9314150515625 0.685072675 0.9080471765624999 0.6685229390625 0.8844117046875001 0.6557574015625 0.8762415656250001 0.649674103125 0.8402454562499999
1 0.8213767140625 0.3875945015625 0.8034436171875001 0.41021514843749995 0.799955934375 0.4682809875 0.79354743125 0.4975813609375 0.77452550625 0.5209314828125 0.730528459375 0.5591296796874999 0.7203438281250001 0.560716021875 0.7237292859375 0.56702093125 0.7378725421875 0.5810549296875 0.749066909375 0.5987234140625 0.76415853125 0.6152326640625 0.7833312343750001 0.6269222421875 0.8096344265625 0.5955549109375 0.8219295734375001 0.5755657703125 0.848566821875 0.48471012187499996 0.8640465828125 0.45189593125 0.868994903125 0.43430419843749996 0.8662287484375 0.4264307515625 0.8562466078125001 0.414976896875 0.8213767140625 0.3875945015625
6 0.451982534375 0.9186243859375001 0.464622703125 0.9315040453125001 0.479644184375 0.940543253125 0.5118728296875 0.9462260328125 0.530392415625 0.9426749859375001 0.545362971875 0.9350898765625001 0.5647558218750001 0.919337815625 0.5807942625 0.9008641125000001 0.5955192765625 0.8753422656250001 0.60013518125 0.861244975 0.60450655 0.8364537078125001 0.6045763796875 0.8143122375 0.6018267515625 0.7912475875 0.5966229546874999 0.7724365765625001 0.5864609046875 0.75275129375 0.5743556859375001 0.741670096875 0.550705159375 0.7259969453124999 0.5207610203125 0.7194388828125 0.5032863796875 0.721896078125 0.488607246875 0.7278284375 0.4608787953125 0.749779321875 0.4519363921875 0.7618356328125 0.43993302500000003 0.7840030687499999 0.4323529578125 0.8052463171875001 0.42975509531249995 0.8248118546875001 0.4265963140625 0.8306453906250001 0.4296892984375 0.8759243671875 0.43304370781249996 0.8786460109374999 0.44070268281249997 0.9004461421875 0.451982534375 0.9186243859375001
4 0.799955934375 0.4682809875 0.8041268421875 0.398840278125 0.7928212828125 0.3713846609375 0.7802427703125 0.36171439375 0.7491020500000001 0.36926503125 0.703474121875 0.399102296875 0.6839910062500001 0.41802390312500004 0.6645806546874999 0.4506209515625 0.658595490625 0.46695438749999996 0.6564729203125 0.48955815312500006 0.66635853125 0.49689050312500005 0.670579053125 0.5293071171875 0.6766748312499999 0.54404458125 0.6850372328125001 0.5529714328125 0.7043472656249999 0.56320761875 0.730528459375 0.5591296796874999 0.77452550625 0.5209314828125 0.79354743125 0.4975813609375 0.799955934375 0.4682809875