6 0.5787973109375 0.55492075 0.575566096875 0.5608936015625 0.5683216171875001 0.5620374671875 0.564113921875 0.568039140625 0.577029628125 0.5731271453125 0.5784239624999999 0.5631344109375 0.5787973109375 0.55492075
5 0.6664843171875 0.9353995718749999 0.6718523265624999 0.93622541875 0.6763944875 0.937464190625 0.6858917328125 0.9395288078125 0.6867175796875 0.9395288078125 0.688369275 0.9382900375000001 0.689608046875 0.9366383421875 0.689195121875 0.929205715625 0.6867175796875 0.92425063125 0.6863810406249999 0.9232410109375 0.6615975781250001 0.9285864625 0.6573747578125 0.927772425 0.6475730796875 0.9294920171875001 0.652857834375 0.9316832578125 0.6598775390625 0.933334953125 0.6664843171875 0.9353995718749999
5 0.40950550156250004 0.7837611609375 0.43486766093749996 0.7863491375 0.43250592499999996 0.778190415625 0.43250592499999996 0.7589537125 0.4406669515625 0.7228120265625 0.4488279765625 0.7012436015625 0.4529737328125 0.6939885296875 0.445246471875 0.6898976265625001 0.43567180156249996 0.6781952515625 0.4362037265625 0.6696844343749999 0.447640378125 0.6227941640625 0.4440850421875 0.6222253109375 0.43667514062499996 0.623213296875 0.43074721875 0.634081153125 0.42383131093750004 0.6345751468749999 0.41889137656250003 0.62914121875 0.411481475 0.60938148125 0.3764079421875 0.6158033953125 0.3714680078125 0.6217313171875001 0.369986028125 0.62914121875 0.3660340796875 0.6321051796875 0.32453863125 0.6321051796875 0.320586684375 0.6686606921875 0.320092690625 0.7748692796875 0.325032625 0.778821228125 0.3610941453125 0.782773175 0.40950550156250004 0.7837611609375
6 0.7349275093750001 0.681494315625 0.735142490625 0.6817860765625 0.7385364078125 0.69281630625 0.7385364078125 0.6554179984374999 0.7282453 0.6554179984374999 0.7209763671875 0.650617759375 0.7201438078125 0.6681014953125 0.7280582859375 0.6721717984375 0.7349275093750001 0.681494315625
6 0.7671725359375 0.784280571875 0.7554969078125 0.7617632890625 0.7618273109375 0.8431952921875 0.7872169171875 0.819966503125 0.7941521234375 0.8083027453125 0.7846226765625001 0.8017307125 0.7671725359375 0.784280571875
6 0.7385364078125 0.69281630625 0.735142490625 0.6817860765625 0.7280582859375 0.6721717984375 0.7201438078125 0.6681014953125 0.720018821875 0.670726203125 0.7194485890625 0.677442278125 0.7197203515624999 0.68032295625 0.7362100609375 0.6952168875 0.7372739140625 0.7074511890624999 0.7371808265625 0.708102796875 0.7405507124999999 0.7074943453125 0.7385364078125 0.6938977937499999 0.7385364078125 0.69281630625
5 0.718724759375 0.843478621875 0.7327150890625 0.8493079265624999 0.753117653125 0.869710490625 0.755449375 0.8930277078125 0.7489284656249999 0.9136200515624999 0.7666956484375 0.9058198265625 0.7554969078125 0.7617632890625 0.7546442296875 0.7601188390625 0.7439056828124999 0.73014039375 0.7405507124999999 0.7074943453125 0.7371808265625 0.708102796875 0.7351462093750001 0.7223451203125 0.7250396125 0.737770978125 0.7148638140625 0.738088971875 0.7144362281250001 0.7427924046875 0.7134212125 0.7448224375 0.7118986859375 0.7463449640625 0.709868653125 0.7473599796875 0.709806040625 0.7473599796875 0.7048177203125 0.7656504890625 0.6932202140625 0.791551584375 0.7064832203125 0.8090857281250001 0.718724759375 0.843478621875
3 0.6658939125 0.33173929062499996 0.6571532999999999 0.46498093125000006 0.6602392171875 0.466523890625 0.656863440625 0.469399553125 0.6554789953125 0.4905039953125 0.7310182937499999 0.526697325 0.731055328125 0.5259936546875 0.7319683984375 0.52715255 0.6763726984375 0.3454036265625 0.6658939125 0.33173929062499996
5 0.6932202140625 0.791551584375 0.7048177203125 0.7656504890625 0.709806040625 0.7473599796875 0.7041639015625 0.7473599796875 0.6973794546875001 0.76330343125 0.6840813015625 0.764367284375 0.6673765375 0.761103134375 0.6720903265625 0.7636171546875 0.6932202140625 0.791551584375
6 0.556670103125 0.68492155 0.5607865875 0.6878618953125 0.5621836921875001 0.6808763718749999 0.5626912 0.6712337125000001 0.564721234375 0.660576034375 0.5657362515625 0.650425865625 0.5672587765625 0.641798221875 0.56827379375 0.633170578125 0.5703038281249999 0.623020409375 0.5708113359375 0.61540778125 0.5723338609375 0.6067801375 0.5738563859375 0.593077409375 0.5753789125 0.584957275 0.577029628125 0.5731271453125 0.564113921875 0.568039140625 0.5634076734375 0.5690465031249999 0.5576151453125 0.5722060640625 0.5492048546875 0.562165871875 0.504822196875 0.5446817937499999 0.4878005609375 0.542554090625 0.47928974375 0.548937203125 0.45748077187499997 0.58244855 0.4362037265625 0.6696844343749999 0.43567180156249996 0.6781952515625 0.445246471875 0.6898976265625001 0.4529737328125 0.6939885296875 0.46748175 0.6685994984375 0.4820550109375 0.6546091671875 0.49662827031249995 0.649945725 0.5141161828125 0.6528603765625001 0.5426797734375 0.6744288015625 0.5467602874999999 0.6831727578125 0.556670103125 0.68492155
5 0.7154512453125 0.7245221 0.720018821875 0.670726203125 0.7209763671875 0.650617759375 0.70453100625 0.639757615625 0.6996091718749999 0.629913946875 0.7027412484375 0.6191753984374999 0.7085579625 0.611568928125 0.7125849171875 0.6003829406250001 0.7170593125 0.5390837296875 0.7210862671875 0.5296875 0.730860915625 0.5296875 0.731055328125 0.5259936546875 0.7275395375 0.5215313046875 0.7122186593750001 0.5267628234374999 0.69142449375 0.5200353 0.6816390046875 0.5126961828125001 0.680849496875 0.5114555281250001 0.6797865984375 0.512518428125 0.6710725515625 0.511601159375 0.6651221015625 0.5082540328125 0.6565802656249999 0.5078159890625 0.630189825 0.5083234984375 0.6190246390625 0.5083234984375 0.6068444359375 0.5078159890625 0.6063355875 0.5078159890625 0.580579415625 0.5445534750000001 0.578931471875 0.551969225 0.5784239624999999 0.5631344109375 0.5753789125 0.584957275 0.5738563859375 0.593077409375 0.5723338609375 0.6067801375 0.5708113359375 0.61540778125 0.5703038281249999 0.623020409375 0.56827379375 0.633170578125 0.5672587765625 0.641798221875 0.5657362515625 0.650425865625 0.564721234375 0.660576034375 0.5626912 0.6712337125000001 0.5621836921875001 0.6808763718749999 0.5607865875 0.6878618953125 0.6093244421875 0.722531790625 0.6151916281250001 0.72508685625 0.6216668296875001 0.7292074390625001 0.644109665625 0.739134078125 0.6462048 0.7443020734375 0.6469376046875001 0.7443149296875 0.6570877734375 0.745329946875 0.6844932296875 0.7463449640625 0.69210585625 0.746852471875 0.69768845 0.7473599796875 0.709868653125 0.7473599796875 0.7118986859375 0.7463449640625 0.7134212125 0.7448224375 0.7144362281250001 0.7427924046875 0.7149437375 0.7372098109375 0.7154512453125 0.7245221
5 0.5576151453125 0.5722060640625 0.5634076734375 0.5690465031249999 0.6508096625 0.44438009999999994 0.6504477578125 0.43991660625 0.6535057234375 0.422792 0.6669607703125 0.3873196015625 0.6828621906250001 0.36530225 0.6879620890625 0.36051619218750003 0.6334446 0.2894253859375 0.6292318531250001 0.2894253859375 0.4891579984375 0.48742452031249994 0.48968459218750005 0.49111067343750003 0.5576151453125 0.5722060640625
5 0.7385364078125 0.6938977937499999 0.7439056828124999 0.73014039375 0.7546442296875 0.7601188390625 0.7671725359375 0.784280571875 0.7846226765625001 0.8017307125 0.797598421875 0.810679503125 0.8007304984375001 0.8160487765625 0.834288459375 0.8160487765625 0.836973096875 0.8111269421875 0.8548706765625 0.7936768015625 0.860687390625 0.7807010562500001 0.8687413015625 0.7319301515625 0.865609225 0.7153748906249999 0.8673989828125 0.706873540625 0.8651617859374999 0.688975959375 0.8678464218749999 0.6760002140625 0.8669515437499999 0.6697360625 0.8696361796875 0.64333713125 0.876347771875 0.62096515625 0.8835068046875 0.60664709375 0.8996146265625 0.5865123156250001 0.9090108562499999 0.5636929015625001 0.8745580140625 0.547137640625 0.8441321296875 0.5381888499999999 0.8230542296875001 0.53646820625 0.8215233203125001 0.5403357625 0.8010666125 0.57579405625 0.7801553109375 0.5676113734375 0.7624261640625 0.55397356875 0.7483337640625 0.5385173890625 0.7356187249999999 0.5296875 0.7210862671875 0.5296875 0.7170593125 0.5390837296875 0.7125849171875 0.6003829406250001 0.7085579625 0.611568928125 0.7027412484375 0.6191753984374999 0.6996091718749999 0.629913946875 0.70453100625 0.639757615625 0.7282453 0.6554179984374999 0.7385364078125 0.6554179984374999 0.7385364078125 0.6938977937499999
3 0.6602392171875 0.466523890625 0.656854896875 0.46940682968749997 0.6545617265625 0.47903814375 0.6554789953125 0.4905039953125 0.6637344078125 0.507473453125 0.6710725515625 0.511601159375 0.6797865984375 0.512518428125 0.680849496875 0.5114555281250001 0.6730767015625 0.49924113437499995 0.6632912125 0.4680498875 0.6602392171875 0.466523890625
6 0.5417683015625 0.7179543046875 0.5585507765625 0.7125 0.5891787921875 0.7137586859375 0.6093244421875 0.722531790625 0.556670103125 0.68492155 0.5467602874999999 0.6831727578125 0.5426797734375 0.6744288015625 0.5141161828125 0.6528603765625001 0.49662827031249995 0.649945725 0.4820550109375 0.6546091671875 0.46748175 0.6685994984375 0.4488279765625 0.7012436015625 0.4406669515625 0.7228120265625 0.43250592499999996 0.7589537125 0.43250592499999996 0.778190415625 0.438918159375 0.8003417718750001 0.44591332499999997 0.8114174500000001 0.48516255468749997 0.8382632437499999 0.487225259375 0.8320751328125 0.486386134375 0.812355725 0.48703645 0.8085260906249999 0.4901621921875 0.7901189453125 0.4981338671875 0.7662039187499999 0.5048468578125 0.7527779390625 0.5283423218750001 0.7263455421875 0.5417683015625 0.7179543046875
6 0.755449375 0.8930277078125 0.753117653125 0.869710490625 0.7327150890625 0.8493079265624999 0.718724759375 0.843478621875 0.7064832203125 0.8090857281250001 0.6720903265625 0.7636171546875 0.6633463703125 0.7589537125 0.6528536218750001 0.760702503125 0.644109665625 0.739134078125 0.6216668296875001 0.7292074390625001 0.6290371703125001 0.7338976546875 0.64246315 0.751519253125 0.6508543875 0.7691408515625 0.6575673765625 0.7913776312499999 0.661343434375 0.8131948484375 0.661343434375 0.8383685609375 0.659245625 0.853053225 0.6491761390625 0.880744309375 0.6410873703125 0.8942255890625 0.6365892828125 0.9017224015625 0.6202263703125 0.9206026859374999 0.62021724375 0.92060953125 0.6615975781250001 0.9285864625 0.6913270296875 0.922174228125 0.7029856375 0.9338328375 0.7233882031250001 0.9431597234375 0.7332980203125 0.940245071875 0.744373696875 0.9280035328125 0.755449375 0.8930277078125
1 0.8501627125000001 0.3894107140625 0.8519810859374999 0.3712269734375 0.8478897453125 0.363953478125 0.8360703140625001 0.3544070140625 0.7969752703124999 0.3334957125 0.7832426515625001 0.3588867515625 0.78989098125 0.41667606875 0.78866779375 0.4466441296875 0.7739895609375 0.47294263281250004 0.7372939749999999 0.5182005203125 0.7275395375 0.5215313046875 0.7319683984375 0.52715255 0.7483337640625 0.5385173890625 0.7624261640625 0.55397356875 0.7801553109375 0.5676113734375 0.8010666125 0.57579405625 0.8215233203125001 0.5403357625 0.8301605984375 0.5185152734375 0.8406162484375 0.424414415625 0.8501627125000001 0.3894107140625
6 0.48512744999999996 0.8383685609375 0.4960360578125 0.8824225562500001 0.4998121140625 0.884520365625 0.5111402843749999 0.9046593359375 0.5254053890625 0.9206026859374999 0.5400900546875 0.9310917328125001 0.5564529671875 0.9373851609375 0.5891787921875 0.9373851609375 0.606800390625 0.9306721703124999 0.6202263703125 0.9206026859374999 0.6365892828125 0.9017224015625 0.6491761390625 0.880744309375 0.659245625 0.853053225 0.661343434375 0.8383685609375 0.661343434375 0.8131948484375 0.6575673765625 0.7913776312499999 0.6508543875 0.7691408515625 0.64246315 0.751519253125 0.6290371703125001 0.7338976546875 0.6151916281250001 0.72508685625 0.5891787921875 0.7137586859375 0.5585507765625 0.7125 0.5417683015625 0.7179543046875 0.5283423218750001 0.7263455421875 0.5048468578125 0.7527779390625 0.4981338671875 0.7662039187499999 0.4901621921875 0.7901189453125 0.486386134375 0.812355725 0.487225259375 0.8320751328125 0.48512744999999996 0.8383685609375
4 0.7122186593750001 0.5267628234374999 0.7372939749999999 0.5182005203125 0.7739895609375 0.47294263281250004 0.78866779375 0.4466441296875 0.78989098125 0.41667606875 0.7819402703125 0.34756605 0.7660388499999999 0.322490734375 0.751972209375 0.3151516171875 0.722615740625 0.327995071875 0.6828621906250001 0.36530225 0.6669607703125 0.3873196015625 0.6535057234375 0.422792 0.6504477578125 0.43991660625 0.6522825375 0.46254555 0.6632912125 0.4680498875 0.6730767015625 0.49924113437499995 0.6816390046875 0.5126961828125001 0.69142449375 0.5200353 0.7122186593750001 0.5267628234374999