0 0.461676915625 0.5357144796875 0.458324225 0.5236896609375 0.43896168125 0.52255071875 0.43644926249999993 0.52432266875 0.461676915625 0.5357144796875
5 0.21523202343749998 0.620990878125 0.201163965625 0.6734935828124999 0.1975198703125 0.6919213656250001 0.262369125 0.746812490625 0.2785764109375 0.7563296765625 0.3007846421875 0.7923436828125 0.3043505015625 0.770664428125 0.3165563140625 0.696457059375 0.33015709531250004 0.6264858953125 0.33024178125 0.62634465 0.28741 0.6111068109375 0.2649230703125 0.5996022625 0.23670892187499998 0.6325668624999999 0.226083040625 0.633600509375 0.21523202343749998 0.620990878125
1 0.580894128125 0.9204136890625 0.58406655 0.8977934640624999 0.5824308421875 0.898896384375 0.564838546875 0.9044682249999999 0.58079916875 0.9371983953124999 0.58231976875 0.9355618796874999 0.580894128125 0.9204136890625
6 0.292122084375 0.5183588625 0.29129910468750003 0.502491959375 0.2938722734375 0.4849978015625 0.2974449 0.47500162343749996 0.29320100312499997 0.4780743875 0.274738671875 0.5062995625 0.2564854875 0.5814956625 0.2557978953125 0.589367515625 0.264071640625 0.5991666625 0.28741 0.6111068109375 0.33024178125 0.62634465 0.333880109375 0.6202763640625 0.5086300687499999 0.6290057499999999 0.509339746875 0.63284854375 0.5101209140625 0.6324443609375 0.5134279953124999 0.6271227015624999 0.5154187796875 0.614387275 0.514488015625 0.603712346875 0.5008218249999999 0.5910466343749999 0.4983447 0.5666885046875 0.49443740468749997 0.5547421296875 0.489108446875 0.548101475 0.410445803125 0.5125805328124999 0.40777574687499996 0.528627278125 0.393822896875 0.5570271453125 0.380413821875 0.57077208125 0.365251034375 0.5768582296875 0.353935596875 0.5780550203125 0.33675859375 0.5742982078125001 0.31417123125 0.5623256875 0.30686552031250003 0.55487075 0.2955237890625 0.53407098125 0.292122084375 0.5183588625
1 0.728350896875 1 0.7309498609375 0.9791842140625 0.73436636875 0.975880753125 0.75274838125 0.9702589171874999 0.7569521484374999 0.9671664015625 0.7580068765625 0.963230103125 0.7613557734375 0.928688575 0.7593331328125 0.90789583125 0.761527371875 0.89498325625 0.7615503375 0.86664625 0.7583772546875001 0.8782986796875001 0.650650140625 0.85016281875 0.6377061234375 0.880911728125 0.6269550265625 0.9011361828125001 0.6151606078125 0.91530478125 0.6105190609375 0.9127280890625 0.60428675 0.8995055453124999 0.599470290625 0.8866946375 0.5975263546875 0.8887178171875 0.58406655 0.8977934640624999 0.580894128125 0.9204136890625 0.58231976875 0.9355618796874999 0.5769840609375 0.9413043328124999 0.5592095625 1 0.728350896875 1
3 0.292122084375 0.5183588625 0.2955237890625 0.53407098125 0.30686552031250003 0.55487075 0.31417123125 0.5623256875 0.33675859375 0.5742982078125001 0.353935596875 0.5780550203125 0.365251034375 0.5768582296875 0.380413821875 0.57077208125 0.393822896875 0.5570271453125 0.40777574687499996 0.528627278125 0.41262566562499997 0.499479790625 0.40905603125 0.470190665625 0.40210339375000004 0.45352707812500004 0.3857589953125 0.4356156015625 0.36706045625 0.42806809062499995 0.3383773171875 0.4309543484375 0.3192897859375 0.44064049531249994 0.30666980625 0.45459686718750003 0.3006306875 0.4660878234375 0.2938722734375 0.4849978015625 0.29129910468750003 0.502491959375 0.292122084375 0.5183588625
3 0.5075037921875001 0.6601063734375 0.4780625140625 0.9055052453125001 0.515027525 0.90870394375 0.5464035421875 0.9103069671874999 0.5075037921875001 0.6601063734375
3 0.599470290625 0.8866946375 0.5892396046874999 0.859482875 0.5863833546875 0.8436102984374999 0.57923534375 0.8307776562500001 0.5609021203125 0.8253214609375 0.5464035421875 0.9103069671874999 0.5824308421875 0.898896384375 0.5975263546875 0.8887178171875 0.599470290625 0.8866946375
0 0.6699700421875 0.5124155906250001 0.677704771875 0.5210395218749999 0.6857242375 0.5188207203124999 0.687556953125 0.53154110625 0.692250034375 0.53847650625 0.7013828203125 0.5369927796875 0.7000939546875 0.5466929359375 0.7030770890625 0.5518598734375 0.7283109578125 0.584826934375 0.738221653125 0.5918501078125 0.7384614515625 0.5958452125 0.732818665625 0.60286193125 0.7342735453125 0.603187178125 0.7470937546875 0.587213240625 0.7654184234375 0.571309625 0.77883103125 0.565340471875 0.78845664375 0.5651069859375 0.797584990625 0.5709281125000001 0.80086054375 0.5775890421875001 0.804111553125 0.570529790625 0.8113236968749999 0.5101562734375 0.7950094625 0.46230515937499994 0.7764379156250001 0.4362614296875 0.7508826578125001 0.4195525375 0.655891109375 0.4930503296875 0.6562690453125 0.49345778124999995 0.6602641484375 0.4932179828125 0.6664138000000001 0.486567315625 0.6714130359375 0.487470096875 0.6749342796875 0.4971488328125 0.6747373171875 0.5027739515625 0.670057815625 0.5071979765625 0.6699700421875 0.5124155906250001
1 0.584948703125 0.6381298078125 0.5998540875 0.6345747828125 0.607052121875 0.624260721875 0.609123875 0.6243389546875 0.5984280203125001 0.61641259375 0.55803400625 0.568765284375 0.53796448125 0.6325767046874999 0.584948703125 0.6381298078125
1 0.728636428125 0.6080624828125 0.732818665625 0.60286193125 0.5998540875 0.6345747828125 0.597985215625 0.637252690625 0.7121790375 0.6295695546875 0.7282591093749999 0.6087619859375 0.728636428125 0.6080624828125
1 0.5732899828125 0.8112204343749999 0.5741119921875 0.8147867859375 0.8150419093749999 0.62264878125 0.7121790375 0.6295695546875 0.57408111875 0.8082678765625 0.5732899828125 0.8112204343749999
1 0.7583772546875001 0.8782986796875001 0.825609578125 0.631403171875 0.8234390953125 0.6254372375 0.8170429296874999 0.623184953125 0.8150419093749999 0.62264878125 0.8150227687499999 0.6234157984375 0.8066325624999999 0.644231475 0.79016450625 0.663570428125 0.7946447109375 0.7039820546875 0.7905250234375 0.7245099749999999 0.78357995625 0.78478290625 0.7747900515625 0.8072812 0.7607854484375001 0.8320642265625 0.64997990625 0.8164890281250001 0.6524285703125 0.8226502765625 0.6535452359375 0.8367237421875 0.6511529703125001 0.84896833125 0.650650140625 0.85016281875 0.7583772546875001 0.8782986796875001
1 0.6135505296875 0.62914336875 0.6115583578125 0.6306916265625 0.5897396078125 0.752948075 0.79016450625 0.663570428125 0.6122753046875 0.6266743796875 0.6135505296875 0.62914336875
1 0.6224868 0.7768592812499999 0.6330949125 0.7837006953125 0.6431396375 0.7992777640625001 0.64997990625 0.8164890281250001 0.7607854484375001 0.8320642265625 0.7747900515625 0.8072812 0.78357995625 0.78478290625 0.7905250234375 0.7245099749999999 0.7946447109375 0.7039820546875 0.79016450625 0.663570428125 0.7516383624999999 0.70881288125 0.7381228015625 0.7130668515624999 0.7142885625 0.7117432765625 0.701437009375 0.7204722390625 0.6962756828125001 0.7459205640625 0.6483063890625 0.76284991875 0.644832934375 0.7619192109374999 0.6453574203125 0.7537867765625 0.6435588437499999 0.75123660625 0.631703575 0.7646059359375 0.619262965625 0.7724409921875 0.619220721875 0.7776399578125 0.6224868 0.7768592812499999
1 0.574183575 0.7474703015624999 0.5646417765625 0.8034009281250001 0.5748682453125 0.8053302765625 0.5751783890625 0.8041728078125001 0.5837296203125 0.7971331546875 0.6054917296875 0.7831753046875 0.5941769140625001 0.7657192046875 0.5897396078125 0.752948075 0.5911181625 0.7320892109375 0.574942303125 0.7444144828125 0.574183575 0.7474703015624999
5 0.6857242375 0.5188207203124999 0.677704771875 0.5210395218749999 0.6699700421875 0.5124155906250001 0.670057815625 0.5071979765625 0.6747373171875 0.5027739515625 0.6749342796875 0.4971488328125 0.6714130359375 0.487470096875 0.6664138000000001 0.486567315625 0.6602641484375 0.4932179828125 0.6562690453125 0.49345778124999995 0.644408603125 0.480671040625 0.6426558203125 0.46928235625000003 0.6367402281250001 0.462019384375 0.637235503125 0.45691096093750005 0.6436620515625 0.44596687656249995 0.646311875 0.43444758281249996 0.6449294984375 0.4314566109375 0.6314897171875 0.421304015625 0.6151603140625 0.418675609375 0.6038515624999999 0.42176009375 0.5913124609375 0.4310663234375 0.5766486640624999 0.4554350625 0.6502396578125 0.5163143734375 0.6558781687499999 0.5245496109375 0.6561482937500001 0.5319067609375 0.6404881953125 0.5652552328125 0.630431765625 0.5776905265625001 0.61965745625 0.5781657609375 0.542190571875 0.5126985640624999 0.535409703125 0.5239672171875001 0.5303947890625 0.5361630671875 0.5984280203125001 0.61641259375 0.6122753046875 0.6266743796875 0.6135505296875 0.62914336875 0.6227632062499999 0.62198354375 0.6426603562500001 0.620282946875 0.6651002515625 0.6229865109375 0.7112313625 0.63613546875 0.7192262296874999 0.6219360843749999 0.7251019890625 0.61461490625 0.728636428125 0.6080624828125 0.7384614515625 0.5958452125 0.738221653125 0.5918501078125 0.7283109578125 0.584826934375 0.7030770890625 0.5518598734375 0.7000939546875 0.5466929359375 0.7013828203125 0.5369927796875 0.692250034375 0.53847650625 0.687556953125 0.53154110625 0.6857242375 0.5188207203124999
1 0.574942303125 0.7444144828125 0.5486374703125 0.764457575 0.540305234375 0.7491769640625 0.537875665625 0.7118673109375 0.56456470625 0.7003786265625 0.5808300890625 0.6767769328125001 0.59433920625 0.6662924109375 0.600189890625 0.6427284640625001 0.584948703125 0.6381298078125 0.5230738234375 0.6308167671875 0.5190336828125 0.6343673562500001 0.513301984375 0.6596008203125 0.510479859375 0.6624481890625 0.5075037921875001 0.6601063734375 0.5107304921875 0.6403792203124999 0.5086300687499999 0.6290057499999999 0.333880109375 0.6202763640625 0.33015709531250004 0.6264858953125 0.3165563140625 0.696457059375 0.28954994375 0.8606469875 0.2910506 0.8646526421875 0.4618176734375 0.9093799546874999 0.465506203125 0.9052203562500001 0.4751148578125 0.8789665484375 0.47316590156249994 0.9016100375 0.47527556562499995 0.90526408125 0.5462165859375 0.91140283125 0.574183575 0.7474703015624999 0.574942303125 0.7444144828125
6 0.7192262296874999 0.6219360843749999 0.7112313625 0.63613546875 0.713521775 0.6367883156249999 0.7174568703124999 0.6390836671875 0.7168843921875 0.6443077015625 0.701437009375 0.7204722390625 0.7142885625 0.7117432765625 0.7381228015625 0.7130668515624999 0.7516383624999999 0.70881288125 0.8066325624999999 0.644231475 0.8150227687499999 0.6234157984375 0.8154271796874999 0.6072107234375 0.797584990625 0.5709281125000001 0.78845664375 0.5651069859375 0.77883103125 0.565340471875 0.7654184234375 0.571309625 0.7470937546875 0.587213240625 0.7192262296874999 0.6219360843749999
5 0.713521775 0.6367883156249999 0.6651002515625 0.6229865109375 0.6426603562500001 0.620282946875 0.6227632062499999 0.62198354375 0.6097021234375 0.6321342375000001 0.6033677234375 0.6592853171875 0.6498633734375 0.623199709375 0.6569752484375 0.624483996875 0.6556077171875 0.6365442296875 0.6372092890625 0.6657877062499999 0.6722224015625 0.6441027859374999 0.680205334375 0.6282231484375 0.6914889015625 0.6324892375 0.69150821875 0.6486490734375 0.6680893390625 0.67344065625 0.5911181625 0.7320892109375 0.5897396078125 0.752948075 0.5941769140625001 0.7657192046875 0.6054917296875 0.7831753046875 0.611093134375 0.779582659375 0.619220721875 0.7776399578125 0.619262965625 0.7724409921875 0.631703575 0.7646059359375 0.6435588437499999 0.75123660625 0.6453574203125 0.7537867765625 0.644832934375 0.7619192109374999 0.6483063890625 0.76284991875 0.6962756828125001 0.7459205640625 0.7168843921875 0.6443077015625 0.7174568703124999 0.6390836671875 0.713521775 0.6367883156249999
0 0.5486374703125 0.764457575 0.6680893390625 0.67344065625 0.69150821875 0.6486490734375 0.6914889015625 0.6324892375 0.680205334375 0.6282231484375 0.6722224015625 0.6441027859374999 0.6372092890625 0.6657877062499999 0.6556077171875 0.6365442296875 0.6569752484375 0.624483996875 0.6498633734375 0.623199709375 0.5808300890625 0.6767769328125001 0.56456470625 0.7003786265625 0.537875665625 0.7118673109375 0.540305234375 0.7491769640625 0.5486374703125 0.764457575
3 0.6431396375 0.7992777640625001 0.6330949125 0.7837006953125 0.6224868 0.7768592812499999 0.611093134375 0.779582659375 0.5837296203125 0.7971331546875 0.5751783890625 0.8041728078125001 0.5732899828125 0.8112204343749999 0.5767829625 0.8263749625000001 0.5863833546875 0.8436102984374999 0.5892396046874999 0.859482875 0.60428675 0.8995055453124999 0.6105190609375 0.9127280890625 0.6151606078125 0.91530478125 0.6269550265625 0.9011361828125001 0.6377061234375 0.880911728125 0.6511529703125001 0.84896833125 0.6535452359375 0.8367237421875 0.6524285703125 0.8226502765625 0.6431396375 0.7992777640625001
3 0.5323831984375 0.43542254375 0.4914449890625 0.4104440109375 0.4808657296875 0.42273921249999996 0.4786242625 0.43110448281249997 0.4805004125 0.43665049843750003 0.528765596875 0.48656733281250003 0.535784909375 0.5063798921875 0.5419837890625 0.5125238109375 0.61965745625 0.5781657609375 0.630431765625 0.5776905265625001 0.6404881953125 0.5652552328125 0.6561482937500001 0.5319067609375 0.6558781687499999 0.5245496109375 0.6502396578125 0.5163143734375 0.5740969421875 0.453324109375 0.5425870828125 0.445441434375 0.5323831984375 0.43542254375