5 0.7225838234374999 0.5612088828124999 0.6744773734375 0.5612088828124999 0.703152503125 0.5664879859374999 0.67943334375 0.682448321875 0.6809326 0.6828081421875 0.6835779625 0.6808241203125001 0.6994501421875 0.6355222734375 0.709700925 0.5951804843749999 0.71466098125 0.585260371875 0.7225838234374999 0.5612088828124999
3 0.6025390625 0.79331925625 0.649813271875 0.7701780328125001 0.6905296859375001 0.7475578031250001 0.689213003125 0.73731694375 0.7013659125 0.721788228125 0.7076798984375 0.7213565015625 0.70865809375 0.71893675625 0.7479981703125 0.6981096578125 0.7546099484375001 0.69182846875 0.7522958265625 0.6726543140625 0.7496511140625 0.671662546875 0.7198981156250001 0.685216690625 0.69675689375 0.6914978796875 0.683863928125 0.6868696359375 0.67427685 0.688191990625 0.6438626734375 0.700093190625 0.607269703125 0.7232199484375 0.6081268140625 0.7297911359375 0.6072372046875001 0.741652609375 0.604864909375 0.7526244734375 0.6025390625 0.7563816078125 0.6025390625 0.79331925625
3 0.3668670890625 0.42653971718749994 0.3668670890625 0.43334431562500003 0.37060961875 0.4404891453125 0.3879613484375 0.440148915625 0.39714755625 0.4435512140625 0.414499284375 0.4435512140625 0.431510784375 0.4513765046875 0.500917696875 0.4479742046875 0.506021146875 0.4438914453125 0.5087429875 0.4360661546875 0.5087429875 0.41395120625 0.504660228125 0.40306384843750004 0.5002372390625001 0.40102246875 0.4900303390625 0.40102246875 0.427768253125 0.40442476875000005 0.4158602046875 0.4129305171875 0.369929159375 0.42075580625000003 0.3668670890625 0.42653971718749994
1 0.6492780359375 0.8062534671874999 0.6461417015625 0.8253565953124999 0.6461417015625 0.8299185375 0.6475673078125 0.832484628125 0.729032996875 0.8554766859375 0.72803550625 0.8537990890625 0.72329030625 0.8398132390624999 0.72204156875 0.82457865 0.720543084375 0.8188344593749999 0.7192943484375001 0.8185847125000001 0.716796875 0.801102396875 0.7173012796875 0.7834482140625 0.710293996875 0.78201815625 0.6891950203125 0.78201815625 0.66952165 0.7711835453125 0.6663853140625 0.7711835453125 0.662963859375 0.7811627921875 0.6558358265625001 0.79256764375 0.6549804625 0.8019766468749999 0.650418521875 0.803972496875 0.6492780359375 0.8062534671874999
5 0.60889074375 0.3154296875 0.60802438125 0.313933240625 0.5956724046875 0.2973635171875 0.53021480625 0.373731871875 0.684940721875 0.35912369375000003 0.661330065625 0.32997063125000003 0.6320504328125 0.3154296875 0.60889074375 0.3154296875
5 0.7144270046875 0.35633979843749997 0.684940721875 0.35912369375000003 0.7107184921874999 0.390952584375 0.7144270046875 0.35633979843749997
5 0.661330065625 0.32997063125000003 0.7144270046875 0.35633979843749997 0.7146859515624999 0.32034620468749997 0.6981930000000001 0.321316378125 0.6552672421875 0.31863351875 0.6512283078125 0.3174975671875 0.661330065625 0.32997063125000003
5 0.52812316875 0.3403382421875 0.5304091046875 0.37081739687500004 0.53021480625 0.373731871875 0.53304085 0.3704143421875 0.5366114953125 0.363273053125 0.5398575359375 0.34866587187500003 0.545375803125 0.33730473125 0.5755701484375 0.2949703921875 0.5342189984375 0.2900476359375 0.5307900953125 0.2927145625 0.5307900953125 0.3231937171875 0.52812316875 0.3403382421875
1 0.43324362812499995 0.55248783125 0.43240770937499995 0.5566674265625 0.4354727453125 0.5664198140625001 0.43324362812499995 0.571435328125 0.43324362812499995 0.5775654 0.44020961875 0.60124976875 0.44020961875 0.6146244734375 0.443831934375 0.6160176703125 0.45469888125 0.613788553125 0.47002406093750004 0.6143458328125 0.499838503125 0.6213118234375 0.507919053125 0.6207545453125001 0.5093122515624999 0.6179681484375 0.5093122515624999 0.6062652828124999 0.507083134375 0.5502587140624999 0.50513265625 0.5483082375 0.4956589078125 0.5483082375 0.43324362812499995 0.55248783125
5 0.7732112171875001 0.49016333437500004 0.74824926875 0.442543615625 0.7313519484375 0.416429575 0.6512283078125 0.3174975671875 0.64387584375 0.3154296875 0.60889074375 0.3154296875 0.6187363140625 0.3324356703125 0.618411709375 0.3418491875 0.5775116031249999 0.385995334375 0.5538155078125 0.39670726875 0.5469988234375001 0.4064453890625 0.5439864546875001 0.40678009687500005 0.544713371875 0.5212697640624999 0.5681392015625 0.5612088828124999 0.572989490625 0.5612088828124999 0.5776701671875 0.5390767953125 0.630360565625 0.5530869593750001 0.6744773734375 0.5612088828124999 0.7294317984375 0.5612088828124999 0.74440896875 0.5354788734375 0.7732112171875001 0.49976408437500003 0.77513136875 0.4951557234375 0.7732112171875001 0.49016333437500004
3 0.5227242046875 0.7084404828124999 0.4809125109375 0.7045855046875 0.47765060625 0.70903355625 0.47676099531249994 0.7185227359375 0.4794298265625 0.7238604 0.5147177093749999 0.7342391890625 0.5339926046875 0.7481764203125 0.5932999718749999 0.7603344296875 0.6010099296875 0.7588517453125 0.604864909375 0.7526244734375 0.6072372046875001 0.741652609375 0.6081268140625 0.7297911359375 0.6072372046875001 0.7229707875 0.604864909375 0.7185227359375 0.5354752890625 0.7031028203125 0.5227242046875 0.7084404828124999
0 0.740862865625 0.7190875812499999 0.7013659125 0.721788228125 0.689213003125 0.73731694375 0.69225123125 0.7609475984375 0.7023786546874999 0.77816421875 0.7104805937500001 0.781540028125 0.717455440625 0.778052603125 0.7175461171874999 0.774878925 0.723040559375 0.7606433265625 0.7355279265625 0.7496544421875 0.7420213578125 0.7476564640625 0.747765546875 0.7429112640625 0.75044229375 0.742108240625 0.749639965625 0.7336035546875 0.740862865625 0.7190875812499999
1 0.5530000953124999 0.6557266375 0.6066042 0.6691276640625 0.6193960890625 0.6669956828125 0.627619446875 0.6685185265625 0.667822525 0.684660671875 0.6784824328125 0.687097221875 0.703152503125 0.5664879859374999 0.630360565625 0.5530869593750001 0.5776701671875 0.5390767953125 0.5530000953124999 0.6557266375
6 0.288444725 0.45060277187500003 0.282439334375 0.4382583578125 0.27643394374999997 0.43158570156250003 0.266424959375 0.427248475 0.258417771875 0.42791574062500004 0.24707425624999999 0.4335874984375 0.2407352328125 0.44359648281249997 0.23873343593750002 0.45527363125000003 0.2404016 0.46795167812500005 0.24674062343749997 0.4816306234375 0.258417771875 0.4909723421875 0.261086834375 0.5106566781249999 0.26442316250000003 0.5179965984375 0.2674258578125 0.520332028125 0.2747657796875 0.5199983953125 0.27743484218750003 0.5153275359375 0.278435740625 0.50865488125 0.27643394374999997 0.4903050765625 0.285108396875 0.4809633578125 0.28911199062500004 0.46961984218749997 0.28977925625 0.46061175624999995 0.288444725 0.45060277187500003
3 0.60802438125 0.313933240625 0.594715615625 0.29608002031249997 0.5859513062499999 0.289263334375 0.5817314546875 0.28893873124999997 0.5768623953125 0.29315858437500003 0.545375803125 0.33730473125 0.5398575359375 0.34866587187500003 0.5366114953125 0.363273053125 0.53304085 0.3704143421875 0.5255749578125 0.37917865 0.525250353125 0.3863199390625 0.527197978125 0.3941104359375 0.535313078125 0.40482236875 0.5411559515625 0.4070945984375 0.5469988234375001 0.4064453890625 0.5538155078125 0.39670726875 0.5775116031249999 0.385995334375 0.618411709375 0.3418491875 0.6187363140625 0.3324356703125 0.60802438125 0.313933240625
2 0.845167015625 0.7381660640625001 0.8331791421875 0.7349193484375001 0.8199425328125001 0.7331711171874999 0.801710975 0.7331711171874999 0.7605026625 0.737416821875 0.7552579671874999 0.7406635374999999 0.747765546875 0.7429112640625 0.7420213578125 0.7476564640625 0.7355279265625 0.7496544421875 0.723040559375 0.7606433265625 0.7175461171874999 0.774878925 0.716796875 0.801102396875 0.7192943484375001 0.8185847125000001 0.720543084375 0.8188344593749999 0.72204156875 0.82457865 0.72329030625 0.8398132390624999 0.72803550625 0.8537990890625 0.7335299484375 0.8630397421874999 0.7357776734375 0.8662864578124999 0.753010240625 0.8790235734375 0.768744325 0.8857667515625 0.7857271453125 0.89001245625 0.8079546593750001 0.8905119515625 0.8161963218749999 0.8895129624999999 0.836495728125 0.8800530453125001 0.8492124343749999 0.8677337359375 0.8537524140625001 0.8605994812500001 0.868842003125 0.8483993890624999 0.8746372046875001 0.826077134375 0.8746372046875001 0.8143390078125 0.8766351828125 0.8016018921875 0.8753864468750001 0.769883978125 0.872888971875 0.761642315625 0.8626493312499999 0.7501539375 0.8561559000000001 0.7446594953125001 0.845167015625 0.7381660640625001
6 0.346925534375 0.358454525 0.3401070890625 0.358454525 0.32272005625 0.3628865140625 0.31044685781250003 0.370386803125 0.3005601140625 0.3976605796875 0.30260564687499997 0.40891101250000006 0.3237428234375 0.4242525125 0.337720634375 0.423229746875 0.3452209234375 0.41743406875 0.3520393671875 0.401410725 0.35033475625 0.3635683578125 0.346925534375 0.358454525
6 0.483937909375 0.24103623125 0.4869105203125 0.24238741875 0.4936664546875 0.23887433281249998 0.50663785 0.2456302671875 0.5187985328125 0.2483326421875 0.5277163687499999 0.2483326421875 0.5298782671875 0.24508979218750002 0.5342020656249999 0.24590050468750002 0.540417525 0.24292789374999998 0.5458222734375 0.24238741875 0.5560912953125 0.23617195937500002 0.5720353015625 0.23211839687500002 0.583115034375 0.2229303265625 0.5909519203125 0.21212082968749998 0.59338405625 0.2040137078125 0.5866281203125 0.185097090625 0.5828447984375 0.168072134375 0.5787912359375 0.1621269109375 0.5647388921875 0.15942453750000002 0.5417687124999999 0.17212569375 0.52501399375 0.17401735625 0.5123128359375 0.18293519062500002 0.4971795421875 0.201851809375 0.4893426578125 0.21995771562500002 0.483937909375 0.2207684265625 0.48015458437499997 0.2234708 0.4804248234375 0.2294160234375 0.483937909375 0.24103623125
6 0.7510836656250001 0.3155673921875 0.7694804203125 0.3086686109375 0.7871106421875 0.2983204359375 0.79324289375 0.291421653125 0.7997584109375 0.2929547171875 0.8078069890625 0.28873879375 0.8143225062500001 0.29180491875 0.8185384296875 0.2841396046875 0.8189216953124999 0.27072530625 0.8166221 0.268042446875 0.8154723031250001 0.2611436640625 0.81048985 0.26037713125 0.81048985 0.267275915625 0.8089567875 0.26765918125 0.8085735218749999 0.259993865625 0.7997584109375 0.256544475 0.79324289375 0.25961059999999997 0.7844277828124999 0.25117875624999997 0.764497965625 0.23814772187500002 0.7556828546875 0.23546486249999998 0.6966599375 0.23048240781249998 0.6476019281250001 0.23469832968749998 0.6403198796875 0.23814772187500002 0.631888034375 0.25271181875000004 0.6311215031249999 0.268042446875 0.628821909375 0.27225836875 0.629205175 0.287588996875 0.633421096875 0.30636901562499996 0.643002740625 0.3151841265625 0.6552672421875 0.31863351875 0.6981930000000001 0.321316378125 0.730770584375 0.31940005 0.7510836656250001 0.3155673921875
3 0.875479459375 0.8408181421875 0.8689937750000001 0.8482766796875 0.8537524140625001 0.8605994812500001 0.8492124343749999 0.8677337359375 0.8284582421875 0.8878393593749999 0.8028397859374999 0.9186463640625 0.7947326796875 0.940049125 0.7953812484375 0.9624247390624999 0.8660752171875 0.9624247390624999 0.8926665249999999 0.9397248406250001 0.9173121296875 0.9115121109375 0.9335263421875 0.8758408421875 0.94455200625 0.8554109328124999 0.9526591140624999 0.844060984375 0.9526591140624999 0.80676829375 0.94779485 0.8022283140625 0.9439034390625001 0.8022283140625 0.9234735296875 0.8181182437500001 0.875479459375 0.8408181421875