5 0.71741819375 0.6374218015625 0.7195494484375 0.6348935531250001 0.7248241265625001 0.5871823265625 0.7257372546874999 0.5455685703125 0.7283386453125 0.534786940625 0.7306480171875 0.5095696375000001 0.6837745328125 0.520391234375 0.7129022609375 0.5190845328125 0.715876421875 0.6374084640625 0.71741819375 0.6374218015625
3 0.7460964125 0.6708063359375 0.7521514546875 0.6689653359375 0.7525602546875 0.6663875625 0.7862069703125 0.6372446703125 0.791236328125 0.629637140625 0.7846682703125001 0.6114749828125 0.78186824375 0.611103565625 0.75592683125 0.6310032859375 0.7347916765625 0.64232913125 0.7211880296875 0.6407197953125 0.7121441328125 0.64416488125 0.68518665625 0.6626027546875 0.65473395 0.693368403125 0.6570472890625 0.6995783624999999 0.65884873125 0.711335946875 0.6590053703125001 0.7225602531249999 0.65758430625 0.72674429375 0.66589346875 0.7627352328125 0.7067504 0.729552734375 0.7413348109375 0.698353059375 0.7377481828125 0.6886708609375 0.7460964125 0.6708063359375
3 0.38708544375 0.4681347578125 0.4039924484375 0.46423146875 0.4223282515625 0.46802944375 0.48919091875 0.4491011859375 0.493245146875 0.443975040625 0.49413691875000004 0.43573803125 0.48916213906249995 0.41418988749999996 0.482734896875 0.4044999921875 0.47796605937500003 0.40350588906249996 0.46802076093749995 0.4058019421875 0.40811979843749996 0.4231229640625 0.3984303296875 0.43408943750000006 0.3554368015625 0.45204640312500005 0.353754309375 0.4583708875 0.3552850109375 0.46500108593749995 0.36053885625 0.4711209078125 0.3773693265625 0.46688610781250006 0.38708544375 0.4681347578125
1 0.8031277515624999 0.794844628125 0.8017784484374999 0.7934344140625 0.7940087359375 0.7808744578125 0.7893649671875 0.7663112359375 0.7866127265625 0.7610513531249999 0.785339815625 0.7610889125 0.7789736875 0.7446164765625001 0.7754938359375 0.727301303125 0.76834445625 0.7274841921874999 0.7477862453124999 0.7322304296875 0.7261798453125 0.7260990546875 0.72312389375 0.7268045765625 0.7220349734375 0.737297715625 0.7176551640625 0.7500137203125 0.7189382890625 0.7593739859374999 0.7149422390625 0.762344896875 0.714344090625 0.7648239593749999 0.7155854078125 0.784142996875 0.716611621875 0.7885880171874999 0.7185779343750001 0.790767646875 0.8031277515624999 0.794844628125
5 0.6485104296875 0.32113173437500003 0.6189469 0.2980371046875 0.587146703125 0.290455328125 0.5645805953125 0.29566512500000003 0.563399809375 0.29440192187499997 0.5476370359375 0.28103546874999996 0.5010362546875 0.3701712640625 0.6485104296875 0.32113173437500003
5 0.6485104296875 0.32113173437500003 0.6807874593750001 0.346346115625 0.676614740625 0.31178621875 0.6485104296875 0.32113173437500003
5 0.6104891718750001 0.2883544 0.606298221875 0.288156125 0.6189469 0.2980371046875 0.676614740625 0.31178621875 0.668770253125 0.27665688906249997 0.6529182578125 0.281312303125 0.6104891718750001 0.2883544
5 0.5049162734375 0.3585415609375 0.5047932187499999 0.3435785609375 0.5076143515625 0.33126726562500003 0.5275116640624999 0.283225703125 0.4861129625 0.28773110156250004 0.48337186875000004 0.29110101093749996 0.49022818749999997 0.3207989859375 0.49148629374999997 0.3381040265625 0.5005699578125 0.367287778125 0.5010362546875 0.3701712640625 0.5030435843750001 0.36630304062499996 0.5049162734375 0.3585415609375
1 0.4524030078125 0.5905943203125 0.464518284375 0.6121046531250001 0.4675269390625 0.625136565625 0.471369815625 0.6256792109375 0.48145680156250004 0.62106269375 0.4965145578125 0.618158275 0.527131865625 0.6182389374999999 0.53487995 0.6158782140625 0.5356106390625001 0.6128498312499999 0.5329780671875 0.601446909375 0.5182073453125 0.547377228125 0.5158680953125 0.5459155046874999 0.506637159375 0.548046634375 0.4467617828125 0.5661594875 0.4468874921875 0.5704200015625001 0.45206778124999997 0.579232953125 0.45102404218750003 0.5846213609375 0.4524030078125 0.5905943203125
5 0.598669028125 0.287795190625 0.5645805953125 0.29566512500000003 0.5779993375 0.3100204734375 0.5798006328125 0.31926574375 0.549879515625 0.37148095 0.5292004109375 0.3872488 0.5247490375 0.398270753125 0.52188916875 0.3992745171875 0.5483520265624999 0.5106663015625 0.5801618015625001 0.5443121171875 0.5848877781249999 0.543221040625 0.5844698515625 0.5206032734375 0.6389614 0.522401596875 0.6837745328125 0.520391234375 0.7373204796875 0.5080291781249999 0.7461257921875 0.47958949687499997 0.7661557625000001 0.4383109796875 0.76699004375 0.433388790625 0.7639960625 0.42895629687500003 0.72896178125 0.388172284375 0.7066231578125 0.366528615625 0.606298221875 0.288156125 0.598669028125 0.287795190625
3 0.530314671875 0.7227501546874999 0.5670328484375 0.7249248890625 0.5889489234374999 0.734169003125 0.6494712046875 0.7326741484375 0.656650025 0.7294951015625 0.6590053703125001 0.7225602531249999 0.65884873125 0.711335946875 0.6570472890625 0.6995783624999999 0.6546462359375 0.6931329390625 0.6513341484375 0.6893325406249999 0.580254253125 0.6899171046875 0.569030690625 0.6979863328125 0.527423446875 0.7036357421874999 0.5252457390624999 0.708703559375 0.5265135296875 0.7181496515625 0.530314671875 0.7227501546874999
0 0.7597650375 0.725509596875 0.768418715625 0.72697634375 0.7744302984375 0.7220093015625 0.773804728125 0.7188965671875 0.7759560359375001 0.7037898453125 0.785651390625 0.690273559375 0.7915289484375 0.6868660859375 0.7960584765625 0.68095034375 0.798485978125 0.6795657640625 0.795791075 0.6714595375 0.7839735484375 0.659290025 0.7460964125 0.6708063359375 0.7377481828125 0.6886708609375 0.7460242828125 0.7110124109375 0.7597650375 0.725509596875
1 0.7050608578124999 0.6421759765624999 0.71599565625 0.6421521203125 0.7129022609375 0.5190845328125 0.6389614 0.522401596875 0.5844698515625 0.5206032734375 0.5866725781250001 0.639812946875 0.6419173875 0.64081220625 0.6539018296875 0.6358573187500001 0.6622569890625 0.6354912781250001 0.7050608578124999 0.6421759765624999
6 0.24839407812499997 0.4841074328125 0.23861716406250003 0.492185559375 0.234692140625 0.503363984375 0.23536843749999997 0.5151921546875 0.2398457859375 0.5271700078125 0.249099434375 0.5390723937499999 0.262578728125 0.5455478968749999 0.26960739375 0.5641273171875001 0.27450933593750004 0.5705286046875 0.2779604296875 0.5721287187499999 0.28503717812499996 0.5701525125 0.28658711875 0.5650009593750001 0.2860613421875 0.5582741703125 0.27998304375 0.5408449765625 0.28633374218749996 0.5297913578125 0.2876829875 0.5178379640624999 0.2863067734375 0.5089106515624999 0.2827549140625 0.4994584015625 0.274126553125 0.48878129374999996 0.266774059375 0.483630575 0.256045940625 0.48165604375 0.24839407812499997 0.4841074328125
3 0.5283632218750001 0.2811696390625 0.5076143515625 0.33126726562500003 0.5047932187499999 0.3435785609375 0.5049162734375 0.3585415609375 0.5030435843750001 0.36630304062499996 0.4977405828125 0.3765221796875 0.49903073906250006 0.3835534578125 0.5026809265625001 0.39070616406249997 0.5129976984375 0.3993180515625 0.519201959375 0.40021768281250003 0.5247490375 0.398270753125 0.5292004109375 0.3872488 0.549879515625 0.37148095 0.5798006328125 0.31926574375 0.5779993375 0.3100204734375 0.563399809375 0.29440192187499997 0.546416046875 0.2800000984375 0.5363429453124999 0.2753296640625 0.532158228125 0.27596264062500003 0.5283632218750001 0.2811696390625
2 0.8072331609375001 0.6727314953125 0.8028532390625 0.6770747984375001 0.7960584765625 0.68095034375 0.7915289484375 0.6868660859375 0.785651390625 0.690273559375 0.7759560359375001 0.7037898453125 0.773804728125 0.7188965671875 0.7789736875 0.7446164765625001 0.785339815625 0.7610889125 0.7866127265625 0.7610513531249999 0.7893649671875 0.7663112359375 0.7940087359375 0.7808744578125 0.8017784484374999 0.7934344140625 0.8092107640625 0.8012022484375001 0.8121312312500001 0.8038601234374999 0.8317873562500001 0.812394303125 0.8486350625 0.8154252546875 0.866137690625 0.8157418390625001 0.8879078765624999 0.8112284296875 0.8957135828125 0.8084010749999999 0.9133646984375 0.7946172421875 0.9229842343750001 0.7797530390625 0.925802996875 0.7717803609375 0.937761415625 0.7564985375 0.9383866718749999 0.7334447640625 0.93574616875 0.7220074859375 0.9348277109375 0.7091473734375 0.9264760015625001 0.6785232921875 0.9221885671875001 0.671054671875 0.9096270437499999 0.662164159375 0.902064059375 0.65827124375 0.8898961140624999 0.6544161984375 0.8774851375000001 0.65394938125 0.8641945156249999 0.6552235468750001 0.8464302312499999 0.6593247546875001 0.8072331609375001 0.6727314953125
6 0.282650384375 0.4451477453125 0.28717428749999996 0.4556496859375 0.31122080625000004 0.46584315312499996 0.32461029531249996 0.46170227812500003 0.33061460781249996 0.45436794531249997 0.33365382656250003 0.4372214625 0.323480225 0.40073244687500004 0.31900801875 0.3965165890625 0.3123643296875 0.3980504046875 0.29641990625000003 0.40628003437500004 0.2861484671875 0.41634895937499994 0.282650384375 0.4451477453125
6 0.46170389062500006 0.2505541109375 0.4703931625 0.248548034375 0.47177016875 0.2449019765625 0.47616551874999996 0.24471926718749998 0.48155298437500005 0.2404246703125 0.4866976296875 0.23868224374999997 0.4953052828125 0.230316059375 0.5099287921875 0.22277976875 0.5186576859375001 0.2113347890625 0.52386210625 0.1990394234375 0.5244082 0.190592975 0.51357010625 0.1736809453125 0.5060539687500001 0.1579434 0.5007669140625 0.15306240468750001 0.4864668296875 0.15359038281249998 0.4669425125 0.171133175 0.45104274687499996 0.1767453453125 0.4406731953125 0.18829175625 0.43018308125000004 0.21012779374999999 0.4266199984375 0.2295325609375 0.4215361421875 0.23153829843749998 0.41845768593750005 0.23502247187499997 0.42005838281249996 0.2407545296875 0.42609540625 0.251286640625 0.42929578125 0.2519345046875 0.43508828906249997 0.2469917046875 0.44924698281250003 0.25065655625 0.46170389062500006 0.2505541109375
6 0.7455005671875 0.230830303125 0.752394484375 0.22491189843749998 0.7594327375 0.226433765625 0.7618162875000001 0.2180165375 0.7591721687499999 0.2048598296875 0.756328 0.202763028125 0.753655784375 0.19629970937500002 0.7486285984375 0.19667363124999998 0.7501804875 0.20339559999999998 0.7487729328125 0.20411390625 0.7466751687500001 0.19673126875 0.7373100453125 0.19535325312500001 0.7316512484375 0.1998064671875 0.721165315625 0.1935736984375 0.6988149531250001 0.1853598828125 0.6896222609375 0.18472875312499998 0.6309912890625 0.193151265625 0.5841390093750001 0.20829478437499999 0.57781954375 0.2132938734375 0.572880015625 0.229381446875 0.575581771875 0.2444915828125 0.5742894921875 0.2491167484375 0.578111575 0.2639682375 0.5864440281250001 0.2813185484375 0.5977630640625 0.28775232812499996 0.6104891718750001 0.2883544 0.6529182578125 0.281312303125 0.6842298 0.272116728125 0.7031600984375 0.263812853125 0.71953345625 0.2529525171875 0.734383984375 0.23890362812500002 0.738807178125 0.2308022046875 0.7455005671875 0.230830303125
3 1 0.6952561125 0.984180965625 0.7147040765625 0.9425233453124999 0.7476184953125 0.9378816953125 0.7563448328125 0.925802996875 0.7717803609375 0.9229842343750001 0.7797530390625 0.9072847515625 0.8040120343750001 0.8892529625 0.83979235625 0.8861682140625 0.8624702671875 0.8918335781250001 0.8841265 0.960715665625 0.8682238171875 0.9815190734374999 0.840123971875 0.9991865296875 0.807090278125 1 0.803071828125 1 0.6952561125