6 0.55244796875 0.2757879109375 0.56506951875 0.267893409375 0.5680506578125 0.26756144531250003 0.5646009656250001 0.2627562390625 0.5578487703125 0.2586093984375 0.5569884953125 0.2508839171875 0.54121988125 0.2275059875 0.5288156265625 0.22084332187500003 0.516538221875 0.22081879375 0.5020232265625 0.2274451890625 0.4793030296875 0.2471207828125 0.467557559375 0.2613713875 0.45232298125000003 0.28628116875 0.447127165625 0.3008601140625 0.4464075828125 0.31914349999999997 0.4482795140625 0.328955190625 0.44878410312500006 0.3296345578125 0.46107825 0.2857994203125 0.48341181093749996 0.2802240421875 0.4909437296875 0.2609105 0.529759446875 0.26042780312499997 0.53490431875 0.270400009375 0.55244796875 0.2757879109375
6 0.126349865625 0.452626403125 0.10675686874999998 0.4741037875 0.086900815625 0.5127984390625 0.0785990390625 0.5364706124999999 0.07450728125 0.5702120609375 0.0844175359375 0.5808496921875 0.1033433515625 0.57456940625 0.1082697671875 0.5729346390625001 0.14553525 0.5657324796875 0.187534365625 0.5649298984375 0.197401746875 0.5636852765625 0.155790065625 0.465943315625 0.15035182656249999 0.4578807953125 0.1333489484375 0.4515199734375 0.126349865625 0.452626403125
6 0.29081336874999997 0.582016509375 0.30138788125 0.6044954109375 0.3109079921875 0.6093347265625 0.32226918125 0.6091176203125 0.329653815625 0.5574734140625 0.332887090625 0.5408396640625 0.25918904062500003 0.562758990625 0.2567880796875 0.56398295 0.26543989687499997 0.5716049515625 0.283959659375 0.5737104328125 0.29081336874999997 0.582016509375
1 0.7986839828125001 0.5744440359375 0.8005781546874999 0.579658496875 0.7810615953125 0.594094484375 0.74987615625 0.613362065625 0.7590873499999999 0.613146746875 0.7685907328125 0.6083306234375 0.8091530203125 0.6028883421875 0.8091648484375 0.5881359796875001 0.804259575 0.579091225 0.7986839828125001 0.5744440359375
0 0.6891045921875001 0.355278309375 0.686281409375 0.3599800140625 0.6693886234375 0.3726684765625 0.6463138515625 0.384391828125 0.6387005703125 0.40692728437500003 0.713483134375 0.35397445 0.7121719203125 0.3510592625 0.6935047859375 0.356943425 0.6891045921875001 0.355278309375
0 0.7671040125 0.728904934375 0.74665875 0.730734453125 0.739154234375 0.72570423125 0.7365368765625 0.718498921875 0.7311953609375 0.7161213265625 0.7203320093750001 0.693920065625 0.7088601437500001 0.6863329234375 0.696873484375 0.663020440625 0.688950871875 0.6601411296874999 0.6742541265625001 0.676034703125 0.6548363546875 0.7033138203125 0.6545255234375 0.7134197328125 0.6742265328125 0.719813778125 0.6973125890625 0.7418131234375 0.70796274375 0.7630369109374999 0.715332865625 0.801134996875 0.71498791875 0.8047524640624999 0.7245044593750001 0.8031503703125 0.741663159375 0.789947678125 0.749776209375 0.7882332421875 0.7567110796875001 0.7777785078125 0.7694231578124999 0.74453456875 0.770210996875 0.7312946171875 0.7671040125 0.728904934375
1 0.6341992984375 0.42025113281250004 0.6424764578125 0.42006214062499997 0.666424609375 0.4247171890625 0.6722341468749999 0.4416068875 0.6573909203125 0.6253035625 0.6860911062499999 0.6085486906249999 0.69197383125 0.6147559609375 0.70039224375 0.6391793640625 0.70624755 0.6403175203125 0.7810615953125 0.594094484375 0.8005781546874999 0.579658496875 0.798598965625 0.5742099953124999 0.8029081843749999 0.55985626875 0.7978516515625 0.5441884046875 0.8062003843750001 0.537709178125 0.807636790625 0.532924603125 0.8035150140624999 0.509842759375 0.8324784562499999 0.493698409375 0.8356769390625001 0.490269103125 0.8358255 0.48168954687500004 0.799982975 0.3795233203125 0.7928535359375 0.377124740625 0.767291975 0.39139845625 0.761545225 0.392306915625 0.7451826359375 0.3410203984375 0.74027579375 0.3350028203125 0.6387005703125 0.40692728437500003 0.6341992984375 0.42025113281250004
2 0.5022873546875 0.8081459421874999 0.3117924078125 0.682386603125 0.3262371359375 0.7881238296874999 0.3548339359375 0.778936459375 0.406904853125 0.758901703125 0.3903762125 0.7888377906249999 0.35199942812499996 0.8763064578125 0.34293865156250003 0.8918435234375 0.4896396765625 0.8243066812500001 0.4991804203125 0.8112445140625001 0.5022873546875 0.8081459421874999
6 0.50865119375 0.801799228125 0.5223407546875001 0.81775278125 0.5329628546875 0.8169123062500001 0.541765003125 0.810488703125 0.5527293281250001 0.8108768296875001 0.55713794375 0.8070275578125001 0.5582070140625001 0.7930299078124999 0.5653388484375 0.7676011453125 0.57220763125 0.751971678125 0.5759963265625 0.7471434734375 0.55392289375 0.7446339828124999 0.5171168046875 0.7933563968749999 0.50865119375 0.801799228125
0 0.5428456953125 0.376923821875 0.5264610375000001 0.3551907390625 0.508312553125 0.35578485937500004 0.506312721875 0.3528199890625 0.5041326875000001 0.3348784609375 0.5224462796875 0.3281336921875 0.5330768171875 0.2946492875 0.538675196875 0.284402475 0.55244796875 0.2757879109375 0.53490431875 0.270400009375 0.529759446875 0.26042780312499997 0.4909437296875 0.2609105 0.48341181093749996 0.2802240421875 0.46107825 0.2857994203125 0.4487701390625 0.3296843453125 0.4656199234375 0.3523205578125 0.4396589421875 0.3595519265625 0.3958967125 0.3836703703125 0.39427895625 0.3919930109375 0.3876457921875 0.4097698421875 0.37962659374999996 0.41365854999999996 0.3751863078125 0.41279544531249995 0.374655359375 0.41402857656250003 0.3735568953125 0.4338000078125 0.4241182546875 0.429799334375 0.43201825937500005 0.4157990609375 0.4335304578125 0.38622154218750004 0.44839392812499995 0.377777471875 0.46975456250000003 0.37720737656250003 0.4688919046875 0.40934331874999996 0.46890869375 0.40935176718750005 0.47579638125 0.4244391203125 0.4935386484375 0.41904953125000005 0.5050779859375 0.42031051406250003 0.50879845625 0.42311442968749996 0.6341992984375 0.42025113281250004 0.6463138515625 0.384391828125 0.63051394375 0.3924191171875 0.5902731125 0.3979930359375 0.56107788125 0.391802828125 0.5428456953125 0.376923821875
0 0.8855364703124999 0.43456770312500004 0.8822174531250001 0.42793069531250005 0.8665990140625001 0.42766025 0.8416288640625 0.420962896875 0.83402974375 0.42686036875 0.8324269046874999 0.44221981718750003 0.8266656796875 0.4434045078125 0.8285295609375 0.4598987296875 0.8383628406250001 0.4733329265625 0.8409433484375001 0.5074811015625 0.8450518171875 0.512427915625 0.8537243406250001 0.5081218265625 0.8826417531249999 0.5063682109375 0.8927943703125001 0.49681887968750005 0.8988634781249999 0.48693670625 0.9009219015625 0.45737754375 0.8969736140625001 0.44923548281250003 0.8853273968750001 0.4451280390625 0.8855364703124999 0.43456770312500004
5 0.29221879687499996 0.417332671875 0.28794204218749997 0.4175595203125 0.2444474515625 0.3419115625 0.2410769109375 0.34019823125 0.20642703906249998 0.3932492890625 0.1681941046875 0.44295846250000004 0.1560014109375 0.44852467812499996 0.14941555625 0.43613378750000004 0.144926278125 0.43473207656249996 0.1444307828125 0.437281175 0.1479863734375 0.45437386562500004 0.155790065625 0.465943315625 0.197401746875 0.5636852765625 0.2232800421875 0.5604211125 0.25310613593750003 0.5607392640625 0.2567880796875 0.56398295 0.25918904062500003 0.562758990625 0.332887090625 0.5408396640625 0.3533832125 0.4353962546875 0.3735568953125 0.4338000078125 0.37472880937499997 0.41270651718750007 0.362129428125 0.4102574453125 0.356953015625 0.40652751093750006 0.3557862015625 0.4008532234375 0.35721314843749996 0.3933190109375 0.35054839375 0.3921641109375 0.3141959828125 0.39409231875 0.29221879687499996 0.417332671875
3 0.315710475 0.7196415484375 0.30772730937500004 0.7108157296875001 0.3117924078125 0.682386603125 0.2987620734375 0.6882118703125 0.284743021875 0.7362538203125 0.27905346249999996 0.7420052687500001 0.270155759375 0.8061412453125 0.3548339359375 0.778936459375 0.406904853125 0.758901703125 0.410751325 0.751935109375 0.42655051562499996 0.7301532328125 0.39498547031250003 0.72656465625 0.3326494125 0.7229341453125 0.315710475 0.7196415484375
6 0.29081336874999997 0.582016509375 0.283959659375 0.5737104328125 0.26543989687499997 0.5716049515625 0.25310613593750003 0.5607392640625 0.2232800421875 0.5604211125 0.187534365625 0.5649298984375 0.14553525 0.5657324796875 0.1082697671875 0.5729346390625001 0.0827108015625 0.58141605 0.069645221875 0.594816590625 0.059274125 0.6276699125 0.05923587968750001 0.6560560171875001 0.07126608437500001 0.717174059375 0.0793338265625 0.7371731625 0.09180135 0.7550387046875 0.1177222546875 0.7780099796875 0.16221465156249998 0.7771939125 0.209733171875 0.768497815625 0.2530115375 0.7559887234375 0.273583940625 0.7475342859375 0.284743021875 0.7362538203125 0.30413852812500003 0.6697872765625 0.314854421875 0.660972503125 0.32226918125 0.6091176203125 0.3109079921875 0.6093347265625 0.30138788125 0.6044954109375 0.29081336874999997 0.582016509375
3 0.5050779859375 0.42031051406250003 0.4935386484375 0.41904953125000005 0.47579638125 0.4244391203125 0.46890869375 0.40935176718750005 0.45459588437500004 0.4021504703125 0.44590869062499994 0.40389898124999996 0.43394938749999995 0.4123767390625 0.4241182546875 0.429799334375 0.508524371875 0.4231206890625 0.50879845625 0.42311442968749996 0.5050779859375 0.42031051406250003
3 0.6414057203125 0.8653099328125 0.637707696875 0.85680851875 0.6364047828125 0.8409900765625 0.6393201937499999 0.8259915921875001 0.6449698828125 0.8144430703125 0.6510235062499999 0.8083235984374999 0.6724532109375 0.8056793421874999 0.684275053125 0.8099229234375 0.71498791875 0.8047524640624999 0.715332865625 0.801134996875 0.70796274375 0.7630369109374999 0.6973125890625 0.7418131234375 0.6742265328125 0.719813778125 0.6545255234375 0.7134197328125 0.6540638265625 0.7284307265625001 0.6493759515625 0.746310790625 0.6428865375 0.7547481078125 0.5759963265625 0.7471434734375 0.57220763125 0.751971678125 0.5653388484375 0.7676011453125 0.5582070140625001 0.7930299078124999 0.55643608125 0.81621725 0.55897140625 0.836958165625 0.5648756640625 0.8572594453125 0.58166349375 0.8835069984375 0.5919320609375001 0.8926172031249999 0.622663675 0.9062522671875 0.6455435125 0.9096051656249999 0.6602788875 0.9069969718750001 0.6796132078125 0.89762128125 0.69594415 0.8783586109374999 0.697604121875 0.87428383125 0.6779513546875 0.869981625 0.6676662375 0.8728465203125 0.6471475984375 0.8708037484375 0.6414057203125 0.8653099328125
6 0.6849269140625001 0.3112852421875 0.69016603125 0.2896335671875 0.6878348390625 0.2804215421875 0.65917678125 0.263515953125 0.624051809375 0.26132540625 0.56506951875 0.267893409375 0.538675196875 0.284402475 0.5330768171875 0.2946492875 0.5224462796875 0.3281336921875 0.5041326875000001 0.3348784609375 0.506312721875 0.3528199890625 0.508312553125 0.35578485937500004 0.5264610375000001 0.3551907390625 0.5428456953125 0.376923821875 0.56107788125 0.391802828125 0.5902731125 0.3979930359375 0.63051394375 0.3924191171875 0.6693886234375 0.3726684765625 0.686281409375 0.3599800140625 0.692376259375 0.34982970468749996 0.6902380734375 0.3396247421875 0.694154034375 0.3300813546875 0.693008790625 0.3200694 0.6849269140625001 0.3112852421875
3 0.33125404375 0.9118798359375001 0.3139404546875 0.9330323359375001 0.355133234375 0.9410394015625 0.4025824375 0.8974547625 0.4539528640625 0.862804971875 0.47947777187499996 0.8382192749999999 0.4991804203125 0.8112445140625001 0.5171168046875 0.7933563968749999 0.55392289375 0.7446339828124999 0.42655051562499996 0.7301532328125 0.410751325 0.751935109375 0.3903762125 0.7888377906249999 0.35199942812499996 0.8763064578125 0.33125404375 0.9118798359375001
6 0.666424609375 0.4247171890625 0.6424764578125 0.42006214062499997 0.508524371875 0.4231206890625 0.3533832125 0.4353962546875 0.329653815625 0.5574734140625 0.30772730937500004 0.7108157296875001 0.315710475 0.7196415484375 0.3326494125 0.7229341453125 0.39498547031250003 0.72656465625 0.6428865375 0.7547481078125 0.6493759515625 0.746310790625 0.6540638265625 0.7284307265625001 0.6571403640625 0.6284044 0.6722341468749999 0.4416068875 0.666424609375 0.4247171890625
6 0.39147624531249997 0.26161656875 0.388682625 0.278323903125 0.3813077859375 0.2882393 0.3730345140625 0.30978293749999997 0.3557862015625 0.4008532234375 0.356953015625 0.40652751093750006 0.362129428125 0.4102574453125 0.37962659374999996 0.41365854999999996 0.3876457921875 0.4097698421875 0.39427895625 0.3919930109375 0.40890370468750004 0.31675520156250003 0.40619208125000006 0.2839971796875 0.40792849843749995 0.265722475 0.4054616859375 0.262065278125 0.395048415625 0.25958718593749996 0.39147624531249997 0.26161656875
3 0.6471475984375 0.8708037484375 0.6676662375 0.8728465203125 0.6779513546875 0.869981625 0.7176088625 0.8786630875 0.7309805984375 0.8924497625000001 0.746734275 0.8964847921875 0.8033155921875 0.8831624890625 0.812650134375 0.8776807609375 0.8231690625000001 0.8661059 0.82965188125 0.8527736750000001 0.831656225 0.8424622156250001 0.8308351828125 0.8291695000000001 0.8259132656249999 0.8194573609375 0.8066306093750001 0.80354889375 0.7548516000000001 0.78716071875 0.741663159375 0.789947678125 0.7245044593750001 0.8031503703125 0.684275053125 0.8099229234375 0.6724532109375 0.8056793421874999 0.6510235062499999 0.8083235984374999 0.6449698828125 0.8144430703125 0.6393201937499999 0.8259915921875001 0.6364047828125 0.8409900765625 0.637707696875 0.85680851875 0.6414057203125 0.8653099328125 0.6471475984375 0.8708037484375