3 0.5366506671875 0.5432904921875 0.536363515625 0.5449770015625 0.5401506078125 0.546099796875 0.538363965625 0.5422158671874999 0.527323859375 0.52911693125 0.521894471875 0.527519109375 0.5195176984375001 0.5435687125 0.5257427171875 0.5433473859375 0.5328855296875 0.5374926906249999 0.5366506671875 0.5432904921875
3 0.6813618859374999 0.490383146875 0.6806945046874999 0.4873234234375 0.669201415625 0.4764820140625 0.6303662234375 0.46162853281249994 0.595260471875 0.471563425 0.5674664093749999 0.46685539687500005 0.556855103125 0.46879913437500004 0.5437677828124999 0.48521386250000004 0.54248961875 0.5053384859375 0.5492690312499999 0.5157778656249999 0.5912540515625 0.5271016234375 0.6018071843749999 0.5395429125 0.6119832578125 0.5430156109375 0.6813618859374999 0.490383146875
3 0.427435571875 0.4629201703125 0.46763201875 0.4520069453125 0.4943887734375 0.44798135937500005 0.49993706250000003 0.45029312343749994 0.49963391875 0.4498613140625 0.4822900703125 0.4338369703125 0.4665352234375 0.42880574843749997 0.4534425140625 0.434995746875 0.427435571875 0.4629201703125
3 0.4662391078125 0.5629990796875 0.48174605625 0.55176945 0.500680140625 0.5442384640625 0.5195176984375001 0.5435687125 0.5246350109375 0.5090131109375 0.524072465625 0.49319089062500004 0.5181442546875 0.4762281625 0.502890771875 0.45450050312499995 0.506003915625 0.47203447656249997 0.5065171765625001 0.48769183906249997 0.50751800625 0.518222821875 0.5057621859375 0.526483309375 0.49903062499999995 0.5353049859375 0.45267824375 0.543351421875 0.4662391078125 0.5629990796875
6 0.812161278125 0.5781738171875 0.8200275781249999 0.6001418109375 0.8203562609375 0.6030560421875 0.8276393375 0.6300566578125 0.8301563890624999 0.6339325765625 0.83526938125 0.6514747625 0.83487963125 0.6154190125000001 0.8257736828125 0.579401221875 0.8105037484375 0.55150495 0.8104146968749999 0.551743496875 0.812161278125 0.5781738171875
5 0.2738391296875 0.6191970375 0.2810280140625 0.6391349609375 0.374030403125 0.6100396203125 0.358140734375 0.5797730703124999 0.3581663453125 0.577646665625 0.3569093671875 0.5778155859375 0.3472822296875 0.5783085671875 0.340692 0.5794470656249999 0.3241254578125 0.579734678125 0.313761834375 0.5807059390625 0.3091228546875 0.5816243640625001 0.2975063359375 0.5855034296875 0.293087428125 0.588373103125 0.283087684375 0.5995788828124999 0.27378629375 0.613472396875 0.2738391296875 0.6191970375
5 0.322626790625 0.774941734375 0.3228087296875 0.78005899375 0.32494191875 0.7849561796875 0.3259513125 0.792153790625 0.33113611249999997 0.8065871453125 0.33087790625 0.807801909375 0.327893834375 0.812881034375 0.3268610109375 0.8177400890625 0.32679945 0.8329627640625 0.3244903 0.8527862890625 0.32400329375000003 0.872997121875 0.3231524109375 0.8829734359374999 0.32394173125000003 0.8882197968750001 0.325596640625 0.8923805 0.32694050625000004 0.8920313234374999 0.3302737546875 0.8882960640625001 0.333827075 0.8865120515625 0.33542914687500003 0.8849481125 0.342057509375 0.880643603125 0.34769118125 0.8780321375 0.356787203125 0.8710780281250001 0.366012328125 0.8635165375 0.36865641875 0.861799446875 0.365602746875 0.8564313328125 0.362070771875 0.851712459375 0.35559637187500004 0.84750190625 0.3529185703125 0.84409834375 0.3416649859375 0.8303688140625001 0.3394142703125 0.82762290625 0.3340586625 0.8208157828125 0.3303301703125 0.8143545140624999 0.330167703125 0.8097849781249999 0.332832378125 0.8052494937500001 0.33549704999999996 0.8007140078124999 0.340595828125 0.79272778125 0.3446668 0.786236896875 0.3446813640625 0.7787426984375 0.3283899125 0.7709277046875 0.32662721562499997 0.7613047328125 0.339711690625 0.7135516671875 0.2810280140625 0.6391349609375 0.28612184531249996 0.6510096843750001 0.291139409375 0.6692164328125 0.2934017 0.6735062375 0.2973336015625 0.6908473984375 0.30604829375 0.7155534046875001 0.3088417 0.7263043359375 0.3108076515625 0.7349749171875 0.31900593125 0.7621104515625 0.322626790625 0.774941734375
5 0.374030403125 0.6100396203125 0.3751790796875 0.6122276125 0.36707745625 0.6349863484375 0.360922 0.64347028125 0.348460296875 0.6816227796875001 0.339711690625 0.7135516671875 0.46563827343749997 0.8732390328124999 0.46577890312500003 0.873189428125 0.470579009375 0.8719422203124999 0.47998270156249995 0.8677054078124999 0.4902405671875 0.8647839046874999 0.49186768125 0.865129759375 0.4923285234375 0.8654971843749999 0.4482944875 0.5868064656249999 0.374030403125 0.6100396203125
1 0.49617239062499996 0.592657540625 0.55702313125 0.741901809375 0.558082475 0.7414928 0.5501748656250001 0.57191781875 0.537593221875 0.5764743234374999 0.5393926 0.5703600453125001 0.5326269296875 0.566922959375 0.533520996875 0.5616718671875 0.49617239062499996 0.592657540625
1 0.48174605625 0.55176945 0.46436332968749994 0.56435745625 0.4482944875 0.5868064656249999 0.4622955703125 0.5874558000000001 0.4684167171875 0.5727648984375 0.49617239062499996 0.592657540625 0.5062572328125 0.5593189078125 0.5257427171875 0.5433473859375 0.500680140625 0.5442384640625 0.48174605625 0.55176945
0 0.49617239062499996 0.592657540625 0.4684167171875 0.5727648984375 0.4622955703125 0.5874558000000001 0.4460326890625 0.58670156875 0.46698335156250004 0.6154206859375 0.479805328125 0.6630332734375 0.4890150390625 0.6636217546875 0.5424948859375001 0.6710214828125001 0.546362203125 0.6738273890625 0.5332749203125 0.7097312875 0.533732775 0.7351148359375 0.5399495375 0.73759915 0.5525740484375 0.743619578125 0.56015910625 0.7406910234375 0.5650835843750001 0.7452773546875 0.5655222046875 0.745302290625 0.566837515625 0.744448115625 0.5681528265625 0.74359394375 0.5712786390625 0.7368889750000001 0.5722009156250001 0.7325500093749999 0.57365243125 0.720387278125 0.576833215625 0.7000889859375 0.579254190625 0.688699196875 0.5803137953124999 0.6866422984375 0.5517554828125 0.6406796625 0.5360510421875 0.6068007421875 0.5467205140625 0.5925256531249999 0.547279246875 0.5921017843749999 0.5952637625 0.5556994625 0.5949845921875 0.5556897515625 0.5411440390625 0.5751883765625 0.5393926 0.5703600453125001 0.5326269296875 0.566922959375 0.5366506671875 0.5432904921875 0.5328855296875 0.5374926906249999 0.5062572328125 0.5593189078125 0.49617239062499996 0.592657540625
5 0.61176036875 0.861136215625 0.6082415234375 0.8643563890625 0.605692134375 0.8683495046875 0.6032865265625 0.8704502765625 0.772249215625 0.90636440625 0.7843506421875001 0.89998254375 0.7952380812500001 0.8993120390625 0.8386746484375 0.8775038875 0.8452716562499999 0.8717428453125 0.8483865421875001 0.8318130140625 0.854313046875 0.81516453125 0.8465016015625 0.7030702578125 0.84258356875 0.676569034375 0.8301563890624999 0.6339325765625 0.8276393375 0.6300566578125 0.8279779328125001 0.6313119375 0.840841640625 0.708489496875 0.839433015625 0.7240967703125001 0.8293106031249999 0.753758559375 0.7806334984375 0.8630302046875 0.7788072078125 0.8626420156249999 0.672061790625 0.8170469468749999 0.66477136875 0.8244050656249999 0.6581661484375 0.8255461531250001 0.64973888125 0.8130094906249999 0.6489767703125 0.8140598921875 0.646542665625 0.817510634375 0.642447396875 0.8234426640624999 0.6348332828125 0.8325948656250001 0.6305074453125 0.8396116375 0.6265274609375 0.84500129375 0.623666271875 0.84779438125 0.6209203640625 0.8500450984375 0.6178286046875 0.853922928125 0.6143097578125001 0.8571431015625001 0.61176036875 0.861136215625
3 0.381228609375 0.517222375 0.39083898125 0.5078407546875 0.41643409531250003 0.5230734796875 0.41832002656249995 0.5397948734375 0.421862353125 0.5487008359375001 0.49903062499999995 0.5353049859375 0.5057621859375 0.526483309375 0.50751800625 0.518222821875 0.506003915625 0.47203447656249997 0.5023200453125 0.451286021875 0.4943887734375 0.44798135937500005 0.46763201875 0.4520069453125 0.3840246765625 0.47470611093750004 0.37389863125 0.48172705625 0.3627974375 0.5009516671875 0.3331425609375 0.513534540625 0.3084509265625 0.5179990812499999 0.302861665625 0.5265239562499999 0.3027320109375 0.5372885187499999 0.3055453890625 0.54436179375 0.31048871562499997 0.5464917421875 0.33694866874999996 0.54132385625 0.3640795515625 0.54061543125 0.3649317546875 0.541746715625 0.36893777656250004 0.523858175 0.381228609375 0.517222375
5 0.533732775 0.7351148359375 0.5342448109375 0.763502240625 0.5309277640625 0.7861077859375001 0.4380916484375 0.7678627703124999 0.4354759828125 0.7638350015625 0.4336999078125 0.757965503125 0.350763984375 0.7936360390625 0.344661284375 0.7890747640625 0.3446668 0.786236896875 0.340595828125 0.79272778125 0.33549704999999996 0.8007140078124999 0.332832378125 0.8052494937500001 0.330167703125 0.8097849781249999 0.3303301703125 0.8143545140624999 0.3340586625 0.8208157828125 0.3394142703125 0.82762290625 0.3416649859375 0.8303688140625001 0.3529185703125 0.84409834375 0.35559637187500004 0.84750190625 0.362070771875 0.851712459375 0.365602746875 0.8564313328125 0.3689041546875 0.8622349453125 0.376096521875 0.8790693671875 0.3786590390625 0.8830152984374999 0.3831264203125 0.8913342515625 0.387282 0.8984531765625 0.3889091140625 0.8987990296874999 0.39227862343750003 0.898948365625 0.3990516953125 0.8964198984375 0.41302492500000004 0.8920206203125 0.427113440625 0.8870789703125 0.437486590625 0.8836150984375 0.44983270781250007 0.878869965625 0.4547480984375 0.8770803859375 0.46577890312500003 0.873189428125 0.470579009375 0.8719422203124999 0.47998270156249995 0.8677054078124999 0.4902405671875 0.8647839046874999 0.49186768125 0.865129759375 0.4957455109375 0.8682215187500001 0.5048636625 0.878662771875 0.5137852953125 0.887361628125 0.5279131984375 0.90623711875 0.5333840890625 0.9125018718750001 0.5353230046874999 0.9140477499999999 0.5388077984375 0.9136547171875 0.5405501953125 0.9134582 0.5437231890625001 0.9118651375000001 0.5523539421875 0.9085977828124999 0.5643882578125 0.9026526234375 0.5686459921875 0.90129013125 0.5771955125 0.895738009375 0.5874061968750001 0.8877045984375 0.594674459375 0.880179509375 0.5989662453125 0.875989878125 0.6015156328125 0.8719967640625 0.605692134375 0.8683495046875 0.6082415234375 0.8643563890625 0.61176036875 0.861136215625 0.6143097578125001 0.8571431015625001 0.6178286046875 0.853922928125 0.6209203640625 0.8500450984375 0.623666271875 0.84779438125 0.6265274609375 0.84500129375 0.6305074453125 0.8396116375 0.6348332828125 0.8325948656250001 0.642447396875 0.8234426640624999 0.646542665625 0.817510634375 0.6489767703125 0.8140598921875 0.64973888125 0.8130094906249999 0.627227884375 0.7795214374999999 0.614908484375 0.7686313921875 0.5801942343750001 0.7523449062500001 0.5801412781249999 0.7466072421875001 0.5926752625 0.72954713125 0.5949956046875 0.7236452171875001 0.5947236640625 0.7225986062499999 0.5935786109375 0.7093170828125 0.593117625 0.707249178125 0.5803137953124999 0.6866422984375 0.579254190625 0.688699196875 0.576833215625 0.7000889859375 0.57365243125 0.720387278125 0.5722009156250001 0.7325500093749999 0.5712786390625 0.7368889750000001 0.5681528265625 0.74359394375 0.566837515625 0.744448115625 0.5655222046875 0.745302290625 0.5582408140624999 0.7448883328125 0.5528171046875 0.7437354875 0.5399495375 0.73759915 0.533732775 0.7351148359375
5 0.8175815078124999 0.5215729062500001 0.775723725 0.4700458390625 0.7611368875 0.45485622968749995 0.7500879703125001 0.449962640625 0.7330573328125001 0.45525041093749996 0.690852815625 0.483183078125 0.5467205140625 0.5925256531249999 0.5360510421875 0.6068007421875 0.5517554828125 0.6406796625 0.598215834375 0.715454396875 0.5926752625 0.72954713125 0.5801412781249999 0.7466072421875001 0.5801942343750001 0.7523449062500001 0.614908484375 0.7686313921875 0.627227884375 0.7795214374999999 0.6581661484375 0.8255461531250001 0.66477136875 0.8244050656249999 0.672061790625 0.8170469468749999 0.7788072078125 0.8626420156249999 0.7806334984375 0.8630302046875 0.8293106031249999 0.753758559375 0.839433015625 0.7240967703125001 0.840841640625 0.708489496875 0.8279779328125001 0.6313119375 0.8201491953125 0.6022883875 0.8108206546875 0.586307659375 0.8076179671875 0.5684476843749999 0.807732628125 0.5589280453125001 0.8180756125 0.53122194375 0.8175815078124999 0.5215729062500001
1 0.47350892968749997 0.740843740625 0.4336999078125 0.757965503125 0.4354759828125 0.7638350015625 0.4380916484375 0.7678627703124999 0.5309277640625 0.7861077859375001 0.5342448109375 0.763502240625 0.5332749203125 0.7097312875 0.546362203125 0.6738273890625 0.5424948859375001 0.6710214828125001 0.4890150390625 0.6636217546875 0.479805328125 0.6630332734375 0.48096917031249997 0.6673550421875001 0.491545353125 0.72509286875 0.49032835781250006 0.7308183796875001 0.47350892968749997 0.740843740625
1 0.3446813640625 0.7787426984375 0.344661284375 0.7890747640625 0.350763984375 0.7936360390625 0.47350892968749997 0.740843740625 0.49032835781250006 0.7308183796875001 0.491545353125 0.72509286875 0.48096917031249997 0.6673550421875001 0.46698335156250004 0.6154206859375 0.42612006718749995 0.5594054015625 0.41832002656249995 0.5397948734375 0.41643409531250003 0.5230734796875 0.39083898125 0.5078407546875 0.381228609375 0.517222375 0.36893777656250004 0.523858175 0.35823876875 0.5716336453124999 0.358140734375 0.5797730703124999 0.3751790796875 0.6122276125 0.36707745625 0.6349863484375 0.360922 0.64347028125 0.348460296875 0.6816227796875001 0.32662721562499997 0.7613047328125 0.3283899125 0.7709277046875 0.3446813640625 0.7787426984375