3 0.5402842140625 0.5399314421875 0.5401451453125 0.5416365625 0.5440156843749999 0.5424250171875 0.541897334375 0.538711584375 0.5297575906249999 0.5266247015625 0.52420960625 0.5255061624999999 0.523240690625 0.541701840625 0.5294227312500001 0.5409388109375 0.5360280937499999 0.5344838578125 0.5402842140625 0.5399314421875
3 0.6798335859375 0.4746130125 0.6789020703124999 0.47162309843749994 0.6665078249999999 0.46182463125 0.626525846875 0.45041238281249996 0.5924195671875 0.4633691375 0.5643209375 0.4611014375 0.5539194171874999 0.46396261406250006 0.5423125359375 0.4814555140625 0.5427932140625 0.5016149578125 0.5504566796875 0.511423746875 0.593268865625 0.5190451781250001 0.6048661703125 0.530519359375 0.615306184375 0.5330919390625 0.6798335859375 0.4746130125
3 0.42447998125 0.4693856765625 0.46357231875 0.45501062968749995 0.48987640312499997 0.44866835624999996 0.49560506249999997 0.4504877578125 0.49526543749999996 0.45008401249999996 0.476590975 0.4356322625 0.4604575796875 0.43199331093750004 0.447954184375 0.43930086093750004 0.42447998125 0.4693856765625
3 0.47185830937500006 0.5657018046875 0.486327521875 0.5531633874999999 0.5045331890625 0.5440108453125 0.523240690625 0.541701840625 0.5253268109375 0.5068317312499999 0.523387409375 0.4911187484375 0.5160033578125 0.4747372453125 0.49891422968750004 0.4544216953125 0.5035437125 0.47161761875 0.50541965 0.487170665625 0.509077621875 0.5174982406249999 0.50804843125 0.5258803249999999 0.502111346875 0.5352551265625001 0.4566366421875 0.5473108203125 0.47185830937500006 0.5657018046875
6 0.8177867078125001 0.5506696953125 0.8275377109375001 0.5718685 0.8281191343750001 0.5747429937499999 0.8377277546874999 0.601006103125 0.8405730374999999 0.604647896875 0.8471954765625 0.621677703125 0.84366474375 0.585793125 0.8314542890625001 0.5507060296875 0.8138111406249999 0.5242467734375 0.81374321875 0.5244921734375 0.8177867078125001 0.5506696953125
5 0.285088446875 0.638454675 0.2939876796875 0.6576901765625001 0.384100340625 0.6205998593750001 0.3656332328125 0.591833359375 0.3654734171875 0.5897128140625 0.36423594531250003 0.58999064375 0.3546884078125 0.591320809375 0.3482224828125 0.5930293515625 0.33174405 0.594759740625 0.3215045125 0.5966305546874999 0.31696323125000003 0.5979497984375 0.30572900000000003 0.60282655 0.30157701718749996 0.6060704359375 0.2925919734375 0.618105109375 0.2845368765625 0.6327564234375 0.285088446875 0.638454675
5 0.3472645 0.789354590625 0.347891746875 0.7944365203125 0.3504436359375 0.799129153125 0.3520765015625 0.8062113999999999 0.3584995203125 0.8201379453125 0.3583481703125 0.8213705921875001 0.3558181296875 0.8266904687500001 0.3552127296875 0.8316210484375001 0.356478146875 0.8467911625 0.35590551875 0.866740509375 0.35718185625 0.886916878125 0.357203703125 0.8969293890625 0.3584472703125 0.90208699375 0.3604585125 0.906087628125 0.36176683125000003 0.9056226546874999 0.364761846875 0.9016110968750001 0.3681461578125 0.89952418125 0.369605828125 0.8978265625 0.3758338046875 0.892960734375 0.38121843437499997 0.8898682000000001 0.3896737515625 0.8821477828125 0.3982047453125 0.8738110421874999 0.4006891203125 0.8718700374999999 0.39717920625 0.8667884953125 0.39324939531249997 0.8623954109374999 0.3864326578125 0.8587651609375 0.38346840625 0.8556079375 0.3710610390625 0.8429114656250001 0.368579565625 0.8403721718750001 0.3626510578125 0.8340577234375001 0.3583736171875 0.8279460000000001 0.35781350624999997 0.8234080125000001 0.360072746875 0.8186575453125 0.3623319859375 0.8139070765625 0.3667153171875 0.8055068515625001 0.37020507812500003 0.798685859375 0.36956642500000003 0.7912189093750001 0.35265584687499996 0.7848535484375 0.350061159375 0.7754208234375 0.3589338890625 0.726709084375 0.2939876796875 0.6576901765625001 0.30009707812499997 0.66907575625 0.3066823703125 0.6867759125 0.309309934375 0.6908522234375 0.31473825624999996 0.7077847078125 0.32557305468750003 0.7316371640625 0.3292928375 0.7421037234375001 0.3320069984375 0.7505699671875 0.34253909843749997 0.7768877140625 0.3472645 0.789354590625
5 0.384100340625 0.6205998593750001 0.385435340625 0.6226794124999999 0.3793481015625 0.646057646875 0.3739554921875 0.6550457796875 0.36486641875000003 0.69413920625 0.3589338890625 0.726709084375 0.4982989546875 0.8748135671874999 0.4984347265625 0.8747518937500001 0.503107865625 0.8730910749999999 0.5121065125 0.8680508 0.5220707171875001 0.8642463828125001 0.5237217828125 0.8644491078125001 0.5242128953125 0.8647749703125 0.45605692500000006 0.5909825734374999 0.384100340625 0.6205998593750001
1 0.5042625921874999 0.59263855 0.5778892734375 0.73601140625 0.5789089374999999 0.7355116265625 0.5562519859374999 0.567271121875 0.5441153437499999 0.5729068515625 0.54537498125 0.5666590140625 0.5383354953125 0.5638246734375 0.5387684968750001 0.5585156390625 0.5042625921874999 0.59263855
1 0.486327521875 0.5531633874999999 0.47010805937500005 0.567218496875 0.45605692500000006 0.5909825734374999 0.470061321875 0.5904091625000001 0.4748787796875 0.5752406703124999 0.5042625921874999 0.59263855 0.51140340625 0.558547828125 0.5294227312500001 0.5409388109375 0.5045331890625 0.5440108453125 0.486327521875 0.5531633874999999
0 0.5042625921874999 0.59263855 0.4748787796875 0.5752406703124999 0.470061321875 0.5904091625000001 0.453794590625 0.5910752046875001 0.477168565625 0.617859065625 0.49409146093749995 0.6641729640625 0.503317415625 0.6639565265625 0.557238684375 0.666667021875 0.5613358374999999 0.6691251921875 0.5514275859375 0.7060330968749999 0.5540960203124999 0.7312801484375 0.5605056484375 0.73321318125 0.5736068328124999 0.7381104015625 0.5809077874999999 0.734531909375 0.5862132515625 0.738671590625 0.5866523765625 0.7386582046875 0.5878882359375 0.73769264375 0.589124096875 0.7367270859375 0.5916536375 0.7297751984375 0.5921942375 0.7253723609375 0.592580178125 0.71312940625 0.593979746875 0.69263113125 0.5953988234375001 0.68107368125 0.596275125 0.678932259375 0.563819578125 0.6356335468750001 0.5452221546875 0.6032522765625 0.5546068703125 0.5881016046875 0.5551265359374999 0.5876306515625 0.599755784375 0.5471847249999999 0.5994768296874999 0.54719938125 0.5475405734375001 0.571316321875 0.54537498125 0.5666590140625 0.5383354953125 0.5638246734375 0.5402842140625 0.5399314421875 0.5360280937499999 0.5344838578125 0.51140340625 0.558547828125 0.5042625921874999 0.59263855
5 0.6428101828125 0.8500214250000001 0.6395853828125 0.8535360328125 0.6373937187500001 0.857736146875 0.6351803578124999 0.8600385875000001 0.8066302171874999 0.8810899843750001 0.818129378125 0.873677696875 0.8289169484375 0.8720608421874999 0.8702875203125 0.84654993125 0.8763573171875001 0.84023584375 0.8759802359375 0.8001864781249999 0.8804331765625 0.78308481875 0.8628817968750001 0.6720979093749999 0.8566689406249999 0.6460390109375 0.8405730374999999 0.604647896875 0.8377277546874999 0.601006103125 0.8381744671875 0.6022270953125 0.8577156921875 0.6779898249999999 0.8576726906250001 0.693660478125 0.8501739921875 0.7240916203125 0.8112057703125 0.8371899453125 0.809352596875 0.836962403125 0.69903950625 0.8008443156249999 0.692418128125 0.808809834375 0.6859374953125 0.8105222624999999 0.6764496531249999 0.7987677921875 0.6757819921875 0.7998806171874999 0.6736579015624999 0.803530375 0.6700952265625 0.8097967578124999 0.663307753125 0.8195777468750001 0.659609928125 0.8269448390624999 0.6561148296875 0.8326608656250001 0.6535079609375 0.8356926937500001 0.6509686671875 0.8381741671875 0.648226646875 0.8423067046874999 0.6450018484375 0.8458213125 0.6428101828125 0.8500214250000001
3 0.3831816 0.5275084484375 0.3919377375 0.5173249281250001 0.41876307500000004 0.5302689265625 0.4220991953125 0.5467623203125 0.4264042484375 0.555325659375 0.502111346875 0.5352551265625001 0.50804843125 0.5258803249999999 0.509077621875 0.5174982406249999 0.5035437125 0.47161761875 0.49806551250000003 0.45126918906249996 0.48987640312499997 0.44866835624999996 0.46357231875 0.45501062968749995 0.38226149062500003 0.4849102765625 0.37278589375000004 0.4927870484375 0.3634024765625 0.5129060375 0.3349571171875 0.528025621875 0.31074855156250003 0.534625190625 0.3059235515625 0.5436047640624999 0.306732584375 0.5543396640625 0.31015173281249997 0.5611408203125 0.3152618859375 0.5628318234374999 0.3411707390625 0.5553774671875 0.36813663750000003 0.552307125 0.36908419531250003 0.5533598296875 0.371515884375 0.5351902140625 0.3831816 0.5275084484375
5 0.5540960203124999 0.7312801484375 0.5570802328125 0.759514903125 0.5557460109375 0.7823235265624999 0.46167300625 0.772239140625 0.45871625156249995 0.76845466875 0.45643537343749996 0.7627623 0.3769239390625 0.8055254421875 0.370446921875 0.8015134078124999 0.37020507812500003 0.798685859375 0.3667153171875 0.8055068515625001 0.3623319859375 0.8139070765625 0.360072746875 0.8186575453125 0.35781350624999997 0.8234080125000001 0.3583736171875 0.8279460000000001 0.3626510578125 0.8340577234375001 0.368579565625 0.8403721718750001 0.3710610390625 0.8429114656250001 0.38346840625 0.8556079375 0.3864326578125 0.8587651609375 0.39324939531249997 0.8623954109374999 0.39717920625 0.8667884953125 0.4009738703125 0.8722822875 0.4096060828125 0.88842579375 0.41250276093749993 0.8921333718750001 0.41767818749999996 0.900031309375 0.42243840937500005 0.9067609624999999 0.4240894734375 0.9069636875 0.4274591765625 0.9068187828125 0.4339861046875 0.903709625 0.447522740625 0.898109240625 0.46112695 0.8919585 0.47115873124999996 0.8876037296874999 0.4830443015625 0.88180061875 0.487785015625 0.8795894453124999 0.4984347265625 0.8747518937500001 0.503107865625 0.8730910749999999 0.5121065125 0.8680508 0.5220707171875001 0.8642463828125001 0.5237217828125 0.8644491078125001 0.5278543203125 0.8671911281250001 0.5378477890625 0.8767979499999999 0.547493628125 0.8846861328125 0.563212878125 0.90225846875 0.5692089593749999 0.9080225625 0.571275228125 0.909393571875 0.57471250625 0.9086983125 0.576431146875 0.908350684375 0.5794532203125 0.9064871390624999 0.5877663625 0.9024799984375 0.5992367296875 0.8955086031249999 0.6033595125 0.8937802093749999 0.6113926000000001 0.8875040734375 0.6208642734375001 0.8786113140625 0.627449021875 0.8704813890624999 0.631359325 0.8659336468750001 0.6335509890625 0.8617335328125 0.6373937187500001 0.857736146875 0.6395853828125 0.8535360328125 0.6428101828125 0.8500214250000001 0.6450018484375 0.8458213125 0.648226646875 0.8423067046874999 0.6509686671875 0.8381741671875 0.6535079609375 0.8356926937500001 0.6561148296875 0.8326608656250001 0.659609928125 0.8269448390624999 0.663307753125 0.8195777468750001 0.6700952265625 0.8097967578124999 0.6736579015624999 0.803530375 0.6757819921875 0.7998806171874999 0.6764496531249999 0.7987677921875 0.6511056421875 0.767369134375 0.6378839921874999 0.7575942343750001 0.6018823796875 0.7443952687500001 0.6013295546874999 0.7386840546875 0.6123289546875 0.720596453125 0.6141260828124999 0.7145147671875 0.6137639593750001 0.713495840625 0.6114657015625 0.7003646546875 0.6108262390625 0.6983447968750001 0.596275125 0.678932259375 0.5953988234375001 0.68107368125 0.593979746875 0.69263113125 0.592580178125 0.71312940625 0.5921942375 0.7253723609375 0.5916536375 0.7297751984375 0.589124096875 0.7367270859375 0.5878882359375 0.73769264375 0.5866523765625 0.7386582046875 0.5793626140625 0.7388804375 0.5738590671875 0.7382046859375 0.5605056484375 0.73321318125 0.5540960203124999 0.7312801484375
5 0.8182532171875 0.49381176250000003 0.7720638359375 0.44612891718750003 0.75620864375 0.4322684359375 0.744775265625 0.4283564453125 0.7282702953125 0.4351084125 0.688660871875 0.46661315156249994 0.5546068703125 0.5881016046875 0.5452221546875 0.6032522765625 0.563819578125 0.6356335468750001 0.61662018125 0.7060744531250001 0.6123289546875 0.720596453125 0.6013295546874999 0.7386840546875 0.6018823796875 0.7443952687500001 0.6378839921874999 0.7575942343750001 0.6511056421875 0.767369134375 0.6859374953125 0.8105222624999999 0.692418128125 0.808809834375 0.69903950625 0.8008443156249999 0.809352596875 0.836962403125 0.8112057703125 0.8371899453125 0.8501739921875 0.7240916203125 0.8576726906250001 0.693660478125 0.8577156921875 0.6779898249999999 0.8381744671875 0.6022270953125 0.8278459515625001 0.5739963078125 0.8171600953124999 0.558889428125 0.8124129968749999 0.5413765484375 0.8116975296875 0.531883140625 0.8195864109375 0.5033810187500001 0.8182532171875 0.49381176250000003
1 0.49460065000000003 0.74223610625 0.45643537343749996 0.7627623 0.45871625156249995 0.76845466875 0.46167300625 0.772239140625 0.5557460109375 0.7823235265624999 0.5570802328125 0.759514903125 0.5514275859375 0.7060330968749999 0.5613358374999999 0.6691251921875 0.557238684375 0.666667021875 0.503317415625 0.6639565265625 0.49409146093749995 0.6641729640625 0.495627540625 0.6683768531250001 0.5111956625 0.7249731921875 0.510482309375 0.7307829859375 0.49460065000000003 0.74223610625
1 0.36956642500000003 0.7912189093750001 0.370446921875 0.8015134078124999 0.3769239390625 0.8055254421875 0.49460065000000003 0.74223610625 0.510482309375 0.7307829859375 0.5111956625 0.7249731921875 0.495627540625 0.6683768531250001 0.477168565625 0.617859065625 0.43157872499999994 0.56561840625 0.4220991953125 0.5467623203125 0.41876307500000004 0.5302689265625 0.3919377375 0.5173249281250001 0.3831816 0.5275084484375 0.371515884375 0.5351902140625 0.36502149687499996 0.5837163624999999 0.3656332328125 0.591833359375 0.385435340625 0.6226794124999999 0.3793481015625 0.646057646875 0.3739554921875 0.6550457796875 0.36486641875000003 0.69413920625 0.350061159375 0.7754208234375 0.35265584687499996 0.7848535484375 0.36956642500000003 0.7912189093750001