3 0.34780291874999997 0.8696624734375 0.33069791249999997 0.888580115625 0.3678879546875 0.8969679625 0.38628402500000003 0.881865578125 0.385655459375 0.8817001359375001 0.3755070859375 0.8252368125 0.3690153796875 0.8382993687500001 0.34780291874999997 0.8696624734375
5 0.3931636078125 0.8836763281250001 0.4093522171875 0.8764749093749999 0.42127816406249996 0.875947796875 0.43649158593750004 0.8711217578125 0.426988184375 0.8579904171875 0.41523758437499997 0.8309807109375 0.40704758906249994 0.8020406 0.4063540609375 0.8025636859375 0.39069590625 0.8027227296874999 0.3724986234375 0.7869734609375 0.369228865625 0.7903061734375 0.385655459375 0.8817001359375001 0.3931636078125 0.8836763281250001
5 0.6032018484375 0.712681271875 0.603430353125 0.7121918125 0.5952813 0.70906963125 0.5907449203125 0.7210897859375 0.5772185328125 0.7280149687499999 0.549589634375 0.7361361875 0.5573152968749999 0.743887203125 0.6032018484375 0.712681271875
5 0.7399222171875001 0.8457455749999999 0.7443747765625 0.8599288140624999 0.7412626015625 0.8686831125 0.7482808875 0.886302725 0.7644386875 0.8585175421875 0.7650975 0.8577594546875 0.75052054375 0.840254221875 0.7506752999999999 0.8330835656250001 0.7595854875 0.8181218296875 0.7535604828125 0.8097316546875 0.7450577593750001 0.8142830765625 0.7487974281249999 0.8352490171875001 0.747417809375 0.8396757656249999 0.741235421875 0.8446821640625 0.7399222171875001 0.8457455749999999
1 0.5573152968749999 0.743887203125 0.5734478171874999 0.7600726640625 0.5754130015625 0.762921225 0.5762497359375 0.7615146187499999 0.5955543015625 0.72906236875 0.6032018484375 0.712681271875 0.5573152968749999 0.743887203125
1 0.737467571875 0.7604538546875 0.718439475 0.7553089281250001 0.7471763546875 0.7907960171874999 0.747092153125 0.7967844640624999 0.723455796875 0.8297387484375 0.7296529421875 0.8404606875 0.7308369156250001 0.842509125 0.7412626015625 0.8686831125 0.7443747765625 0.8599288140624999 0.7399222171875001 0.8457455749999999 0.747417809375 0.8396757656249999 0.7487974281249999 0.8352490171875001 0.7450577593750001 0.8142830765625 0.766214821875 0.8029579140624999 0.75322618125 0.7974170593750001 0.7436220078125 0.7862261453125 0.7443353171875 0.7623447078125001 0.74337878125 0.7602339890625001 0.737467571875 0.7604538546875
6 0.6043317765625 0.5345181203125 0.5666758609375 0.553313096875 0.55323965 0.5621970468749999 0.5792703828125 0.5677443 0.6145258890624999 0.56923653125 0.62816244375 0.5729318796875 0.6879250828125001 0.4899006953125 0.7453846265624999 0.4959399359375 0.7767562578125 0.5372748828125 0.780803321875 0.49876963906249994 0.7056434921875 0.4758738765625 0.6543425578125001 0.5113335 0.631409878125 0.5228851062500001 0.6100914375000001 0.5289181843749999 0.6043317765625 0.5345181203125
3 0.28362255468750003 0.785452928125 0.29339663437499997 0.806934415625 0.3054864625 0.8178306078125 0.32208450312500003 0.8201767265625 0.35430673281249997 0.8055156046875 0.3724986234375 0.7869734609375 0.39069590625 0.8027227296874999 0.4063540609375 0.8025636859375 0.40704758906249994 0.8020406 0.40672687500000004 0.800907328125 0.40419185312500006 0.7787567328125 0.4067716203125 0.7634658140624999 0.4162991046875 0.74184765625 0.40762713906250003 0.7436505859375 0.40614916250000005 0.7434489375 0.4050197984375 0.757584684375 0.4011678296875 0.76471465625 0.395584709375 0.7672304249999999 0.28022718593749996 0.7605198703125 0.279986296875 0.7628117703124999 0.28362255468750003 0.785452928125
6 0.5754130015625 0.762921225 0.5734478171874999 0.7600726640625 0.549589634375 0.7361361875 0.5186504515625 0.7452304296875 0.476793665625 0.7463956796875 0.4516200875 0.7370723406249999 0.4333391796875 0.7199997625 0.4316752984375 0.7208560484375 0.4236059265625 0.731182371875 0.421673740625 0.7407302515625 0.4162991046875 0.74184765625 0.4067716203125 0.7634658140624999 0.40419185312500006 0.7787567328125 0.40672687500000004 0.800907328125 0.41523758437499997 0.8309807109375 0.426988184375 0.8579904171875 0.452891484375 0.8937823500000001 0.4887426875 0.9228388171875 0.507224396875 0.932076040625 0.5204396484375 0.9358965921875001 0.5265716296875 0.9362563296875 0.527414453125 0.9312607187499999 0.510720290625 0.8929771093750001 0.511086253125 0.8739332703124999 0.51477355625 0.8596001859375001 0.5356845015625 0.821452571875 0.55648371875 0.7947425984375001 0.5754130015625 0.762921225
5 0.5206146671874999 0.57001448125 0.5407810859375 0.56114319375 0.552253075 0.56846998125 0.5611169625 0.56884515625 0.566873009375 0.5712528734375 0.5675689968750001 0.5703450828125 0.5744115453124999 0.5675386437500001 0.5792703828125 0.5677443 0.5351497171874999 0.558342009375 0.5021706296875 0.560720253125 0.511964503125 0.5713873734375 0.5206146671874999 0.57001448125
5 0.4432849390625 0.592000115625 0.455432340625 0.5908711109375 0.457195640625 0.5718048453125 0.45488349531249994 0.562683975 0.4583850046875 0.5560431671875 0.45852095156250006 0.5553418046874999 0.43096581875 0.551710465625 0.41018768124999994 0.555696059375 0.40939528281250004 0.577650190625 0.42428050781250004 0.579975396875 0.44030229218750006 0.5844072875 0.4436503015625 0.58915586875 0.4432849390625 0.592000115625
5 0.455432340625 0.5908711109375 0.4486474328125 0.6196020203125 0.5206146671874999 0.57001448125 0.455432340625 0.5908711109375
5 0.8187387562499999 0.863594821875 0.8383455312500001 0.842298078125 0.9248433796875 0.7316073203125 0.92618286875 0.72456118125 0.8505964859375 0.6345660296875 0.7453846265624999 0.4959399359375 0.6879250828125001 0.4899006953125 0.62816244375 0.5729318796875 0.7207933890625 0.5980337953125 0.7742816875 0.6162471421875 0.7858200890625 0.6310586953125 0.7862195453124999 0.670386159375 0.7637098015625 0.745583925 0.7596213359374999 0.7557310687500001 0.7551648531249999 0.7597956140625 0.74337878125 0.7602339890625001 0.7443353171875 0.7623447078125001 0.7436220078125 0.7862261453125 0.75322618125 0.7974170593750001 0.7681296265625 0.8037747562499999 0.7506752999999999 0.8330835656250001 0.75052054375 0.840254221875 0.770196734375 0.8638830421874999 0.7786481968750001 0.88034299375 0.7831380875 0.8832105406249999 0.7878770203125 0.8837086234375 0.7910256328124999 0.8822428234374999 0.8187387562499999 0.863594821875
3 0.2672965703125 0.7245045578125 0.253563378125 0.7192140359375 0.24145928906249997 0.703652596875 0.23599080468750003 0.6772472703125 0.24115544843749998 0.6396619796875 0.231705896875 0.648064240625 0.218928321875 0.6768605859375 0.18909593125 0.6781573296875 0.1848977328125 0.6843644609374999 0.1833772296875 0.6988310859375 0.18870891875 0.7113585515625 0.2150118734375 0.714123103125 0.2215678828125 0.736086984375 0.2283068734375 0.7478759140625 0.24448227500000003 0.7584405234375 0.395584709375 0.7672304249999999 0.4011678296875 0.76471465625 0.4050197984375 0.757584684375 0.40614916250000005 0.7434489375 0.2672965703125 0.7245045578125
1 0.4749446640625 0.5274120546875001 0.4672824078125 0.524737696875 0.46246800625000006 0.5349785578125 0.4583850046875 0.5560431671875 0.45488349531249994 0.562683975 0.457195640625 0.5718048453125 0.455432340625 0.5908711109375 0.45790842343750005 0.5906409796875 0.46750532656250005 0.578443621875 0.511964503125 0.5713873734375 0.48927410781249997 0.546673846875 0.4749446640625 0.5274120546875001
6 0.427056334375 0.7141322031249999 0.4516200875 0.7370723406249999 0.476793665625 0.7463956796875 0.5186504515625 0.7452304296875 0.5772185328125 0.7280149687499999 0.5907449203125 0.7210897859375 0.5952813 0.70906963125 0.5488156656250001 0.6912670624999999 0.538195790625 0.682092309375 0.5330541390625 0.6639238015625 0.532657690625 0.643735734375 0.5315820875 0.639593403125 0.5202022640624999 0.6328570765625 0.5200901390625 0.6318773390625 0.5191520875 0.62368081875 0.520698190625 0.6178996359375 0.47545630625 0.6237885265625 0.45472981093750003 0.616229846875 0.452922584375 0.6194636859375 0.4486474328125 0.6196020203125 0.437595296875 0.63629238125 0.428534590625 0.706827409375 0.427056334375 0.7141322031249999
6 0.66351125 0.62716319375 0.666610765625 0.665108365625 0.6822831 0.7027393671875 0.7095355828125001 0.7443135359374999 0.718439475 0.7553089281250001 0.737467571875 0.7604538546875 0.7551648531249999 0.7597956140625 0.7596213359374999 0.7557310687500001 0.7637098015625 0.745583925 0.7862195453124999 0.670386159375 0.7858200890625 0.6310586953125 0.7742816875 0.6162471421875 0.7207933890625 0.5980337953125 0.6145258890624999 0.56923653125 0.5744115453124999 0.5675386437500001 0.5675689968750001 0.5703450828125 0.5500587296874999 0.5931840187499999 0.541962459375 0.591338234375 0.5404555531249999 0.6056754921875 0.533607259375 0.61033594375 0.5295090359375 0.6167527765624999 0.520698190625 0.6178996359375 0.5191520875 0.62368081875 0.5202022640624999 0.6328570765625 0.5315820875 0.639593403125 0.532657690625 0.643735734375 0.5330541390625 0.6639238015625 0.538195790625 0.682092309375 0.5488156656250001 0.6912670624999999 0.603430353125 0.7121918125 0.6166628046875 0.68384780625 0.6397841796875 0.6246693765625 0.66351125 0.62716319375
6 0.45790842343750005 0.5906409796875 0.4432849390625 0.592000115625 0.43970210468750004 0.6198914703125 0.452922584375 0.6194636859375 0.45472981093750003 0.616229846875 0.47545630625 0.6237885265625 0.5295090359375 0.6167527765624999 0.533607259375 0.61033594375 0.5404555531249999 0.6056754921875 0.5419809359375 0.5911624468750001 0.5392279421875 0.570819490625 0.528686734375 0.5687333406249999 0.46750532656250005 0.578443621875 0.45790842343750005 0.5906409796875
5 0.5245222640625 0.9484034156250001 0.5188479890625 0.960892034375 0.6121385218750001 0.970697265625 0.758274084375 0.9756977671874999 0.7630398921875 0.9614780390625001 0.756227178125 0.9536742796875 0.7575825546875 0.9096548312499999 0.7308369156250001 0.842509125 0.723455796875 0.8297387484375 0.747092153125 0.7967844640624999 0.7471763546875 0.7907960171874999 0.7095355828125001 0.7443135359374999 0.6822831 0.7027393671875 0.666610765625 0.665108365625 0.66351125 0.62716319375 0.6397841796875 0.6246693765625 0.6166628046875 0.68384780625 0.5955543015625 0.72906236875 0.55648371875 0.7947425984375001 0.5356845015625 0.821452571875 0.51477355625 0.8596001859375001 0.511086253125 0.8739332703124999 0.510720290625 0.8929771093750001 0.527414453125 0.9312607187499999 0.5245222640625 0.9484034156250001
6 0.428534590625 0.706827409375 0.4436503015625 0.58915586875 0.44030229218750006 0.5844072875 0.42428050781250004 0.579975396875 0.3274935984375 0.5648564046875 0.27093336875 0.56440755 0.26358114375 0.5663827312499999 0.2543419 0.5758537921875 0.24767855 0.592190625 0.23599080468750003 0.6772472703125 0.24145928906249997 0.703652596875 0.253563378125 0.7192140359375 0.2672965703125 0.7245045578125 0.40762713906250003 0.7436505859375 0.421673740625 0.7407302515625 0.428534590625 0.706827409375