3 0.4268227953125 0.891660234375 0.4261803796875 0.8915614015625 0.410185575 0.836468184375 0.405094840625 0.85013775 0.3872769203125 0.8835463499999999 0.37224305 0.9041483203125 0.4101061296875 0.9086028 0.4268227953125 0.891660234375
5 0.4229378265625 0.812489771875 0.403193984375 0.7987289125 0.4002905015625 0.8023851515624999 0.4261803796875 0.8915614015625 0.433853965625 0.892741953125 0.4492011390625 0.8838878140625 0.46100665625000004 0.8821169875000001 0.475632278125 0.8757271515625 0.46480833906249996 0.8636611203125 0.45029882656250003 0.8380276484375001 0.43912863125 0.8101021625 0.4384935796875 0.8106948765625 0.4229378265625 0.812489771875
5 0.6133579859375 0.71039320625 0.6006295765624999 0.71869434375 0.5740009296874999 0.72965908125 0.582494471875 0.736560084375 0.62486774375 0.7007286515625 0.625043834375 0.7002179875000001 0.6166130671875 0.69796471875 0.6133579859375 0.71039320625
5 0.776566834375 0.786945890625 0.7824775546875 0.807406075 0.7815682140625 0.8119527828124999 0.77594300625 0.817577990625 0.7747481515625 0.81877284375 0.7806588718749999 0.8324129671874999 0.77847881875 0.84144461875 0.787300409375 0.8582340984375 0.800465353125 0.8289121765624999 0.8010413140624999 0.8280893765625 0.7847144171875 0.812203746875 0.7841187875 0.8050561953125 0.7914162375 0.7892450531249999 0.7845472265625 0.781530625 0.776566834375 0.786945890625
1 0.6024826328125 0.753598109375 0.6031677531249999 0.752111746875 0.6189743828125 0.717819396875 0.62486774375 0.7007286515625 0.582494471875 0.736560084375 0.6002304578125 0.750970571875 0.6024826328125 0.753598109375
1 0.7829275296875 0.7693184343749999 0.7722062000000001 0.759192734375 0.7704193125 0.7353675609375 0.7692473859375 0.733368390625 0.763391540625 0.734204940625 0.743929890625 0.7310771765624999 0.7762187578125 0.7633660421874999 0.7767609796875 0.769330484375 0.7566987671875001 0.8045749140625 0.7639827125 0.8145903390625 0.76537431875 0.816503796875 0.77847881875 0.84144461875 0.7806588718749999 0.8324129671874999 0.7747481515625 0.81877284375 0.7815682140625 0.8119527828124999 0.7824775546875 0.807406075 0.776566834375 0.786945890625 0.79642419375 0.773471253125 0.7829275296875 0.7693184343749999
6 0.7019950890625 0.45451044375 0.6546817265625 0.4951382234375 0.633082146875 0.5090236671875 0.61251111875 0.5172520781250001 0.6073683625 0.5234233859375 0.5718833390625 0.5460515171875 0.5594493593750001 0.556291265625 0.5859173390625 0.559087178125 0.6211356921875 0.55688603125 0.6350838140625 0.559135728125 0.6858399453125 0.4703125 0.7436159921875001 0.4703125 0.77913644375 0.50814178125 0.77913644375 0.46942443906250003 0.7019950890625 0.45451044375
3 0.42937945937500005 0.7735952968750001 0.4240898921875 0.776680878125 0.308662865625 0.7820652296875 0.308662865625 0.7843697546875 0.3146458484375 0.8065067890625001 0.32661181250000004 0.8268489296875 0.3397743734375 0.8364217 0.35652672343749997 0.8370199984375001 0.3870399328125 0.8190710515624999 0.403193984375 0.7987289125 0.4229378265625 0.812489771875 0.4384935796875 0.8106948765625 0.43912863125 0.8101021625 0.438691215625 0.8090086234375 0.43385471249999996 0.787244353125 0.4348220125 0.771767540625 0.44203759062500003 0.749271915625 0.4336015890625 0.7519714359375 0.43211063125000004 0.7519253828125 0.432465040625 0.76610174375 0.42937945937500005 0.7735952968750001
6 0.5501121921875 0.8707259953125 0.5522810796875001 0.8560860015625 0.5690899609375 0.815961575 0.5869832859375 0.7872238109375 0.6024826328125 0.753598109375 0.6002304578125 0.750970571875 0.5740009296874999 0.72965908125 0.5441818421875 0.741937528125 0.5026761546875 0.7474716203125 0.476665925 0.7408307109375001 0.45670059218750003 0.725762534375 0.45513533125 0.7267880515625 0.448189559375 0.7379012859375 0.44726598281249996 0.7475988296875 0.44203759062500003 0.749271915625 0.4348220125 0.771767540625 0.43385471249999996 0.787244353125 0.438691215625 0.8090086234375 0.45029882656250003 0.8380276484375001 0.46480833906249996 0.8636611203125 0.49431101406250005 0.8965493499999999 0.5330030484375 0.9216991718750001 0.552349065625 0.9289539281250001 0.565891278125 0.9313721796875001 0.572027271875 0.9310889796874999 0.57234329375 0.9260326375 0.5517388578125 0.8897037640625 0.5501121921875 0.8707259953125
5 0.5859173390625 0.559087178125 0.5410555640625 0.554348259375 0.5085057328125 0.560160728125 0.5193609734375 0.569745675 0.52782024375 0.567476115625 0.5469488874999999 0.5565454609375 0.5591238890625 0.5626329625000001 0.5679784359375 0.562079553125 0.573954625 0.5638724093749999 0.5745519109375 0.5628968421875 0.581063621875 0.5593905359375 0.5859173390625 0.559087178125
5 0.41800827968750004 0.5866955859375 0.4330550125 0.587452125 0.44945228593750003 0.5901850046875 0.4532783171875 0.5945576109374999 0.45321226093750006 0.5974244671875 0.4651751046875 0.5950318984375 0.464935778125 0.5758857640625 0.4616829078125 0.5670565437499999 0.46447108281249994 0.5600861078125 0.46453297187500003 0.559374378125 0.4367492109375 0.5586432265625 0.41650150625000004 0.56477889375 0.41800827968750004 0.5866955859375
5 0.52782024375 0.567476115625 0.4651751046875 0.5950318984375 0.46143056250000003 0.6243146328125 0.52782024375 0.567476115625
5 0.8168784015625 0.8491327671875 0.8216434359375 0.851515284375 0.826408471875 0.851515284375 0.8293866187500001 0.8497283953125001 0.8549986796875 0.8282857390625 0.87227193125 0.8050561953125 0.9467256000000001 0.685930325 0.9473212296875 0.678782771875 0.8627418625000001 0.5971815515625 0.7436159921875001 0.4703125 0.6858399453125 0.4703125 0.6350838140625 0.559135728125 0.72983118125 0.5744175625 0.7849302781249999 0.586940084375 0.7979537 0.6004644078125 0.8024618078125 0.6395346765625 0.7879356828125 0.7166734109374999 0.7849302781249999 0.727192328125 0.7809230703125001 0.7317004359375 0.7692473859375 0.733368390625 0.7704193125 0.7353675609375 0.7722062000000001 0.759192734375 0.7829275296875 0.7693184343749999 0.7984138921875 0.77408346875 0.7841187875 0.8050561953125 0.7847144171875 0.812203746875 0.806752703125 0.8336464031249999 0.8168784015625 0.8491327671875
3 0.4240898921875 0.776680878125 0.42937945937500005 0.7735952968750001 0.432465040625 0.76610174375 0.43211063125000004 0.7519253828125 0.2920384609375 0.7475988296875 0.277827490625 0.7437728 0.2641630953125 0.7295618296875 0.255964459375 0.7038727671875 0.257172078125 0.6659535203125 0.2486525671875 0.6752975 0.2389550265625 0.705271715625 0.20942160781250002 0.7096796890625 0.2058952296875 0.7162916484374999 0.2058952296875 0.730837959375 0.21250718906250002 0.7427394859375 0.2389550265625 0.7427394859375 0.2477709734375 0.76389775625 0.255705325 0.7749176890625 0.27289641875 0.783733634375 0.4240898921875 0.776680878125
1 0.46761356718749997 0.5945442062499999 0.4758829265625 0.5814105171875 0.5193609734375 0.569745675 0.4942116109375 0.5475393234375 0.47794725937500004 0.529880884375 0.47004743125 0.5280221015625 0.466329865625 0.538710103125 0.46447108281249994 0.5600861078125 0.4616829078125 0.5670565437499999 0.464935778125 0.5758857640625 0.4651751046875 0.5950318984375 0.46761356718749997 0.5945442062499999
6 0.46566783437500003 0.62373018125 0.46143056250000003 0.6243146328125 0.4521835890625 0.6420688250000001 0.45054543750000003 0.71316455625 0.44983883750000003 0.7205838531250001 0.476665925 0.7408307109375001 0.5026761546875 0.7474716203125 0.5441818421875 0.741937528125 0.6006295765624999 0.71869434375 0.6133579859375 0.71039320625 0.6166130671875 0.69796471875 0.5685411 0.6851166546874999 0.5570203796875 0.677102240625 0.55000776875 0.6595707109375 0.5475032640624999 0.6395346765625 0.5460005609375 0.63552746875 0.5339789406250001 0.6300175593749999 0.53376501875 0.629054909375 0.5319753359375 0.6210013437499999 0.532908671875 0.61509021875 0.4885301828125 0.6256759140625 0.4671271328125 0.6203251515625 0.46566783437500003 0.62373018125
6 0.5685411 0.6851166546874999 0.625043834375 0.7002179875000001 0.6352410421875 0.6706460843750001 0.652049925 0.609375 0.6759076921875 0.609375 0.682956578125 0.6467883171875 0.7024765687500001 0.6825749671875 0.73392544375 0.721072728125 0.743929890625 0.7310771765624999 0.763391540625 0.734204940625 0.7809230703125001 0.7317004359375 0.7849302781249999 0.727192328125 0.7879356828125 0.7166734109374999 0.8024618078125 0.6395346765625 0.7979537 0.6004644078125 0.7849302781249999 0.586940084375 0.72983118125 0.5744175625 0.6211356921875 0.55688603125 0.581063621875 0.5593905359375 0.5745519109375 0.5628968421875 0.559524884375 0.5874409843749999 0.5512800296875 0.586451603125 0.5512800296875 0.600867834375 0.5449564015624999 0.606218596875 0.5415513703125 0.6130286578125 0.532908671875 0.61509021875 0.5319753359375 0.6210013437499999 0.5339789406250001 0.6300175593749999 0.5460005609375 0.63552746875 0.5475032640624999 0.6395346765625 0.55000776875 0.6595707109375 0.5570203796875 0.677102240625 0.5685411 0.6851166546874999
6 0.5512800296875 0.5862748468750001 0.5464157000000001 0.566331096875 0.5357141765625 0.5653582312500001 0.4758829265625 0.5814105171875 0.46761356718749997 0.5945442062499999 0.45321226093750006 0.5974244671875 0.45256449375 0.6255375390625 0.46566783437500003 0.62373018125 0.4671271328125 0.6203251515625 0.4885301828125 0.6256759140625 0.5415513703125 0.6130286578125 0.5449564015624999 0.606218596875 0.5512800296875 0.600867834375 0.5512800296875 0.5862748468750001
5 0.5522810796875001 0.8560860015625 0.5501121921875 0.8707259953125 0.5517388578125 0.8897037640625 0.57234329375 0.9260326375 0.5712588484375 0.943383740625 0.5669210734375 0.95639706875 0.6607254765625 0.95639706875 0.8065831890625 0.9460948515625001 0.8098365218750001 0.9314548578125 0.8022454140624999 0.924405971875 0.79899208125 0.880485990625 0.76537431875 0.816503796875 0.7566987671875001 0.8045749140625 0.7767609796875 0.769330484375 0.7762187578125 0.7633660421874999 0.73392544375 0.721072728125 0.7024765687500001 0.6825749671875 0.682956578125 0.6467883171875 0.6759076921875 0.609375 0.652049925 0.609375 0.6352410421875 0.6706460843750001 0.6189743828125 0.717819396875 0.5869832859375 0.7872238109375 0.5690899609375 0.815961575 0.5522810796875001 0.8560860015625
6 0.277827490625 0.7437728 0.2920384609375 0.7475988296875 0.4336015890625 0.7519714359375 0.44726598281249996 0.7475988296875 0.45054543750000003 0.71316455625 0.4532783171875 0.5945576109374999 0.44945228593750003 0.5901850046875 0.4330550125 0.587452125 0.335217946875 0.58253294375 0.2789206421875 0.5879987015625 0.27181515625 0.5907315796875 0.2636165203125 0.6011165203125 0.2586973375 0.6180603687499999 0.255964459375 0.7038727671875 0.2641630953125 0.7295618296875 0.277827490625 0.7437728