1 0.570006078125 0.5171875 0.572326265625 0.5102269374999999 0.584426409375 0.492626728125 0.5899264734375 0.492626728125 0.59157649375 0.4882266765625 0.5896490812499999 0.47601973593749997 0.4213731328125 0.51221863125 0.41907166562500003 0.5202737640625 0.42276008593750003 0.5730181703125 0.451081853125 0.546875 0.4732321703125 0.546875 0.476685128125 0.5359709203125 0.48627643750000005 0.5190450796875 0.49868872187499996 0.508889575 0.51617875625 0.5021192390625 0.532540403125 0.5021192390625 0.5655022234375 0.5171875 0.570006078125 0.5171875
1 0.695529071875 0.45061541250000003 0.6955277265625 0.45060895 0.6955277265625 0.455636853125 0.697648621875 0.4559849390625 0.695529071875 0.45061541250000003
3 0.7683391359375 0.47306061875000005 0.7475362609375 0.48893649687499996 0.7289231609375 0.49222116250000003 0.7135947265625 0.48510438906250003 0.703740734375 0.4714182875 0.697648621875 0.4559849390625 0.6955277265625 0.455636853125 0.6955277265625 0.46787643437500004 0.699402840625 0.500685734375 0.7032591171875 0.499971609375 0.7549199703125 0.50466805 0.8192612140625 0.517348440625 0.8594167171875 0.5325332953124999 0.8594167171875 0.5057514546874999 0.8585425624999999 0.5026919171875 0.8388741015625 0.48433468749999997 0.8157090265625 0.4769043796875 0.7711438484375 0.46848997499999995 0.7683391359375 0.47306061875000005
3 0.48627643750000005 0.5190450796875 0.476685128125 0.5359709203125 0.4732321703125 0.546875 0.5433218015625 0.546875 0.5428975656249999 0.543003840625 0.5477381296875 0.5171875 0.5655022234375 0.5171875 0.532540403125 0.5021192390625 0.51617875625 0.5021192390625 0.49868872187499996 0.508889575 0.48627643750000005 0.5190450796875
1 0.6047492171875 0.5171875 0.62572499375 0.5526849687500001 0.6391710046875 0.5698958640625 0.6467007703125 0.572585065625 0.6808915453125 0.5681638453125 0.68916979375 0.5060769828125 0.6905787265625001 0.5023198296875 0.699402840625 0.500685734375 0.6955277265625 0.46787643437500004 0.6955277265625 0.45060895 0.69005463125 0.42433809531250005 0.689912453125 0.42078363124999996 0.6894776546875 0.4189258546875 0.6850776015625 0.377675365625 0.6795775374999999 0.3606251625 0.6724274515625 0.353475078125 0.675177484375 0.346875 0.6289769374999999 0.346875 0.5629761546875 0.3556751046875 0.5668262000000001 0.364475209375 0.5690262265625 0.390325515625 0.5750762984375 0.40792572343750005 0.5805763625 0.4508262328125 0.5882764546875 0.46732642812499997 0.59157649375 0.4882266765625 0.5899264734375 0.492626728125 0.584426409375 0.492626728125 0.572326265625 0.5102269374999999 0.570006078125 0.5171875 0.6047492171875 0.5171875
3 0.828557984375 0.42105343125 0.828557984375 0.395323559375 0.82417843125 0.379995125 0.8126821062499999 0.35973969375000003 0.7935215624999999 0.353717809375 0.7814777937499999 0.3602871390625 0.7480837046875 0.3312726015625 0.7218063890625 0.3252507171875 0.70866773125 0.332367490625 0.6988137375 0.34714848125 0.6922444078125001 0.37123602031249997 0.68895974375 0.3969658921875 0.69005463125 0.42433809531250005 0.695529071875 0.45061541250000003 0.703740734375 0.4714182875 0.7135947265625 0.48510438906250003 0.7289231609375 0.49222116250000003 0.7475362609375 0.48893649687499996 0.7683391359375 0.47306061875000005 0.7831201250000001 0.44897307968750005 0.7946164515625 0.4549949640625 0.8028281125 0.4549949640625 0.81322955 0.4500679671875 0.8219886546874999 0.4413088625 0.828557984375 0.42105343125
1 0.6808915453125 0.5681638453125 0.6467007703125 0.572585065625 0.6391710046875 0.5698958640625 0.62572499375 0.5526849687500001 0.6047492171875 0.5171875 0.5477381296875 0.5171875 0.5428975656249999 0.543003840625 0.5433218015625 0.546875 0.587159384375 0.546875 0.6604815859375 0.696475940625 0.66140200625 0.696356921875 0.661527315625 0.69616973125 0.704262059375 0.6323314124999999 0.7149863953125 0.618389775 0.677428690625 0.6093986874999999 0.676019759375 0.604702246875 0.6808915453125 0.5681638453125
0 0.737929353125 0.9126987062499999 0.7234175875 0.906894 0.6955163421874999 0.904149615625 0.6904546015624999 0.9087175265624999 0.6585566703125 0.9334271921875 0.67875076875 0.9322841296875 0.7397163515625 0.9140389546875 0.737929353125 0.9126987062499999
5 0.6904546015624999 0.9087175265624999 0.6955163421874999 0.904149615625 0.6880088828125001 0.9034111765624999 0.686847940625 0.898186940625 0.6926526468749999 0.8790314109375 0.6932331171875 0.8656805875 0.629381353125 0.813438234375 0.605582059375 0.7878975296874999 0.6102258234375 0.7728052937500001 0.66083695625 0.6972010109375 0.587159384375 0.546875 0.451081853125 0.546875 0.370672403125 0.6210991078125 0.36077585624999997 0.6322327234375 0.36077585624999997 0.6384180671874999 0.5135538109375 0.942736909375 0.6465386718749999 0.942736909375 0.6904546015624999 0.9087175265624999
5 0.7549199703125 0.50466805 0.7032591171875 0.499971609375 0.6905787265625001 0.5023198296875 0.68916979375 0.5060769828125 0.676019759375 0.604702246875 0.677428690625 0.6093986874999999 0.7149863953125 0.618389775 0.7332855875 0.5946008234375 0.746055940625 0.5847328234375 0.7576653531249999 0.5858937640625 0.7750794703125 0.5946008234375 0.8273218234374999 0.627687646875 0.830804646875 0.63639470625 0.830594409375 0.6460656328125001 0.83241125 0.6465005734375 0.8469702171875 0.64884879375 0.8511970140624999 0.645561284375 0.8568327437500001 0.6009450937499999 0.8643470499999999 0.56900929375 0.8751488640625 0.5384824265625 0.8192612140625 0.517348440625 0.7549199703125 0.50466805
5 0.6926526468749999 0.8790314109375 0.686847940625 0.898186940625 0.6880088828125001 0.9034111765624999 0.7234175875 0.906894 0.737929353125 0.9126987062499999 0.7797232359375 0.9440441171874999 0.784367 0.9411417640625 0.7890107640624999 0.9324347062499999 0.89871970625 0.9399808234375 0.90858770625 0.8285304703125 0.90858770625 0.7995069406249999 0.9051048828124999 0.7849951765625 0.870276646875 0.7211434109375 0.8540234703125 0.6979245875 0.8412531171875001 0.6863151765625 0.8331265296874999 0.6718034109375 0.8302241765625 0.663096353125 0.830804646875 0.63639470625 0.8273218234374999 0.627687646875 0.7750794703125 0.5946008234375 0.7576653531249999 0.5858937640625 0.746055940625 0.5847328234375 0.7332855875 0.5946008234375 0.704262059375 0.6323314124999999 0.6102258234375 0.7728052937500001 0.605582059375 0.7878975296874999 0.629381353125 0.813438234375 0.6932331171875 0.8656805875 0.6926526468749999 0.8790314109375