1 0.591109825 0.485037875 0.5887575703125 0.4729056359375 0.4218474546875 0.5149552265625 0.419828509375 0.523085771875 0.4253554359375 0.5756693234375 0.4527475671875 0.5485536640625 0.47488439062500004 0.5477806281250001 0.4779546984375 0.536762684375 0.48694946093749997 0.5195124234375 0.4989997625 0.5089299234375 0.5162428609374999 0.5015533171875 0.532594540625 0.5009823046874999 0.56606215625 0.5148910359375 0.5705632671875 0.514733853125 0.572639121875 0.5076965578125 0.58411765625 0.48968478125 0.5896143687500001 0.48949283125000004 0.591109825 0.485037875
1 0.6936864640625 0.4438216296875 0.69368489375 0.44381521875 0.693860365625 0.448840059375 0.695992115625 0.4491139140625 0.6936864640625 0.4438216296875
3 0.702619134375 0.46432525 0.695992115625 0.4491139140625 0.693860365625 0.448840059375 0.6942875203125001 0.461072184375 0.6993053015624999 0.4937262578125 0.7031343062500001 0.4928779859375 0.7549275921875 0.495768628125 0.81967218125 0.5061958171875001 0.8603331656250001 0.5199700140625 0.85939849375 0.4932044890625 0.8584180953124999 0.49017732187499996 0.8381209578125001 0.4725176953125 0.8147106796875001 0.46590036250000005 0.769878990625 0.4590463859375 0.7672355 0.46371212812499996 0.7469993578125 0.48030434531250005 0.7285122296875 0.4842365984375 0.7129447609375 0.47765911406250006 0.702619134375 0.46432525
3 0.5443722453125 0.5414805406250001 0.548308884375 0.51551099375 0.56606215625 0.5148910359375 0.532594540625 0.5009823046874999 0.5162428609374999 0.5015533171875 0.4989997625 0.5089299234375 0.48694946093749997 0.5195124234375 0.4779546984375 0.536762684375 0.47488439062500004 0.5477806281250001 0.5449313250000001 0.5453345359374999 0.5443722453125 0.5414805406250001
1 0.6831602343750001 0.5618092984375 0.689266640625 0.49947135 0.6905435921875 0.495667315625 0.6993053015624999 0.4937262578125 0.6942875203125001 0.461072184375 0.69368489375 0.44381521875 0.6872982921874999 0.41775137500000004 0.6870321515625 0.4142040390625 0.6865327828125001 0.41236256875 0.6806957890625001 0.3712907671875 0.6746040328125 0.3544429 0.6672087671875 0.34754670625 0.6697267859375 0.34085467343750003 0.6235543828125001 0.34246705 0.557900925 0.3535651875 0.56205574375 0.3622255671875 0.56515659375 0.3879833453125 0.5718172187499999 0.4053616875 0.5788111375 0.44804411406250005 0.5870823875 0.464265528125 0.591109825 0.485037875 0.5896143687500001 0.48949283125000004 0.58411765625 0.48968478125 0.572639121875 0.5076965578125 0.5705632671875 0.514733853125 0.6052852421875 0.513521334375 0.627487084375 0.5482651359374999 0.64152555625 0.5649962875 0.6491445859375 0.5674210656249999 0.6831602343750001 0.5618092984375
3 0.7882375828125 0.343563165625 0.7764304171874999 0.350548815625 0.742044078125 0.3227173890625 0.7155726078125 0.3176162390625 0.7026903265625 0.325187209375 0.693358184375 0.3403030953125 0.6876335 0.3646052265625 0.6852487953125 0.39043405781249996 0.6872982921874999 0.41775137500000004 0.6936864640625 0.4438216296875 0.702619134375 0.46432525 0.7129447609375 0.47765911406250006 0.7285122296875 0.4842365984375 0.7469993578125 0.48030434531250005 0.7672355 0.46371212812499996 0.7811668421875 0.43912341406250005 0.7928663265625 0.44474041406250003 0.801072984375 0.44445383125 0.8112961359374999 0.43916683125 0.8197442171875 0.43010737343749994 0.8256026406249999 0.409635015625 0.8247046812500001 0.38392081718750004 0.819792840625 0.36875456406249996 0.8075966140625 0.3489126890625 0.7882375828125 0.343563165625
1 0.6052852421875 0.513521334375 0.548308884375 0.51551099375 0.5443722453125 0.5414805406250001 0.5449313250000001 0.5453345359374999 0.588742203125 0.5438046265625001 0.6672407359375 0.6907555265624999 0.6681564421874999 0.6906044578125 0.6682751421875001 0.6904130078125 0.708755928125 0.62512215625 0.718987175 0.6108147374999999 0.681138565625 0.6031398734375 0.6795665890625 0.5984954640625 0.6831602343750001 0.5618092984375 0.6491445859375 0.5674210656249999 0.64152555625 0.5649962875 0.627487084375 0.5482651359374999 0.6052852421875 0.513521334375
0 0.6735864734375 0.9276296125 0.6937283765625 0.92578248125 0.7540200734375 0.905420753125 0.752187390625 0.9041436859375 0.7374818828125 0.8988489703125 0.7095018578125 0.8970799968750001 0.7046026171875 0.9018217765625 0.6735864734375 0.9276296125
5 0.70576329375 0.8720770343750001 0.7058774734375 0.8587140859375 0.6402413734375 0.8087319515625 0.6155652203125 0.7840373890625 0.6196794437500001 0.7687922828125 0.6676211953125 0.691467753125 0.588742203125 0.5438046265625001 0.4527475671875 0.5485536640625 0.374977484375 0.62553880625 0.3654755234375 0.6370110234374999 0.3656913890625 0.6431925984375 0.52899685 0.9419941843749999 0.6619007 0.9373530796875 0.7046026171875 0.9018217765625 0.7095018578125 0.8970799968750001 0.7019732000000001 0.8966040140624999 0.7006306421875 0.8914234765625 0.70576329375 0.8720770343750001
5 0.6795665890625 0.5984954640625 0.681138565625 0.6031398734375 0.718987175 0.6108147374999999 0.736444996875 0.5864016453125 0.7488631828125001 0.5760939781250001 0.7605060390625 0.5768490484375 0.7782134203125 0.584943059375 0.8315786624999999 0.6161864968749999 0.8353632359375001 0.6247667031249999 0.8354906375000001 0.634439075 0.8373215500000001 0.63481034375 0.8519536000000001 0.6366490328125 0.856063090625 0.6332160140624999 0.8601383031250001 0.5884303171874999 0.8665334890624999 0.5562517265625 0.8762633515625 0.525366478125 0.81967218125 0.5061958171875001 0.7549275921875 0.495768628125 0.7031343062500001 0.4928779859375 0.6905435921875 0.495667315625 0.689266640625 0.49947135 0.6795665890625 0.5984954640625
5 0.752187390625 0.9041436859375 0.7950497515625 0.9340114171874999 0.799589396875 0.9309487671875001 0.803926459375 0.9220849484375 0.9138319265625 0.9257976812500001 0.9198043531250001 0.8140708328124999 0.918791446875 0.785064984375 0.9148042921874999 0.770683609375 0.8777688781249999 0.708086228125 0.8607152765625001 0.6854487765624999 0.847547540625 0.674292115625 0.83891945 0.6600728046875 0.8357149937499999 0.6514723421874999 0.8353632359375001 0.6247667031249999 0.8315786624999999 0.6161864968749999 0.7782134203125 0.584943059375 0.7605060390625 0.5768490484375 0.7488631828125001 0.5760939781250001 0.736444996875 0.5864016453125 0.708755928125 0.62512215625 0.6196794437500001 0.7687922828125 0.6155652203125 0.7840373890625 0.6402413734375 0.8087319515625 0.7058774734375 0.8587140859375 0.70576329375 0.8720770343750001 0.7006306421875 0.8914234765625 0.7019732000000001 0.8966040140624999 0.7374818828125 0.8988489703125 0.752187390625 0.9041436859375