3 0.8939136140624999 0.379550696875 0.8986644640625 0.3720713875 0.9010153203125 0.35943243593749996 0.900664078125 0.34722145625 0.8982221265625 0.3392985828125 0.8920614984374999 0.33038190312500004 0.8849070609374999 0.3251839015625 0.86450588125 0.3212925828125 0.8211920234375001 0.330131309375 0.8128447718749999 0.33738884062499996 0.8106603281250001 0.342467003125 0.8107780640625 0.355666365625 0.8049883156250001 0.374952425 0.8201491093750001 0.41379557499999997 0.8307595953125 0.41052525937500006 0.845756584375 0.41527251718749997 0.8586364968750001 0.41164975156250005 0.8939136140624999 0.379550696875
1 0.652954596875 0.4003993265625 0.6645467796875 0.4153946390625 0.6631137875 0.406347084375 0.6634589765625 0.40054954531250003 0.652954596875 0.4003993265625
5 0.7045895203125 0.3626143890625 0.70006649375 0.3460287234375 0.6811814328125 0.356853446875 0.668774 0.37393081562499997 0.664411446875 0.3845526640625 0.6631137875 0.406347084375 0.6645467796875 0.4153946390625 0.6722404875 0.425346996875 0.673981953125 0.42844731718749995 0.7209127046875 0.3972173859375 0.7258159046875 0.3916537046875 0.721106825 0.3883226015625 0.7113828843750001 0.375700575 0.7045895203125 0.3626143890625
6 0.721106825 0.3883226015625 0.7258159046875 0.3916537046875 0.7355030499999999 0.3806616640625 0.782392096875 0.35068083906249997 0.7954054390625 0.3504003328125 0.8049883156250001 0.374952425 0.8107780640625 0.355666365625 0.81052195 0.326953475 0.8047609234375 0.3068372875 0.7931387421875 0.287649415625 0.7719746359374999 0.26782705625 0.7506402 0.2604771984375 0.7299935468750001 0.2628889953125 0.7107848703124999 0.2770894078125 0.7022414640625 0.29088807499999997 0.697884596875 0.3040236578125 0.6963997859375 0.3325831265625 0.7045895203125 0.3626143890625 0.7113828843750001 0.375700575 0.721106825 0.3883226015625
5 0.8553662828125 0.5534005421875 0.8650572406249999 0.5545088171875 0.8760223890625 0.5640549499999999 0.8783116359375001 0.5628125765624999 0.7954054390625 0.3504003328125 0.782392096875 0.35068083906249997 0.7355030499999999 0.3806616640625 0.7209127046875 0.3972173859375 0.673981953125 0.42844731718749995 0.674265525 0.4289521609375 0.6824034296875 0.42913752499999996 0.6965805546875 0.4356552953125 0.8493480046874999 0.559886140625 0.8503972687499999 0.5615524328125 0.8553662828125 0.5534005421875
6 0.8713006312499999 0.5947482203125001 0.8871801859374999 0.6327629828125 0.9019762328125 0.6397304265625 0.9242889375000001 0.663033765625 0.9267430437499999 0.6785283875 0.87224471875 0.6871600734375 0.8687269890625 0.6822402234375 0.8487223328125 0.68132005 0.848482853125 0.757319396875 0.846920809375 0.7990652453125 0.8428938421875 0.8173084546875 0.8479037171874999 0.8290902546875 0.8514988828125001 0.833580459375 0.8852317328125 0.8521066140625001 0.893779190625 0.8459951171875 0.9052991359375 0.8119238234375 0.9545051703125 0.6286236453125 0.9523559015625 0.6183913624999999 0.9363340390625 0.6040126671875 0.8840659859375 0.571057609375 0.8650572406249999 0.5545088171875 0.8553662828125 0.5534005421875 0.8503972687499999 0.5615524328125 0.8713006312499999 0.5947482203125001
1 0.5371157640625001 0.5473541203125001 0.5410158125 0.5506051421875 0.5420568484375 0.5623118359375 0.599813796875 0.5780940671875 0.60606235625 0.583888965625 0.611791175 0.5955815328125 0.6181234078125 0.6202630609375 0.62105395625 0.622172671875 0.6217886203125 0.584474484375 0.6890410578124999 0.5882843234374999 0.70033766875 0.5899093140625 0.6392596859374999 0.5405816156250001 0.63318164375 0.533328775 0.6270140078125 0.5151361156250001 0.6293901546875 0.48518394374999996 0.6358498531250001 0.4671821140625 0.6433831171875 0.45941655625 0.6447852390625 0.45097897500000006 0.6509960359375 0.4417797734375 0.670310390625 0.428862071875 0.674265525 0.4289521609375 0.6722404875 0.425346996875 0.6089870562499999 0.343524190625 0.453798053125 0.3681037140625 0.47760022500000004 0.5183847171875 0.47945744062499995 0.5016716453125001 0.505508109375 0.497545625 0.5196752499999999 0.5371787593749999 0.5256868078125 0.5449819796875001 0.5371157640625001 0.5473541203125001
5 0.567504528125 0.698869765625 0.5751217796875 0.6991432734374999 0.4765089859375 0.5282047750000001 0.431478059375 0.7253172359375 0.43916776718749995 0.7071203328125 0.44556478437499997 0.6844332875 0.496776675 0.6938570562499999 0.490708071875 0.7598572140625001 0.5802282437499999 0.7079949796875 0.569235853125 0.7029413531250001 0.567504528125 0.698869765625
5 0.4133487140625 0.8046742546875001 0.41840695781250004 0.825115059375 0.4471880671875 0.8612197421875001 0.4490046890625 0.88035323125 0.4465187609375 0.8953128734375 0.5456147125 0.8796176156250001 0.48490585625 0.853323334375 0.48376340000000007 0.8353852187499999 0.490708071875 0.7598572140625001 0.4133487140625 0.8046742546875001
5 0.610766084375 0.7292044140625 0.5890437640624999 0.72075425625 0.5802282437499999 0.7079949796875 0.569235853125 0.7029413531250001 0.567504528125 0.698869765625 0.5134746296875 0.6969297359375 0.496776675 0.6938570562499999 0.48376340000000007 0.8353852187499999 0.48490585625 0.853323334375 0.613177846875 0.9088806281249999 0.6353924937500001 0.913289265625 0.6758780328125 0.943681334375 0.6907918703125 0.941319215625 0.7594222937499999 0.9134626015625 0.7603710859375 0.8912815953125 0.7505576578125 0.8853780375 0.7177210234375 0.88051861875 0.684234821875 0.867588146875 0.6079474874999999 0.8067342140625 0.613201209375 0.7882967062499999 0.61882640625 0.7364758515625 0.6192498140625 0.7147493828125 0.6181441015625 0.715012775 0.6148350546875 0.7262950703125 0.610766084375 0.7292044140625
5 0.4909088421875 0.548335515625 0.5420568484375 0.5623118359375 0.5410158125 0.5506051421875 0.5371157640625001 0.5473541203125001 0.5186147 0.5435141265625 0.5064193546875 0.536741040625 0.47045890312500005 0.5264781109375 0.43603971562500005 0.5198398 0.425039871875 0.520614821875 0.423377003125 0.52232896875 0.425519978125 0.5338374359375 0.4909088421875 0.548335515625
5 0.6890410578124999 0.5882843234374999 0.6217886203125 0.584474484375 0.62105395625 0.622172671875 0.6348753 0.63117896875 0.6375429718750001 0.6419025359375 0.6377485078125 0.6554391296875 0.630937625 0.6705716265625 0.6200703937500001 0.672642678125 0.61882640625 0.7364758515625 0.613201209375 0.7882967062499999 0.6079474874999999 0.8067342140625 0.684234821875 0.867588146875 0.7177210234375 0.88051861875 0.7505576578125 0.8853780375 0.7679322296875 0.8958302249999999 0.80425483125 0.898879990625 0.8097142671875 0.9055604734375 0.814621284375 0.9047832781249999 0.8925811703125 0.8848904734374999 0.8479037171874999 0.8290902546875 0.8428938421875 0.8173084546875 0.846920809375 0.7990652453125 0.848482853125 0.757319396875 0.8487223328125 0.68132005 0.83121003125 0.68051451875 0.8025488046874999 0.6724569 0.70033766875 0.5899093140625 0.6890410578124999 0.5882843234374999
6 0.611791175 0.5955815328125 0.60606235625 0.583888965625 0.599813796875 0.5780940671875 0.4909088421875 0.548335515625 0.408037596875 0.529961225 0.39260999218750003 0.5304662687499999 0.38594446250000003 0.537337334375 0.37127882031250004 0.570190725 0.3646484828125 0.650717296875 0.36537375625 0.6583562234375 0.3755306 0.667409009375 0.4016626796875 0.6763546296875 0.5134746296875 0.6969297359375 0.598279475 0.6999747890625 0.6099485484375 0.6971573640625001 0.615884403125 0.673440434375 0.630937625 0.6705716265625 0.6377485078125 0.6554391296875 0.6375429718750001 0.6419025359375 0.6348753 0.63117896875 0.6181234078125 0.6202630609375 0.611791175 0.5955815328125
6 0.670310390625 0.428862071875 0.6509960359375 0.4417797734375 0.6447852390625 0.45097897500000006 0.6433831171875 0.45941655625 0.6358498531250001 0.4671821140625 0.6293901546875 0.48518394374999996 0.6270140078125 0.5151361156250001 0.63318164375 0.533328775 0.6392596859374999 0.5405816156250001 0.8025488046874999 0.6724569 0.83121003125 0.68051451875 0.8687269890625 0.6822402234375 0.87224471875 0.6871600734375 0.9267430437499999 0.6785283875 0.9242889375000001 0.663033765625 0.9019762328125 0.6397304265625 0.8871801859374999 0.6327629828125 0.8713006312499999 0.5947482203125001 0.8493480046874999 0.559886140625 0.6965805546875 0.4356552953125 0.6824034296875 0.42913752499999996 0.670310390625 0.428862071875