3 0.6585541421875 0.42184563593749996 0.6646078 0.42706085937499993 0.7197979328125 0.4674555921875 0.7305662828124999 0.45312647031250003 0.745387590625 0.449219 0.7390008046875 0.48151054843749996 0.7397374234375 0.48204969531249997 0.749547003125 0.4809275984375 0.7579371578125 0.46892850468749997 0.7701094453125 0.4374720234375 0.7693928999999999 0.430770159375 0.7637174546875001 0.42360919687500004 0.69015535625 0.3709443140625 0.6608747234375 0.36575755 0.6509159203125 0.357259171875 0.6119328078125 0.337061275 0.60305621875 0.34896581718749997 0.601543365625 0.356748771875 0.60361099375 0.361694003125 0.650878284375 0.40419955312500006 0.6585541421875 0.42184563593749996
5 0.12768351718749998 0.6654463296875 0.13440798437499998 0.6640635640625 0.32149131249999996 0.5180557484375 0.28313923750000003 0.4164554390625 0.2796112890625 0.4152317015625 0.08715712812500001 0.56396135 0.086451778125 0.567590059375 0.12768351718749998 0.6654463296875
3 0.5722491953125 0.8693992734375 0.567052340625 0.8663636875 0.557882878125 0.860217465625 0.5471365484375 0.8537647296875001 0.5457899203125 0.8528231249999999 0.5377496765625 0.8631451171875 0.536236159375 0.864926153125 0.5662579375 0.88615231875 0.5722491953125 0.8693992734375
0 0.6553992375 0.5929198328124999 0.6717678874999999 0.5760113921875 0.6826696734375 0.5723118203124999 0.7172198734374999 0.5916348046875 0.745387590625 0.449219 0.7305662828124999 0.45312647031250003 0.7076739328125 0.48358863437500005 0.693527759375 0.49150645 0.6498134265625 0.4519763671875 0.5989493921875 0.43675562343749996 0.59628931875 0.44545144375 0.5758349359375 0.4434150703125 0.55861396875 0.4696458625 0.5486225515625 0.5035854921875 0.5471748062499999 0.598342265625 0.550874378125 0.6092440515625 0.5622827859374999 0.6129162890625001 0.5854224203125 0.59365463125 0.6145978015625 0.5857488671875 0.6172408640625 0.593314703125 0.6219332 0.5897314921875 0.637894765625 0.5855616140625 0.65168316875 0.5894538890625001 0.6553992375 0.5929198328124999
3 0.5958046453125 0.6555594124999999 0.602196915625 0.672559009375 0.60862675625 0.6790374453125 0.6172392296875 0.68218750625 0.620725840625 0.686463365625 0.635305759375 0.6892974140625 0.64776346875 0.6844464546875 0.661226390625 0.671306315625 0.66977406875 0.655392628125 0.6731794734375 0.637873340625 0.6710856546875 0.617466990625 0.6639958953125 0.6009378562500001 0.65168316875 0.5894538890625001 0.637894765625 0.5855616140625 0.6219332 0.5897314921875 0.6105463375 0.598426846875 0.5966621796875 0.6199696796875 0.593337471875 0.6308382015625 0.5958046453125 0.6555594124999999
5 0.5950863484375 0.8849045265625 0.6036280171875 0.8914742015625 0.6117314656249999 0.8946858000000001 0.614359578125 0.895196653125 0.6188710703125 0.8944371500000001 0.64777909375 0.88041893125 0.651545853125 0.8778782203125 0.6569916499999999 0.8751183984375001 0.6595028234375 0.8734245921875001 0.6650507906249999 0.8701391484375 0.6752309875 0.863627934375 0.5943490734375 0.853522771875 0.57953365 0.851671775 0.55254899375 0.844145884375 0.5457899203125 0.8528231249999999 0.5471365484375 0.8537647296875001 0.557882878125 0.860217465625 0.567052340625 0.8663636875 0.5768495953125 0.872086459375 0.5897131843750001 0.8816781593749999 0.5950863484375 0.8849045265625
3 0.14050075312500002 0.7863618390625 0.14159645 0.79210491875 0.177526178125 0.8803813828125 0.2558467953125 0.8956053687500001 0.232150684375 0.8571963984375 0.22553987968749997 0.8343670390625 0.221886059375 0.80769310625 0.22660283906249998 0.7469104265625 0.22407646093750003 0.7415546671875 0.21954619062499997 0.7058566984375 0.223765925 0.6841480437499999 0.22428317031249997 0.6830317484374999 0.21956613749999998 0.6811744703125 0.200649665625 0.68745165625 0.18123026250000002 0.6991611796874999 0.15293041875 0.722416753125 0.1420370265625 0.735783565625 0.13783391250000002 0.7460267578125 0.144896053125 0.7722849359375 0.14050075312500002 0.7863618390625
6 0.62673973125 0.699096425 0.6365656578125 0.7066538625 0.6405971296875 0.7149674640625 0.6380114203125 0.7282697859375 0.6205289078125 0.7568738734375 0.55254899375 0.844145884375 0.57953365 0.851671775 0.68154054375 0.864416234375 0.6960766125 0.8625193109374999 0.705697190625 0.8342837546874999 0.724325525 0.8325919828125 0.7336623515625 0.8149267796874999 0.7350517640625001 0.7986682859374999 0.732933709375 0.7852698453125 0.7145571609375 0.7704819921875 0.70927800625 0.7399405265625 0.70328881875 0.725199309375 0.6959728359375 0.7172838593749999 0.6234882203125001 0.6904680296875 0.625994146875 0.698627609375 0.62673973125 0.699096425
6 0.23470014374999998 0.719034746875 0.24543356093750002 0.69791950625 0.261164678125 0.6766708828125 0.2837123125 0.6572996734375 0.31001600625000003 0.6441827609375 0.3130882265625 0.64365620625 0.3062329890625 0.6370971296875 0.2953236640625 0.6321092578124999 0.2822217484375 0.6299721203125 0.2665436296875 0.6326592296875 0.25608446093750004 0.6379992624999999 0.237172909375 0.655213653125 0.223765925 0.6841480437499999 0.21954619062499997 0.7058566984375 0.22407646093750003 0.7415546671875 0.22660283906249998 0.7469104265625 0.2266581734375 0.7461973453125 0.23470014374999998 0.719034746875
6 0.741874584375 0.54043683125 0.746676996875 0.54503176875 0.756640790625 0.548189015625 0.76758416875 0.5442137890625001 0.792814521875 0.546270284375 0.8011772109375 0.5430139031250001 0.80658831875 0.5298267734375 0.8069472875000001 0.5237941453125 0.8032988921875001 0.5153552578125 0.7809971828125 0.5045110140625 0.7707607296875 0.49438471093749997 0.76534871875 0.49292589531250003 0.75338169375 0.49588849062499996 0.743407790625 0.5053409140625 0.7382693437500001 0.5254971015625001 0.741874584375 0.54043683125
5 0.431082578125 0.848356790625 0.43550696718750004 0.831481690625 0.3484571546875 0.7748956312499999 0.3360781015625 0.7643319281250001 0.3325337484375 0.7567405093749999 0.3338761765625 0.73692155 0.3504354203125 0.7162954578125 0.39696094375 0.66866768125 0.3723694421875 0.6502264296875 0.3311599328125 0.6405588546875001 0.31001600625000003 0.6441827609375 0.2837123125 0.6572996734375 0.261164678125 0.6766708828125 0.24543356093750002 0.69791950625 0.23470014374999998 0.719034746875 0.2266581734375 0.7461973453125 0.221886059375 0.80769310625 0.22553987968749997 0.8343670390625 0.232150684375 0.8571963984375 0.2569347015625 0.89736875 0.27713367031249997 0.91565793125 0.29345815000000003 0.92546011875 0.31753037812499996 0.9323489625000001 0.33635309375 0.93214079375 0.3548354875 0.9279995390625 0.38220379531250004 0.915089565625 0.406318434375 0.890498759375 0.431082578125 0.848356790625
3 0.43199690312500005 0.5061145015624999 0.41507124375000004 0.5623570671875 0.40966137500000005 0.5860774390625 0.407428875 0.62839506875 0.40214704375 0.6473457609375 0.40610434062499995 0.653708646875 0.4101781625 0.6551373265625 0.44522411875 0.6192610828125 0.4493152875 0.6165015546875 0.4559903921875 0.604672028125 0.479031903125 0.52724360625 0.47990830625 0.518623915625 0.47617551875 0.5111060281250001 0.45967368750000004 0.5035033734375001 0.44173914375 0.50121589375 0.43199690312500005 0.5061145015624999
2 0.3338761765625 0.73692155 0.3325337484375 0.7567405093749999 0.3360781015625 0.7643319281250001 0.3484571546875 0.7748956312499999 0.47101999531249994 0.8545666593749999 0.50471334375 0.874920915625 0.5187378500000001 0.8770195062499999 0.5304273015625001 0.8717617421874999 0.5377496765625 0.8631451171875 0.6205289078125 0.7568738734375 0.6380114203125 0.7282697859375 0.6405971296875 0.7149674640625 0.6365656578125 0.7066538625 0.62673973125 0.699096425 0.625994146875 0.698627609375 0.62919571875 0.7090522906250001 0.62914725 0.7219267265625 0.6248788296875001 0.7407295734375 0.61281015625 0.7586297203125001 0.60221875 0.7657737140624999 0.5863884140625 0.7651506765625 0.568816396875 0.74823765 0.550014915625 0.7660561046875001 0.5167786750000001 0.779228178125 0.4996344546875 0.7758956796875001 0.48835220156250003 0.7644998765625 0.47984448906250005 0.7419865671875 0.4768872234375 0.7193251234375 0.4795584 0.7032799703125 0.48420848281250006 0.6753479734375001 0.50292690625 0.64217545 0.5158961875 0.6326518375 0.489547734375 0.6172092734375 0.468250428125 0.610559509375 0.4560568671875 0.6119543015625 0.44522411875 0.6192610828125 0.3504354203125 0.7162954578125 0.3338761765625 0.73692155
3 0.5863884140625 0.7651506765625 0.60221875 0.7657737140624999 0.61281015625 0.7586297203125001 0.6248788296875001 0.7407295734375 0.62914725 0.7219267265625 0.62919571875 0.7090522906250001 0.6231842515625 0.6894782703125 0.6172392296875 0.68218750625 0.602919384375 0.6769499421875 0.5852338171875 0.6827149703125001 0.58134063125 0.6617121515625 0.5714373421875 0.643222190625 0.5542432890625 0.63067725 0.5368526296875 0.625456296875 0.520102984375 0.6295626999999999 0.50292690625 0.64217545 0.48420848281250006 0.6753479734375001 0.4768872234375 0.7193251234375 0.47984448906250005 0.7419865671875 0.48835220156250003 0.7644998765625 0.4996344546875 0.7758956796875001 0.5167786750000001 0.779228178125 0.550014915625 0.7660561046875001 0.568816396875 0.74823765 0.5863884140625 0.7651506765625