6 0.7288081765625 0.46163672499999997 0.7473095359374999 0.45908418749999996 0.7585616265625 0.46247360625 0.7740609609375 0.478738334375 0.776530459375 0.4882426421875 0.7766665734375 0.5087246515625 0.7722487296875 0.5238168234375 0.775194715625 0.521376875 0.7829274515625 0.5092650703125 0.792093328125 0.4877144453125 0.796406021875 0.4674248203125 0.82160689375 0.41088191093750004 0.8200173703125 0.39678859843750003 0.8251725265625 0.3887140609375 0.8250982734375001 0.3674919625 0.8184091734375001 0.34772955156249996 0.8261630640625001 0.3247325125 0.8165944109375 0.3158209078125 0.8054760578125 0.31689649062499997 0.7961459203125 0.33382705156250003 0.775019225 0.34423817031250004 0.7541521999999999 0.36960621875 0.740927903125 0.3994644984375 0.742832675 0.4147711078125 0.724151028125 0.444325325 0.72489525 0.4448416296875 0.7288081765625 0.46163672499999997
6 0.351956396875 0.767136865625 0.3101159484375 0.7590174234375 0.296981428125 0.770487553125 0.2832748734375 0.7957273078125 0.27889644375 0.8187789765625 0.2804360453125 0.8308140390625001 0.303261875 0.81232410625 0.3065504953125 0.8113554234375 0.30585686875 0.797306296875 0.33939894375 0.7737140765625 0.351956396875 0.767136865625
0 0.48826669999999994 0.8290565750000001 0.49657980312500005 0.8518899624999999 0.4976974671875 0.8610926593749999 0.4984948171875 0.8676579156249999 0.4897914640625 0.8721504328125 0.5203236437500001 0.8866907828124999 0.5321007203125 0.83128399375 0.5422102703125 0.7479917359375 0.52830704375 0.7531059499999999 0.507896571875 0.784368034375 0.49513422656249995 0.7930474609375 0.4738069578125 0.7762920609374999 0.46975794375 0.7825333171875 0.4826779375 0.8037300843749999 0.48826669999999994 0.8290565750000001
3 0.302118125 0.9206949015625 0.32517323125 0.9225208921875 0.31742604218750003 0.8853475796874999 0.315275659375 0.8541686937499999 0.30660140468749997 0.8123865734375 0.3065504953125 0.8113554234375 0.303261875 0.81232410625 0.277326046875 0.8333332765625 0.2654584828125 0.8396514140625 0.2545930078125 0.8432356656250001 0.2108547625 0.8469893203125001 0.20235178281250002 0.9226430375 0.25073273125 0.9089306296874999 0.2699711 0.9075470781250001 0.2851913578125 0.9112032265625001 0.302118125 0.9206949015625
6 0.4504552609375 0.33419496875 0.448151321875 0.34024887187499997 0.4672338984375 0.35216516875 0.4761904125 0.36709810468750004 0.473923896875 0.3777612203125 0.4998837765625 0.3677139734375 0.508966246875 0.36217796406249997 0.5149548984375001 0.35466671875 0.5198879062499999 0.3438566265625 0.52097596875 0.33047243437499996 0.5126767109375 0.2290080046875 0.5075243687500001 0.2160542078125 0.4962311171875 0.209261665625 0.4810239453125 0.2126174125 0.38785240625 0.2459574375 0.38246261875 0.252717559375 0.3758588921875 0.26932144999999996 0.3749332609375 0.2902067171875 0.3774980203125 0.3277427 0.38605750781250003 0.3267773109375 0.3954578375 0.3043976453125 0.4052310515625 0.3023862703125 0.4396560671875 0.3190492171875 0.4504552609375 0.33419496875
3 0.4648341203125 0.88537013125 0.46559325312500005 0.8846411234374999 0.46270159218750007 0.8861337468749999 0.4648341203125 0.88537013125
0 0.5323940015625 0.65038025 0.514759334375 0.673337546875 0.5045670484375 0.6982853859375 0.5043601890625 0.698241415625 0.499550246875 0.7270082515625 0.4974464 0.7317952515624999 0.505910775 0.7212403171874999 0.50598058125 0.7083647609375 0.521105753125 0.6915773796875 0.5202715953125 0.6829546453125 0.5261187406250001 0.6930874203124999 0.532769159375 0.693167521875 0.5370917859375 0.6811959296875 0.555300734375 0.6561741 0.5551584359375 0.6489855484375 0.547661765625 0.651028215625 0.5336249765625001 0.6506128015625 0.5323940015625 0.65038025
0 0.2887175859375 0.424743665625 0.3113922421875 0.43854894843750003 0.33113146875 0.44363058125 0.33926494375 0.42037250468750004 0.3481580203125 0.417005840625 0.3658166640625 0.37496534375 0.38605750781250003 0.3267773109375 0.3486297859375 0.33099862343750003 0.32300008125 0.3120724078125 0.284769484375 0.30169983437500003 0.2518363796875 0.3023374765625 0.22506049374999998 0.314168075 0.2179876359375 0.34321585312499997 0.2403384375 0.38390920156249997 0.2887175859375 0.424743665625
6 0.2987230609375 0.43641954375 0.2756036515625 0.42704084531250003 0.2502479125 0.42555776874999995 0.23755974531250001 0.43011565625000003 0.2299840015625 0.436876353125 0.21613505625 0.4311423453125 0.19624514531249998 0.438075909375 0.16841841875000002 0.46397084375000003 0.1546882203125 0.483933053125 0.14188655781249998 0.4890248828125 0.13987721250000001 0.49585262500000005 0.1405504984375 0.5110634828125 0.14894654062499998 0.51619650625 0.1594654203125 0.5139678453125 0.18275769687500001 0.5356607140625 0.2019460546875 0.5425296484375 0.2532898140625 0.5222437484375 0.27255547812500003 0.497579515625 0.30189245468750003 0.5002733593750001 0.30350551718749996 0.49268449375 0.299128165625 0.47389598906249997 0.2987230609375 0.43641954375
1 0.6898254875000001 0.545137021875 0.6962766921875 0.5445424437499999 0.6948559890625 0.5418261234374999 0.6898254875000001 0.545137021875
2 0.6352488453125 0.408117290625 0.6165489234375 0.3994341375 0.6003418109374999 0.39513314374999997 0.5864177828125 0.3921735 0.5649481109375001 0.38846604687499997 0.49552189375 0.3848379046875 0.48570308124999995 0.3887433125 0.47286917187500005 0.39072374375 0.4622055875 0.3965897546875 0.45068731875 0.3984218 0.42734812343749995 0.41357845156249995 0.4171138984375 0.43152064687499997 0.40614580624999996 0.48312145937500006 0.40551478750000003 0.5082412749999999 0.407475390625 0.509086046875 0.40760075 0.5099799375 0.444037453125 0.513325709375 0.4480339796875 0.4777673328125 0.45612821718749996 0.47707267656249996 0.5104106640625 0.47241410625 0.525906309375 0.467302478125 0.5428310703125 0.4582919546875 0.5798190859375 0.4283300234375 0.618888428125 0.41682190781250006 0.6522200703125 0.42257772656250003 0.6515885453125 0.42186319218749996 0.6352488453125 0.408117290625
2 0.644047259375 0.5752666359374999 0.6142048265625 0.5857340890625 0.5781879453125 0.582881509375 0.5540480718749999 0.5693450921875 0.5323419140625 0.564130925 0.517217715625 0.5652186015625 0.5201817921874999 0.61838674375 0.513136146875 0.6457550328125 0.5129761546875 0.6467118953125001 0.5336249765625001 0.6506128015625 0.547661765625 0.651028215625 0.5935508359375 0.638524525 0.6174479453124999 0.6247705625 0.642676490625 0.602738946875 0.6592255375 0.5652768296875 0.644047259375 0.5752666359374999
6 0.397180934375 0.477659025 0.4101479078125 0.4523781921875 0.4107634078125 0.4384904984375 0.4504552609375 0.33419496875 0.4396560671875 0.3190492171875 0.4052310515625 0.3023862703125 0.3954578375 0.3043976453125 0.3481580203125 0.417005840625 0.33926494375 0.42037250468750004 0.33032874843750004 0.44592599999999993 0.33648969218749997 0.4554130203125 0.3525075515625 0.46524287812500004 0.3811766046875 0.4760095140625 0.397180934375 0.477659025
5 0.7457269921874999 0.79971451875 0.7466342874999999 0.799478778125 0.7500019765625 0.7997660109375 0.76230395625 0.8023808765625 0.7720583765625 0.8048828359375 0.781079828125 0.8068004046875 0.8024904218750001 0.8109227734375001 0.806897715625 0.812098403125 0.8314745890624999 0.7426218 0.85324936875 0.6870375515625 0.8488801234375 0.682034303125 0.6542861125 0.61350848125 0.644702284375 0.615998640625 0.627361625 0.6784108328125 0.602916809375 0.7465566124999999 0.6017303828125 0.7585280453125 0.64580355 0.776950615625 0.7413186703125 0.80999061875 0.7440609828125 0.8015033624999999 0.7448196984375001 0.7999502625 0.7457269921874999 0.79971451875
5 0.8118544828125 1 0.812839809375 0.9961317624999999 0.8257695984375 0.953449228125 0.8302505421875 0.9364007828125 0.8389252015625001 0.9056715796875 0.846963978125 0.8799503296875001 0.8562230265625 0.8484881578125 0.85800194375 0.8441517562499999 0.8621342390625 0.8287435734375 0.8620728218749999 0.8270161453125 0.8615141765625 0.8256116234374999 0.8595510093750001 0.824765746875 0.8462803187500001 0.8206591968750001 0.8290575468749999 0.8169983828125 0.8183086703125 0.81514223125 0.8024904218750001 0.8109227734375001 0.781079828125 0.8068004046875 0.7720583765625 0.8048828359375 0.76230395625 0.8023808765625 0.7500019765625 0.7997660109375 0.7466342874999999 0.799478778125 0.7457269921874999 0.79971451875 0.7448196984375001 0.7999502625 0.7440609828125 0.8015033624999999 0.74030308125 0.8131337890625 0.7384370031249999 0.8178802578125 0.7353763984375 0.82623015625 0.7321672140625 0.8332626937500001 0.7298395796875 0.842196984375 0.7236312093749999 0.8593068468749999 0.721006415625 0.8656064171875 0.7174228375 0.8764167109375001 0.7147108828125 0.883126346875 0.7129933828125 0.8891901734375001 0.7096098750000001 0.8970428453125001 0.7073079843750001 0.9038396421874999 0.7045960296875 0.9105492765625 0.7020326546875 0.918576271875 0.6985619828125 0.9268390078125 0.6964958343750001 0.9345431 0.693112328125 0.9423957703125 0.6907846921874999 0.9513300593749999 0.687314021875 0.9595927953125001 0.6849249703125 0.9667996593750001 0.6814543 0.9750623953125 0.6802340296875 0.9808033187499999 0.680792675 0.9822078421875 0.6819357109374999 0.98287939375 0.6830787453125 0.9835509468750001 0.6912800640625 0.9852941921875 0.695616465625 0.9870731062500001 0.7194874546875 0.9917184499999999 0.7307949781249999 0.9949791234375001 0.752533978125 1 0.8118544828125 1
1 0.437777596875 0.72177053125 0.44603987343749996 0.71387130625 0.45257994375 0.7161392078125 0.4557708890625 0.7238395921875 0.4552293265625 0.740840915625 0.4583777109375 0.75906544375 0.466082228125 0.7765028765624999 0.46975794375 0.7825333171875 0.48646661875 0.7567781359375 0.499550246875 0.7270082515625 0.513136146875 0.6457550328125 0.5201817921874999 0.61838674375 0.517217715625 0.5652186015625 0.504905384375 0.5661040578125001 0.435907575 0.5856598156249999 0.444037453125 0.513325709375 0.27255547812500003 0.497579515625 0.22277277812500001 0.5613121828125001 0.18831929218750001 0.6338306874999999 0.1851002828125 0.6663115281249999 0.19441151875 0.7149674453125 0.1932136125 0.7263820125 0.202167025 0.7362693015625 0.23306102968750003 0.7440643609375 0.351956396875 0.767136865625 0.37396951562499997 0.755607065625 0.38349152656249996 0.74797560625 0.403385534375 0.73903771875 0.42461836562500005 0.7238011625 0.437777596875 0.72177053125
3 0.7740609609375 0.478738334375 0.7585616265625 0.46247360625 0.7473095359374999 0.45908418749999996 0.7288081765625 0.46163672499999997 0.72489525 0.4448416296875 0.7114180859375 0.4354918484375 0.7028983281250001 0.4356763390625 0.6988827296875 0.43744356875 0.711435178125 0.45030208125 0.718383934375 0.4854003984375 0.7166523984375 0.504844909375 0.712328984375 0.519535834375 0.7005879796875 0.5380535281250001 0.6948559890625 0.5418261234374999 0.6997836765625001 0.551247640625 0.7134038125 0.5646186578125 0.727621103125 0.5681394921875 0.744446165625 0.5617386578125 0.7603050890625 0.5481484875 0.7693804828124999 0.5336152890625 0.7766665734375 0.5087246515625 0.776530459375 0.4882426421875 0.7740609609375 0.478738334375
5 0.33259780625 0.9399217453125001 0.341174540625 0.9408670203125 0.37623808125 0.9307646875 0.4984948171875 0.8676579156249999 0.49657980312500005 0.8518899624999999 0.48826669999999994 0.8290565750000001 0.4826779375 0.8037300843749999 0.466082228125 0.7765028765624999 0.4583777109375 0.75906544375 0.4552293265625 0.740840915625 0.4557708890625 0.7238395921875 0.45257994375 0.7161392078125 0.44603987343749996 0.71387130625 0.437777596875 0.72177053125 0.42461836562500005 0.7238011625 0.403385534375 0.73903771875 0.38349152656249996 0.74797560625 0.37396951562499997 0.755607065625 0.33939894375 0.7737140765625 0.30585686875 0.797306296875 0.30660140468749997 0.8123865734375 0.315275659375 0.8541686937499999 0.31742604218750003 0.8853475796874999 0.325465346875 0.92392255625 0.33259780625 0.9399217453125001
3 0.7166523984375 0.504844909375 0.718383934375 0.4854003984375 0.711435178125 0.45030208125 0.695165225 0.43363542187500004 0.6791173109375 0.42722242968749996 0.618888428125 0.41682190781250006 0.5798190859375 0.4283300234375 0.5428310703125 0.4582919546875 0.525906309375 0.467302478125 0.5104106640625 0.47241410625 0.4480339796875 0.4777673328125 0.435907575 0.5856598156249999 0.504905384375 0.5661040578125001 0.5323419140625 0.564130925 0.5540480718749999 0.5693450921875 0.5781879453125 0.582881509375 0.6142048265625 0.5857340890625 0.644047259375 0.5752666359374999 0.7005879796875 0.5380535281250001 0.712328984375 0.519535834375 0.7166523984375 0.504844909375