6 0.7172842671875 0.4186829078125 0.7349586578125 0.41264704218750003 0.746650746875 0.4138271875 0.764968771875 0.42683567499999997 0.76920640625 0.435694159375 0.7732481703125 0.455773884375 0.7717912171875 0.471431734375 0.7742175140625001 0.46847449531249996 0.7794971375 0.4551097421875 0.7843825578125 0.43220613124999996 0.7847445703125 0.4114663828125 0.7986935359375 0.3511537734375 0.7944440859374999 0.3376226890625 0.797963834375 0.3287128546875 0.793841578125 0.3078948328125 0.783504528125 0.289771853125 0.7867279171875 0.2657178234375 0.7756346515625 0.2587957359375 0.7649258046875 0.2619730390625 0.7589975921875001 0.2803728109375 0.7402455890625 0.29462381249999997 0.7246024015625 0.32350739375000004 0.7173183 0.3553404078125 0.722108715625 0.37000234375 0.7094095140625 0.40257819375 0.710238578125 0.40294300781250003 0.7172842671875 0.4186829078125
6 0.4056484921875 0.790476859375 0.36302750625 0.7904901296875 0.352322909375 0.8042557046875001 0.3436841546875 0.8316470671875 0.343784634375 0.8551106562499999 0.3475923484375 0.86663083125 0.3664707578125 0.8441252359375 0.3695141234375 0.8425468531250001 0.366152540625 0.8288881984375 0.39457674531250003 0.7993293046875001 0.4056484921875 0.790476859375
0 0.551269228125 0.825249696875 0.5637864125000001 0.8460773578125 0.5666394984374999 0.8548977140625 0.568674909375 0.8611902062500001 0.5609886734375 0.8672608609375001 0.5937343203125 0.87570825 0.59472290625 0.8190722671874999 0.588753803125 0.7353813296875 0.57608185625 0.7430544421875 0.56201146875 0.7776366546875 0.551139715625 0.7885917874999999 0.5270072078125 0.776213665625 0.5242234734375 0.7831128421875 0.540950625 0.8014549125 0.551269228125 0.825249696875
3 0.3860261453125 0.95072319375 0.409006078125 0.9481165140625001 0.3943082234375 0.9131044125000001 0.38624813750000003 0.8829086828125 0.36976085 0.84354934375 0.3695141234375 0.8425468531250001 0.3664707578125 0.8441252359375 0.3450201828125 0.8696971984375 0.3345762171875 0.8781636921875 0.324594278125 0.8837553203124999 0.2823758578125 0.8957856625 0.2884645125 0.9716718515625 0.333340115625 0.9489798593750001 0.35196102812499996 0.9439508734375 0.36759927187499997 0.9446356874999999 0.3860261453125 0.95072319375
6 0.41972844531250003 0.34669485624999996 0.41862197500000004 0.3530771453125 0.4396276890625 0.361133378125 0.45126898437499996 0.37408297031250004 0.45107872968749996 0.384982646875 0.47464454843750004 0.3701666171875 0.4825038265625 0.362999303125 0.4869492375 0.354483371875 0.48972894843750003 0.3429306296875 0.48824319687499995 0.32958472968749997 0.46073609375 0.23156806093750001 0.4532067140625 0.21983537343749998 0.44082487343750004 0.21532248437499998 0.4265374046875 0.2215182421875 0.3414392671875 0.2720236859375 0.3374383984375 0.279688025 0.334124171875 0.29724690468750004 0.33720064375000003 0.31792506875000004 0.346880484375 0.35428203125 0.35509850625 0.351701153125 0.3600558828125 0.327938996875 0.3692657453125 0.324099759375 0.40623771875000003 0.33388795781249997 0.41972844531250003 0.34669485624999996
3 0.539012303125 0.8849997625 0.5396183875 0.8841392984375 0.5370646609375 0.8861562546874999 0.539012303125 0.8849997625
0 0.5604927359375 0.641436275 0.5475625265625 0.667336634375 0.5423177734375 0.693770890625 0.5421063265625 0.6937672 0.542873728125 0.7229232875 0.5417219359375001 0.72802376875 0.5480168203125 0.7160476796874999 0.545628571875 0.7033953640624999 0.55727266875 0.684030396875 0.5548085406250001 0.6757252499999999 0.5624816828125 0.68455616875 0.5690251984375 0.6833658390624999 0.57098411875 0.6707894046875 0.5840841265625001 0.6427528640625 0.5825728031249999 0.6357235390625 0.5756036265625 0.6391591078125 0.5617454687500001 0.641429671875 0.5604927359375 0.641436275
0 0.278239853125 0.466440921875 0.303132084375 0.475666034375 0.3234782671875 0.47688788125 0.32702445625 0.45250517968750004 0.33511175312499997 0.4475034921875 0.344424253125 0.40286597031250004 0.35509850625 0.351701153125 0.3191639 0.362986453125 0.29039379374999996 0.3492983421875 0.25088641875 0.3464110859375 0.21868005781250002 0.3533209453125 0.19465350312500002 0.37004326249999997 0.193253171875 0.3999069140625 0.22295798281249998 0.43558787812500005 0.278239853125 0.466440921875
6 0.2902893625 0.47599314687499994 0.26580518125 0.4711981515625 0.24063231406250002 0.4745804265625 0.22904695 0.48147558906250004 0.222900396875 0.48955759375 0.2082117953125 0.48657143906250006 0.190010303125 0.4971727875 0.16763581875 0.5279015499999999 0.1579668515625 0.5501168421875 0.146371959375 0.55755779375 0.14570232656249998 0.564643490625 0.149265609375 0.5794464140625 0.1584868203125 0.5828830890625001 0.16838719062500002 0.578688278125 0.19539071562500002 0.5955382109375 0.21553718437499997 0.5986196328125 0.2620668828125 0.568909590625 0.27627242343749997 0.5410224484375 0.30558440781249996 0.5380690390625 0.305719809375 0.5303118140625 0.2978378671875 0.5127037453125001 0.2902893625 0.47599314687499994
1 0.6949504078125 0.5080873171875 0.7011696359374999 0.506272715625 0.6992567359375 0.503877384375 0.6949504078125 0.5080873171875
2 0.6152318953125 0.38399873906250004 0.5952187203125 0.3790432328125 0.578488709375 0.377913721875 0.5642557781249999 0.3776652859375 0.54247315 0.37812255625 0.4736302046875 0.3878082203125 0.4647369796875 0.3935153921875 0.4525167484375 0.3979082625 0.44316837187499997 0.40570120625 0.432211296875 0.40969738125 0.412192934375 0.429028890625 0.405570271875 0.4485942203125 0.40464959531250005 0.5013397890625 0.40882325625 0.5261184890624999 0.410909028125 0.5265736390625 0.4112026453125 0.5274271859375 0.4476083078125 0.5237590359375 0.4447465484375 0.48809139375 0.45255952656250004 0.485865046875 0.504955753125 0.4709344875 0.51919135625 0.4629600671875 0.5340858734375 0.4508856953125 0.564677309375 0.414416603125 0.600832984375 0.39566514218750004 0.6346504921875 0.3949552328125 0.63389423125 0.39437432656250004 0.6152318953125 0.38399873906250004
2 0.6557622578125 0.5463982625 0.6284653984374999 0.5623676046874999 0.59256595 0.566439778125 0.5662867234375 0.5577581687500001 0.5439844593750001 0.55678153125 0.5293456734374999 0.5607350578125 0.5424002515625 0.612360778125 0.5407061703125 0.6405706062500001 0.5407316953125 0.6415404171875 0.5617454687500001 0.641429671875 0.5756036265625 0.6391591078125 0.61826376875 0.6181290984375 0.639097440625 0.6000680515625 0.6596586375 0.573627384375 0.668755521875 0.5336958453125 0.6557622578125 0.5463982625
6 0.3948071515625 0.49768829375 0.402712075 0.4703977265625 0.40066636874999995 0.45664774531249996 0.41972844531250003 0.34669485624999996 0.40623771875000003 0.33388795781249997 0.3692657453125 0.324099759375 0.3600558828125 0.327938996875 0.33511175312499997 0.4475034921875 0.32702445625 0.45250517968750004 0.3231282828125 0.4792942921875 0.33098624062500004 0.48743144687499995 0.34858543124999997 0.49402435 0.37878212499999997 0.49912286093749997 0.3948071515625 0.49768829375
5 0.798400521875 0.7473209984375 0.799246165625 0.7469164687500001 0.8026067875 0.7465558390625 0.8151816843749999 0.746775334375 0.8252342859375 0.7473700937500001 0.8344558765625001 0.7475310562499999 0.8562596828125001 0.747492353125 0.860810321875 0.74780543125 0.8716788890625 0.6749158203125 0.8824476296875 0.6161979890625 0.8772039953125 0.6121203546875 0.67310988125 0.5819838328125 0.6641772796875001 0.586256921875 0.6590640249999999 0.6508311796874999 0.6480711578125 0.7223892203125 0.6491907859375 0.734367084375 0.6959693953125 0.7440416234375 0.7960339640625 0.7582494453125 0.79710645 0.749394865625 0.7975548796874999 0.7477255296875 0.798400521875 0.7473209984375
5 0.906306484375 0.8829583187500001 0.9074521046875 0.865368096875 0.9101039765625 0.833548271875 0.9130872140624999 0.8067657234375 0.91617288125 0.774114890625 0.917091690625 0.769518728125 0.91820804375 0.7536051578125 0.917818146875 0.7519211875 0.9170017703125 0.7506490640625 0.9149132703125 0.75019331875 0.901102834375 0.748694384375 0.8834979765625001 0.748387090625 0.872592415625 0.7486160234375 0.8562596828125001 0.747492353125 0.8344558765625001 0.7475310562499999 0.8252342859375 0.7473700937500001 0.8151816843749999 0.746775334375 0.8026067875 0.7465558390625 0.799246165625 0.7469164687500001 0.798400521875 0.7473209984375 0.7975548796874999 0.7477255296875 0.79710645 0.749394865625 0.7956367796875 0.76152865 0.79471065625 0.7665439765625 0.7932995203125001 0.7753244546875 0.79149116875 0.7828401265625 0.7909110421875 0.7920544031250001 0.788081453125 0.810034521875 0.7867068984375 0.816719184375 0.7852518625 0.8280146421874999 0.7838699921875001 0.83511846875 0.7833410796875 0.8413986 0.781518096875 0.8497526000000001 0.7805553890625 0.8568637421874999 0.77917351875 0.8639675671875 0.7781888625 0.8723361984375 0.7763585625 0.8811093609375 0.7758003859375 0.8890661468750001 0.773977403125 0.89742014375 0.773397275 0.9066344203125001 0.771566975 0.91540758125 0.7705969515625 0.9229378859375 0.7687666515625 0.9317110484375 0.7686642203125 0.9375793343750001 0.7694805984374999 0.9388514562499999 0.770730771875 0.93929256875 0.77198094375 0.9397336828125 0.7803642078124999 0.9398800140624999 0.7849603703125 0.9407988203125001 0.80927915625 0.9408040156249999 0.82100109375 0.94184720625 0.8448860828125 0.9426834109375 0.8532547125000001 0.9436680671875 0.8758748953125 0.9449014874999999 0.8821550281249999 0.9454303968750001 0.8867585078125 0.9459300421875 0.896818425 0.9461056390625 0.8985097109375 0.9452965796875 0.8997891499999999 0.9440610375 0.9006567421874999 0.9423990171875 0.9011563875 0.9377955390625001 0.9017584640624999 0.927323775 0.906306484375 0.8829583187500001
1 0.4812366109375 0.7295685765625 0.4878398421875 0.720237965625 0.49469248749999994 0.7212162953125001 0.49929410937499996 0.728166340625 0.502006503125 0.7449586359375 0.508574446875 0.7622475890625 0.5194646296875 0.7778945562499999 0.5242234734375 0.7831128421875 0.5357108421875 0.7546426890625 0.542873728125 0.7229232875 0.5407061703125 0.6405706062500001 0.5424002515625 0.612360778125 0.5293456734374999 0.5607350578125 0.5174285078125 0.5639535484375 0.45342979687499996 0.596315415625 0.4476083078125 0.5237590359375 0.27627242343749997 0.5410224484375 0.2395651390625 0.6130831531250001 0.21958184374999998 0.6908433234375 0.2226196125 0.723341615625 0.24104376093750002 0.7693269203125 0.2420458671875 0.7807603390625 0.2527213640625 0.7887575796874999 0.284535125 0.7905145671875 0.4056484921875 0.790476859375 0.425057178125 0.77495859375 0.43294809218749997 0.7656504609375 0.45077116093749997 0.7530808328124999 0.4687066140625 0.7340728000000001 0.4812366109375 0.7295685765625
3 0.764968771875 0.42683567499999997 0.746650746875 0.4138271875 0.7349586578125 0.41264704218750003 0.7172842671875 0.4186829078125 0.710238578125 0.40294300781250003 0.6952250046875 0.396336571875 0.68689698125 0.3981433203125 0.6832923640625 0.40064429375 0.698067709375 0.4108714375 0.711585871875 0.44399901406250003 0.7135963359375 0.46341666875 0.7121555171875 0.4786626265625 0.7041635703125 0.4990803875 0.6992567359375 0.503877384375 0.7058915984375 0.5121855546875 0.7218128046875 0.5227120640625 0.7364406906250001 0.5234554234375 0.7517352921875 0.5139618171875 0.764709715625 0.49759531093750003 0.7708453046875 0.4815974625 0.7732481703125 0.455773884375 0.76920640625 0.435694159375 0.764968771875 0.42683567499999997
5 0.4196144828125 0.9637809890625 0.4282140046875 0.9630723765625 0.4607057140625 0.9464652140625001 0.568674909375 0.8611902062500001 0.5637864125000001 0.8460773578125 0.551269228125 0.825249696875 0.540950625 0.8014549125 0.5194646296875 0.7778945562499999 0.508574446875 0.7622475890625 0.502006503125 0.7449586359375 0.49929410937499996 0.728166340625 0.49469248749999994 0.7212162953125001 0.4878398421875 0.720237965625 0.4812366109375 0.7295685765625 0.4687066140625 0.7340728000000001 0.45077116093749997 0.7530808328124999 0.43294809218749997 0.7656504609375 0.425057178125 0.77495859375 0.39457674531250003 0.7993293046875001 0.366152540625 0.8288881984375 0.36976085 0.84354934375 0.38624813750000003 0.8829086828125 0.3943082234375 0.9131044125000001 0.40956027656250005 0.9494366875000001 0.4196144828125 0.9637809890625
3 0.7135963359375 0.46341666875 0.711585871875 0.44399901406250003 0.698067709375 0.4108714375 0.67891653125 0.3976154453125 0.6619398078125001 0.3943823640625 0.600832984375 0.39566514218750004 0.564677309375 0.414416603125 0.5340858734375 0.4508856953125 0.51919135625 0.4629600671875 0.504955753125 0.4709344875 0.4447465484375 0.48809139375 0.45342979687499996 0.596315415625 0.5174285078125 0.5639535484375 0.5439844593750001 0.55678153125 0.5662867234375 0.5577581687500001 0.59256595 0.566439778125 0.6284653984374999 0.5623676046874999 0.6557622578125 0.5463982625 0.7041635703125 0.4990803875 0.7121555171875 0.4786626265625 0.7135963359375 0.46341666875