6 0.71476054375 0.3515697125 0.719806115625 0.3661458109375 0.707677375 0.39893833125 0.7085126796875 0.3992886203125 0.7158319953125 0.414903159375 0.733398353125 0.40855975312500004 0.7451092578125 0.4095356625 0.763651521875 0.422222475 0.7680431125 0.431005653125 0.7724347015624999 0.4510117828125 0.7712512375 0.466692675 0.773625553125 0.463693540625 0.778671125 0.45023868125 0.783156078125 0.427253296875 0.783156078125 0.40651038906250003 0.79605031875 0.345963521875 0.791565365625 0.3325086625 0.7949290796875 0.32353875625 0.7904441265625 0.3027958484375 0.7797923625000001 0.2848560359375 0.782595459375 0.2607494140625 0.7713830765624999 0.254021984375 0.7607313125 0.2573856984375 0.755125121875 0.27588612968750004 0.7366246890625 0.290462228125 0.7214879734374999 0.319614421875 0.71476054375 0.3515697125
6 0.3724969078125 0.84640323125 0.3755122640625 0.8447719734374999 0.3719128171875 0.8311740671875001 0.39981681875 0.8011236046875 0.41073238281249996 0.7920792796875 0.3681181203125 0.7928363859374999 0.3576553953125 0.8067866859375 0.3494960015625 0.8343246437499999 0.3500059625 0.8577829046875 0.3540141515625 0.869234871875 0.3724969078125 0.84640323125
0 0.5561685484375001 0.787655321875 0.5318236875 0.77570025625 0.5291607843749999 0.7826469640625 0.5462055015625 0.8006943124999999 0.556937809375 0.8243053890625 0.5698165796875 0.8449114218749999 0.5728231687500001 0.8536806421875 0.5749680875000001 0.859936653125 0.5673889703125 0.8661405265625 0.6002770578125001 0.8740151390625 0.6002770578125001 0.8173705281249999 0.59284825625 0.7337965125 0.5803121531250001 0.7416896125 0.5668474515625 0.7765121203125 0.5561685484375001 0.787655321875
3 0.29672853906249996 0.9752918171875 0.341201278125 0.95182009375 0.3597315859375 0.94646689375 0.37537940000000003 0.9468786781249999 0.3939097078125 0.9526436640625 0.41684064843749996 0.9496363265625 0.40153398749999997 0.9148860703125001 0.392948140625 0.8848356078125 0.3757764484375 0.8457700062500001 0.3755122640625 0.8447719734374999 0.3724969078125 0.84640323125 0.3514958921875 0.8723456625000001 0.341201278125 0.8809931390625 0.331318446875 0.8867581250000001 0.289316415625 0.8995234468750001 0.29672853906249996 0.9752918171875
6 0.352532403125 0.35425261875 0.35707431875 0.3304075640625 0.366215775 0.3264081765625 0.40335294375 0.335549634375 0.41706512812499996 0.3481191375 0.41607021250000004 0.3545197640625 0.4372133265625 0.3622081703125 0.4490788515625 0.374952621875 0.4490788515625 0.3858539578125 0.4723825046875 0.3706289046875 0.4801155 0.36332551875 0.48441160937500005 0.3547333015625 0.486989275 0.34313380625 0.48527083125 0.32981586875 0.456057290625 0.23229419375 0.44832429375 0.2206947 0.43586557812500004 0.21639859062500003 0.4216884171875 0.22284275468749998 0.33748468125 0.2748256734375 0.3336181828125 0.2825586703125 0.33061090625 0.3001727171875 0.33404779375000004 0.320794040625 0.34436067656249997 0.356976528125 0.352532403125 0.35425261875
3 0.543798371875 0.8854505734375 0.545725534375 0.8842602671875 0.546316509375 0.88338935625 0.543798371875 0.8854505734375
0 0.5865627015625 0.6412636515625 0.5849289296875 0.6342617734375 0.5780207734375 0.6378184484375 0.564204353125 0.640330525 0.5629519265625 0.6403589890625 0.550475709375 0.6664810671875 0.545693096875 0.6930028312500001 0.5454816171875 0.6930028312500001 0.5467577453125 0.7221410859375 0.5456951453125 0.7272608921875 0.551780059375 0.715176765625 0.5491713609375 0.7025680578125 0.56047571875 0.6830028218749999 0.557867021875 0.6747419453125 0.565693115625 0.6834376046874999 0.5722148609375 0.68213325625 0.57395399375 0.6695245484375 0.5865627015625 0.6412636515625
0 0.2161630015625 0.3582529953125 0.19243195156249998 0.3753920859375 0.191553025 0.40527562968749997 0.22187603125000002 0.4404327390625 0.2776879421875 0.47031628124999997 0.3027373828125 0.47910555937500005 0.323101790625 0.4799721296875 0.326221903125 0.45553125312500004 0.3342206765625 0.450389184375 0.342752725 0.4055959359375 0.352532403125 0.35425261875 0.3168002265625 0.3661633453125 0.2877956109375 0.352979428125 0.24824386406249999 0.350782109375 0.2161630015625 0.3582529953125
6 0.2770224390625 0.544920784375 0.3062784140625 0.5414562609375 0.3062784140625 0.5336978546875 0.29809036875 0.5162300265625 0.289902325 0.4796567578125 0.2653381890625 0.4752898015625 0.240228184375 0.4791108890625 0.228764921875 0.48620719375 0.22276035468750002 0.49439523906250005 0.20802187499999997 0.49166589062500005 0.190008175 0.502583284375 0.16817338906249998 0.5336978546875 0.1588936046875 0.5560785109374999 0.147430340625 0.5637206875 0.146884471875 0.5708169921875 0.15070555937500002 0.5855554734374999 0.15998534375 0.5888306921875001 0.169810996875 0.584463734375 0.19710448125 0.600839825 0.21730165937499998 0.6035691734374999 0.263305759375 0.5730516015625 0.2770224390625 0.544920784375
1 0.6992940578125 0.500399284375 0.695061859375 0.50468373125 0.7012484703124999 0.502760865625 0.6992940578125 0.500399284375
2 0.563173821875 0.41330086250000003 0.5989967328125 0.3939212546875 0.6327967 0.39262125625 0.632030415625 0.3920536375 0.6131898437500001 0.38200533281250004 0.59309323125 0.377399859375 0.57634605625 0.3765625 0.56211095625 0.3765625 0.5403396265625 0.377399859375 0.4716762046875 0.3882855234375 0.4628839375 0.394147034375 0.450742234375 0.3987525078125 0.4415312875 0.40670741718750003 0.4306456234375 0.41089421093749995 0.410967690625 0.43057214374999997 0.4046875 0.450250075 0.4046875 0.5030036796874999 0.4092929734375 0.5277057640625 0.4113863703125 0.52812444375 0.41169484062499995 0.5289727359375 0.4480309390625 0.524669778125 0.4445471296875 0.48905751249999996 0.4523200625 0.48669514999999997 0.5044477359374999 0.470852425 0.518541996875 0.4626307734375 0.5332235187500001 0.4502982953125 0.563173821875 0.41330086250000003
2 0.62030739375 0.61604711875 0.640822684375 0.597625225 0.6609192953125 0.57082974375 0.66931789375 0.5307455234375 0.6565482953124999 0.5436727703125 0.629534296875 0.560116075 0.5937113859375 0.5648141609375 0.567284646875 0.5565925093749999 0.544968734375 0.5560052484375 0.5304011765625 0.5602136546875001 0.544354759375 0.611603678125 0.543153265625 0.6398387765625 0.5431957125 0.64080799375 0.564204353125 0.640330525 0.5780207734375 0.6378184484375 0.62030739375 0.61604711875
6 0.32279385625 0.48238428281249995 0.33079263124999997 0.49038305781249997 0.34850420312499997 0.496667809375 0.37878527812499996 0.5012385375 0.394782828125 0.49952451406250004 0.40221026093749995 0.47210014375 0.399924896875 0.458387959375 0.41706512812499996 0.3481191375 0.40335294375 0.335549634375 0.366215775 0.3264081765625 0.35707431875 0.3304075640625 0.3342206765625 0.450389184375 0.326221903125 0.45553125312500004 0.32279385625 0.48238428281249995
5 0.7001986625 0.7405843171875001 0.8004959515625 0.7530436078125 0.8014137390625 0.744171659375 0.8018329671875 0.7424947515625 0.8026714203124999 0.7420755234375 0.8035098749999999 0.741656296875 0.8068636921874999 0.7412370703125 0.8194405046875 0.7412370703125 0.8295019546875 0.741656296875 0.8387249499999999 0.741656296875 0.8605247593750001 0.7412370703125 0.8650801703125 0.74147068125 0.8746749828124999 0.6684024890625 0.8844173156249999 0.609505659375 0.879103315625 0.6055201609374999 0.6745143312499999 0.5789501625 0.6656576656250001 0.5833784953125 0.661672165625 0.6480321578125 0.6519298328125 0.7197711515624999 0.6532583328125 0.7317276515625 0.7001986625 0.7405843171875001
5 0.9074781937499999 0.937016121875 0.9083166484375 0.9353392140624999 0.908735875 0.930727715625 0.909155103125 0.9202470390625 0.9129281468749999 0.8758089671875 0.9137666 0.8582014296875 0.9158627359375 0.8263401703125 0.9183780984375 0.7995096359375 0.9208934609374999 0.7668099234375 0.9217319156249999 0.762198425 0.92257036875 0.7462677953125 0.9221511421875 0.7445908859375 0.9213126875000001 0.7433332046875 0.919216553125 0.742913978125 0.905382059375 0.741656296875 0.8877745203125 0.741656296875 0.876874615625 0.7420755234375 0.8605247593750001 0.7412370703125 0.8387249499999999 0.741656296875 0.8295019546875 0.741656296875 0.8194405046875 0.7412370703125 0.8068636921874999 0.7412370703125 0.8035098749999999 0.741656296875 0.8026714203124999 0.7420755234375 0.8018329671875 0.7424947515625 0.8014137390625 0.744171659375 0.8001560578125 0.7563292453125 0.7993176046875 0.7613599703125 0.7980599234375 0.7701637390625 0.7963830140625 0.7777098265625 0.7959637875000001 0.7869328234374999 0.793448425 0.8049595875 0.79219074375 0.8116672218750001 0.7909330625 0.822986353125 0.78967538125 0.8301132140625 0.789256153125 0.8364016203125001 0.7875792453125 0.8447861624999999 0.786740790625 0.8519130234375 0.785483109375 0.8590398828125 0.78464465625 0.8674244249999999 0.782967746875 0.8762281937499999 0.7825485203125 0.884193509375 0.7808716125 0.89257805 0.780452384375 0.901801046875 0.7787754765625 0.9106048156250001 0.7779370218749999 0.918150903125 0.7762601140625 0.926954671875 0.7762601140625 0.9328238515624999 0.7770985687499999 0.9340815328125001 0.7783562500000001 0.9345007593749999 0.77961393125 0.9349199875 0.787998471875 0.9349199875 0.7926099703125 0.935758440625 0.8169251421875 0.9353392140624999 0.8286635 0.9361776687500001 0.8525594453125 0.9365968953125 0.8609439859375 0.93743535 0.8835822500000001 0.9382738046875 0.88987065625 0.93869303125 0.8944821546874999 0.9391122578125 0.9045436046875001 0.9391122578125 0.9062205125 0.9382738046875 0.9074781937499999 0.937016121875
1 0.42986728125000007 0.7762246484374999 0.43759454375000006 0.76678021875 0.45519552812499997 0.7539014484375001 0.4727965140625 0.73458329375 0.4852459921875 0.729861078125 0.49168537656250005 0.7204166468750001 0.498554053125 0.72127523125 0.50327626875 0.7281439093750001 0.506281315625 0.744886309375 0.5131499921875 0.762058003125 0.52431159375 0.7775125265625 0.5291607843749999 0.7826469640625 0.54014953125 0.753980665625 0.5467577453125 0.7221410859375 0.543153265625 0.6398387765625 0.544354759375 0.611603678125 0.5304011765625 0.5602136546875001 0.518541996875 0.5636396390625 0.45511782500000003 0.5971135078125 0.4480309390625 0.524669778125 0.2770224390625 0.544920784375 0.241578378125 0.6176111453125 0.22295522812500002 0.695708228125 0.22655970781249998 0.7281485546875001 0.2457836046875 0.7738053093749999 0.2469850984375 0.7852194984375 0.25779854062499996 0.7930292078125001 0.28963812031249997 0.7942307015625001 0.41073238281249996 0.7920792796875 0.42986728125000007 0.7762246484374999
3 0.76462743125 0.49297585625 0.770482884375 0.4768733625 0.7724347015624999 0.4510117828125 0.7680431125 0.431005653125 0.763651521875 0.422222475 0.7451092578125 0.4095356625 0.733398353125 0.40855975312500004 0.7158319953125 0.414903159375 0.7085126796875 0.3992886203125 0.6933860953125001 0.3929452140625 0.6850908718750001 0.39489703125000003 0.6815304515625 0.3974605328125 0.696482034375 0.4074282546875 0.71057629375 0.4403148609375 0.7129253375 0.4596944703125 0.7117508156250001 0.47496325156249997 0.7041164249999999 0.49551738125 0.6992940578125 0.500399284375 0.7060729078125 0.5085903953125 0.7221754015624999 0.5188374375 0.7368140328125 0.5193253921875 0.75194061875 0.5095663046875 0.76462743125 0.49297585625
5 0.3757764484375 0.8457700062500001 0.392948140625 0.8848356078125 0.40153398749999997 0.9148860703125001 0.41741780312500004 0.9509466265625001 0.4277208203125 0.9651132734375001 0.436306665625 0.9642546875000001 0.468503590625 0.9470829953125 0.5749680875000001 0.859936653125 0.5698165796875 0.8449114218749999 0.556937809375 0.8243053890625 0.5462055015625 0.8006943124999999 0.52431159375 0.7775125265625 0.5131499921875 0.762058003125 0.506281315625 0.744886309375 0.50327626875 0.7281439093750001 0.498554053125 0.72127523125 0.49168537656250005 0.7204166468750001 0.4852459921875 0.729861078125 0.4727965140625 0.73458329375 0.45519552812499997 0.7539014484375001 0.43759454375000006 0.76678021875 0.42986728125000007 0.7762246484374999 0.39981681875 0.8011236046875 0.3719128171875 0.8311740671875001 0.3757764484375 0.8457700062500001
3 0.629534296875 0.560116075 0.6565482953124999 0.5436727703125 0.7041164249999999 0.49551738125 0.7117508156250001 0.47496325156249997 0.7129253375 0.4596944703125 0.71057629375 0.4403148609375 0.696482034375 0.4074282546875 0.677102425 0.394508515625 0.6600718609375 0.3915722109375 0.5989967328125 0.3939212546875 0.563173821875 0.41330086250000003 0.5332235187500001 0.4502982953125 0.518541996875 0.4626307734375 0.5044477359374999 0.470852425 0.4445471296875 0.48905751249999996 0.45511782500000003 0.5971135078125 0.518541996875 0.5636396390625 0.544968734375 0.5560052484375 0.567284646875 0.5565925093749999 0.5937113859375 0.5648141609375 0.629534296875 0.560116075