0 0.41477745156249995 0.49491851093749994 0.41697760625 0.5015084796875 0.417412246875 0.5042526859375001 0.4156515203125 0.5073446046875 0.405761290625 0.5159436828125 0.40454940468749995 0.5189486750000001 0.40984435 0.536394846875 0.409563384375 0.537842571875 0.4244455734375 0.5451778546875 0.4274459234375 0.554477846875 0.4261206484375 0.571183403125 0.42140562031249995 0.583356153125 0.4908063578125 0.5357528609375 0.46879026250000005 0.53476266875 0.44999262343749996 0.5297749921875 0.4324025625 0.5214793453125 0.4309106671875 0.52517865 0.4216823328125 0.525947671875 0.4171772890625 0.51280915 0.4280548921875 0.502775075 0.4302192984375 0.49238953125 0.4302371359375 0.49189604062500003 0.428560371875 0.4914897734375 0.41477745156249995 0.49491851093749994
0 0.38893724375 0.586870590625 0.385547421875 0.590413675 0.3618273296875 0.6315129953125 0.3658214203125 0.6589761234375 0.378434034375 0.6847185703124999 0.3966634078125 0.694278796875 0.4255175203125 0.696821596875 0.45195384531249994 0.6840990828125 0.442573778125 0.667026871875 0.415636253125 0.65464265 0.3963761515625 0.6187158937499999 0.393872790625 0.6202082796874999 0.3889810234375 0.6203282906250001 0.38756765 0.6176056796875 0.3922937390625 0.6111007765625 0.39191190625 0.6103885265625 0.3968064515625 0.6017085046874999 0.38893724375 0.586870590625
0 0.48744939374999996 0.636511365625 0.514871584375 0.6232770624999999 0.5288321203125 0.6036394656249999 0.5362902421875 0.5811196859375001 0.5366996875 0.559005021875 0.5289032812500001 0.523253065625 0.5309114515625 0.5082440109374999 0.47198186406250003 0.6394925046875 0.48744939374999996 0.636511365625
5 0.49309948906249995 0.43618303281250004 0.509676790625 0.43651704062499996 0.521326559375 0.4422905265625 0.5241592609375 0.4536161140625 0.527041315625 0.45865412031249997 0.5198469703125 0.31244779375 0.51793243125 0.3039463546875 0.51715886875 0.302648765625 0.48456600156249996 0.30667488125000003 0.45491938125000003 0.3113704453125 0.4550312296875 0.33180229375 0.460487465625 0.3357664796875 0.46137890937500003 0.3396015921875 0.46072580781249994 0.34623753281249997 0.45779590625 0.3492577796875 0.457913790625 0.35179530468750003 0.45898076874999993 0.356738703125 0.46264292500000004 0.3601349796875 0.464795809375 0.379107471875 0.4645953140625 0.38680781406250003 0.4604719390625 0.39484545781249997 0.46145115 0.3992347140625 0.46474846718749996 0.40212072968749996 0.46565625781250003 0.40964553593749997 0.46419948125 0.41300050625000007 0.464729309375 0.41558104062499995 0.4755393484375 0.41325807968749995 0.48295115468749994 0.41208416562499994 0.48639772187499997 0.41305783125 0.4906146203125 0.42049419375 0.49309948906249995 0.43618303281250004
6 0.6558988140625 0.7546708984375 0.654927909375 0.753965496875 0.6494203062499999 0.740004221875 0.660355065625 0.7799886671875 0.6607324671875 0.7775079046875 0.6643476078125 0.794587940625 0.6669742125 0.805687321875 0.7385596203125 0.8214655437499999 0.6597406484375 0.723365628125 0.652175128125 0.7355628640625 0.6522402875 0.7373858875 0.6558988140625 0.7546708984375
5 0.2224157359375 0.6898672312499999 0.21522231875000003 0.6916567171875 0.2136209359375 0.6938608312500001 0.22007468593750001 0.7510279984375 0.22626844375 0.788081378125 0.33633242343749997 0.78105151875 0.3443767578125 0.7784771015625 0.3350255640625 0.7009637171875001 0.33112651875 0.6804510578125 0.2989117578125 0.6823025734375 0.2913352296875 0.6857781375 0.278282884375 0.687520346875 0.2637768875 0.686241990625 0.2224157359375 0.6898672312499999
3 0.409563384375 0.537842571875 0.29227986875 0.5152124 0.29434065 0.522391396875 0.351021728125 0.5709536390625 0.352660846875 0.5696440328125 0.3672547984375 0.5616074359375001 0.3734290796875 0.5664523640625 0.3855338890625 0.556868228125 0.3850652734375 0.55219763125 0.3852458796875 0.5509544156249999 0.391871715625 0.5518501734375 0.409563384375 0.537842571875
3 0.40922477187500006 0.53958733125 0.3920419359375 0.5518731859375 0.391871715625 0.5518501734375 0.3855338890625 0.556868228125 0.3861969578125 0.563476865625 0.3996817828125 0.5887581375 0.41409977812500004 0.591721303125 0.42070019375 0.585177346875 0.4261206484375 0.571183403125 0.4274459234375 0.554477846875 0.4244455734375 0.5451778546875 0.409563384375 0.537842571875 0.40922477187500006 0.53958733125
3 0.42304977812500005 0.430435640625 0.39256409375 0.440735896875 0.39876215937500004 0.4546873984375 0.405921275 0.45340916093750006 0.41298320625 0.45482324218750003 0.42558328124999995 0.45282758593750005 0.4388362953125 0.456553446875 0.4525794296875 0.4536807625 0.47946648437499995 0.43818517031250004 0.48640032499999997 0.4360480546875 0.49309948906249995 0.43618303281250004 0.4906146203125 0.42049419375 0.48639772187499997 0.41305783125 0.48295115468749994 0.41208416562499994 0.4755393484375 0.41325807968749995 0.4307186234375 0.42288956562499996 0.42304977812500005 0.430435640625
1 0.3407626140625 0.8000847500000001 0.3470944046875 0.8264643359375 0.3501936609375 0.8324344890625 0.3532985 0.8500951375 0.3486976 0.87543728125 0.361038703125 0.8814820078125001 0.3851653765625 0.8881214265624999 0.4100768921875 0.88417583125 0.41814801562500004 0.8807438140625001 0.4183679953125 0.87824763125 0.4124397953125 0.8699565281250001 0.410788109375 0.851758053125 0.40480958125 0.8373215640625 0.396953803125 0.795492290625 0.382889234375 0.7863361859375 0.36428063125 0.7892835 0.3509170015625 0.7923230953125 0.3407626140625 0.8000847500000001
5 0.6517733156250001 0.7243211625 0.6522402875 0.7373858875 0.6649719703125 0.7975378015625 0.67397048125 0.8341635500000001 0.675218609375 0.82324970625 0.6790705 0.8201018578125 0.6861646968749999 0.8236912468750001 0.6995480093750001 0.821209 0.7158869703125 0.8099202406250001 0.7274283609375 0.809542415625 0.736963071875 0.8170957281250001 0.7385596203125 0.8214655437499999 0.741644809375 0.8203236890625 0.7493455875 0.8203858296875 0.754626040625 0.8173062968749999 0.7666878765625 0.8186004484374999 0.7723770609375 0.81000843125 0.774449653125 0.798438025 0.7704631046875 0.791796603125 0.77708515 0.7837251671875001 0.7779895625 0.7786762031250001 0.7776245265624999 0.7723249046875 0.7710072203125 0.76696386875 0.7236734578124999 0.7452993296875 0.6928121015625 0.7264735640625 0.6684408656249999 0.7223221953125 0.6517733156250001 0.7243211625
0 0.8001678921875 0.7328733328125 0.7970781640625 0.7339048828125 0.780418909375 0.7690745453125001 0.7786432515625 0.7818260359375 0.7704631046875 0.791796603125 0.7789331546875 0.80590735 0.7853663890625 0.8105813671875 0.8142909406250001 0.75015511875 0.818724325 0.7353561328125 0.8155615046875001 0.7290797625 0.8102304515625001 0.729653025 0.8099002828125 0.73783809375 0.80040030625 0.7531684578125 0.8017989890624999 0.73803684375 0.8001678921875 0.7328733328125
3 0.7326300765625 0.8652745484375 0.7392552859375 0.861324909375 0.743552009375 0.8541186843749999 0.7449073687500001 0.846653246875 0.7427227734375 0.8328602515625001 0.736963071875 0.8170957281250001 0.7274283609375 0.809542415625 0.7158869703125 0.8099202406250001 0.6995480093750001 0.821209 0.6861646968749999 0.8236912468750001 0.6790705 0.8201018578125 0.675218609375 0.82324970625 0.67369849375 0.8365418546875001 0.6774306515624999 0.8555278171875 0.682780671875 0.8709946890625 0.6909951734375 0.8816574078125001 0.6964857906249999 0.8797001640625 0.6973018640624999 0.8734077578124999 0.7005200140625 0.868547590625 0.706605934375 0.865770984375 0.71531799375 0.8658412828125 0.7202308828125 0.8625253875000001 0.7252030796875 0.8664508703125 0.7326300765625 0.8652745484375
6 0.651060821875 0.298396009375 0.6516507 0.2927183265625 0.65034914375 0.2892016359375 0.6443263375 0.28643271875 0.640558134375 0.2814452890625 0.6249958296875 0.2772090109375 0.5978119796875 0.27481340468750004 0.5900703015625 0.2752949984375 0.5764242359375 0.2808068765625 0.5287222140625001 0.303998046875 0.522267421875 0.3173057453125 0.5246900609375 0.34670472812500003 0.5268149578125 0.35306928125 0.5316332078125 0.3552844171875 0.5388966703125 0.354133996875 0.5414783562500001 0.35633108281250003 0.5487880515625 0.37192610625 0.5619874671875 0.3918002578125 0.572767621875 0.38934828125 0.5780212296875 0.382559653125 0.6254751203125 0.36015235 0.6354747859375001 0.364525096875 0.6337130609375 0.358103021875 0.634648065625 0.354604378125 0.6515051703125 0.34821163906249997 0.6534721734375 0.344177259375 0.6452353828125 0.3086257578125 0.651060821875 0.298396009375
3 0.5913397921875 0.8461030109375001 0.5553852234375001 0.864015490625 0.5532374234375 0.8658828984375001 0.553131 0.8729250093750001 0.556647425 0.8796987640625 0.5630612078125 0.8777665828125001 0.568206296875 0.8793952453125 0.5905041609375 0.8697546953125 0.6157548953124999 0.8691152765625001 0.6582352140625 0.8538345703125 0.6646786109375 0.8482323484375 0.66472303125 0.8427272875 0.6592836890625 0.8160986640625 0.6570387296875 0.8115670968750001 0.6545133796875 0.8110507359374999 0.604444975 0.8324204109375 0.5913397921875 0.8461030109375001
3 0.3861969578125 0.563476865625 0.3850652734375 0.55219763125 0.3852458796875 0.5509544156249999 0.3834181390625 0.5507073203124999 0.3777584203125 0.5558233015625 0.3672547984375 0.5616074359375001 0.3814440421875 0.5727416640625 0.39778165312499997 0.603547309375 0.38756765 0.6176056796875 0.3889810234375 0.6203282906250001 0.393872790625 0.6202082796874999 0.41182117968750004 0.60950829375 0.42171580937500003 0.5955005078125 0.420033646875 0.59314785625 0.4068728859375 0.596869240625 0.4034262328125 0.5957782125 0.3861969578125 0.563476865625
6 0.539126434375 0.48033485468750003 0.531547371875 0.47183882343750005 0.5294270437499999 0.4628245171875 0.5241592609375 0.4536161140625 0.521326559375 0.4422905265625 0.509676790625 0.43651704062499996 0.48640032499999997 0.4360480546875 0.47946648437499995 0.43818517031250004 0.434722271875 0.463972228125 0.430798440625 0.47636794531250004 0.4302192984375 0.49238953125 0.4280548921875 0.502775075 0.4171772890625 0.51280915 0.4216823328125 0.525947671875 0.4309106671875 0.52517865 0.4324025625 0.5214793453125 0.44999262343749996 0.5297749921875 0.46879026250000005 0.53476266875 0.4977394859375 0.536064684375 0.5169924640625 0.5264355890625 0.5248663484375 0.519301365625 0.5366808515625 0.49769095781250006 0.5407116984375 0.4859708953125 0.539126434375 0.48033485468750003
1 0.405761290625 0.5159436828125 0.4156515203125 0.5073446046875 0.417412246875 0.5042526859375001 0.41697760625 0.5015084796875 0.40948474218750003 0.47906563125 0.4024588984375 0.4666757890625 0.40024478906249994 0.45802471562499997 0.381446996875 0.4157119265625 0.372548778125 0.4145895234375 0.3674327953125 0.40892980625 0.36325938281250003 0.4109973328125 0.3342687953125 0.4091189828125 0.284077071875 0.4136929125 0.28100134374999997 0.415586584375 0.2795312296875 0.42228943750000003 0.2788136375 0.43196745312499996 0.281476025 0.44167274531249995 0.27863125312500003 0.44324853124999997 0.27788128125 0.44561775312499996 0.28981599999999996 0.48367275625 0.2880254484375 0.4848002671875 0.285944284375 0.4823168421875 0.2806433609375 0.48259381562500003 0.280863234375 0.4893103046875 0.2823248203125 0.4949862125 0.28436251874999996 0.49719521718750004 0.2866771953125 0.5047051421875001 0.2897691140625 0.50646586875 0.2947896375 0.5239555046875 0.29987834687500003 0.5329952 0.298147446875 0.5380515265625 0.3035122609375 0.5808040625 0.316325659375 0.5835568 0.3399258453125 0.579818896875 0.352660846875 0.5696440328125 0.3777584203125 0.5558233015625 0.3834181390625 0.5507073203124999 0.3920419359375 0.5518731859375 0.40922477187500006 0.53958733125 0.40984435 0.536394846875 0.40454940468749995 0.5189486750000001 0.405761290625 0.5159436828125