0 0.4189965265625 0.4730344390625 0.419416103125 0.479969303125 0.4191256796875 0.48273249687500003 0.41662470156250003 0.48526335156249994 0.40484586875 0.4910096421875 0.4028975265625 0.49359858125 0.40349665 0.5118207234375001 0.40285055937500003 0.5131464 0.4153271390625 0.52408353125 0.4158182390625 0.5338431828125 0.4102144046875 0.5496365046875 0.40250949843750006 0.5601741390625 0.4818661015625 0.532155121875 0.46085646718750006 0.5255004859375 0.44399024843749996 0.5158175734375 0.429146625 0.50325195 0.42674811406249996 0.5064390734375 0.4176351921875 0.5047934234375 0.41668415156250005 0.49093659375 0.42978812031249997 0.48405975312500005 0.43456675312500004 0.47458827656249997 0.43471170781249996 0.47411621718749997 0.4331972265625 0.473289815625 0.4189965265625 0.4730344390625
0 0.3702378515625 0.555165390625 0.3660465171875 0.557710396875 0.33249738125 0.5912700796875 0.3292473953125 0.6188311718749999 0.3347676109375 0.6469608515624999 0.3499014640625 0.6609134296875 0.377114271875 0.6708375796875 0.40594262968750006 0.6653908000000001 0.40130079375000005 0.6464725687499999 0.3784864140625 0.6275383859375 0.369181115625 0.587850921875 0.3663767953125 0.5886445390625 0.36162065 0.5874943765625 0.3609601 0.5844987296874999 0.36720874375 0.579438678125 0.367024265625 0.578651871875 0.3739985890625 0.571534415625 0.3702378515625 0.555165390625
0 0.45254530312499996 0.62861151875 0.4824583953125 0.622925546875 0.501025821875 0.6075703390625 0.5140583624999999 0.5877482046875 0.520177553125 0.566493053125 0.5219000890625 0.52994145625 0.5277244624999999 0.515963575 0.4368332421875 0.6274877859375 0.45254530312499996 0.62861151875
5 0.5098516640625 0.4365715609375 0.5257776609375 0.44118470781249997 0.5355361859375 0.4497766484375 0.5353410875 0.46144948281250003 0.5368210062500001 0.46706175468750005 0.5677127843750001 0.3239752546875 0.568063815625 0.315267975 0.567652453125 0.3138143875 0.5351281250000001 0.30926766250000004 0.5052763875 0.30613011874999996 0.500096271875 0.3258947171875 0.504340584375 0.3311360046875 0.5042090531250001 0.3350711625 0.5018606984375 0.341311953125 0.49824893281250004 0.3434709734375 0.49770604062499996 0.34595254531249997 0.49745721718749997 0.3510036546875 0.5001155671874999 0.35523204218750004 0.4972846515625 0.3741152703125 0.49509799374999997 0.3815013375 0.4890348234375 0.3881978953125 0.4888446453125 0.39269103125 0.49128265468750004 0.3963321171875 0.49021194843749993 0.403835475 0.4879364796875 0.40669908593750004 0.4877803625 0.40932882031249995 0.49882328593749997 0.40988285625 0.506286371875 0.410667259375 0.5093634984375 0.41249978593750003 0.5115120375 0.4207741734375 0.5098516640625 0.4365715609375
6 0.5846730109375 0.7863427796875 0.5839177609374999 0.7854101265625 0.58221126875 0.7704990984375 0.5824247 0.8119512296875 0.583431309375 0.809652675 0.5825026296875 0.827086390625 0.582167003125 0.838487384375 0.64722949375 0.87225564375 0.5964863390625 0.75709855 0.5860217296875 0.7669220765625 0.5856128359375 0.7686998453125 0.5846730109375 0.7863427796875
5 0.182732934375 0.61155356875 0.175321475 0.6114202859375 0.173204190625 0.6131348265625001 0.16464208281249998 0.670024425 0.161034671875 0.707418303125 0.269167775 0.729114634375 0.2776043140625 0.728709965625 0.2886336953125 0.65141751875 0.29017657343750003 0.6305946640625 0.2585802953125 0.6240452984375 0.2503623890625 0.625441484375 0.237303875 0.6237461343749999 0.223623021875 0.6187569078124999 0.182732934375 0.61155356875
3 0.40285055937500003 0.5131464 0.2954205015625 0.4609321234375 0.295553003125 0.468399871875 0.3377338859375 0.5299775375 0.3396561046875 0.5291367921875 0.355832803125 0.525151228125 0.3605427421875 0.5314290890625 0.37471564687500003 0.5253044796874999 0.3754718375 0.52067174375 0.375968059375 0.519517634375 0.38213628437499997 0.5220977625 0.40285055937500003 0.5131464
3 0.4020719078125 0.51474406875 0.38229475 0.5221640484375001 0.38213628437499997 0.5220977625 0.37471564687500003 0.5253044796874999 0.3736456796875 0.53185955 0.380127746875 0.5597695125000001 0.3932875375 0.5663633625 0.40135674843749997 0.5617506999999999 0.4102144046875 0.5496365046875 0.4158182390625 0.5338431828125 0.4153271390625 0.52408353125 0.40285055937500003 0.5131464 0.4020719078125 0.51474406875
3 0.443676375 0.41288980625000005 0.41156356250000004 0.41494881406250006 0.41393951875 0.43002910625 0.4211855265625 0.43064734062500004 0.4276408375 0.43384099843749996 0.4403280890625 0.4351744828125 0.45216519374999997 0.4422035203125 0.4661835484375 0.4429857046875 0.49616500312499995 0.43497699531249995 0.5034157046875001 0.43470730937499996 0.5098516640625 0.4365715609375 0.5115120375 0.4207741734375 0.5093634984375 0.41249978593750003 0.506286371875 0.410667259375 0.49882328593749997 0.40988285625 0.453036978125 0.4075857 0.443676375 0.41288980625000005
1 0.2685208484375 0.7486459421875 0.26780935 0.7757654546875 0.2692578109375 0.782334325 0.26768594375 0.8001967921875 0.2566827859375 0.8234846234375001 0.2670388859375 0.83251749375 0.2886250546875 0.8451751234374999 0.3137089265625 0.84781154375 0.32239330312500003 0.84658543125 0.32325184687499997 0.8442312375000001 0.31967154062500003 0.8346883171874999 0.32278624843750003 0.8166824531250001 0.3207478703125 0.8011905171875 0.32398598437500004 0.7587533171875 0.312770428125 0.746269021875 0.294033078125 0.7442996468749999 0.280338096875 0.7437769078125 0.2685208484375 0.7486459421875
5 0.5885431765625 0.7559594296875 0.5856128359375 0.7686998453125 0.5823422375 0.830097334375 0.581554690625 0.8678040781249999 0.585585 0.857585153125 0.5901203640625 0.8555415078124999 0.596043828125 0.8608447046875 0.6096135687500001 0.86191089375 0.6283175390625 0.8552356234375 0.6395634546875 0.8578578046875001 0.6468183375 0.867621509375 0.64722949375 0.87225564375 0.6505050906250001 0.871951203125 0.6579273875 0.8740043343749999 0.66382495625 0.872396415625 0.67514084375 0.876768303125 0.6828599515625 0.869941521875 0.6878565640625001 0.8593017921874999 0.6857247796875 0.8518548765625 0.694210225 0.8457723796875 0.6963905890625 0.8411295359375 0.6976818296875 0.8349001734374999 0.6926775390625 0.828009125 0.65256383125 0.7948319078125 0.6276265171875 0.7686601078125 0.6051601640625 0.7583424546875001 0.5885431765625 0.7559594296875
0 0.729667865625 0.8026275343749999 0.7264164328125 0.8028242531249999 0.70122225 0.8324838078125 0.6962067671875001 0.844341228125 0.6857247796875 0.8518548765625 0.6902540890625 0.8676770218750001 0.6952583921875 0.87385681875 0.738836828125 0.8229757718749999 0.7469494078125 0.8098284937500001 0.7455188015624999 0.8029473875 0.740221028125 0.8021213375 0.737783659375 0.8099420531250001 0.7246395953125 0.8222912718750001 0.72990696875 0.8080372609375001 0.729667865625 0.8026275343749999
3 0.6301633890625 0.9130372156250001 0.6375850921875 0.9109368874999999 0.643600515625 0.90508828125 0.646841890625 0.8982280156250001 0.648301621875 0.884339590625 0.6468183375 0.867621509375 0.6395634546875 0.8578578046875001 0.6283175390625 0.8552356234375 0.6096135687500001 0.86191089375 0.596043828125 0.8608447046875 0.5901203640625 0.8555415078124999 0.585585 0.857585153125 0.5806764203125 0.8700309468749999 0.579367478125 0.88933593125 0.5805320796875 0.9056604703125 0.5857069640625 0.9180859359375001 0.591517065625 0.917616459375 0.5939339265625 0.9117496765625 0.5983003250000001 0.9078880359375001 0.6048975109375 0.9067811906250001 0.61329451875 0.9091039406249999 0.6188982234375 0.90717258125 0.6226850078124999 0.91225120625 0.6301633890625 0.9130372156250001
6 0.6980925015625 0.344362915625 0.7001317734375 0.33903136875 0.6997847515625 0.33529763749999997 0.694683815625 0.331064253125 0.6923348546875 0.32527148281249996 0.6783992515625 0.31715173124999996 0.6527616968750001 0.30780205625 0.6451591640625 0.3062635453125 0.6305514984375 0.3080557484375 0.578472565625 0.3181105078125 0.56879343125 0.329294134375 0.5635245046875 0.3583183953125 0.5639297296875 0.365016046875 0.56801048125 0.3684027578125 0.5753241984375 0.369171459375 0.5772492671875 0.3719618703125 0.5802736015625001 0.38891739531249997 0.5878794484375 0.4115306125 0.598926896875 0.41195229375000003 0.60575851875 0.4067547171875 0.6573948953125 0.3973928953125 0.6659220796875001 0.40420474687499997 0.6658825390625001 0.39754553125 0.6676911999999999 0.394408096875 0.6856284765625 0.39259612499999996 0.6885726296875 0.3892083109375 0.68981790625 0.3527363609375 0.6980925015625 0.344362915625
3 0.4986494125 0.8579503140625 0.459283875 0.8659467140625001 0.456725940625 0.8671946 0.45480051093749996 0.8739692124999999 0.4564439390625 0.881422275 0.46313926250000004 0.881215940625 0.46768750781249996 0.8841207546875 0.4917207484375 0.8805798109375 0.5162765796875 0.8864975484375 0.5612643546875 0.8827322359374999 0.568938159375 0.8789885796875 0.5704058812499999 0.8736825953125 0.572043875 0.846553515625 0.5710482671875 0.8415953203125 0.568742609375 0.84044294375 0.514849365625 0.848125809375 0.4986494125 0.8579503140625
3 0.3736456796875 0.53185955 0.3754718375 0.52067174375 0.375968059375 0.519517634375 0.37426655000000003 0.5188059046875 0.36747556718749996 0.5222827203125 0.355832803125 0.525151228125 0.3666568109375 0.5395785125 0.37446464218750003 0.5735629656250001 0.3609601 0.5844987296874999 0.36162065 0.5874943765625 0.3663767953125 0.5886445390625 0.38648296875 0.58295453125 0.399665928125 0.5719849671875 0.39864999375 0.5692771046875 0.3849745109375 0.56946543125 0.3819276796875 0.56751951875 0.3736456796875 0.53185955
6 0.5428829484375 0.49113159375000004 0.5377610703125 0.48096345312500005 0.5380460640625 0.47170752031249996 0.5353410875 0.46144948281250003 0.5355361859375 0.4497766484375 0.5257776609375 0.44118470781249997 0.5034157046875001 0.43470730937499996 0.49616500312499995 0.43497699531249995 0.4462712296875 0.448304725 0.43927285156250007 0.45926250625 0.43456675312500004 0.47458827656249997 0.42978812031249997 0.48405975312500005 0.41668415156250005 0.49093659375 0.4176351921875 0.5047934234375 0.42674811406249996 0.5064390734375 0.429146625 0.50325195 0.44399024843749996 0.5158175734375 0.46085646718750006 0.5255004859375 0.488482284375 0.5342507453125 0.5095714265625 0.529932790625 0.5190234859375 0.525079571875 0.5360286046875 0.507263340625 0.5429554796875 0.49698588906249996 0.5428829484375 0.49113159375000004
1 0.40484586875 0.4910096421875 0.41662470156250003 0.48526335156249994 0.4191256796875 0.48273249687500003 0.419416103125 0.479969303125 0.4179871890625 0.4563518796875 0.414407471875 0.4425657890625 0.4145078671875 0.43363644062500006 0.4073019515625 0.387900196875 0.39899743125 0.3845130109375 0.3955206140625 0.3777220296875 0.3909542921875 0.3786389484375 0.3634376875 0.3693212859375 0.3137723859375 0.36074878906249996 0.3103113421875 0.361781878125 0.3071564953125 0.36787584375 0.3039584984375 0.3770383625 0.304018253125 0.38710203125 0.30086257031249997 0.3878878421875 0.29952495468749996 0.389982228125 0.30120364843749997 0.42982947187500004 0.2991822859375 0.430455134375 0.29781479375000003 0.427517684375 0.29262280937499996 0.4264132421875 0.291096834375 0.43295777968750004 0.2910395859375 0.438818571875 0.29243611875000003 0.44147970000000003 0.29272821250000003 0.4493328140625 0.2952590671875 0.4518337921875 0.2955818703125 0.47002689062499997 0.298157540625 0.4800756203125 0.29517694687499996 0.4845116671875 0.2892937875 0.5271959625 0.3009581203125 0.533171253125 0.32472158906250004 0.5356688953125001 0.3396561046875 0.5291367921875 0.36747556718749996 0.5222827203125 0.37426655000000003 0.5188059046875 0.38229475 0.5221640484375001 0.4020719078125 0.51474406875 0.40349665 0.5118207234375001 0.4028975265625 0.49359858125 0.40484586875 0.4910096421875