0 0.4285065390625 0.491486215625 0.4322689546875 0.48156712187500006 0.43236377187499997 0.48108249687500004 0.4307712046875 0.48041892812500003 0.416621603125 0.48164932812499994 0.41776377187499997 0.48850234375 0.41776377187499997 0.4912807578125 0.41554104062499997 0.49405917187500004 0.40442738437500003 0.5010052078125 0.40276033437500003 0.503783621875 0.4052609078125 0.521843315625 0.40475692656250006 0.5232292640625 0.4183084 0.5328023234375 0.419816971875 0.5424571765625 0.41589468749999997 0.5587497406249999 0.409333471875 0.57003503125 0.48532656718749995 0.53387448125 0.4637364265625 0.5294524046875 0.44595046250000003 0.5215855359375 0.4298746890625 0.5106403296875001 0.4278224625 0.51406070625 0.41858744375 0.51337663125 0.41619318125 0.499695121875 0.4285065390625 0.491486215625
0 0.370554296875 0.5985694640625 0.376239790625 0.5928839703125 0.3759740796875 0.5921207578125001 0.38216622031249997 0.5843132765625 0.37671505625 0.5684270265625 0.3728127078125 0.5713962046875001 0.34295529999999996 0.608278884375 0.3426040359375 0.636028709375 0.3510343625 0.6634272718750001 0.367543753125 0.6757214984375 0.39564484218749996 0.6827467703125001 0.42374593125000004 0.67431644375 0.41715203125 0.6559870531249999 0.3924834703125 0.6395413453125001 0.3790806765625 0.6010439625 0.376374675 0.6021263625 0.371524359375 0.6014796546875 0.370554296875 0.5985694640625
0 0.527017434375 0.56401966875 0.5249098531249999 0.5274882515625 0.5292412328125 0.5129781296875 0.450505378125 0.63339211875 0.4662488296875 0.6328673375 0.495403709375 0.6240857453124999 0.5122643640625 0.6068738296875 0.523153534375 0.5857980125 0.527017434375 0.56401966875
5 0.489409925 0.410499528125 0.4969141203125 0.410499528125 0.500165940625 0.41200036874999996 0.5031676187499999 0.42000484531250004 0.5031676187499999 0.4358892484375 0.5194885765625 0.43881240468750005 0.5300917453125 0.44633723437499995 0.531117859375 0.4579665171875 0.5331763125 0.46339335000000004 0.54894225 0.3178616234375 0.5483812 0.30916535 0.54782015 0.307762725 0.5149987312500001 0.306640625 0.48498256250000005 0.306640625 0.48189678750000003 0.3268384203125 0.48666571249999996 0.3316073453125 0.48694623750000005 0.33553469375 0.4852630875 0.3419867671875 0.48189678750000003 0.3445114921875 0.4816162640625 0.3470362171875 0.48189678750000003 0.352085665625 0.48498256250000005 0.356013015625 0.4841409890625 0.37508871093749996 0.48273836406250004 0.382662884375 0.47740838906249994 0.3899565328125 0.4776889140625 0.39444493281250004 0.48049416406249995 0.39781123125 0.4802136390625 0.4053854046875 0.4782499640625 0.4084711796875 0.47836958437500005 0.4111028265625 0.489409925 0.410499528125
6 0.685334265625 0.854826715625 0.62283189375 0.7456045687499999 0.6134514484375 0.7564681296875 0.613230621875 0.7582789015625 0.614140134375 0.775923425 0.6132915328124999 0.775074825 0.6100357625 0.7604238578125 0.6145809515625 0.8016266015625 0.6153417828125 0.79923541875 0.6162405093750001 0.8166707046875 0.6170984500000001 0.8280443249999999 0.685334265625 0.854826715625
5 0.2728690828125 0.6486009953125 0.2648421359375 0.6508485390625001 0.2516779453125 0.6505274625 0.23755052031249999 0.64699560625 0.1961314796875 0.6441059046875 0.1887466890625 0.6447480609375 0.186820221875 0.6466745265625 0.18425160000000002 0.7041474609375 0.1845726765625 0.74171356875 0.2943812984375 0.7519880578125 0.302729321875 0.7507037484375 0.305619021875 0.6726818328124999 0.3049768671875 0.6518117734375 0.2728690828125 0.6486009953125
3 0.37804700625 0.538261640625 0.3783148015625 0.5335752390625 0.3786876671875 0.5323755828125 0.3850918 0.534296821875 0.40475692656250006 0.5232292640625 0.2924575046875 0.48253052187499995 0.293369871875 0.4899435109375 0.341756303125 0.5467747453125 0.343580109375 0.545737678125 0.3592515859375 0.540083021875 0.3645919375 0.5458341703125 0.37804700625 0.538261640625
3 0.41589468749999997 0.5587497406249999 0.419816971875 0.5424571765625 0.4183084 0.5328023234375 0.40475692656250006 0.5232292640625 0.4041495421875 0.524899571875 0.385256325 0.5343461796875 0.3850918 0.534296821875 0.37804700625 0.538261640625 0.3776680921875 0.5448926421875 0.387032034375 0.5719721515625 0.40080897968749996 0.57715430625 0.4083518328125 0.57172345 0.41589468749999997 0.5587497406249999
3 0.500165940625 0.41200036874999996 0.4969141203125 0.410499528125 0.489409925 0.410499528125 0.443634321875 0.41300092812500006 0.4348794265625 0.4192544265625 0.40315775625 0.4246588578125 0.4070970171875 0.43940818437500007 0.414367953125 0.4392656171875 0.42112172968749995 0.4417670171875 0.433878865625 0.4417670171875 0.44638586093750005 0.44752023437500005 0.46040918125 0.4468328171875 0.48938925624999996 0.4357340640625 0.49657204843749997 0.43470795156250003 0.5031676187499999 0.4358892484375 0.5031676187499999 0.42000484531250004 0.500165940625 0.41200036874999996
1 0.35199729375 0.7757343140625 0.3395382140625 0.764490753125 0.320697653125 0.764490753125 0.307023053125 0.76540239375 0.29577949375 0.77147999375 0.297906653125 0.7985253140624999 0.30003381406249996 0.8049067937500001 0.30033769375 0.8228357140625 0.29182905312499996 0.847146115625 0.3030726140625 0.8550469953125001 0.32586361406250003 0.8653789156249999 0.35108565468749997 0.8653789156249999 0.35959429374999996 0.8632517546875 0.3602020546875 0.860820715625 0.3556438546875 0.851704315625 0.35685937343749996 0.8334715140625001 0.3532128140625 0.8182775140625 0.35199729375 0.7757343140625
5 0.725908321875 0.8060719703125001 0.6825463968750001 0.777269525 0.65500999375 0.75384775625 0.631588225 0.745934996875 0.6148131734375 0.7453019750000001 0.613230621875 0.7582789015625 0.6163957250000001 0.81968191875 0.6195539203125 0.857264421875 0.6224939828125 0.8466801953124999 0.6267908828125 0.8441736703125 0.6332362328125 0.8488286453124999 0.646843084375 0.8484705703125 0.6647468359375 0.8398767703125 0.6762052375 0.84130906875 0.6844409625 0.8502609453125001 0.685334265625 0.854826715625 0.6885600953125001 0.8541815500000001 0.69615634375 0.8554475921875 0.70185353125 0.85323201875 0.713564415625 0.8563971234375 0.72052764375 0.8488008734375001 0.7243847296875 0.8376971421875 0.721486209375 0.830513853125 0.7292893765625 0.82357770625 0.7309724875 0.8187323859375001 0.7316055078125 0.812402178125 0.725908321875 0.8060719703125001
0 0.7704853515625001 0.77535635 0.768878821875 0.7833889968750001 0.7570976078125 0.7970444953125 0.7608461765625 0.782317978125 0.7600429125 0.7769628796875 0.756829853125 0.7774983890625 0.7348739546874999 0.8096289734375001 0.7311253859375 0.8219456984375 0.721486209375 0.830513853125 0.727644571875 0.84577588125 0.733267425 0.8513987328124999 0.771288615625 0.7962412296875 0.7779824890625 0.782317978125 0.7758404484375 0.77562410625 0.7704853515625001 0.77535635
3 0.646843084375 0.893588025 0.6554368859374999 0.895020325 0.6608080109375 0.8925137984375 0.6651049109375 0.8971687749999999 0.6726244859375 0.8971687749999999 0.6797859875000001 0.8943041734375001 0.6851571125 0.8878588234375 0.6876636375 0.8806973234375001 0.6876636375 0.866732396875 0.6844409625 0.8502609453125001 0.6762052375 0.84130906875 0.6647468359375 0.8398767703125 0.646843084375 0.8484705703125 0.6332362328125 0.8488286453124999 0.6267908828125 0.8441736703125 0.6224939828125 0.8466801953124999 0.6189132328125 0.859570896875 0.61962938125 0.8789069484375001 0.6224939828125 0.895020325 0.6289393328124999 0.9068368 0.6346685328125 0.905762575 0.6364589078125 0.8996753 0.640397734375 0.8953784 0.646843084375 0.893588025
6 0.6557352109375 0.3774580375 0.673384821875 0.3737810359375 0.6759587234375 0.3701040328125 0.673384821875 0.3337017125 0.6807388249999999 0.3245092078125 0.6822096265625001 0.3189937046875 0.681474225 0.31531670156249997 0.6759587234375 0.3116397 0.6730171203124999 0.30612419687500003 0.6583091125 0.29950559375 0.631834696875 0.292886990625 0.6241129937500001 0.2921515890625 0.6097726859375 0.2954608921875 0.55903005625 0.31090429999999997 0.5505729515625 0.32303840781250004 0.54836675 0.3524544234375 0.54946985 0.3590730265625 0.5538822546875 0.3620146296875 0.5612362578125001 0.3620146296875 0.563442459375 0.3645885296875 0.5682225609375 0.381135040625 0.5781504671875 0.402829353125 0.5891814734375 0.4020939515625 0.5954323765625 0.39621074843750004 0.6458073062499999 0.381502740625 0.6549998109375 0.38738594375 0.654264409375 0.380767340625 0.6557352109375 0.3774580375
3 0.6078739171875001 0.8371244234375 0.606365490625 0.8322974593750001 0.6039520078125 0.831392403125 0.551157075 0.8446665578125 0.5360728078125 0.8561306 0.4977587703125 0.8681980140625001 0.4953452875 0.869706440625 0.4941385453125 0.8766452031249999 0.496552028125 0.8838856515625 0.50318910625 0.8829805953125 0.508016071875 0.8853940765624999 0.5315475265625 0.8793603718749999 0.556587409375 0.8826789093749999 0.6009351546875 0.8742317203125 0.6081756031250001 0.869706440625 0.6090806578125 0.8642761046875 0.6078739171875001 0.8371244234375
3 0.407740046875 0.5820783921875 0.40644662968749995 0.5794915578125 0.392865746875 0.5811083296875 0.389632203125 0.5794915578125 0.3776680921875 0.5448926421875 0.3783148015625 0.5335752390625 0.3786876671875 0.5323755828125 0.3769210828125 0.5318456078125 0.370530728125 0.5360132281250001 0.3592515859375 0.540083021875 0.371524359375 0.55329985625 0.3828417625 0.5862819984375001 0.370554296875 0.5985694640625 0.371524359375 0.6014796546875 0.376374675 0.6021263625 0.3957759359375 0.5943658578125001 0.407740046875 0.5820783921875
6 0.512647821875 0.5287683296875 0.521540803125 0.5229536875 0.5365904625 0.5034575359375 0.5424051046875 0.49251232968750003 0.5417210296875 0.4866976875 0.53556435 0.47712063125000004 0.534880275 0.46788561250000005 0.531117859375 0.4579665171875 0.5300917453125 0.44633723437499995 0.5194885765625 0.43881240468750005 0.49657204843749997 0.43470795156250003 0.48938925624999996 0.4357340640625 0.441161934375 0.45420410312500004 0.43534729375000003 0.4658333859375 0.4322689546875 0.48156712187500006 0.4285065390625 0.491486215625 0.41619318125 0.499695121875 0.41858744375 0.51337663125 0.4278224625 0.51406070625 0.4298746890625 0.5106403296875001 0.44595046250000003 0.5215855359375 0.4637364265625 0.5294524046875 0.4921255578125 0.5352670453124999 0.512647821875 0.5287683296875
1 0.385256325 0.5343461796875 0.4041495421875 0.524899571875 0.4052609078125 0.521843315625 0.40276033437500003 0.503783621875 0.40442738437500003 0.5010052078125 0.41554104062499997 0.49405917187500004 0.41776377187499997 0.4912807578125 0.41776377187499997 0.48850234375 0.4138739921875 0.4651636625 0.40887284687500003 0.45182727500000003 0.408039321875 0.4429363484375 0.39609214062500003 0.3982038765625 0.38747905625 0.3957033046875 0.38331143437500004 0.3893129515625 0.378865971875 0.3907021578125 0.35052614531250004 0.38431180625 0.3002368453125 0.3809777078125 0.29690274843750003 0.38236691562499997 0.2944021765625 0.38875726875 0.29217944375 0.3982038765625 0.2932908109375 0.40820616875000004 0.2902345546875 0.40931753437499996 0.2891231890625 0.41154026562499996 0.2949578578125 0.45099375 0.29301296875 0.45182727500000003 0.2913459203125 0.44904885937500005 0.2860669328125 0.44849317656250004 0.2852334078125 0.4551613703125 0.28578909218750004 0.460996040625 0.2874561390625 0.4634966140625 0.28856750625 0.471276175 0.2913459203125 0.47349890625 0.2935686515625 0.4915586 0.297180590625 0.50128305 0.29468001718750003 0.506006353125 0.2932908109375 0.5490717765625 0.3055158328125 0.5537950796875 0.329410196875 0.5537950796875 0.343580109375 0.545737678125 0.370530728125 0.5360132281250001 0.3769210828125 0.5318456078125 0.385256325 0.5343461796875