3 0.2628377375 0.756826353125 0.2927404203125 0.85401650625 0.35136866875 0.7997056359375 0.405023953125 0.74405718125 0.4109806140625 0.7245296515625 0.41354390468749996 0.6996622296874999 0.45791820000000005 0.6547758625 0.44753370156249994 0.6394976109375 0.43854079218750003 0.6245008078125001 0.41454847499999997 0.6458001578125 0.38372308906249997 0.6648267078125001 0.3634643078125 0.6642073296875 0.3499948765625 0.6701431171875 0.31127674375000003 0.7009319765625001 0.2628377375 0.756826353125
3 0.8248243687500001 0.567559059375 0.8211818203125001 0.552949596875 0.8129748687499999 0.537815565625 0.8022863687499999 0.5282880671875 0.793451753125 0.5238324234375 0.7996187015625 0.5419854625 0.8061004468749999 0.589233546875 0.8051638125 0.6133928156249999 0.8154115328125 0.60315805 0.8241640953125 0.5804703265625 0.8248243687500001 0.567559059375
5 0.559697259375 0.7883891171874999 0.581095753125 0.714008315625 0.5873679703125 0.7040021453125 0.577093115625 0.7022958671875 0.57476221875 0.7009754328125 0.562248446875 0.73661589375 0.5479467453125 0.788594021875 0.5494925703125 0.7929088296875 0.5559774140625 0.7983449828125 0.559697259375 0.7883891171874999
5 0.7264179890625 0.83359670625 0.7192985078125 0.8054959140625 0.7135675796875 0.821923615625 0.7005149328125 0.8408612359375001 0.701870671875 0.840139275 0.7264179890625 0.83359670625
3 0.706404034375 0.7489113859375001 0.7021816296875001 0.749008653125 0.6767061015625 0.754494503125 0.6659069828125 0.752857459375 0.6603074515625 0.7460274046875 0.6634689500000001 0.741342546875 0.662043934375 0.739100103125 0.6533812453125 0.7425588234375 0.6505323062499999 0.7363418390625001 0.653474 0.730030765625 0.6228646140625 0.71380850625 0.6082885390625 0.6998674484375 0.6074830906249999 0.700469615625 0.5934546078125 0.7050129140625 0.5873679703125 0.7040021453125 0.581095753125 0.714008315625 0.559697259375 0.7883891171874999 0.5326600375 0.8607520640624999 0.530632075 0.8823707953125 0.5337085 0.9015756109374999 0.5418864250000001 0.9229322281250001 0.56362321875 0.9506088546875 0.6491677453125 0.94354581875 0.6721620374999999 0.8938746171874999 0.699320209375 0.8425946171875 0.7135675796875 0.821923615625 0.7192985078125 0.8054959140625 0.7113296390625 0.7740425656250001 0.706404034375 0.7489113859375001
3 0.446224640625 0.7312552234374999 0.3972746421875 0.784867934375 0.39089393125 0.8053179625 0.3629879828125 0.841384365625 0.3639482796875 0.8485245984375 0.367611521875 0.8533509875 0.375233978125 0.8526804390624999 0.4063188703125 0.82443104375 0.42253030625 0.8203890796875 0.4690639984375 0.7735285390625 0.47128679375000004 0.7676445765625 0.4692647734375 0.7611790421875 0.451337665625 0.7320303109374999 0.446224640625 0.7312552234374999
5 0.5013988781250001 0.46743295468749996 0.4916390625 0.4577359546875 0.48393794218749997 0.45660148125 0.4768492015625 0.4614234796875 0.47037394531250004 0.47045620625 0.476583175 0.4879205609375 0.4799141890625 0.48237682499999995 0.5013988781250001 0.46743295468749996
5 0.472353740625 0.577864146875 0.46363572656249996 0.5428981015625001 0.46342647968749995 0.5353720453124999 0.44886862812499995 0.538218771875 0.44455436718749997 0.540167175 0.44341768437500007 0.5513597921875 0.45111438593750003 0.5594772625 0.45931993125000004 0.574886128125 0.46085308906250005 0.5862858171875 0.461211778125 0.5869161421875 0.465014065625 0.5867025140625 0.472353740625 0.577864146875
1 0.48020296875 0.6093456765624999 0.472353740625 0.577864146875 0.465014065625 0.5867025140625 0.43430631249999996 0.5884277875 0.4204613046875 0.5943509984374999 0.44753370156249994 0.6394976109375 0.4834410359375 0.6923264765625 0.516229621875 0.710841003125 0.5210014000000001 0.706191496875 0.5421756015625 0.6979466609375 0.54509233125 0.68387461875 0.5444891234375 0.6788716546875 0.526301140625 0.6705215703125 0.5106852328125 0.6561169890625 0.49581755312500003 0.6258417953125 0.48020296875 0.6093456765624999
1 0.6659069828125 0.752857459375 0.6767061015625 0.754494503125 0.7021816296875001 0.749008653125 0.706404034375 0.7489113859375001 0.704591996875 0.739666096875 0.704492409375 0.73684794375 0.681177221875 0.737536659375 0.65610436875 0.7314248 0.653474 0.730030765625 0.6505323062499999 0.7363418390625001 0.6533812453125 0.7425588234375 0.662043934375 0.739100103125 0.6634689500000001 0.741342546875 0.6603074515625 0.7460274046875 0.6659069828125 0.752857459375
5 0.556832465625 0.628422765625 0.5430040468749999 0.5871274843750001 0.5376233890625 0.5513793671875 0.5379176578125 0.524224653125 0.5436194015625 0.4904231796875 0.55679818125 0.45758997343749996 0.5488294 0.4547382953125 0.5341886390624999 0.45472903281250004 0.5115472421875 0.4603741671875 0.4799141890625 0.48237682499999995 0.46698225000000004 0.503899184375 0.46291395937499996 0.516937965625 0.46363572656249996 0.5428981015625001 0.48020296875 0.6093456765624999 0.49581755312500003 0.6258417953125 0.5106852328125 0.6561169890625 0.526301140625 0.6705215703125 0.5528682640625 0.682718509375 0.5649173453125 0.6953983921875 0.577093115625 0.7022958671875 0.5934546078125 0.7050129140625 0.6074830906249999 0.700469615625 0.6082885390625 0.6998674484375 0.58575689375 0.678317409375 0.556832465625 0.628422765625
6 0.704492409375 0.73684794375 0.7038855578125001 0.719675121875 0.7116598484375001 0.7067365296875 0.727776053125 0.692940315625 0.7608645375 0.6761346859375 0.7779818203125 0.67125574375 0.792163578125 0.6690588796875 0.8012174421875 0.6428475328125 0.80483285625 0.6219294625 0.8061004468749999 0.589233546875 0.7996187015625 0.5419854625 0.7885556671875 0.5094202937500001 0.7704283109375 0.47449538437500005 0.74786233125 0.4477418453125 0.72903059375 0.4312430296875 0.695930525 0.411825734375 0.676814946875 0.405994734375 0.6169538875 0.42091977343750003 0.5696998437499999 0.436822603125 0.560687384375 0.447900534375 0.5436194015625 0.4904231796875 0.5379176578125 0.524224653125 0.5376233890625 0.5513793671875 0.5430040468749999 0.5871274843750001 0.556832465625 0.628422765625 0.58575689375 0.678317409375 0.6228646140625 0.71380850625 0.65610436875 0.7314248 0.681177221875 0.737536659375 0.704492409375 0.73684794375
0 0.746738759375 0.592266828125 0.7746275359375 0.5771431734375 0.780284446875 0.5629668109375 0.7817344562499999 0.5503499828125 0.770097221875 0.5200600328125 0.7624103609375 0.51380638125 0.7489506015625 0.5151197265625 0.744270703125 0.50454189375 0.737904940625 0.49949076875 0.7222785671875 0.5064506859375 0.6943962531250001 0.511359978125 0.689583565625 0.5207301156249999 0.6951012265625 0.5367160828124999 0.6899315296874999 0.5405582203125 0.6994150718750001 0.556066021875 0.7153919937500001 0.564848465625 0.7337571671875 0.5975460531250001 0.740124221875 0.6005543046875 0.746738759375 0.592266828125
6 0.3562596078125 0.52138959375 0.351084 0.538828946875 0.353022725 0.5549085734375 0.36041712656249997 0.5729405484375001 0.37083410625 0.5881485328125 0.3871007921875 0.598585421875 0.4043468 0.6013247875000001 0.41730979375 0.5968505234375 0.428328825 0.58457944375 0.43408867031250004 0.5678225734375 0.43283347499999997 0.5495021484375 0.42631595312500004 0.53166561875 0.4152164921875 0.51704186875 0.3996322875 0.50602074375 0.3834586078125 0.5025999421875 0.368156565625 0.5076573953125 0.3562596078125 0.52138959375
3 0.59029074375 0.5766010953125 0.577986 0.5878537890625 0.572050534375 0.6019256265624999 0.570404140625 0.628149640625 0.5730643453125001 0.638819140625 0.5871266234375 0.6598673453125 0.6016386453125 0.6726186421875 0.619266984375 0.677667375 0.6395698703125 0.6707165015625 0.6483181124999999 0.6603505468749999 0.654256765625 0.641241128125 0.65426791875 0.6236096015625 0.64805599375 0.606270465625 0.6360659484375 0.588483184375 0.62125675625 0.5770651765625 0.6045167453125 0.5730541546875 0.59029074375 0.5766010953125
3 0.727776053125 0.692940315625 0.7116598484375001 0.7067365296875 0.7038855578125001 0.719675121875 0.704591996875 0.739666096875 0.7113296390625 0.7740425656250001 0.7497765390625 0.92579356875 0.8058700562500001 0.9179191296875 0.90368088125 0.8935321515625001 0.85187121875 0.72250125 0.8379423765625 0.6886955015625 0.8307589109375 0.6770417984375 0.8189710359375001 0.6689806046875 0.8038713734374999 0.6672452515625 0.7779818203125 0.67125574375 0.7608645375 0.6761346859375 0.727776053125 0.692940315625