3 0.25839162031249996 0.7526481859375 0.2865935484375 0.8503454093749999 0.3461607203125 0.7970660140625 0.4007790328125 0.74236245 0.40707558906249997 0.722941853125 0.4100724859375 0.6981229531250001 0.45522339843750004 0.654017859375 0.44510712343750003 0.6385607015625 0.43637731406249997 0.6234092343750001 0.4120169265625 0.6442866171875 0.380864175 0.662772290625 0.360619290625 0.66179944375 0.3470483171875 0.667499253125 0.307798740625 0.6976076984375 0.25839162031249996 0.7526481859375
3 0.823595828125 0.5732177375 0.8202088046875 0.558546928125 0.8122672281250001 0.5432719703125 0.8017466343749999 0.533559384375 0.7929911265625 0.5289502328125 0.7988403203125001 0.5472081359375001 0.8044964859375 0.5945621453125 0.8031383578125 0.6187013875 0.8135631390625001 0.6086470296875001 0.8227103234375001 0.5861155140625 0.823595828125 0.5732177375
5 0.5546550828125001 0.7893870546875 0.5773484421874999 0.7153910375 0.5837943359375 0.70549585625 0.5735508234375 0.7036105171875 0.5712433265625 0.7022496031250001 0.5581094484375 0.7376662421875 0.5429027828125 0.7893868546875 0.54437306875 0.7937279828125 0.5507620515625 0.7992764828125 0.5546550828125001 0.7893870546875
5 0.7205614390624999 0.8374974375 0.71393346875 0.809276671875 0.7079167109375 0.825601853125 0.69453554375 0.8443087890625 0.695903678125 0.8436105984375001 0.7205614390624999 0.8374974375
3 0.7020284953125 0.7524757234375 0.6978050375 0.752499284375 0.672237646875 0.7575396890625 0.66146874375 0.7557144234375001 0.6559892656249999 0.748787684375 0.65923204375 0.744158715625 0.65784638125 0.74189174375 0.64912465 0.7451987531250001 0.6463846453125 0.73893299375 0.6494360343750001 0.732674221875 0.619114428125 0.715920225 0.6047838796875 0.701726903125 0.60396804375 0.702314921875 0.58986240625 0.706612696875 0.5837943359375 0.70549585625 0.5773484421874999 0.7153910375 0.5546550828125001 0.7893870546875 0.526359071875 0.861267115625 0.5239541187500001 0.8828471625000001 0.5266949046875 0.9021027437500001 0.5344988609375 0.9235988328125 0.5557493203125 0.9516506031249999 0.641404084375 0.9460816015625 0.66526175625 0.8968192687500001 0.6933107515625 0.84602105625 0.7079167109375 0.825601853125 0.71393346875 0.809276671875 0.70651475 0.7776890375 0.7020284953125 0.7524757234375
3 0.44219687187499995 0.73028149375 0.39231865625 0.78303174375 0.38558201406250003 0.8033672984375 0.357050871875 0.8389411828125001 0.35788640781250003 0.8460970874999999 0.361464859375 0.8509866734375 0.369097859375 0.8504492578124999 0.4006710359375 0.8227466703124999 0.4169505453125 0.81898825 0.46429497968750005 0.7729469718749999 0.46662012500000005 0.7671026984375 0.46471125156250004 0.7606028593749999 0.447295590625 0.731145696875 0.44219687187499995 0.73028149375
5 0.5019670374999999 0.46746232968749996 0.4923779453125 0.45759647187499997 0.48469779687500003 0.45632776875000003 0.47752598125 0.46102531874999997 0.47089406718750004 0.46994366093749995 0.4767975578125 0.487513721875 0.4802248140625 0.4820289640625 0.5019670374999999 0.46746232968749996
5 0.470999034375 0.5773697953125 0.462892590625 0.542256925 0.46281472187499995 0.5347283625 0.44820940625 0.5373205859375 0.4438617984375 0.539193396875 0.44252995000000006 0.550364471875 0.450083809375 0.55861503125 0.458019184375 0.5741647578125 0.45935315625 0.5855894671875 0.4597007890625 0.5862259562500001 0.46350622656249996 0.5860787203125 0.470999034375 0.5773697953125
1 0.4782976375 0.6089835171875 0.470999034375 0.5773697953125 0.46350622656249996 0.5860787203125 0.432773040625 0.5872678062500001 0.4188267671875 0.5929484875 0.44510712343750003 0.6385607015625 0.48008699843749997 0.692008190625 0.5125474671875 0.7110921359375 0.5173996640625 0.7065266171875 0.5387145328125 0.698652578125 0.541876409375 0.684633584375 0.54136060625 0.6796208546875 0.5233211234375 0.6709546171875 0.5079589875 0.6562796953125 0.493621946875 0.6257496359375 0.4782976375 0.6089835171875
1 0.66146874375 0.7557144234375001 0.672237646875 0.7575396890625 0.6978050375 0.752499284375 0.7020284953125 0.7524757234375 0.7003780875000001 0.7432002171875001 0.7003276984375 0.7403807546875 0.6770040421875 0.740662459375 0.6520416734375 0.73411395 0.6494360343750001 0.732674221875 0.6463846453125 0.73893299375 0.64912465 0.7451987531250001 0.65784638125 0.74189174375 0.65923204375 0.744158715625 0.6559892656249999 0.748787684375 0.66146874375 0.7557144234375001
5 0.5545825234375 0.62939506875 0.5414769125000001 0.5878647390625 0.536720965625 0.552028159375 0.5374891046875 0.52488271875 0.5437798968750001 0.49118590156249997 0.5575296875 0.4585876984375 0.5496118890624999 0.45559737968749997 0.53497351875 0.4553326015625 0.51223705 0.4605817296875 0.4802248140625 0.4820289640625 0.466919228125 0.5033223515625 0.4626239984375 0.5162881453125 0.462892590625 0.542256925 0.4782976375 0.6089835171875 0.493621946875 0.6257496359375 0.5079589875 0.6562796953125 0.5233211234375 0.6709546171875 0.5496713343749999 0.683613359375 0.5614972859375 0.6965015953125 0.5735508234375 0.7036105171875 0.58986240625 0.706612696875 0.60396804375 0.702314921875 0.6047838796875 0.701726903125 0.582631765625 0.679786915625 0.5545825234375 0.62939506875
6 0.7003276984375 0.7403807546875 0.7000206453125 0.7231999578125 0.7080195609375 0.7103990171875 0.7243740890625 0.6968861703125 0.7577508328125 0.6806605734375 0.7749506578124999 0.6760811125 0.7891685953125 0.6741320890625 0.7986785328125 0.6480827453125 0.802658465625 0.6272309578125 0.8044964859375 0.5945621453125 0.7988403203125001 0.5472081359375001 0.7883473109375 0.51445485 0.770832240625 0.47921889218749997 0.7487366125 0.45207559843749995 0.7301956859375001 0.4352506359375 0.6974395359375001 0.41525862187499996 0.678428634375 0.4090948984375 0.6183162140625 0.42297294374999994 0.5707918265624999 0.43804865625 0.5615874015625 0.4489676109375 0.5437798968750001 0.49118590156249997 0.5374891046875 0.52488271875 0.536720965625 0.552028159375 0.5414769125000001 0.5878647390625 0.5545825234375 0.62939506875 0.582631765625 0.679786915625 0.619114428125 0.715920225 0.6520416734375 0.73411395 0.6770040421875 0.740662459375 0.7003276984375 0.7403807546875
0 0.7450909015625 0.5965589609374999 0.773239375 0.5819243359375 0.779142834375 0.567848859375 0.7808128171875001 0.5552592578125 0.7697059890625 0.5247708234374999 0.762129440625 0.5183839703124999 0.7486488109375 0.5194622109375 0.7441542328125 0.5088043125 0.7378775937500001 0.5036428609375 0.7221321328125 0.5103289984375 0.6941683875 0.5147509296874999 0.6891929 0.524035646875 0.6944307281250001 0.5401154765625 0.6891947640625 0.54386680625 0.6984062125 0.55953775625 0.7142274265624999 0.5685976968750001 0.7320191515625 0.601610821875 0.7383327359375 0.604729734375 0.7450909015625 0.5965589609374999
6 0.3559082015625 0.5188777203125 0.350429021875 0.536224090625 0.3520868234375 0.552335103125 0.35916539687500004 0.57049338125 0.369315375 0.585880853125 0.385397434375 0.59660004375 0.40259300624999994 0.5996399765625 0.4156321140625 0.5953926296875001 0.426863625 0.583315728125 0.4329150421875 0.5666619328125 0.43197977343750005 0.5483223921875 0.425774534375 0.53037483125 0.4149319828125 0.515559596875 0.399542496875 0.50426816875 0.38343098124999997 0.5005656187499999 0.36804300625 0.50535524375 0.3559082015625 0.5188777203125
3 0.58894011875 0.5781652187499999 0.5764408624999999 0.5892014515625 0.5702607125 0.6031675578125 0.5681568984375 0.6293588437500001 0.5706304890625 0.640073146875 0.584323284375 0.6613635671875 0.5986105546875 0.6743661890625 0.616148096875 0.6797218109375 0.6365692000000001 0.67312633125 0.64549701875 0.6629146312499999 0.651768275 0.6439117671875 0.6520871374999999 0.6262831203125 0.64617876875 0.6088382140624999 0.63450098125 0.5908443859375 0.6198933156249999 0.5791696625 0.60322585625 0.574867096875 0.58894011875 0.5781652187499999
3 0.7243740890625 0.6968861703125 0.7080195609375 0.7103990171875 0.7000206453125 0.7231999578125 0.7003780875000001 0.7432002171875001 0.70651475 0.7776890375 0.7423073734375001 0.9300879203125 0.7985297765625 0.9231936468749999 0.896751315625 0.90051741875 0.8479344453125 0.7286083609375 0.834597715625 0.69456466875 0.8276187296874999 0.6827873734375001 0.8159733375 0.6745216796875 0.800906259375 0.672523065625 0.7749506578124999 0.6760811125 0.7577508328125 0.6806605734375 0.7243740890625 0.6968861703125