3 0.3473018203125 0.63180071875 0.327794653125 0.626298696875 0.313289325 0.628799615625 0.2682727859375 0.64930715 0.2077505515625 0.69182276875 0.21325257187500002 0.7933600734375 0.2832782984375 0.7548459234375 0.348802371875 0.7138308546875 0.35930623125 0.6963244234375 0.3678093546875 0.6728157859375 0.4217245390625 0.6399978484375 0.4153446484375 0.6226611890625 0.41024692187499995 0.6059342734375 0.3818145 0.620796675 0.3473018203125 0.63180071875
3 0.7754204062500001 0.6606353296874999 0.7686669390625 0.683850371875 0.781086271875 0.676398771875 0.7950675031250001 0.65650240625 0.79883168125 0.64413439375 0.79883168125 0.6290776828125 0.7945297640625 0.6124077546875 0.78646366875 0.6005774828125 0.778969396875 0.594116903125 0.7805615421875001 0.6132226390625 0.7754204062500001 0.6606353296874999
5 0.5031568359375 0.744646653125 0.47670530937500005 0.7916209140625 0.47716137031250005 0.796181521875 0.48213846250000003 0.8030250234375 0.48815635312500005 0.7942648015625 0.5269135656249999 0.7272701921875 0.5354201828125 0.719078634375 0.5258633203125 0.714937328125 0.523921103125 0.7130922203125001 0.5031568359375 0.744646653125
5 0.6388782546875 0.849474490625 0.6293433390625001 0.8640277828125 0.6120969859375001 0.8792451531250001 0.6135871125000001 0.8788726203125 0.638988059375 0.878462928125 0.6388782546875 0.849474490625
3 0.6105184078125 0.880638015625 0.6293433390625001 0.8640277828125 0.6388782546875 0.849474490625 0.6387553484375 0.8170275968749999 0.6400558375000001 0.791451309375 0.6359353265625 0.7905241953125001 0.6098893828125 0.789684003125 0.59980708125 0.78548304375 0.59602621875 0.7775012218749999 0.6002271765625 0.773720359375 0.5993869859375 0.771199784375 0.5901448765625 0.772460071875 0.5888845875000001 0.7657385375 0.5932656875 0.760326590625 0.56749005 0.7371811203124999 0.5567195953125 0.7201279 0.55579239375 0.720517325 0.5410814937499999 0.7215318703125 0.5354201828125 0.719078634375 0.5269135656249999 0.7272701921875 0.48815635312500005 0.7942648015625 0.444416071875 0.8579373640625001 0.437218303125 0.87842331875 0.4355572796875 0.8978019234374999 0.438325653125 0.9205025765625001 0.4527211890625 0.9526156953125 0.5374333796874999 0.96645755625 0.5717611953125 0.9238246234374999 0.6105184078125 0.880638015625
3 0.4038103875 0.7579194765625 0.40739061562499995 0.7527480359375 0.40699281249999997 0.7459853843750001 0.3966499328125 0.713365534375 0.391876296875 0.7113765187500001 0.33141023281250004 0.7515546265624999 0.320271746875 0.7698535671875 0.284469471875 0.798097584375 0.283673865625 0.8052580390624999 0.286060684375 0.8108272812499999 0.2936189421875 0.812020690625 0.33061462656249996 0.7921305390625 0.3473223546875 0.7921305390625 0.4038103875 0.7579194765625
5 0.486869384375 0.45696868281249997 0.47840125625 0.4641665921875 0.4802010359375 0.4826143296875 0.48477425468749996 0.47804111093749996 0.50923600625 0.4687387546875 0.5021120156250001 0.45696868281249997 0.49491410625 0.45400483906250005 0.486869384375 0.45696868281249997
5 0.44241170937499996 0.562820290625 0.441141490625 0.5742522640625001 0.44133703593750007 0.574950640625 0.4450780609375 0.575663215625 0.4543379109375 0.5688630140625001 0.4543379109375 0.53282653125 0.455955596875 0.525473409375 0.441141490625 0.5247137125 0.43648402031250005 0.5255605250000001 0.4326733625 0.5361456859375 0.43817764531250003 0.5458840328125001 0.44241170937499996 0.562820290625
1 0.4998946359375 0.6843212953125 0.48426698281249997 0.6718191734375 0.4725997171875 0.6540646390625 0.465497903125 0.62109193125 0.4543379109375 0.6013083078125 0.4543379109375 0.5688630140625001 0.4450780609375 0.575663215625 0.41486507812499995 0.5699083625 0.399998371875 0.57230621875 0.4153446484375 0.6226611890625 0.43740492187499996 0.6826075828125 0.46474047812499997 0.708504425 0.47049533125 0.7051474265625 0.493035175 0.7022700000000001 0.4992696 0.6893215796875001 0.4998946359375 0.6843212953125
1 0.5901448765625 0.772460071875 0.5993869859375 0.771199784375 0.6002271765625 0.773720359375 0.59602621875 0.7775012218749999 0.59980708125 0.78548304375 0.6098893828125 0.789684003125 0.6359353265625 0.7905241953125001 0.6400558375000001 0.791451309375 0.6405342640625 0.7820422734375 0.6411194078125 0.7792837390625 0.618330165625 0.7743115421875 0.595480675 0.762315559375 0.5932656875 0.760326590625 0.5888845875000001 0.7657385375 0.5901448765625 0.772460071875
5 0.5410814937499999 0.7215318703125 0.55579239375 0.720517325 0.5567195953125 0.7201279 0.5400706625 0.693767090625 0.5240760203125 0.6383570781250001 0.520648596875 0.594943046875 0.5240760203125 0.5589551015625001 0.5309308671874999 0.5326781890625 0.5446405609375 0.501260140625 0.565370946875 0.47259045625 0.55832875625 0.4678956625 0.5441251281249999 0.46434475468749997 0.520790596875 0.46434475468749997 0.48477425468749996 0.47804111093749996 0.46701972031250005 0.4957956453125 0.4599179078125 0.5074629109375 0.4543379109375 0.53282653125 0.4543379109375 0.6013083078125 0.465497903125 0.62109193125 0.4725997171875 0.6540646390625 0.48426698281249997 0.6718191734375 0.5070942421875 0.6900809796875 0.5157178734375 0.7052991515625 0.5258633203125 0.714937328125 0.5410814937499999 0.7215318703125
6 0.5400706625 0.693767090625 0.56749005 0.7371811203124999 0.595480675 0.762315559375 0.618330165625 0.7743115421875 0.6411194078125 0.7792837390625 0.6446850640624999 0.7624742125 0.655358553125 0.7518007234375 0.67433364375 0.7423131781250001 0.710504909375 0.7340115765624999 0.7282940578125 0.7334186046875 0.7425860265625001 0.7347178750000001 0.7577120515625 0.7114754453125001 0.7662806109375 0.692053378125 0.7754204062500001 0.6606353296874999 0.7805615421875001 0.6132226390625 0.7777053546875 0.5789484046875 0.768565559375 0.540675509375 0.753142153125 0.5092574609375 0.7388612234374999 0.4886929203125 0.7114418359375 0.4618447703125 0.69430471875 0.4515625 0.6326110953125 0.4515625 0.58291345625 0.4555611609375 0.5714887109375 0.46412971875000003 0.5446405609375 0.501260140625 0.5309308671874999 0.5326781890625 0.5240760203125 0.5589551015625001 0.520648596875 0.594943046875 0.5240760203125 0.6383570781250001 0.5400706625 0.693767090625
0 0.67992799375 0.60264349375 0.6933056671875 0.615030228125 0.7032150546875 0.6511994953125 0.70866521875 0.65565871875 0.7170881984374999 0.6492176171875 0.7478073015625 0.6412901062499999 0.75672575 0.628903371875 0.761184975 0.61701210625 0.75722121875 0.5848065953125 0.7512755859375 0.576879084375 0.7378979125 0.5748972078125 0.7359160359375 0.5635014109375 0.730961340625 0.557060309375 0.71411538125 0.560033125 0.6858736265625 0.5580512484375 0.6789370546875 0.5659787578125 0.6804234625000001 0.5828247171875 0.6744778296875 0.5853020640625 0.67992799375 0.60264349375
6 0.4136121234375 0.49602466562499997 0.4011570875 0.48156075468750004 0.38629140156249997 0.4743287984375 0.37022038749999997 0.475534125 0.3553547015625 0.4859802828125 0.34611386875 0.5016495203125 0.3441049921875 0.5177205328125 0.34691741875000004 0.5370057484374999 0.353345825 0.5542820875000001 0.366604409375 0.5683442234375 0.3826754234375 0.5751744046875 0.396335784375 0.573969078125 0.4099961453125 0.564728246875 0.419638753125 0.549862559375 0.42285295468750006 0.5317826703125 0.420844078125 0.5128992296875 0.4136121234375 0.49602466562499997
3 0.6179489453125 0.638931765625 0.6106181890625 0.6187721875000001 0.599011159375 0.6041106765625 0.5837387515625 0.5961690234375 0.569077240625 0.5961690234375 0.5544157281250001 0.6041106765625 0.545252284375 0.6163286015625 0.5373106328125 0.6413753515625 0.5373106328125 0.6523714843749999 0.5458631796875 0.676196440625 0.5568593140625 0.69207974375 0.5727426171875 0.7012431890624999 0.5941239890625 0.6994105 0.605120121875 0.6914688484375 0.615505359375 0.6743637515625001 0.6197816328125 0.6572586546875 0.6179489453125 0.638931765625
3 0.768616125 0.7411272359375001 0.75438480625 0.735790490625 0.7282940578125 0.7334186046875 0.710504909375 0.7340115765624999 0.67433364375 0.7423131781250001 0.655358553125 0.7518007234375 0.6446850640624999 0.7624742125 0.6405342640625 0.7820422734375 0.6387553484375 0.8170275968749999 0.6393483203125 0.97357209375 0.6956806203125 0.9795018093750001 0.7964857890625 0.9795018093750001 0.787591215625 0.8010173640625 0.7822544703125 0.7648460984375001 0.7781036703125 0.7518007234375 0.768616125 0.7411272359375001