3 0.365500271875 0.42893803906250005 0.3640002640625 0.46193820781249995 0.36600027343749997 0.4844383234375 0.3720003046875 0.5089384484374999 0.3800003453125 0.5299385562500001 0.38387117656249997 0.53595985 0.385007934375 0.5159354171875 0.390560640625 0.483174453125 0.3977791578125 0.4792875578125 0.43165066406249997 0.4754006640625 0.4505298640625 0.4754006640625 0.46219054687499994 0.4792875578125 0.4631433828125 0.47897928749999996 0.4583884546875 0.40702137812499994 0.458825578125 0.39303345 0.4618854375 0.38341675 0.46713090937499996 0.37685990937499997 0.47587336406249997 0.372051559375 0.52461843125 0.3653281015625 0.522001071875 0.3609376921875 0.5095010078125 0.34793762500000003 0.49000090781249994 0.334937559375 0.47500083125000003 0.3299375328125 0.458500746875 0.328937528125 0.442500665625 0.3299375328125 0.42300056562500005 0.33793757343749997 0.39450041874999997 0.3624377 0.3830003609375 0.37993778906250003 0.370500296875 0.41043794531250005 0.365500271875 0.42893803906250005
6 0.334256503125 0.5995231999999999 0.32223682187499997 0.5980808390625 0.31742895 0.60144635 0.31117871406250003 0.61442760625 0.308774778125 0.6326975218750001 0.31117871406250003 0.64135169375 0.32223682187499997 0.646159565625 0.324159971875 0.6495250765625 0.3275254828125 0.66875656875 0.334256503125 0.6855841234375 0.3457953984375 0.6927959328125 0.3799204171875 0.7006162484375 0.46386238750000003 0.7046134859375 0.45594101406250004 0.698974540625 0.43086429375 0.6717360343750001 0.42264950625 0.6751948921875 0.401464 0.6708713203125 0.3984375 0.6682771765625 0.3984375 0.6534239515625 0.39222645312500004 0.6536425218749999 0.3794552296875 0.6503108984375 0.3777894171875 0.64309238125 0.38200770781250004 0.5687855671875 0.35348799531249997 0.5716375390625 0.34771854687500003 0.5754838375 0.334256503125 0.5995231999999999
0 0.672770896875 0.5217859921875 0.6935700546875 0.48443696718749996 0.683168821875 0.48931254375 0.672450065625 0.519861003125 0.672770896875 0.5217859921875
0 0.6749179843750001 0.5346685203125 0.67834538125 0.5552329015625 0.676744109375 0.56430678125 0.7105077578125 0.577272021875 0.7109573796875 0.575875828125 0.6749179843750001 0.5346685203125
3 0.7337860515625 0.6884883671875001 0.7328107140625 0.683733596875 0.7192572984375001 0.6873137453125 0.698024153125 0.6850182703125001 0.6899061750000001 0.67639291875 0.686812453125 0.67604319375 0.6813819578125 0.6781318453125 0.6722000578125 0.6976433828124999 0.6688910984375 0.7195652421875 0.6743372703125 0.722288328125 0.6834545671875001 0.7305767796875 0.6871843703125 0.7421806125 0.6846978359375 0.7678748140625 0.6824818484375 0.7746458859375001 0.6842513015625 0.7745418 0.6888422515625 0.76593376875 0.6963025468749999 0.76019508125 0.706632184375 0.75904734375 0.7198311671875001 0.7636382937499999 0.7290130671874999 0.76134281875 0.7347517546875 0.7699508500000001 0.746803 0.772246325 0.75885424375 0.76937698125 0.76918388125 0.76019508125 0.7743487015625 0.7498654421875 0.7783657828125 0.7280584296875 0.7783657828125 0.701086596875 0.7680361437500001 0.6844444015625 0.74967234375 0.6792795828125 0.7470399546875 0.6799749296875001 0.7435740562500001 0.6926832265625 0.7370487203125 0.6936154171875 0.7337860515625 0.6884883671875001
6 0.46665228125 0.7047463375 0.4647441546875 0.6980678953125 0.4706848015625 0.673711240625 0.472299503125 0.6697754078125 0.48018803906249996 0.6505471 0.3984375 0.6534239515625 0.3984375 0.6682771765625 0.401464 0.6708713203125 0.42264950625 0.6751948921875 0.43086429375 0.6717360343750001 0.45594101406250004 0.698974540625 0.46386238750000003 0.7046134859375 0.46665228125 0.7047463375
6 0.6677960625 0.6924891828125 0.668660778125 0.6790861078125 0.666150771875 0.673707525 0.63867096875 0.6706011125 0.6170043828125 0.6653392265625 0.6194782437499999 0.6727608109375 0.6233594421875 0.68440440625 0.624419409375 0.6939441078125 0.6461565328125001 0.708197959375 0.6624903546875001 0.7163648703125001 0.6677960625 0.6924891828125
3 0.7477689140625 0.6428110171875 0.743107959375 0.6386161578125 0.7379809109375 0.639082253125 0.731455575 0.6535312109375 0.7300572890625 0.670310646875 0.7337860515625 0.6884883671875001 0.7370487203125 0.6936154171875 0.7435740562500001 0.6926832265625 0.7491672 0.6721750281250001 0.7762007343749999 0.6721750281250001 0.7915818828125001 0.695013703125 0.8046325546875 0.69967465625 0.820013703125 0.696878084375 0.8216819828125 0.6900381343750001 0.8180563515625 0.6803697843750001 0.8028343843749999 0.66185658125 0.7966633171875 0.6458118046875 0.7965063921875 0.6354547609375001 0.792047978125 0.6376839671875 0.7757346390625 0.661920928125 0.751497678125 0.6628531203125 0.7477689140625 0.6428110171875
3 0.32158309531249996 0.728402396875 0.3372764640625 0.723664775 0.37333945156250004 0.71702159375 0.4141475703125 0.71702159375 0.44878702031250006 0.7132254890625 0.46926674375 0.7138969562499999 0.46665228125 0.7047463375 0.35528988125 0.699443365625 0.3405690421875 0.704154034375 0.32525936875 0.720641375 0.32158309531249996 0.728402396875
3 0.4760007609375 0.939098625 0.4942546015625 0.9320326234375 0.5183967765624999 0.9355656234374999 0.5348841171875 0.9337991234375 0.539594784375 0.9161341171874999 0.542538953125 0.8725604328125 0.542569925 0.8708879328125001 0.5199834875 0.8380623093749999 0.5057285796875 0.8849991968750001 0.4943402671875 0.895912996875 0.474410721875 0.9039797171874999 0.4321790640625 0.914893515625 0.385676790625 0.9229602375000001 0.3781835484375 0.9229602375000001 0.39827473125 0.930266121875 0.4760007609375 0.939098625
6 0.4858372703125 0.7832679296875 0.4862540875 0.7770156578125 0.49105178125000004 0.769659196875 0.47662544999999995 0.739652428125 0.46926674375 0.7138969562499999 0.44878702031250006 0.7132254890625 0.4141475703125 0.71702159375 0.37333945156250004 0.71702159375 0.3372764640625 0.723664775 0.31212727500000004 0.7312569843750001 0.2993154234375 0.7440688343749999 0.28840162343750003 0.77586120625 0.2879271109375 0.8033829609375 0.2988409109375 0.8626970859374999 0.30643311875 0.8826266328125 0.31829594375000003 0.8997090999999999 0.34249610625 0.9229602375000001 0.385676790625 0.9229602375000001 0.4321790640625 0.914893515625 0.474410721875 0.9039797171874999 0.4943402671875 0.895912996875 0.5057285796875 0.8849991968750001 0.5199834875 0.8380623093749999 0.4983418125 0.8066097421875 0.4858372703125 0.7832679296875
3 0.63411179375 0.5836189609375 0.63411179375 0.595421275 0.627992075 0.61115769375 0.6223094796875001 0.6155289203125001 0.6048245703124999 0.61815165625 0.5952346421875 0.6173872421875 0.6085078234375 0.63984955 0.6170043828125 0.6653392265625 0.63867096875 0.6706011125 0.709396259375 0.6785961453125 0.721696309375 0.6644510875 0.7303063453124999 0.6343159625 0.7303063453124999 0.6004908234374999 0.7284698015625 0.595899465625 0.7130232953125 0.5782379890625 0.6460509984375 0.5525206265625 0.6304773859374999 0.5486272234375 0.63411179375 0.5836189609375
1 0.7096827921875 0.46231061718750005 0.7061128109375 0.46191395156250004 0.6692230171875 0.528156915625 0.7743390984375 0.648346246875 0.7775124140624999 0.6495362390625 0.796279803125 0.6204999 0.7962519125 0.61865910625 0.7900808453125 0.6013801171875001 0.7985816406249999 0.5578952765625 0.7580758546874999 0.5142736609375 0.739432625 0.496423759375 0.7243593765624999 0.47619387187499995 0.7096827921875 0.46231061718750005
6 0.492506359375 0.7674288421875 0.5265467640625 0.7250242234375001 0.5226585984375001 0.7036393109375 0.51064034375 0.6936931687500001 0.5093970750000001 0.68499029375 0.5114691890625 0.6767018421875 0.5185143734375 0.66551243125 0.5363345453125 0.6688278125 0.5524970265625 0.658467246875 0.5649297046874999 0.6563951343750001 0.574875846875 0.658467246875 0.6208767546875 0.6916210546875 0.624419409375 0.6939441078125 0.6233594421875 0.68440440625 0.6085078234375 0.63984955 0.5952346421875 0.6173872421875 0.5843428328125 0.6165190546875 0.581573721875 0.646979275 0.48018803906249996 0.6505471 0.4706848015625 0.673711240625 0.4647441546875 0.6980678953125 0.47662544999999995 0.739652428125 0.49105178125000004 0.769659196875 0.492506359375 0.7674288421875
5 0.46494529531250006 0.5062482375 0.4631433828125 0.47897928749999996 0.46219054687499994 0.4792875578125 0.4505298640625 0.4754006640625 0.43165066406249997 0.4754006640625 0.3977791578125 0.4792875578125 0.390560640625 0.483174453125 0.385007934375 0.5159354171875 0.3777894171875 0.64309238125 0.3794552296875 0.6503108984375 0.39222645312500004 0.6536425218749999 0.581573721875 0.646979275 0.5843428328125 0.6165190546875 0.5445016328125 0.61334330625 0.503412096875 0.6137804296875 0.49423251874999996 0.6124690609375001 0.48155595937499995 0.600229625 0.47587336406249997 0.584056084375 0.46494529531250006 0.5062482375
5 0.6461565328125001 0.8196776390625 0.6391113500000001 0.8180199484375 0.6096873453125 0.79605555 0.541307615625 0.754613290625 0.53426243125 0.7475681062499999 0.5276316703124999 0.7309912015625 0.5265467640625 0.7250242234375001 0.492506359375 0.7674288421875 0.4862540875 0.7770156578125 0.4858372703125 0.7832679296875 0.4983418125 0.8066097421875 0.59212588125 0.9429092562499999 0.6071313328125 0.9433260734375001 0.6242208734375 0.9433260734375001 0.6942463125 0.854960640625 0.66583075625 0.8119620062499999 0.66480555 0.8138757218749999 0.6461565328125001 0.8196776390625
4 0.61225565625 0.38472811875 0.607010184375 0.37292580468750003 0.6004533421875 0.36636896406249997 0.59302225625 0.3637462265625 0.5716032421875 0.3681174546875 0.5265796015624999 0.36505759531250004 0.47587336406249997 0.372051559375 0.46713090937499996 0.37685990937499997 0.4618854375 0.38341675 0.458825578125 0.39303345 0.4583884546875 0.40702137812499994 0.46494529531250006 0.5062482375 0.47587336406249997 0.584056084375 0.48155595937499995 0.600229625 0.49423251874999996 0.6124690609375001 0.503412096875 0.6137804296875 0.5445016328125 0.61334330625 0.6048245703124999 0.61815165625 0.6223094796875001 0.6155289203125001 0.627992075 0.61115769375 0.63411179375 0.595421275 0.63411179375 0.5836189609375 0.6153155156250001 0.40265015000000004 0.61225565625 0.38472811875
6 0.6391113500000001 0.8180199484375 0.6461565328125001 0.8196776390625 0.66480555 0.8138757218749999 0.677238228125 0.79066805625 0.6846978359375 0.7678748140625 0.6871843703125 0.7421806125 0.6834545671875001 0.7305767796875 0.6743372703125 0.722288328125 0.6461565328125001 0.708197959375 0.6208767546875 0.6916210546875 0.574875846875 0.658467246875 0.5649297046874999 0.6563951343750001 0.5524970265625 0.658467246875 0.5363345453125 0.6688278125 0.5185143734375 0.66551243125 0.5114691890625 0.6767018421875 0.5093970750000001 0.68499029375 0.51064034375 0.6936931687500001 0.5226585984375001 0.7036393109375 0.5276316703124999 0.7309912015625 0.53426243125 0.7475681062499999 0.541307615625 0.754613290625 0.6096873453125 0.79605555 0.6391113500000001 0.8180199484375
5 0.8900521421875001 0.693534728125 0.9135021984374999 0.65733113125 0.9200846703125001 0.637172309375 0.9221416937500001 0.62195034375 0.9209074796875001 0.6050827578125 0.9172048390624999 0.59520905 0.918439053125 0.5614738796875 0.913913603125 0.538023821875 0.909388153125 0.5269159015625 0.8933433781250001 0.5112825296875 0.8830582640625 0.506345675 0.8641336578125 0.502643034375 0.83327831875 0.50799129375 0.816410734375 0.519099215625 0.809005453125 0.5273273046875 0.8007773625000001 0.5466633171875 0.7900808453125 0.6013801171875001 0.7962519125 0.61865910625 0.7966633171875 0.6458118046875 0.8028343843749999 0.66185658125 0.8180563515625 0.6803697843750001 0.8229932062499999 0.693534728125 0.8295756781250001 0.7025856265625 0.8406836 0.7104023125000001 0.8522029265625 0.71204793125 0.874007365625 0.7071110765624999 0.8900521421875001 0.693534728125