6 0.33802521875 0.5430197359375 0.3481186390625 0.5407767546875 0.3643802625 0.5525524125 0.375034428125 0.5447019734375 0.38451258906249997 0.5486927781250001 0.3825222890625 0.5394876390625 0.3719582734375 0.5216956140625 0.374738278125 0.4977875796875 0.3636182625 0.49111557031249997 0.35305424687500003 0.494451575 0.3474942390625 0.5127996015625 0.3291462125 0.527255621875 0.31413419062500003 0.5561676640625 0.3131496421875 0.5608442703125001 0.3245673234375 0.5570383765625 0.33802521875 0.5430197359375
3 0.34546310625 0.783264209375 0.329334225 0.7827295515625 0.329334225 0.7553392359375 0.3101856125 0.727486709375 0.29433771875 0.74283935625 0.2547723296875 0.7904179874999999 0.24225163749999998 0.823472615625 0.24325329375 0.8580297265624999 0.35243373125 0.8580297265624999 0.36938711875 0.8435573234374999 0.36813055 0.84003893125 0.349550453125 0.8304834515625 0.3426492734375 0.8230514124999999 0.34105669375000003 0.8039404546875 0.34546310625 0.783264209375
5 0.6052849859375 0.7865569296875 0.5957847859375 0.78840825 0.587361825 0.78840825 0.5446227718750001 0.732886215625 0.5456835124999999 0.790166265625 0.551526753125 0.79972793125 0.5573699921874999 0.80238395 0.609343678125 0.7979965609375 0.6093381375 0.79795776875 0.607284971875 0.791798275 0.6052849859375 0.7865569296875
5 0.703127075 0.813063353125 0.6835115296875001 0.8118112984374999 0.666817446875 0.8068030734375 0.6426110296875 0.786770175 0.638333765625 0.7801166546875 0.6052849859375 0.7865569296875 0.607284971875 0.791798275 0.6093381375 0.79795776875 0.6119045921875 0.815922959375 0.6144710484375 0.827215365625 0.6180640875 0.8400476453125 0.6196039609375 0.8441539734375001 0.6201172515625 0.8456938468749999 0.647834975 0.8456938468749999 0.64886155625 0.8451805562500001 0.66272041875 0.8390210625 0.6668267484375 0.836967896875 0.6760659890625 0.833374859375 0.680685609375 0.830808403125 0.699164090625 0.8225957453125 0.70481029375 0.81900270625 0.710456496875 0.8169495421875 0.7161027 0.8133565031250001 0.7232887765625 0.8102767562500001 0.7243153578125 0.8092501750000001 0.7243153578125 0.8077103015624999 0.7243153578125 0.8060005921875 0.703127075 0.813063353125
1 0.93661736875 0.7606111921875 0.9358238171875 0.7546099578125001 0.9312858796875 0.7202918015625001 0.9308932499999999 0.71732254375 0.9276492812500001 0.6927900359375 0.9266493453125 0.685228015625 0.8892692578125001 0.5924008 0.860170909375 0.5386241046875 0.839494153125 0.603870759375 0.8380443218750001 0.6108299515625 0.842719896875 0.6106952640625 0.8431448187499999 0.6536123125 0.6573548078125 0.5832702359375 0.665693146875 0.603972315625 0.8341773421875001 0.8063580859374999 0.9301736609375 0.7634887734375 0.9300464203125 0.763688725 0.93661736875 0.7606111921875
1 0.8432359281249999 0.6628143625 0.842719896875 0.6106952640625 0.8380443218750001 0.6108299515625 0.8257193562499999 0.6699897828125 0.8369967468749999 0.6631086640625 0.8432359281249999 0.6628143625
3 0.8580562453124999 0.48743581875 0.8265569375 0.464373825 0.7832453890625 0.44637422187500003 0.7562459828125 0.4435617828125 0.7478086671875 0.448061684375 0.739933840625 0.46156138750000003 0.724777696875 0.5188375125 0.7462133671875 0.5036331421875 0.7529216046875 0.5048528218749999 0.7626790406249999 0.522538175 0.777925034375 0.520098815625 0.791341509375 0.565836796875 0.8139055796875001 0.5755942328125 0.8126859 0.660971796875 0.8073958328125 0.6811702375 0.8257193562499999 0.6699897828125 0.839494153125 0.603870759375 0.864806096875 0.523997515625 0.866493559375 0.5054354234375 0.864806096875 0.49699810937500005 0.8580562453124999 0.48743581875
5 0.3481186390625 0.5407767546875 0.33802521875 0.5430197359375 0.3245673234375 0.5570383765625 0.30774495625 0.5626458328124999 0.2942870609375 0.5811504375000001 0.2886796046875 0.5974120609375 0.282511403125 0.649561403125 0.2847543859375 0.6686267531250001 0.2931655703125 0.6848883765625 0.303258990625 0.717411621875 0.329334225 0.7553392359375 0.329334225 0.5942393859374999 0.41492414687499996 0.599047809375 0.43099666562500005 0.5985848140625001 0.40755767499999995 0.580028946875 0.3997072359375 0.563206578125 0.3856885953125 0.5491879390625 0.375034428125 0.5447019734375 0.3643802625 0.5525524125 0.3481186390625 0.5407767546875
3 0.7455631703125001 0.7919229296875 0.7436403203124999 0.7928843546875 0.7282518984374999 0.7913455125 0.7226094765625 0.769801721875 0.7344072671874999 0.7605686687500001 0.742101478125 0.7600557218749999 0.750821584375 0.7359471937500001 0.75747929375 0.7241112656250001 0.72434575 0.7184164375 0.72434575 0.7205812578125 0.7083864578125 0.7414170015625 0.6822309515625 0.77156233125 0.638333765625 0.7801166546875 0.6426110296875 0.786770175 0.666817446875 0.8068030734375 0.6835115296875001 0.8118112984374999 0.703127075 0.813063353125 0.726916140625 0.8051336656249999 0.7444449265624999 0.7934478078125 0.7455631703125001 0.7919229296875
5 0.7626790406249999 0.522538175 0.7529216046875 0.5048528218749999 0.7462133671875 0.5036331421875 0.6937671484375 0.5408333671875 0.671203078125 0.5499809625000001 0.6669342 0.5591285593750001 0.6522980453125 0.5707155140625 0.667263140625 0.60787023125 0.72434575 0.675806578125 0.72434575 0.7184164375 0.75747929375 0.7241112656250001 0.7646711640625 0.7113257187500001 0.776468953125 0.7000408765625 0.8073958328125 0.6811702375 0.8126859 0.660971796875 0.8139055796875001 0.5755942328125 0.791341509375 0.565836796875 0.777925034375 0.520098815625 0.7626790406249999 0.522538175
6 0.4551915796875 0.876668265625 0.47217909843749994 0.8618041875 0.5167713328125 0.8092490546875 0.5321662703125 0.796508415625 0.539598309375 0.7837677765625 0.5335069859375 0.771237053125 0.533692184375 0.789942184375 0.515901021875 0.789942184375 0.4485831046875 0.777921128125 0.43560036406249997 0.7784019703125 0.4163666734375 0.7856146046875 0.34546310625 0.783264209375 0.34105669375000003 0.8039404546875 0.3426492734375 0.8230514124999999 0.349550453125 0.8304834515625 0.36813055 0.84003893125 0.37078485 0.8474709703125001 0.3718465703125 0.8681745078124999 0.3814020484375 0.8782608453125 0.3941426875 0.879322565625 0.40104386718749996 0.8883471843749999 0.41378450468750005 0.891001484375 0.4382040625 0.885162025 0.4551915796875 0.876668265625
5 0.531768815625 0.5956819125 0.5329774890625 0.717757903125 0.587361825 0.78840825 0.5957847859375 0.78840825 0.6822309515625 0.77156233125 0.7083864578125 0.7414170015625 0.72434575 0.7205812578125 0.72434575 0.675806578125 0.661395209375 0.6008865671875 0.5886917671874999 0.5046875 0.5687426515625 0.5046875 0.49027613125 0.5197601656249999 0.444171509375 0.58271070625 0.440625 0.5889170984375001 0.440625 0.5977833718750001 0.441019671875 0.5982960859374999 0.531768815625 0.5956819125
1 0.329334225 0.5942393859374999 0.329334225 0.7827295515625 0.4163666734375 0.7856146046875 0.43560036406249997 0.7784019703125 0.4485831046875 0.777921128125 0.515901021875 0.789942184375 0.533692184375 0.789942184375 0.531768815625 0.5956819125 0.41492414687499996 0.599047809375 0.329334225 0.5942393859374999
6 0.8057069546875001 0.811863409375 0.8985504343749999 0.7939102499999999 0.9277884359374999 0.767236984375 0.9421509625000001 0.7446672999999999 0.9416380156249999 0.7344083515625 0.9303531734374999 0.7190199296875 0.9339438046874999 0.7077350874999999 0.9334308578125 0.7010667703125 0.9298402250000001 0.6938855078125 0.9226589625000001 0.690294875 0.919581278125 0.671315821875 0.914451803125 0.6656734 0.8913691703125 0.6605439265624999 0.8369967468749999 0.6631086640625 0.776468953125 0.7000408765625 0.7646711640625 0.7113257187500001 0.750821584375 0.7359471937500001 0.742101478125 0.7600557218749999 0.7344072671874999 0.7605686687500001 0.7226094765625 0.769801721875 0.7282518984374999 0.7913455125 0.7436403203124999 0.7928843546875 0.7528733734374999 0.788267828125 0.7800595859375 0.8072468828125 0.8057069546875001 0.811863409375