6 0.38628229375 0.55269356875 0.3839719515625 0.5435634968749999 0.3727934390625 0.5261509890625 0.374737371875 0.5021604984375 0.36339127968749996 0.4958806359375 0.352950125 0.4995832875 0.348033840625 0.518114178125 0.3302015 0.5332017296875 0.31620763749999997 0.562620071875 0.31538690156250004 0.5673281890624999 0.326664803125 0.5631261421875 0.33962525625 0.5486463671874999 0.34963425 0.546052496875 0.36629693125 0.557253459375 0.3766706296875 0.5490359781249999 0.38628229375 0.55269356875
3 0.3029379734375 0.7498689359374999 0.2650571578125 0.7987993953125 0.2536976828125 0.832270853125 0.2559047546875 0.8667719546875 0.36501868125 0.8629616125 0.3814566625 0.8479063609375 0.38007806875 0.844433965625 0.361175809375 0.83553274375 0.354019459375 0.8283460796875 0.3517608859375 0.80930234375 0.35544302499999997 0.7884849125 0.339305309375 0.7885134703125 0.33834940156250004 0.7611398390625 0.31824041406250003 0.7339725578125 0.3029379734375 0.7498689359374999
5 0.555782340625 0.788395171875 0.5619557187499999 0.7977470875 0.5678880921875 0.8001975625 0.6196769984375 0.793998990625 0.6196701078125 0.793960415625 0.6174032296874999 0.7878763281250001 0.6152215421875 0.7827079734375 0.6057917390625 0.78488971875 0.597373909375 0.7851836750000001 0.5527232 0.7311870359375 0.555782340625 0.788395171875
5 0.6480254265625 0.7751182359375 0.6152215421875 0.7827079734375 0.6174032296874999 0.7878763281250001 0.6196701078125 0.793960415625 0.622861975 0.8118250937499999 0.6258209671875 0.823021053125 0.6298596578125 0.8357201203125 0.6315419015625 0.8397702062500001 0.6321086203124999 0.841291228125 0.659809459375 0.8403238937499999 0.6608175015625 0.8397750875 0.6744529578125 0.8331356796874999 0.6784851328125 0.8309404562499999 0.68759335 0.8270271625 0.6921205875 0.824301046875 0.71030119375 0.8154485015624999 0.7158185625 0.8116606015625001 0.721389671875 0.8094116390625 0.726907040625 0.8056237390625001 0.7339812578125 0.802295078125 0.7349713859375 0.8012332953125 0.7349176453124999 0.799694359375 0.734857978125 0.7979856921875 0.7139290890625001 0.8057836109375 0.694281796875 0.8052168906249999 0.6774230984375 0.8007943328125 0.6525322890624999 0.7816184296875 0.6480254265625 0.7751182359375
1 0.93411704375 0.6777478484375 0.93285380625 0.6702253328125 0.8922568671875 0.5787592109374999 0.8612994640625 0.5260307921875 0.8429123796875 0.591959309375 0.8417063046875001 0.5989648609375 0.8463743296875 0.5986670796875 0.8482967765625 0.6415431546875 0.660165040625 0.57772790625 0.6692207921875 0.5981263703125 0.8446655140624999 0.7945088390625 0.9391072359375 0.7483154187500001 0.9389870515625001 0.7485196890625 0.9454465921875 0.7452147078125 0.9444440843749999 0.739244825 0.9387112249999999 0.7051059453125 0.9382152093749999 0.7021521984375 0.93411704375 0.6777478484375
1 0.8424838671874999 0.6512482859375 0.8487089781250001 0.65073641875 0.8463743296875 0.5986670796875 0.8417063046875001 0.5989648609375 0.8314534953124999 0.6585187875 0.8424838671874999 0.6512482859375
3 0.7458450875 0.4394449265625 0.738446190625 0.4532112328125 0.7252981875 0.510981409375 0.746190175 0.49503820625 0.7529368921875 0.4960230296875 0.7633055953125 0.5133570796875 0.7784571687499999 0.510387128125 0.793461703125 0.55562901875 0.8163525578125 0.5645930359375 0.8181132546875001 0.6499611562500001 0.8135313249999999 0.6703319140625 0.8314534953124999 0.6585187875 0.8429123796875 0.591959309375 0.8654213687500001 0.5112513484375001 0.8664599953125001 0.49264167187499996 0.864479103125 0.48426838906249997 0.85739964375 0.47494748906249995 0.825114671875 0.4529988546875 0.78120133125 0.4365217671875 0.75412021875 0.4346533078125 0.7458450875 0.4394449265625
5 0.297244484375 0.58828028125 0.29220796718750003 0.6047276953125 0.287863509375 0.6570605375 0.290770496875 0.67603599375 0.2997440796875 0.6919941656249999 0.310966396875 0.7241453421874999 0.33834940156250004 0.7611398390625 0.332727096875 0.600138128125 0.4184326921875 0.6019565765625 0.4344792609375 0.600932940625 0.41040695781250003 0.5832063859375001 0.40197420937499995 0.566668240625 0.387474865625 0.5531473859375 0.3766706296875 0.5490359781249999 0.36629693125 0.557253459375 0.34963425 0.546052496875 0.33962525625 0.5486463671874999 0.326664803125 0.5631261421875 0.31004838125 0.569317275 0.297244484375 0.58828028125
3 0.7433581874999999 0.7522292421875 0.7510298109375 0.7514480828125001 0.7589032296875 0.7270499140625 0.7651438140625 0.7149888453125001 0.7318317078125001 0.7104538296875 0.731907259375 0.7126173312499999 0.716684846875 0.7339973546875 0.6915973296875 0.765037134375 0.6480254265625 0.7751182359375 0.6525322890624999 0.7816184296875 0.6774230984375 0.8007943328125 0.694281796875 0.8052168906249999 0.7139290890625001 0.8057836109375 0.7374269203125 0.7970285265625 0.7545371984375 0.7847380421875 0.75560154375 0.7831750671875 0.7537134171875 0.7842030125 0.7382806656249999 0.78320215625 0.7318898125 0.7618684078125 0.7433581874999999 0.7522292421875
5 0.672843096875 0.5439756140625 0.668896065625 0.5532666203125001 0.6546732046875 0.5653573109375001 0.670925865625 0.6019671203125 0.7303446453125 0.667869928125 0.7318317078125001 0.7104538296875 0.7651438140625 0.7149888453125001 0.7718850953125 0.70196009375 0.7832818609375 0.6902703890625 0.8135313249999999 0.6703319140625 0.8181132546875001 0.6499611562500001 0.8163525578125 0.5645930359375 0.793461703125 0.55562901875 0.7784571687499999 0.510387128125 0.7633055953125 0.5133570796875 0.7529368921875 0.4960230296875 0.746190175 0.49503820625 0.695074175 0.5340461171875 0.672843096875 0.5439756140625
6 0.5494775390625 0.7822129515625 0.5429526109375 0.7699024453125001 0.543790496875 0.7885897187500001 0.526010171875 0.789210621875 0.458313734375 0.77954625 0.44535568281250004 0.780479890625 0.42638542656249995 0.7883593765625 0.35544302499999997 0.7884849125 0.3517608859375 0.80930234375 0.354019459375 0.8283460796875 0.361175809375 0.83553274375 0.38007806875 0.844433965625 0.38299012656250003 0.8517688437500001 0.3847737421875 0.8724227156250001 0.3946754078125 0.882169428125 0.4074453390625 0.882785859375 0.4146572703125 0.8915641328125 0.4274827796875 0.893772175 0.45168366718749997 0.8870840421875 0.468364409375 0.8780026015625 0.4848228296875 0.862554721875 0.5275537531250001 0.8084753578124999 0.5424946703125 0.7952052046875 0.5494775390625 0.7822129515625
5 0.6915973296875 0.765037134375 0.716684846875 0.7339973546875 0.731907259375 0.7126173312499999 0.7303446453125 0.667869928125 0.6648177828125 0.5951924984375 0.5888013296875 0.501589346875 0.5688643671875 0.5022855609375 0.49097167500000005 0.5200874859375 0.44709208125 0.5846087078125 0.44376433125 0.590935090625 0.444073759375 0.5997959625 0.444486084375 0.600294590625 0.5350887140625 0.594514909375 0.540557040625 0.716474353125 0.597373909375 0.7851836750000001 0.6057917390625 0.78488971875 0.6915973296875 0.765037134375
1 0.458313734375 0.77954625 0.526010171875 0.789210621875 0.543790496875 0.7885897187500001 0.5350887140625 0.594514909375 0.4184326921875 0.6019565765625 0.332727096875 0.600138128125 0.339305309375 0.7885134703125 0.42638542656249995 0.7883593765625 0.44535568281250004 0.780479890625 0.458313734375 0.77954625
6 0.949549715625 0.7188526125 0.9377347 0.7038674 0.9409293078125 0.6924641203124999 0.9401839531249999 0.6858177671875 0.936344884375 0.678766190625 0.9290426859375 0.6754283671875 0.9253045171875 0.6565682859375 0.9199812484375001 0.6511083171875 0.8967336609375 0.646787540625 0.8424838671874999 0.6512482859375 0.7832818609375 0.6902703890625 0.7718850953125 0.70196009375 0.7589032296875 0.7270499140625 0.7510298109375 0.7514480828125001 0.7433581874999999 0.7522292421875 0.7318898125 0.7618684078125 0.7382806656249999 0.78320215625 0.7537134171875 0.7842030125 0.76277973125 0.7792670703125 0.7906117421875 0.797285778125 0.8164046015625 0.8010044125 0.90856496875 0.7798219984375 0.936854275 0.7521445890625 0.9504203812500001 0.729087409375 0.949549715625 0.7188526125