6 0.3773433984375 0.5257621171875 0.37714608906249997 0.5163463359375 0.3701710421875 0.496865490625 0.3774618390625 0.47392716406249996 0.3678192078125 0.465255940625 0.35681274375 0.46651494375 0.3478539203125 0.48346496562499996 0.327084659375 0.4941544203125 0.3068317734375 0.5196708375 0.304972975 0.5240736609375001 0.31690708125 0.5225162875 0.33279259843750003 0.511323096875 0.34312855625 0.5110472406250001 0.35684450624999997 0.5257094109375 0.36880085937499996 0.5200361171875 0.3773433984375 0.5257621171875
3 0.25178038125 0.6991355 0.2038634875 0.7382905453124999 0.185265715625 0.76834880625 0.1796551609375 0.8024621312500001 0.286829646875 0.823294740625 0.30623301718749996 0.8123230953125 0.30567087656249997 0.80862958125 0.2892554203125 0.7957044125 0.28389913437500003 0.7870921140625 0.2859823578125 0.7680284 0.294253025 0.74857281875 0.27852249375000004 0.7449704484375 0.2837488125 0.7180833703125 0.2702665265625 0.6870888453124999 0.25178038125 0.6991355
5 0.48947784375000003 0.79355191875 0.4933892765625 0.8040528531250001 0.49861836562499995 0.807775015625 0.550474303125 0.8133852828125001 0.550476265625 0.8133461453124999 0.549636109375 0.80690805625 0.5486729640625 0.8013813937500001 0.5389940609375 0.8013859765625 0.530725853125 0.7997788 0.499366140625 0.737121865625 0.48947784375000003 0.79355191875
5 0.5823434078124999 0.8013654499999999 0.5486729640625 0.8013813937500001 0.549636109375 0.80690805625 0.550476265625 0.8133461453124999 0.549567646875 0.8314709671875 0.5499322578125 0.843045603125 0.55101076875 0.8563277015624999 0.5517388249999999 0.8606524078125 0.5519488640625 0.8622619296874999 0.5791573343749999 0.8675507203124999 0.5802629953125 0.867242740625 0.5950425187499999 0.8638408109375 0.5994651656250001 0.8626088921875 0.6092202390625 0.8608447984375 0.6142446875 0.8592069609375 0.6339507156249999 0.8546710531249999 0.640178765625 0.8522213750000001 0.6461129953125 0.8512832796875 0.6523410453125 0.8488336000000001 0.6599827359375 0.8471816046875 0.6611863375 0.846369765625 0.661480159375 0.844858184375 0.6618063875 0.8431798875000001 0.6396597546875 0.8460699703125 0.6206435046875 0.8410980968749999 0.6052117546875 0.83299650625 0.585272534375 0.8087128671875 0.5823434078124999 0.8013654499999999
1 0.8830060859375 0.7708472703125 0.8834674234375001 0.7632333874999999 0.8644863812500001 0.6649792125 0.846183728125 0.6066383203125 0.8134372140625 0.6667409 0.8106861437499999 0.673295590625 0.815301515625 0.67405551875 0.8075296703125 0.7162651390625 0.638575046875 0.611765040625 0.6428100437500001 0.63367779375 0.7695816843750001 0.8644934671875 0.8719941312499999 0.8407287468750001 0.871831075 0.8409007453124999 0.87886851875 0.8391335515625 0.8792346359375 0.8330911609375 0.8813282859375 0.7985376468750001 0.8815094312499999 0.795548025 0.8830060859375 0.7708472703125
1 0.7996825671875001 0.724413909375 0.805863271875 0.7253155062500001 0.815301515625 0.67405551875 0.8106861437499999 0.673295590625 0.7872993953125 0.7290167750000001 0.7996825671875001 0.724413909375
3 0.753166021875 0.4963000609375 0.7428600125 0.5080491484375 0.71705353125 0.5613810203125 0.7409964984374999 0.550546115625 0.7473487609375 0.5530233796874999 0.7535524 0.572245609375 0.768983734375 0.572760140625 0.7734264921875 0.6202177703125 0.793714190625 0.6341013625 0.7762261125000001 0.7176775734375 0.7671791953125 0.7364955203125 0.7872993953125 0.7290167750000001 0.8134372140625 0.6667409 0.8535246390625 0.5931648984375 0.8587229125 0.5752658265624999 0.85867636875 0.566661546875 0.8538751031249999 0.5559870109375 0.8273549609374999 0.5273383796875 0.7882736546875 0.501405246875 0.7623069421875 0.49349275 0.753166021875 0.4963000609375
5 0.282582353125 0.540407596875 0.2739750578125 0.5553004953125 0.25796962031250004 0.6053147578125 0.25653355312500004 0.6244578046875 0.2616873359375 0.6420255859374999 0.265389584375 0.675877203125 0.2837488125 0.7180833703125 0.3144881140625 0.5599433781250001 0.39758801718750003 0.580994784375 0.41345358125000004 0.5836070765625 0.3939858578125 0.5609197625 0.3894895125 0.542908534375 0.3784033171875 0.5264725734375 0.36880085937499996 0.5200361171875 0.35684450624999997 0.5257094109375 0.34312855625 0.5110472406250001 0.33279259843750003 0.511323096875 0.31690708125 0.5225162875 0.299323834375 0.5248108609375 0.282582353125 0.540407596875
3 0.6803817 0.8005083031250001 0.6880324203125 0.8014729062500001 0.7011924390625001 0.77947119375 0.709986228125 0.7691230765625 0.678548065625 0.7572107 0.6781349984375 0.7593357453125 0.6584932765625 0.7767435015624999 0.6270663203125 0.8013442718749999 0.5823434078124999 0.8013654499999999 0.585272534375 0.8087128671875 0.6052117546875 0.83299650625 0.6206435046875 0.8410980968749999 0.6396597546875 0.8460699703125 0.6645248031250001 0.8428251421875 0.683961303125 0.8346986359375 0.6853499625 0.8334151453124999 0.6832789921875 0.8339920093750001 0.6684669234375 0.829545190625 0.66703891875 0.8073205953124999 0.6803817 0.8005083031250001
5 0.658520778125 0.581729759375 0.6525848875 0.5898947484375 0.6360067453125 0.5984761078124999 0.6436074359374999 0.6378036625 0.686678409375 0.715383703125 0.678548065625 0.7572107 0.709986228125 0.7691230765625 0.7194855609374999 0.757944709375 0.733219840625 0.749118325 0.7671791953125 0.7364955203125 0.7762261125000001 0.7176775734375 0.793714190625 0.6341013625 0.7734264921875 0.6202177703125 0.768983734375 0.572760140625 0.7535524 0.572245609375 0.7473487609375 0.5530233796874999 0.7409964984374999 0.550546115625 0.6824157265624999 0.5770556578125 0.658520778125 0.581729759375
6 0.4847253328125 0.7861098765625 0.4811368984375 0.7726470984375 0.47774958749999996 0.7910439015625 0.4602852984375 0.7876491875 0.3964979265625 0.763004128125 0.3836619671875 0.7609989125000001 0.36340541718749997 0.76440906875 0.294253025 0.74857281875 0.2859823578125 0.7680284 0.28389913437500003 0.7870921140625 0.2892554203125 0.7957044125 0.30567087656249997 0.80862958125 0.306858309375 0.8164315375 0.3039501015625 0.836957278125 0.31140545468749997 0.848681571875 0.3237094265625 0.8521548140625 0.328761834375 0.8623304328125 0.340761925 0.8673669937499999 0.3658470484375 0.86629429375 0.38414314374999997 0.861197959375 0.403654753125 0.8498483468750001 0.45745569531249997 0.8067674 0.4749988125 0.797198334375 0.4847253328125 0.7861098765625
5 0.6270663203125 0.8013442718749999 0.6584932765625 0.7767435015624999 0.6781349984375 0.7593357453125 0.686678409375 0.715383703125 0.6391798609375 0.6298286546874999 0.5861678328125 0.5215245640624999 0.5665852375 0.51771809375 0.48668436875000004 0.5175417140625 0.4294152890625 0.5705385 0.424749703125 0.57595415625 0.42305793906250005 0.58465753125 0.42334752968749995 0.5852361328125 0.5129281640625 0.5999857421875 0.4908214328125 0.720049478125 0.530725853125 0.7997788 0.5389940609375 0.8013859765625 0.6270663203125 0.8013442718749999
1 0.3964979265625 0.763004128125 0.4602852984375 0.7876491875 0.47774958749999996 0.7910439015625 0.5129281640625 0.5999857421875 0.39758801718750003 0.580994784375 0.3144881140625 0.5599433781250001 0.27852249375000004 0.7449704484375 0.36340541718749997 0.76440906875 0.3836619671875 0.7609989125000001 0.3964979265625 0.763004128125
6 0.8887966593750001 0.814370115625 0.8806554 0.7971111734375 0.8863333109375 0.7867187906249999 0.8871021640625001 0.7800751140625 0.88494775 0.7723406671874999 0.8785835531249999 0.7674457546875 0.8791837890625 0.74822815 0.87522518125 0.7417106453125 0.853545390625 0.7322710406249999 0.7996825671875001 0.724413909375 0.733219840625 0.749118325 0.7194855609374999 0.757944709375 0.7011924390625001 0.77947119375 0.6880324203125 0.8014729062500001 0.6803817 0.8005083031250001 0.66703891875 0.8073205953124999 0.6684669234375 0.829545190625 0.6832789921875 0.8339920093750001 0.6932232828125 0.83122205 0.7162886328125 0.8550397796875 0.7405839125 0.8644652374999999 0.8351472203125001 0.8645572984375001 0.8689375374999999 0.8439529703125 0.8873426828125 0.824538453125 0.8887966593750001 0.814370115625