0 0.38271928593750004 0.5067058859375 0.3814636046875 0.5176482453125 0.3898962640625 0.5186197484374999 0.3918206546875 0.5138338734375 0.39690688281250003 0.49657188750000003 0.38271928593750004 0.5067058859375
0 0.3975277734375 0.49964051718749997 0.3918206546875 0.5138338734375 0.38588674843750004 0.5339727625 0.41918890937500003 0.6166931671875 0.4216201203125 0.6187123078125001 0.3975277734375 0.49964051718749997
0 0.39316764531250004 0.5856013390625 0.3948800828125 0.6212200640625001 0.40704088125000004 0.6409813609375 0.4151480796875 0.6409813609375 0.42325527812499997 0.6267937640625 0.41918890937500003 0.6166931671875 0.399242075 0.600127153125 0.39316764531250004 0.5856013390625
0 0.3796847109375 0.53315004375 0.37917238593749997 0.5376145796875 0.38642319999999997 0.554626103125 0.38588674843750004 0.5339727625 0.3796847109375 0.53315004375
5 0.6391911203125 0.5330717578125 0.643902190625 0.5199854562499999 0.6507070671874999 0.5142274828125 0.675806621875 0.5111540671875 0.66273668125 0.4999661984375 0.6146396921874999 0.4475528125 0.571475728125 0.42720408593750003 0.5638856140625 0.4258904125 0.5702524828125 0.46256357656249997 0.5643183671875 0.5424043968750001 0.5513712078124999 0.5823248078125001 0.5479966359375 0.587207165625 0.6362333 0.5951860124999999 0.6391911203125 0.5330717578125
3 0.7586974171875001 0.6363033703125 0.765343078125 0.5660492406250001 0.76324926875 0.5487753203125 0.76010855625 0.5414469921875 0.752256775 0.5341186625 0.718755840625 0.5189385515625 0.6763562203125 0.5110867703124999 0.6507070671874999 0.5142274828125 0.643902190625 0.5199854562499999 0.6391911203125 0.5330717578125 0.6362333 0.5951860124999999 0.6381315546875 0.5953576625 0.657421328125 0.591895396875 0.7286451031250001 0.5914007859375 0.7410103421875001 0.5963468828125 0.7365588562500001 0.62157196875 0.738042684375 0.6373994749999999 0.7377332015625 0.6394553328125 0.7586974171875001 0.6363033703125
1 0.80815153125 0.9278048312499999 0.8302071906249999 0.9313952875 0.8281555015625001 0.9216497625000001 0.8491853171875 0.9072879374999999 0.8563662296875 0.8929261125 0.87996065625 0.881641821875 0.8825252671875001 0.87497383125 0.8897061796875001 0.8688187640624999 0.8912449468749999 0.863689540625 0.8850898796875001 0.861124928125 0.868676365625 0.867279996875 0.8635471421875 0.8662541515625 0.8620083749999999 0.8626636953125001 0.8635471421875 0.8262462109375001 0.8609825296875 0.8190652984375 0.8620083749999999 0.8021388609375 0.8579049968750001 0.7944450265625 0.8579049968750001 0.7677730656249999 0.8635850812499999 0.6875836390625001 0.8218396203125 0.717658325 0.8167095312500001 0.7180858328124999 0.8047393234375001 0.7121007296874999 0.7850739812499999 0.7223609078125001 0.7679736828125 0.73518613125 0.7636986078125 0.7356136375 0.7589960265625 0.731766071875 0.755148459375 0.7236434296875001 0.7564309828125 0.7155207890625 0.7726762640625 0.7031230734375 0.7897765625 0.68345773125 0.7910590843749999 0.6655024187499999 0.7961891734375001 0.65695226875 0.8487725890625001 0.610781465625 0.8593324718750001 0.60349011875 0.858930840625 0.603125 0.79378970625 0.603125 0.7917380171875 0.6072283781250001 0.7917380171875 0.631335728125 0.7377332015625 0.6394553328125 0.7311181515625 0.6833981640625 0.7306403265625 0.7283137156249999 0.74320643125 0.7291677234375 0.757717328125 0.7331707296875 0.772728603125 0.745680125 0.7822357421875 0.7747019203125001 0.7822357421875 0.7917146984375 0.7797338640625 0.80422409375 0.7717278515625 0.8207364937499999 0.7296546765625 0.8552459515624999 0.7304625812500001 0.8578716421875001 0.7304625812500001 0.8781505562499999 0.7491654640625 0.8801030546874999 0.75532053125 0.8842064328125 0.7737857359375 0.8883098109375 0.80815153125 0.9278048312499999
3 0.725826953125 0.8428058500000001 0.7296546765625 0.8552459515624999 0.7717278515625 0.8207364937499999 0.7797338640625 0.80422409375 0.7822357421875 0.7917146984375 0.7822357421875 0.7747019203125001 0.772728603125 0.745680125 0.757717328125 0.7331707296875 0.74320643125 0.7291677234375 0.7306403265625 0.7283137156249999 0.7306235421875 0.7298914625 0.7261720546875 0.77687936875 0.7261720546875 0.8055667234375001 0.7291397125 0.83375946875 0.725826953125 0.8428058500000001
0 0.3053556125 0.5314870843749999 0.33095906406250003 0.5266864375 0.38588674843750004 0.5339727625 0.38575545 0.528917771875 0.3898962640625 0.5186197484374999 0.31175647500000003 0.5096174687499999 0.2946875078125 0.5160183328125 0.29735453437500003 0.5272198421875001 0.3053556125 0.5314870843749999
6 0.4323167921875 0.821157609375 0.4463198078125 0.7954854140625 0.4570554515625 0.7894174421875 0.45837785625 0.789571209375 0.4666252734375 0.7905302109375001 0.4665020390625 0.7867715609375 0.46961967656250003 0.6932424562499999 0.47097346875 0.6816421015625 0.47392118281249995 0.677957459375 0.4725174484375 0.668412065625 0.47369666875 0.65830758125 0.466619453125 0.65513005625 0.44684789374999995 0.654165590625 0.44106109531250004 0.6575412218750001 0.43527429843750004 0.6700792843750001 0.4057410078125 0.816361359375 0.4080449 0.8244249796875 0.4323167921875 0.821157609375
6 0.439614396875 0.888048665625 0.45263469062499995 0.87117050625 0.46057288124999995 0.8552941265625 0.45098747968749997 0.8528977765624999 0.4332503265625 0.8314264859374999 0.4066445984375 0.833760321875 0.405135246875 0.84225041875 0.4058580765625 0.8615258421875 0.4092337078125 0.8788862359375 0.4053758421875 0.9044445937500001 0.4116448734375 0.9145714890625 0.42128953593749996 0.9193938203125 0.431898665625 0.9155359546874999 0.439614396875 0.888048665625
5 0.7148306234375 0.8179690125000001 0.720589765625 0.8257849921875 0.725826953125 0.8428058500000001 0.7291397125 0.83375946875 0.7261720546875 0.8055667234375001 0.7261720546875 0.77687936875 0.7306235421875 0.7298914625 0.7311181515625 0.6833981640625 0.738042684375 0.6373994749999999 0.7365588562500001 0.62157196875 0.7410103421875001 0.5963468828125 0.7286451031250001 0.5914007859375 0.657421328125 0.591895396875 0.6381315546875 0.5953576625 0.5479966359375 0.587207165625 0.5260163515625 0.619008428125 0.4939947828125 0.63273195625 0.471448134375 0.661140734375 0.47392118281249995 0.677957459375 0.46996430624999996 0.6829035546875 0.4665020390625 0.7867715609375 0.4666252734375 0.7905302109375001 0.47712644062500004 0.7917512765625 0.48226087968750003 0.8328267874999999 0.48063207343750003 0.8442284296875 0.50557619375 0.8451354875 0.5247453828124999 0.8498492234375 0.53177216875 0.8426510515625001 0.5556314734375001 0.82701909375 0.6161024687500001 0.8134439734375001 0.6638210765625 0.8093303000000001 0.7004327671875 0.8105644015625 0.7148306234375 0.8179690125000001
3 0.464056959375 0.856165146875 0.4794602765625 0.8524310093749999 0.48226087968750003 0.8328267874999999 0.47712644062500004 0.7917512765625 0.4570554515625 0.7894174421875 0.4463198078125 0.7954854140625 0.4323167921875 0.821157609375 0.4080449 0.8244249796875 0.40244369375 0.8048207578125 0.397776021875 0.8010866203125 0.3926415828125 0.8015533874999999 0.3870403765625 0.8164899374999999 0.3870403765625 0.833760321875 0.3926415828125 0.8514974750000001 0.3963757203125 0.856165146875 0.40291046093749994 0.8547648453125 0.4066445984375 0.833760321875 0.4332503265625 0.8314264859374999 0.45098747968749997 0.8528977765624999 0.464056959375 0.856165146875
0 0.5643183671875 0.5424043968750001 0.5702524828125 0.46256357656249997 0.5567658578125 0.38488061562500003 0.5389635125 0.355210040625 0.5119902625 0.3449602046875 0.47800396718749993 0.3487364609375 0.44779392656250006 0.3746307796875 0.38575545 0.528917771875 0.38683438125 0.5704565765625 0.399242075 0.600127153125 0.43107051093750004 0.6265609375000001 0.4558859015625 0.6341134484375 0.48825380156250003 0.635192378125 0.5260163515625 0.619008428125 0.5513712078124999 0.5823248078125001 0.5643183671875 0.5424043968750001
3 0.9013560046875 0.6449820609375 0.8838282 0.6116364812499999 0.8739955281249999 0.5979562421875 0.8667279015625 0.59838375 0.8487725890625001 0.610781465625 0.7961891734375001 0.65695226875 0.7910590843749999 0.6655024187499999 0.7897765625 0.68345773125 0.7726762640625 0.7031230734375 0.7564309828125 0.7155207890625 0.755148459375 0.7236434296875001 0.7589960265625 0.731766071875 0.7636986078125 0.7356136375 0.7679736828125 0.73518613125 0.7850739812499999 0.7223609078125001 0.8047393234375001 0.7121007296874999 0.8167095312500001 0.7180858328124999 0.8218396203125 0.717658325 0.9013560046875 0.660372328125 0.903066034375 0.6518221796875 0.9013560046875 0.6449820609375
3 0.6293966296875 0.6856541796875 0.6107370421875 0.681314740625 0.5907756234375 0.6834844609374999 0.564305046875 0.7051816546875 0.5586637765625 0.7147284203125001 0.5564940578125 0.7234072984375 0.5560601125 0.7359916703125 0.561701384375 0.7546512578125 0.5686444859375 0.7650659109375 0.5816628015624999 0.77331084375 0.5972847812500001 0.7737447875 0.6081333796874999 0.7668016859375 0.6228874703125 0.7633301343750001 0.6367736749999999 0.7468402671875001 0.645886496875 0.7242751859375 0.646320440625 0.7151623640625 0.6432828328125 0.702577990625 0.63633973125 0.6912954499999999 0.6293966296875 0.6856541796875
6 0.5149061078125 0.8599284796875001 0.5054446609375 0.8578716421875001 0.48405355937500005 0.864042153125 0.4782944171875 0.8796741109375 0.47993988749999994 0.8981856390624999 0.48775586562499995 0.9092925578125 0.507501496875 0.9092925578125 0.5173743125 0.9051788843749999 0.5494609625 0.9265699843749999 0.5663270234375 0.9327404937500001 0.58524991875 0.933974596875 0.6473663843749999 0.9290381890624999 0.6959077265625 0.919576740625 0.7082487468750001 0.9154630671874999 0.7210011328125 0.9060016187500001 0.7304625812500001 0.88461051875 0.7304625812500001 0.8578716421875001 0.720589765625 0.8257849921875 0.7148306234375 0.8179690125000001 0.7004327671875 0.8105644015625 0.6638210765625 0.8093303000000001 0.6161024687500001 0.8134439734375001 0.5556314734375001 0.82701909375 0.53177216875 0.8426510515625001 0.5149061078125 0.8599284796875001