0 0.6450980140625 0.72033930625 0.589747109375 0.6972926828125 0.5773599500000001 0.6981681015625 0.577226609375 0.7058072265625001 0.5811518625 0.7102422875000001 0.598951090625 0.7120084890625 0.6171759625 0.7198519250000001 0.6356633203125 0.720174621875 0.6450980140625 0.72033930625
0 0.6746043140625 0.7288365156250001 0.6706946281249999 0.7284549625000001 0.6719420734375 0.729800628125 0.6785302843750001 0.7412284328125 0.7286593390625 0.7441106125 0.7374151671875 0.74280793125 0.7353722515625 0.7347669390625 0.6746043140625 0.7288365156250001
3 0.3353291375 0.526551465625 0.3296576296875 0.5367083453125 0.3279181140625 0.5524280796875 0.3309361234375 0.610353209375 0.3395087375 0.6438344453125 0.341115884375 0.65668234375 0.3449839640625 0.6659068953125 0.34618019843750003 0.681311590625 0.350748659375 0.692379771875 0.3675988609375 0.6923076125 0.39852739062500003 0.6827850343749999 0.391141696875 0.6757363062499999 0.386867634375 0.67830496875 0.3831958625 0.6766549171875 0.37842559375 0.67736463125 0.3756019109375 0.6725574640625 0.375230240625 0.6635638703125 0.37606910312499997 0.6609352453125 0.3832637109375 0.6576245796875 0.38907712656250004 0.657726053125 0.399404453125 0.6415180640625 0.40779184687500003 0.6343465046875 0.3856493203125 0.5882515765624999 0.38570045 0.5853223703125 0.39047920937499997 0.5801316109375 0.422700184375 0.5514142953125 0.42284556249999994 0.5489571078125 0.4187071859375 0.53423361875 0.4109262875 0.5183477046875 0.40339011874999997 0.509425409375 0.3953919078125 0.5059892687499999 0.38624405624999997 0.5054633109375 0.3652892890625 0.5098592 0.3509000125 0.515834815625 0.3353291375 0.526551465625
6 0.647677378125 0.49360693125 0.64847358125 0.44799247343750004 0.6191505859374999 0.44020392812500003 0.6183179171875001 0.5060466046875 0.6200409421875 0.5103940609375 0.6246790109375 0.5126337109375 0.6390659000000001 0.512884834375 0.6448959921874999 0.5086692187499999 0.647677378125 0.49360693125
6 0.381960490625 0.41450805468749996 0.3804115640625 0.4191304484375 0.39965404375 0.49434665468750005 0.40207901718750005 0.4956125171875 0.404058040625 0.49488098750000004 0.406369696875 0.425148665625 0.4091690921875 0.4253624203125 0.40506268749999996 0.40879363125 0.4026718765625 0.4055707078125 0.39998091874999997 0.4055237375 0.381960490625 0.41450805468749996
5 0.5486755453125001 0.4486688375 0.5031638375 0.4377182390625 0.45254824843749997 0.42867472187500005 0.406369696875 0.425148665625 0.403816375 0.5021709328124999 0.4058574609375 0.5064376796875 0.412446328125 0.509877140625 0.41533579375 0.5174831484375 0.42005913906250003 0.523912275 0.43145045625 0.5292489 0.43656847499999996 0.5338733046875 0.4371659421875 0.533661071875 0.479955884375 0.539349128125 0.5504957234375001 0.49788288124999996 0.5490410984375 0.49803897812500003 0.5269955687500001 0.4968566 0.47898281093749995 0.490701384375 0.44950481875000003 0.48885755781249995 0.4243488359375 0.483101309375 0.42259974062500005 0.4766902 0.4229291203125 0.4578200703125 0.42128208593750005 0.4455618796875 0.4237343828125 0.44214853749999994 0.433106146875 0.43832426093750004 0.505015590625 0.4462258796875 0.5486755453125001 0.4486688375
5 0.3856493203125 0.5882515765624999 0.40779184687500003 0.6343465046875 0.4087960546875 0.63348786875 0.42207293593750006 0.6300190421874999 0.43949473437500003 0.6313804484375 0.46771238750000005 0.6199782875000001 0.49265300156249997 0.6145984421875 0.5032090124999999 0.615575678125 0.5095047953125 0.6183288375 0.5110349234375 0.6215274671875 0.5109565109374999 0.6260196515625001 0.508458371875 0.632848540625 0.50866726875 0.63602410625 0.5152134640625 0.6395746171875001 0.5177867375 0.6435844359375 0.517124484375 0.6512383484375001 0.5114005078125 0.6584405171875 0.5115128265625 0.6638859171875 0.513307653125 0.6671147484375 0.516348284375 0.6767967140625 0.5191928921875 0.6977089671875001 0.5175565828125 0.7179010796874999 0.507773803125 0.7267172875 0.4793882265625 0.7340485640625001 0.5184629984375 0.7347306171875 0.5395415609375 0.7189830109375001 0.5639393953125 0.6977261593749999 0.5640058640625 0.69391819375 0.5592716375 0.6797710921875 0.5286434796874999 0.621513565625 0.495034446875 0.5497996328125 0.4724469703125 0.5464012 0.429172421875 0.545645840625 0.39047920937499997 0.5801316109375 0.38570045 0.5853223703125 0.3856493203125 0.5882515765624999
6 0.5747942640625 0.426757575 0.581287159375 0.4301469375 0.649494540625 0.448263653125 0.6568776515625 0.44757351874999995 0.6623537125000001 0.4310159546875 0.6770048421875 0.3736681796875 0.6754102 0.371183325 0.6678256265625 0.36777490468749996 0.6208249640625 0.354669396875 0.59276668125 0.35117661093749997 0.588936284375 0.35165575625 0.58395704375 0.35539087812500003 0.5794474203125 0.363502234375 0.5686253078125 0.4048097015625 0.5697564765625 0.41820656562499997 0.5747942640625 0.426757575
0 0.5499378375 0.5326336359375 0.496129634375 0.5414991015624999 0.4371659421875 0.533661071875 0.42839628437500005 0.536776228125 0.42965783125 0.5425176515625 0.4337038546875 0.544767096875 0.44681556875000006 0.5425447890624999 0.500056846875 0.5505552859375 0.546800296875 0.540749446875 0.552837753125 0.538131303125 0.5499378375 0.5326336359375
6 0.4243488359375 0.483101309375 0.44950481875000003 0.48885755781249995 0.47898281093749995 0.490701384375 0.5269955687500001 0.4968566 0.5490410984375 0.49803897812500003 0.5533028 0.49758165156249995 0.5549577671875 0.49415439218749996 0.5559671515625 0.46678869375 0.553354434375 0.448930640625 0.505015590625 0.4462258796875 0.433106146875 0.43832426093750004 0.4237343828125 0.44214853749999994 0.42128208593750005 0.4455618796875 0.4229291203125 0.4578200703125 0.42259974062500005 0.4766902 0.4243488359375 0.483101309375
6 0.5592295015625 0.942939965625 0.5639984625000001 0.937627553125 0.5792918171875 0.9476066765625 0.58501404375 0.949505109375 0.6141417031249999 0.9500135343749999 0.61522678125 0.9496727640625 0.6781846484375 0.9079661765625 0.7157445015625 0.8787658328125 0.7212828796874999 0.8705891703124999 0.72292841875 0.8587474546875 0.72170970625 0.846136321875 0.7142190375 0.8219049843749999 0.69289043125 0.766137309375 0.6719420734375 0.7298006265625 0.663468578125 0.720659965625 0.6163608843749999 0.719837696875 0.5410779828125001 0.7875880015625001 0.5288596562500001 0.8075185046875 0.5233795890625 0.8329622796875 0.5234190703125 0.8513081921874999 0.514916009375 0.8644690515625 0.5126516999999999 0.870544603125 0.5120473 0.8845627531250001 0.5160674984375 0.9015393093749999 0.523677425 0.9189382343749999 0.53987383125 0.9390050078125001 0.55202493125 0.9435336281250001 0.5592295015625 0.942939965625
6 0.5947115734375 0.800057465625 0.5926877265625 0.8144925125 0.5962422140625 0.8307968156250001 0.60633285 0.8448526968750001 0.6189192578125 0.8512739828125 0.6369433718749999 0.850702653125 0.6500517421875001 0.8441392437499999 0.65582074375 0.8350852156249999 0.6571768453125 0.8250682156250001 0.6542849515625 0.8046410875 0.647544840625 0.784737415625 0.6426136390625 0.7796310078124999 0.6358801765625001 0.776265021875 0.6270389187500001 0.77522475625 0.6142979171875 0.777660184375 0.6053535984375 0.7825243953125 0.5947115734375 0.800057465625
3 0.5191928921875 0.6977089671875001 0.516348284375 0.6767967140625 0.513307653125 0.6671147484375 0.5115128265625 0.6638859171875 0.511725528125 0.6741980125 0.5154934546875001 0.6790044875000001 0.5158583703125 0.6920478 0.518389778125 0.69979563125 0.5164884703125 0.706873503125 0.47573792187499997 0.71593990625 0.4387124375 0.7152936234375 0.43488763906249994 0.713745390625 0.4296697140625 0.707135840625 0.427689353125 0.7017679796875 0.42804760000000003 0.698218703125 0.44094488906249996 0.6899965234375001 0.43155886250000003 0.692301390625 0.4170022609375 0.6933689375000001 0.40881282968750005 0.690133778125 0.4082687015625 0.6903164078125 0.40144651875 0.695011771875 0.39064513437500004 0.7070198296875 0.35342638125 0.72466506875 0.34181922343750004 0.727672096875 0.3388194203125 0.7340389968750001 0.3462009484375 0.7524627374999999 0.39898528125 0.7440761625000001 0.41013155625 0.7490851671875001 0.4181419875 0.749866915625 0.507773803125 0.7267172875 0.5175565828125 0.7179010796874999 0.5191928921875 0.6977089671875001
6 0.3831958625 0.6766549171875 0.386867634375 0.67830496875 0.391141696875 0.6757363062499999 0.4044014671875 0.6883911109375 0.4170022609375 0.6933689375000001 0.43155886250000003 0.692301390625 0.44094488906249996 0.6899965234375001 0.4511189796875 0.683510415625 0.4506661703125 0.6755025703124999 0.45190268749999996 0.6725612140624999 0.45698985625 0.6696870703125 0.4541157109375 0.6645999 0.45594980781250005 0.6613726796875 0.4888010859375 0.6465388062499999 0.5081318921875 0.642431815625 0.5110835890625001 0.6430759265625 0.5114005078125 0.6584405171875 0.517124484375 0.6512383484375001 0.5177867375 0.6435844359375 0.5152134640625 0.6395746171875001 0.50866726875 0.63602410625 0.508458371875 0.632848540625 0.5109565109374999 0.6260196515625001 0.5110349234375 0.6215274671875 0.5095047953125 0.6183288375 0.5032090124999999 0.615575678125 0.49265300156249997 0.6145984421875 0.46771238750000005 0.6199782875000001 0.43949473437500003 0.6313804484375 0.42207293593750006 0.6300190421874999 0.4087960546875 0.63348786875 0.399404453125 0.6415180640625 0.38907712656250004 0.657726053125 0.3832637109375 0.6576245796875 0.37606910312499997 0.6609352453125 0.375230240625 0.6635638703125 0.3756019109375 0.6725574640625 0.37842559375 0.67736463125 0.3831958625 0.6766549171875
5 0.43488763906249994 0.713745390625 0.4387124375 0.7152936234375 0.47573792187499997 0.71593990625 0.5164884703125 0.706873503125 0.518389778125 0.69979563125 0.5158583703125 0.6920478 0.5154934546875001 0.6790044875000001 0.511725528125 0.6741980125 0.5110835890625001 0.6430759265625 0.5081318921875 0.642431815625 0.4888010859375 0.6465388062499999 0.45594980781250005 0.6613726796875 0.4541157109375 0.6645999 0.45698985625 0.6696870703125 0.45190268749999996 0.6725612140624999 0.4506661703125 0.6755025703124999 0.4511189796875 0.683510415625 0.42804760000000003 0.698218703125 0.427689353125 0.7017679796875 0.4296697140625 0.707135840625 0.43488763906249994 0.713745390625