0 0.697181928125 0.675277296875 0.6377521546875 0.6673418375 0.626013653125 0.6713934578125 0.62786200625 0.6788067984375 0.6328013875 0.6820748078125 0.6504512484375 0.6791740484375001 0.6700851531249999 0.6820332812500001 0.6880260890625001 0.677560103125 0.697181928125 0.675277296875
0 0.7278820640625 0.6758481781250001 0.72400684375 0.676491528125 0.72556006875 0.677468478125 0.734881525 0.6868017359375 0.7840484375 0.676611353125 0.792168759375 0.673086884375 0.7881142921875 0.665848628125 0.7278820640625 0.6758481781250001
3 0.34781218593749996 0.5682667015625 0.3449627234375 0.5795453890625 0.34735104687499996 0.5951797062499999 0.36525834687500003 0.650349965625 0.3822044390625 0.6804716 0.38708210468750004 0.6924657578125 0.393205871875 0.7003748578125 0.398348375 0.7149450421875 0.405625825 0.7244536796875 0.42188319218750003 0.7200228265625 0.44929323437499996 0.702819828125 0.44033485624999996 0.6979228390625 0.4368712484375 0.701510184375 0.432897525 0.70086668125 0.4284734859375 0.7027868500000001 0.42450183125 0.6988743046875 0.4218151109375 0.6902833562499999 0.42194505312499997 0.6875271859375001 0.428037646875 0.6824672265625 0.4336792390625 0.6810606203125 0.4394597328125 0.6627319968750001 0.4457051984375 0.6536339843750001 0.41238691406249994 0.6148406109375 0.41167816718749994 0.6119979828125001 0.4149506265625 0.605747259375 0.43864111093749997 0.5696690609374999 0.4381455671875 0.5672579718749999 0.430337484375 0.5541072640625 0.4187101359375 0.5407764953124999 0.409121496875 0.5341087234375 0.40050647812499995 0.5328597546875 0.3915342046875 0.5347193578125 0.3724311953125 0.544388953125 0.3600788234375 0.5538851734375 0.34781218593749996 0.5682667015625
6 0.6409907453125 0.4556030515625 0.6299539281250001 0.411336796875 0.599614265625 0.4114029890625 0.615851309375 0.47521764062500005 0.618640828125 0.4789710109375 0.623700521875 0.479933925 0.637662184375 0.47645289062499996 0.6422025390625 0.4708719796875 0.6409907453125 0.4556030515625
6 0.36385564531250003 0.4479719953125 0.3635558609375 0.45283777656249996 0.40161005625 0.52051073125 0.4042800296875 0.5211058328125 0.4060022859375 0.5198870203125 0.39018712187500004 0.45193246875000004 0.392946453125 0.451414403125 0.38469165312500003 0.43647299687499996 0.3815481515625 0.4339786796875 0.37893672968750003 0.43462978124999996 0.36385564531250003 0.4479719953125
5 0.533731484375 0.43781974687499997 0.4869363265625 0.4390215765625 0.4357047875 0.4433864890625 0.39018712187500004 0.45193246875000004 0.40765563125000004 0.5269911140625 0.41073148281250005 0.530584203125 0.4179860390625 0.5322011421874999 0.42274562812500005 0.538800134375 0.42897200937499996 0.5437877015625 0.4413563984375 0.5459941953125 0.44749690781250007 0.5491363859375 0.4480190859375 0.5487767484375 0.4908231734375 0.5431961375000001 0.5482271734374999 0.4848857640625 0.5468625140625 0.485413028125 0.5252621453125 0.48997674062499996 0.47729229531249995 0.4964578765625 0.4483415234375 0.5023063421875 0.42255288437500005 0.5032570796875 0.41920407031250007 0.4975171234375 0.414638278125 0.47920472812500003 0.4098747109375 0.467790509375 0.41136001093749996 0.463858771875 0.41942264375000005 0.45773921250000005 0.49092692187500003 0.44676005781250006 0.533731484375 0.43781974687499997
5 0.41238691406249994 0.6148406109375 0.4457051984375 0.6536339843750001 0.44645295625000003 0.6525446968749999 0.45837964062500003 0.645757759375 0.47556016406249996 0.642563684375 0.499865228125 0.624246775 0.5225636031249999 0.6125951374999999 0.5330128546874999 0.6108069781250001 0.539806684375 0.611836859375 0.542112540625 0.6145304703125001 0.5431994640625 0.6188898828125 0.5425538921874999 0.6261326484375 0.54357756875 0.62914594375 0.550819646875 0.63088119375 0.5543430546875 0.63408836875 0.555684346875 0.6416528828125 0.5520194671875001 0.6500911203124999 0.5535373328125 0.6553219015625 0.5561066859375 0.6579761765625001 0.5615495859374999 0.666541265625 0.56970975625 0.6860047125000001 0.5733553062500001 0.7059323015625 0.56618766875 0.716980075 0.54066678125 0.731408271875 0.578586640625 0.7219537890625001 0.5948711890625 0.7012872375 0.612936009375 0.6744400703125 0.6120146390625 0.6707446546875 0.6037801875000001 0.6583049125 0.559117503125 0.6099596125 0.5080927375 0.54938793125 0.48539533125 0.5519513671875 0.4433998265625 0.562422021875 0.4149506265625 0.605747259375 0.41167816718749994 0.6119979828125001 0.41238691406249994 0.6148406109375
6 0.5532891765625 0.40989507031250005 0.5604380640625 0.41148845781250004 0.6310102859375 0.4113344921875 0.6379632046875 0.4087569828125 0.6389672578125001 0.391346296875 0.6382764671875 0.33216060937499997 0.636093034375 0.33017314531249997 0.627884734375 0.328843896875 0.5790936265625 0.328349615625 0.55108740625 0.33223786093749996 0.5475115390624999 0.333692059375 0.5436686828124999 0.33858863281249996 0.54141209375 0.347590778125 0.5416498953125 0.390291696875 0.5462098828124999 0.40293930468749994 0.5532891765625 0.40989507031250005
0 0.556682453125 0.5185968078125 0.507002271875 0.5410867781250001 0.4480190859375 0.5487767484375 0.440354509375 0.5540555140625 0.443059059375 0.559274790625 0.44754941875 0.5604004 0.4596391859375 0.5548602546875 0.51313958125 0.5488179421875 0.5557523484375 0.527248134375 0.5609064578125 0.52315659375 0.556682453125 0.5185968078125
6 0.42255288437500005 0.5032570796875 0.4483415234375 0.5023063421875 0.47729229531249995 0.4964578765625 0.5252621453125 0.48997674062499996 0.5468625140625 0.485413028125 0.5508606359375 0.483868275 0.551572171875 0.48012945937499996 0.5454643984375 0.4534349765625 0.5383187031250001 0.4368616421875 0.49092692187500003 0.44676005781250006 0.41942264375000005 0.45773921250000005 0.41136001093749996 0.463858771875 0.4098747109375 0.467790509375 0.414638278125 0.47920472812500003 0.41920407031250007 0.4975171234375 0.42255288437500005 0.5032570796875
6 0.671852603125 0.9125174296875 0.6750841125 0.9061517359375 0.692439146875 0.911832615625 0.6984577437499999 0.912185340625 0.7267244921875 0.9051376484375 0.7276843984375 0.9045276515625 0.7777025703125 0.8479474859374999 0.8064249968749999 0.8100209140624999 0.809658384375 0.8006894265625 0.808182990625 0.7888253109375001 0.8037418031250001 0.77695931875 0.7902348421875 0.7554923703124999 0.755199253125 0.7071451843750001 0.7255600671875 0.6774684765625001 0.715009521875 0.670832378125 0.6692941671875 0.682230496875 0.6141115375 0.7671569140625001 0.6074679328125 0.7895706375 0.608759928125 0.8155657812499999 0.6135463359375 0.8332763546875 0.608739290625 0.848189521875 0.6081246046875 0.8546441 0.6111689625000001 0.868341025 0.6194460312500001 0.8836986140624999 0.6312998296875 0.8985350921874999 0.6521380203125 0.91372616875 0.665047175 0.91495554375 0.671852603125 0.9125174296875
6 0.6691449421875 0.765320096875 0.6709261203125 0.7797870921875 0.67857935625 0.79461586875 0.691964090625 0.8055811593750001 0.7057835781249999 0.80852604375 0.7230456656250001 0.803309196875 0.73400864375 0.793576734375 0.737237715625 0.7833380875 0.7359550203125 0.7733114234375 0.727874734375 0.754328809375 0.7162128375 0.7368478078125 0.7101280265625001 0.7331916859375001 0.7027528203125 0.7316831421875001 0.69394358125 0.7329666078125 0.682267053125 0.7386166656250001 0.67488645625 0.7456300921875 0.6691449421875 0.765320096875
3 0.56970975625 0.6860047125000001 0.5615495859374999 0.666541265625 0.5561066859375 0.6579761765625001 0.5535373328125 0.6553219015625 0.5564117546875 0.66522756875 0.5612953 0.66889505625 0.5650236375000001 0.6813994812499999 0.5694740765625 0.6882281359375 0.5694694421875 0.695556928125 0.5324539921875 0.7148614203125 0.49652285156250003 0.723820059375 0.4924276671875 0.7233145109375 0.4856768609375 0.718280675 0.482374675 0.713608275 0.48180209375 0.7100872171875 0.49213186249999996 0.6988071375 0.48366220000000004 0.7034627484375 0.469877903125 0.708261446875 0.46113020000000005 0.707256103125 0.4606518796875 0.707573340625 0.45527740781250003 0.713874425 0.4479519859375 0.728268921875 0.4165683546875 0.7549458359375001 0.40613497656249997 0.76085455625 0.40488526562500005 0.7677809156250001 0.41678368906249996 0.7836664015625 0.465598834375 0.761904003125 0.477661734375 0.7638574609375001 0.4856015484375 0.7625393203125 0.56618766875 0.716980075 0.5733553062500001 0.7059323015625 0.56970975625 0.6860047125000001
6 0.432897525 0.70086668125 0.4368712484375 0.701510184375 0.44033485624999996 0.6979228390625 0.456418115625 0.706714559375 0.469877903125 0.708261446875 0.48366220000000004 0.7034627484375 0.49213186249999996 0.6988071375 0.5002805515625 0.6899087890625 0.4977705875 0.682291 0.49820369218750005 0.6791298328125001 0.5023736375000001 0.6750369671875001 0.49828076875000005 0.670867021875 0.49921710468749997 0.66727506875 0.5271097140625 0.644444109375 0.5447188703125 0.63547388125 0.5477367 0.6353320890624999 0.5520194671875001 0.6500911203124999 0.555684346875 0.6416528828125 0.5543430546875 0.63408836875 0.550819646875 0.63088119375 0.54357756875 0.62914594375 0.5425538921874999 0.6261326484375 0.5431994640625 0.6188898828125 0.542112540625 0.6145304703125001 0.539806684375 0.611836859375 0.5330128546874999 0.6108069781250001 0.5225636031249999 0.6125951374999999 0.499865228125 0.624246775 0.47556016406249996 0.642563684375 0.45837964062500003 0.645757759375 0.44645295625000003 0.6525446968749999 0.4394597328125 0.6627319968750001 0.4336792390625 0.6810606203125 0.428037646875 0.6824672265625 0.42194505312499997 0.6875271859375001 0.4218151109375 0.6902833562499999 0.42450183125 0.6988743046875 0.4284734859375 0.7027868500000001 0.432897525 0.70086668125
5 0.4924276671875 0.7233145109375 0.49652285156250003 0.723820059375 0.5324539921875 0.7148614203125 0.5694694421875 0.695556928125 0.5694740765625 0.6882281359375 0.5650236375000001 0.6813994812499999 0.5612953 0.66889505625 0.5564117546875 0.66522756875 0.5477367 0.6353320890624999 0.5447188703125 0.63547388125 0.5271097140625 0.644444109375 0.49921710468749997 0.66727506875 0.49828076875000005 0.670867021875 0.5023736375000001 0.6750369671875001 0.49820369218750005 0.6791298328125001 0.4977705875 0.682291 0.5002805515625 0.6899087890625 0.48180209375 0.7100872171875 0.482374675 0.713608275 0.4856768609375 0.718280675 0.4924276671875 0.7233145109375