0 0.5848087359374999 0.708793971875 0.602636078125 0.7102492640625 0.6209950609375 0.7177734375 0.639485234375 0.7177734375 0.6489213656249999 0.7177734375 0.593176671875 0.69569633125 0.580806678125 0.6967878015625 0.580806678125 0.704428090625 0.5848087359374999 0.708793971875
0 0.6827131093750001 0.738075909375 0.73288483125 0.740082778125 0.741616590625 0.738627484375 0.7394336515625 0.7306233703125 0.67857146875 0.725754396875 0.67465571875 0.7254411359375 0.6759264593750001 0.726764825 0.6827131093750001 0.738075909375
3 0.3955123671875 0.50781401875 0.3863567296875 0.50744779375 0.3654818734375 0.512208725 0.3511990765625 0.5184345578125 0.3358176046875 0.529421325 0.330324221875 0.5396756390624999 0.32885931875 0.5554233375 0.3328878015625 0.6132869734375 0.3420434390625 0.6466134968749999 0.3438745671875 0.659431390625 0.3479030484375 0.6685870296875 0.34936795 0.6839685015625 0.35412888124999997 0.6949552671875 0.37097525625 0.6945890421875001 0.401732884375 0.6845281359375 0.3942252984375 0.6776093796875 0.389996715625 0.68025224375 0.38629670625 0.678666525 0.38153955 0.6794593843750001 0.3786324 0.6747022281249999 0.37810382656249997 0.665716490625 0.3788966859375 0.6630736265625 0.38603241875 0.6596379015625 0.3918467203125 0.6596379015625 0.40188960468749996 0.6432521453125 0.41015056093749996 0.635935296875 0.38720693906250003 0.5902338296874999 0.38720693906250003 0.587304178125 0.39189437968749996 0.5820308078124999 0.42360926093750007 0.5527555328125 0.42371173281249996 0.55029618125 0.4193170265625 0.5356471593750001 0.41126006562499995 0.5198994609375001 0.40356932968750003 0.5111100484375 0.3955123671875 0.50781401875
6 0.6202040609374999 0.508297475 0.6248805109375 0.5104558375 0.639269590625 0.5104558375 0.645025221875 0.5061391140625 0.6475433109375001 0.49103057968749997 0.6475433109375001 0.4454091734375 0.618088853125 0.4381335703125 0.618405425 0.5039807515625 0.6202040609374999 0.508297475
6 0.4078803203125 0.42695900625 0.4034853765625 0.41046440625 0.40103868125000003 0.40728369999999997 0.3983473140625 0.40728369999999997 0.380486428125 0.41658114843750005 0.37901840937500003 0.42122987187499994 0.3995706625 0.49609879375 0.402017359375 0.49732214218750004 0.40398331406250004 0.49655618593749995 0.405077621875 0.42679414062500004 0.4078803203125 0.42695900625
5 0.4203439984375 0.4469439875 0.4227363515625 0.4434883671875 0.4320399453125 0.4395011125 0.5040763390625 0.44614653593750003 0.5477722796875 0.44782715 0.5020763890625 0.4376725078125 0.45131067812500003 0.42951373281249994 0.405077621875 0.42679414062500004 0.4038689125 0.5038492375 0.4059841515625 0.5080797125000001 0.41263204218749994 0.5114036578125 0.4156538109375 0.5189580796875 0.420488640625 0.52530379375 0.43197136093750005 0.5304407999999999 0.43716930625000006 0.5349751781250001 0.437762978125 0.53475255 0.4806456734375 0.539692953125 0.550451084375 0.49700193125 0.5489994046875 0.49718339218749996 0.5269365968749999 0.496385940625 0.47882372812499996 0.49106960156249996 0.44931804687500004 0.48974051718749995 0.4240654359375 0.484424178125 0.4222047171875 0.47804457031250003 0.4222047171875 0.45917156718749996 0.4203439984375 0.4469439875
5 0.47326097968749997 0.546875 0.4299798390625 0.546875 0.39189437968749996 0.5820308078124999 0.38720693906250003 0.587304178125 0.38720693906250003 0.5902338296874999 0.41015056093749996 0.635935296875 0.4111396296875 0.635059265625 0.42435395 0.6313592546875 0.44179685468749996 0.6324164015625 0.46981121562499994 0.6205235109375 0.4946541390625 0.6147092109375001 0.505225596875 0.6155020703125 0.5115684703125 0.618144934375 0.5131541890625 0.621316371875 0.5131541890625 0.625809240625 0.5107756109375 0.6326806875 0.5110398968750001 0.635852125 0.517647059375 0.6392878484375 0.520289921875 0.6432521453125 0.51976135 0.65091645 0.5141639390625 0.6582174203125 0.5143712765624999 0.6636600296874999 0.5162221812500001 0.6668570453125 0.519431321875 0.6764844703125 0.522640465625 0.69734389375 0.5213568078125 0.7175614875 0.51172938125 0.7265470859375001 0.4834760765625 0.7343726421875 0.5225568 0.7343726421875 0.54335731875 0.7182595640625 0.5673804546875 0.6965801484374999 0.5673804546875 0.692771603125 0.5624000484375 0.6787092796875001 0.530759821875 0.6209951609375 0.49590432656249994 0.5498787093749999 0.47326097968749997 0.546875
6 0.5814204796875 0.35394765 0.57705310625 0.362136475 0.56695355625 0.40362652343749994 0.568318359375 0.4170016046875 0.573504615625 0.42546339062499994 0.580055675 0.42873892031249994 0.6485688484375001 0.44566249375 0.6559387906249999 0.44484361093749997 0.661125046875 0.4281929984375 0.6747730890625 0.3705982609375 0.6731353234374999 0.3681416140625 0.6654924203125 0.3648660828125 0.61827019375 0.3525828453125 0.5901552265625 0.349580275 0.5863337750000001 0.350126196875 0.5814204796875 0.35394765
0 0.44756617812500005 0.5434665062499999 0.50093915 0.55054659375 0.5475043453125 0.5399264625 0.5534951890625 0.53720335 0.5504997671875 0.5317571296875 0.4968544828125 0.541560328125 0.437762978125 0.53475255 0.42904902343750007 0.538020284375 0.43041057968749996 0.543738815625 0.4344952453125 0.54591730625 0.44756617812500005 0.5434665062499999
6 0.4227363515625 0.4434883671875 0.4203439984375 0.4469439875 0.4222047171875 0.45917156718749996 0.4222047171875 0.47804457031250003 0.4240654359375 0.484424178125 0.44931804687500004 0.48974051718749995 0.47882372812499996 0.49106960156249996 0.5269365968749999 0.496385940625 0.5489994046875 0.49718339218749996 0.5532524750000001 0.4966517578125 0.5548473765625 0.4931961375 0.5553790109375 0.46581699062500004 0.552455025 0.4480072546875 0.5040763390625 0.44614653593750003 0.4320399453125 0.4395011125 0.4227363515625 0.4434883671875
6 0.523072878125 0.9011977359375001 0.5309852984375001 0.9184612 0.5475294515625 0.9382422515625001 0.5597577375 0.942558115625 0.5669508484375 0.94183880625 0.57162636875 0.9364439734375001 0.5870915546875 0.9461546703125 0.5928460421875 0.9479529484375 0.6219781375 0.9479529484375 0.6230571031250001 0.9475932921875 0.6852775015625 0.904794290625 0.7223220171875 0.874942884375 0.72771685 0.866670809375 0.729155471875 0.854802178125 0.72771685 0.8422142359375 0.719804428125 0.81811731875 0.6975057890625 0.7627303734375 0.6759264593750001 0.7267648234374999 0.667294728125 0.7177734375 0.6201798593750001 0.7177734375 0.5460908296875 0.786827290625 0.5342221984375 0.8069679984375 0.529187021875 0.8325035375000001 0.5295466765625 0.8508459671875 0.5212746 0.8641532203125 0.51911666875 0.8702673640624999 0.5187570109374999 0.8842939281250001 0.523072878125 0.9011977359375001
6 0.6406809703125 0.773851509375 0.6318229046875 0.772965703125 0.619126346875 0.775623121875 0.6102682828125 0.7806426921875 0.5999338734374999 0.7983588203124999 0.5981622609375 0.8128269906250001 0.60200075625 0.829066775 0.6123351640625 0.842944409375 0.625031721875 0.8491450546875001 0.6430431203125 0.8482592484374999 0.656034946875 0.8414680656250001 0.6616450546875 0.8323147328125 0.6628261296875 0.8222755921875 0.6595781734374999 0.8019020453125 0.6524917218749999 0.7821190359375 0.6474721515625 0.7770994671875 0.6406809703125 0.773851509375
3 0.4144923796875 0.7506156515625 0.42251523437499994 0.7512574796875 0.51172938125 0.7265470859375001 0.5213568078125 0.7175614875 0.522640465625 0.69734389375 0.519431321875 0.6764844703125 0.5162221812500001 0.6668570453125 0.5143712765624999 0.6636600296874999 0.5147639171875 0.6739668421875 0.5186151546875 0.6787068265625 0.5192076515624999 0.6917417828125 0.5218738921875 0.69944425625 0.5200964 0.7065542312499999 0.4795102875 0.7163304484374999 0.4424791640625 0.7163304484374999 0.438627928125 0.714849203125 0.43329544531249997 0.7083317250000001 0.431221703125 0.70299924375 0.4315179515625 0.69944425625 0.4442697796875 0.690998240625 0.4349254078125 0.6934665640625 0.4203896546875 0.6947879968749999 0.412145009375 0.6916962546875001 0.41160415156249996 0.691888353125 0.404864953125 0.696702065625 0.39427478437499996 0.7088968046875 0.3573696515625 0.7271889140625001 0.345816740625 0.73039805625 0.3429285125 0.736816340625 0.3506304546875 0.75510845 0.4032603828125 0.7458019390625 0.4144923796875 0.7506156515625
6 0.3788966859375 0.6630736265625 0.37810382656249997 0.665716490625 0.3786324 0.6747022281249999 0.38153955 0.6794593843750001 0.38629670625 0.678666525 0.389996715625 0.68025224375 0.3942252984375 0.6776093796875 0.40770390624999997 0.6900308421875 0.4203896546875 0.6947879968749999 0.4349254078125 0.6934665640625 0.4442697796875 0.690998240625 0.45432912343750004 0.6843355578125 0.45373662656249997 0.676336834375 0.45492162187499996 0.6733743453125001 0.45995785468749995 0.67041185625 0.4569953640625 0.665375621875 0.4587728578125 0.6621168843749999 0.49136024687499996 0.6467119359375 0.51061643125 0.6422682015625 0.5135789203125001 0.6428607000000001 0.5141639390625 0.6582174203125 0.51976135 0.65091645 0.520289921875 0.6432521453125 0.517647059375 0.6392878484375 0.5110398968750001 0.635852125 0.5107756109375 0.6326806875 0.5131541890625 0.625809240625 0.5131541890625 0.621316371875 0.5115684703125 0.618144934375 0.505225596875 0.6155020703125 0.4946541390625 0.6147092109375001 0.46981121562499994 0.6205235109375 0.44179685468749996 0.6324164015625 0.42435395 0.6313592546875 0.4111396296875 0.635059265625 0.40188960468749996 0.6432521453125 0.3918467203125 0.6596379015625 0.38603241875 0.6596379015625 0.3788966859375 0.6630736265625
5 0.45432912343750004 0.6843355578125 0.4315179515625 0.69944425625 0.431221703125 0.70299924375 0.43329544531249997 0.7083317250000001 0.438627928125 0.714849203125 0.4424791640625 0.7163304484374999 0.4795102875 0.7163304484374999 0.5200964 0.7065542312499999 0.5218738921875 0.69944425625 0.5192076515624999 0.6917417828125 0.5186151546875 0.6787068265625 0.5147639171875 0.6739668421875 0.5135789203125001 0.6428607000000001 0.51061643125 0.6422682015625 0.49136024687499996 0.6467119359375 0.4587728578125 0.6621168843749999 0.4569953640625 0.665375621875 0.45995785468749995 0.67041185625 0.45492162187499996 0.6733743453125001 0.45373662656249997 0.676336834375 0.45432912343750004 0.6843355578125