0 0.4330636125 0.6723471171875001 0.4294421296875 0.6515235859375 0.4007907421875 0.6120760234375 0.37670696875 0.5933903375 0.3743369390625 0.5926932703125 0.3739227609375 0.5957789015625 0.3735146265625 0.598819496875 0.4330636125 0.6723471171875001
5 0.6605106828125 0.8048159781249999 0.64415484375 0.8578314578124999 0.6306189765625 0.8578314578124999 0.616890734375 0.8464701546875 0.616781634375 0.8477793515625001 0.6042635078124999 0.8756606328125001 0.6019874859375001 0.9046799265625 0.6292997625 0.910938990625 0.6554740265625 0.8813506906249999 0.6748202234375 0.8523313968749999 0.67937226875 0.8511933859375 0.6862003375 0.8614354890625 0.6935974125000001 0.8642805171875001 0.7032705109374999 0.8466413390625 0.705546534375 0.8346922187500001 0.733427815625 0.8261571312499999 0.7383492031250001 0.8195952828124999 0.7430245578125 0.8091819906250001 0.7357038390625 0.771532578125 0.7305827875 0.76811854375 0.7083915625 0.765842521875 0.6930284078125 0.7590144515625 0.6808163281249999 0.7569526718749999 0.6605106828125 0.8048159781249999
5 0.7346065265624999 0.716215271875 0.7224655734375001 0.7188546109375 0.7208819703125 0.7209660812500001 0.7266885140625 0.7394414453125 0.745163878125 0.7726971015624999 0.7425245406250001 0.7790315109375 0.7446360109375 0.7901167296875 0.7430524078125 0.8091199625 0.731439321875 0.834985471875 0.7293278515625 0.8619067171875001 0.7546654937499999 0.8677132609375 0.7789474015625 0.8402641484375 0.7968948984375 0.8133429031249999 0.8011178390625 0.8122871671875 0.8074522500000001 0.8217887828125001 0.8143145281249999 0.824428121875 0.8232882765625 0.8080642265625 0.8253997468750001 0.7969790078125001 0.8512652562499999 0.7890609953125 0.8607668734375 0.7763921734375 0.8533767265625001 0.7383857093749999 0.84862591875 0.7352185046875 0.8280390843750001 0.733107034375 0.8137866609375 0.7267726234375 0.773140859375 0.7199103453125 0.7346065265624999 0.716215271875
5 0.7681916203125 0.374561471875 0.7649898640624999 0.395144190625 0.7659046515625 0.45643495468750006 0.7704785890625 0.45917931718749994 0.835885896875 0.4504888359375 0.8637869171875 0.4500314421875 0.8848270296875 0.4445427171875 0.8871139984375 0.43905399218749996 0.8875713921875 0.376848440625 0.8871139984375 0.363584021875 0.8843696359375001 0.359924871875 0.7681916203125 0.374561471875
6 0.655897003125 0.40907279374999994 0.6570273140625 0.42207137968749997 0.66454535625 0.432480975 0.666001496875 0.4333240046875 0.69004808125 0.4225151859375 0.6928825890625 0.41224009375000004 0.7165933359375 0.40183049843749996 0.728159553125 0.38332455 0.7484004343749999 0.3786980625 0.7518702984375001 0.37349326562499996 0.7489787453125001 0.35556562812500003 0.7420390140625 0.347469275 0.7298944859375001 0.34804758593749996 0.7194848890625 0.35440900625 0.69577414375 0.34689096406250003 0.6830513046875 0.35614393906249997 0.6726417078125 0.3694450890625 0.6576255671875 0.40465534999999997 0.655897003125 0.40907279374999994
7 0.3515164515625 0.5650153687499999 0.343488184375 0.5617445921875001 0.3735146265625 0.598819496875 0.3745065671875 0.59142954375 0.36668014531250004 0.57626585 0.3515164515625 0.5650153687499999
5 0.35885191562499996 0.8480978718750001 0.3638088921875 0.8165534796875 0.3785956078125 0.755927946875 0.36913722656250003 0.728838409375 0.3667073625 0.7025958734375 0.3613616609375 0.6807270937500001 0.4109308953125 0.6734375 0.4339466984375 0.6734375 0.33271095625 0.5484375 0.26992350625 0.5484375 0.22696367031250003 0.606268046875 0.19887454843750002 0.6519817171875 0.18125 0.6701570328125 0.182351534375 0.8436486734375 0.215948328125 0.9009284546874999 0.4323735359375 0.9009284546874999 0.4293991109375 0.8944457343750001 0.4093229421875 0.8877536781250001 0.3755253796875 0.880092896875 0.36831523437499997 0.8755865546875 0.360654453125 0.8638700671875 0.35885191562499996 0.8480978718750001
7 0.5610936640624999 0.6263608656249999 0.5590076578125001 0.6306426703125 0.5504282140625001 0.6579896468750001 0.544529846875 0.6628155828125 0.5348779734375 0.6606707218750001 0.5289796046874999 0.6553085703125 0.5262985296875 0.644584265625 0.5346896 0.6177973859375 0.499208265625 0.6062899265625 0.48124731406250004 0.6767866640625 0.5285363359375 0.7978465609375001 0.5300659421875 0.8024778687499999 0.5589916796875001 0.80707195625 0.597907296875 0.8307597234375 0.6306189765625 0.8578314578124999 0.64415484375 0.8578314578124999 0.6605106828125 0.8048159781249999 0.68419845 0.7489805265625 0.6994263015625 0.686377140625 0.6901568421875 0.6821678203125 0.6653630890625 0.6790385125 0.637331703125 0.6790385125 0.6213753765625001 0.673432234375 0.6187878640625 0.6665322015624999 0.6197830796875 0.650210653125 0.5826794468750001 0.6333616609375 0.5610936640624999 0.6263608656249999
6 0.3638088921875 0.8165534796875 0.35885191562499996 0.8480978718750001 0.360654453125 0.8638700671875 0.36831523437499997 0.8755865546875 0.3755253796875 0.880092896875 0.4093229421875 0.8877536781250001 0.4293991109375 0.8944457343750001 0.41919243437500003 0.8722004140624999 0.3785956078125 0.755927946875 0.3638088921875 0.8165534796875
1 0.72789464375 0.598394371875 0.7270321390625 0.5811442875 0.7175445921875 0.540606590625 0.7142169468749999 0.5110737375000001 0.6667309046875001 0.5295405328125 0.6677223999999999 0.530439075 0.6860040078125 0.5549886625 0.6917496562500001 0.5711809437500001 0.6927943187500001 0.5863285609375 0.6870486703124999 0.62811509375 0.680780690625 0.6552763390624999 0.671378721875 0.6756472734375001 0.6651107406250001 0.674080278125 0.6536194453124999 0.6604996562500001 0.6246521781250001 0.6200453687499999 0.6209441250000001 0.6311695296875001 0.6187878640625 0.6665322015624999 0.6213753765625001 0.673432234375 0.637331703125 0.6790385125 0.6653630890625 0.6790385125 0.7097820546875 0.6846447890625 0.7240133734375 0.681626025 0.739107196875 0.6868010499999999 0.74600723125 0.6850760421875 0.7399697015625 0.6264257578125 0.72789464375 0.598394371875
3 0.6917496562500001 0.5711809437500001 0.6860040078125 0.5549886625 0.6677223999999999 0.530439075 0.6667309046875001 0.5295405328125 0.6665931890625 0.5295940875 0.6437163906250001 0.5421763281249999 0.6374252703125001 0.542748246875 0.6339937515625 0.5376009671875 0.6214115109375 0.5438920875 0.611264703125 0.541745646875 0.6067308109375 0.5528914656249999 0.5931106765624999 0.573516240625 0.598252290625 0.583194571875 0.614966903125 0.600431515625 0.623324209375 0.6181907921875001 0.6536194453124999 0.6604996562500001 0.6651107406250001 0.674080278125 0.671378721875 0.6756472734375001 0.680780690625 0.6552763390624999 0.6870486703124999 0.62811509375 0.6927943187500001 0.5863285609375 0.6917496562500001 0.5711809437500001
3 0.45612637500000003 0.933918971875 0.482854884375 0.9518999687499999 0.49549017968750003 0.974254721875 0.5465173328125 0.9664791562499999 0.5377698203125 0.928087296875 0.5484612249999999 0.8853216828124999 0.5460313609375 0.85081760625 0.5285363359375 0.7978465609375001 0.47993904687500005 0.6734375 0.4109308953125 0.6734375 0.3613616609375 0.6807270937500001 0.3667073625 0.7025958734375 0.36913722656250003 0.728838409375 0.41919243437500003 0.8722004140624999 0.43814537812500004 0.9135081093749999 0.45612637500000003 0.933918971875
6 0.6665931890625 0.5295940875 0.7283605453125 0.50557345 0.7581003843749999 0.4832685703125 0.7632476640625 0.47240209218749996 0.7632476640625 0.46325137187500004 0.752381184375 0.4255046546875 0.738083184375 0.40949089531249994 0.7152063859375 0.4112066546875 0.64222544375 0.44401122031250007 0.6415848000000001 0.445648421875 0.6195999765625 0.5212547671875 0.611264703125 0.541745646875 0.6214115109375 0.5438920875 0.6339937515625 0.5376009671875 0.6374252703125001 0.542748246875 0.6437163906250001 0.5421763281249999 0.6665931890625 0.5295940875
3 0.5348779734375 0.6606707218750001 0.544529846875 0.6628155828125 0.5504282140625001 0.6579896468750001 0.5590076578125001 0.6306426703125 0.569195746875 0.6097302765625 0.6067308109375 0.5528914656249999 0.6195999765625 0.5212547671875 0.6415848000000001 0.445648421875 0.665714484375 0.3839836734375 0.665714484375 0.36843343281249996 0.6560626109375 0.3544918359375 0.63300535625 0.3384053796875 0.6153102546875 0.3346518734375 0.6072670265625 0.3389415953125 0.5986875828125 0.3561004828125 0.54881956875 0.5126753234375 0.540240125 0.600078403125 0.5262985296875 0.644584265625 0.5289796046874999 0.6553085703125 0.5348779734375 0.6606707218750001