6 0.8536585156250001 0.842529053125 0.8575463546875 0.841657640625 0.8733118859375001 0.8275090875 0.8801840390625 0.8129562890625 0.8822052625 0.7907228484375 0.8817854531249999 0.7852653296875001 0.8706626500000001 0.8167799359375 0.8536585156250001 0.842529053125
3 0.6036634140625 0.40340864062500004 0.6035878046875001 0.40314820625000003 0.5922497609375 0.35387132656250003 0.588918578125 0.352309834375 0.575747334375 0.350992709375 0.5643322562499999 0.35626120625 0.5537952609375 0.367676284375 0.54501443125 0.394018771875 0.5458925140625001 0.42650784062499997 0.547035434375 0.429936603125 0.5771993515625 0.428914096875 0.5759908546875 0.4165269921875 0.5882293234375 0.4061242921875 0.5998558703125 0.401840828125 0.6036634140625 0.40340864062500004
7 0.720302890625 0.5124967609375 0.7176980093750001 0.518427875 0.7287332734375 0.55442640625 0.7320513375 0.5531709218749999 0.7803177765625 0.5550273234375 0.8211586093750001 0.5748289390625 0.8551926375000001 0.6131945703125 0.8575097640625 0.6171968796875 0.8602057515625001 0.6128454609375 0.879676021875 0.5668248218749999 0.796309934375 0.5112474296875 0.7933896640625 0.515303359375 0.784689284375 0.51786229375 0.720302890625 0.5124967609375
1 0.6040777203125 0.658834446875 0.6070702984375 0.668410696875 0.60728163125 0.6731656734375 0.6102750265625 0.6717602390625 0.6334040609375 0.640625 0.647217609375 0.640625 0.6485132703125001 0.6360901890624999 0.6615080796874999 0.6088629671875 0.6825472968749999 0.5822545453125 0.70915571875 0.561834128125 0.7287332734375 0.55442640625 0.7157638890625 0.5121185109375 0.715564025 0.5121018562499999 0.70877825 0.5358520703125 0.6904205453125 0.57134363125 0.6690032234375 0.5774628671875 0.6598243703125 0.5866417187499999 0.631675890625 0.5976563421875001 0.62555665625 0.6037755765624999 0.61932706875 0.6037755765624999 0.6162165015625 0.6037755765624999 0.6162165015625 0.6068550359375 0.6231089625 0.614178275 0.6224970390625 0.6190736640625001 0.629228196875 0.6276405921875 0.62800435 0.6325359796875001 0.6212731921875 0.635595596875 0.6162165015625 0.6335729203125 0.6162165015625 0.637410853125 0.6093781765624999 0.6510875031250001 0.602535434375 0.6582560890625 0.6040777203125 0.658834446875
3 0.4760763984375 0.781088615625 0.4752575640625 0.7638931 0.4773046484375 0.755704759375 0.47788681874999994 0.755150478125 0.47021177031250005 0.7541333031249999 0.4373030546875 0.7719820984375 0.434076340625 0.7752088109375 0.434076340625 0.788115665625 0.44052976718750003 0.7994091625 0.4523610515625 0.79618245 0.46150340625 0.7988713781250001 0.47969978593749996 0.7901470859375 0.4760763984375 0.781088615625
6 0.54375 0.7636905109375001 0.558288340625 0.7486978484375 0.5053226468750001 0.7587865515625001 0.47788681874999994 0.755150478125 0.4773046484375 0.755704759375 0.4752575640625 0.7638931 0.4760763984375 0.781088615625 0.4834459046875 0.79951238125 0.52438760625 0.877301615625 0.52889119375 0.8830334531249999 0.5387172015624999 0.8871276234375 0.54452214375 0.8853032140625 0.54375 0.7636905109375001
3 0.715564025 0.5121018562499999 0.784689284375 0.51786229375 0.7933896640625 0.515303359375 0.80260183125 0.5025086828124999 0.8082314875 0.481525415625 0.8082314875 0.4482592578125 0.8056725531250001 0.432905646875 0.8005546828125001 0.42318169375 0.7857128578125 0.41755203593749995 0.785362675 0.41752131875 0.7238649984375 0.4443892359375 0.6999500453125 0.45483751562499997 0.706942478125 0.4703762578125 0.71612133125 0.510151284375 0.715564025 0.5121018562499999
0 0.5992895953125 0.6570389 0.602535434375 0.6582560890625 0.6093781765624999 0.6510875031250001 0.6162165015625 0.637410853125 0.6162165015625 0.6335729203125 0.6059751046875 0.6294763624999999 0.586393553125 0.6080590406249999 0.5824770484374999 0.6059702375 0.5772147015625 0.603163653125 0.5747329546875 0.6065213093749999 0.5500346015625001 0.60827885 0.5478423734375 0.603163653125 0.526425053125 0.5909251828125 0.52559975625 0.587977696875 0.521619671875 0.58897271875 0.525038834375 0.610057553125 0.538715484375 0.6260136453125 0.54498395 0.6687531765625 0.5465339499999999 0.6703031765625 0.5992895953125 0.6570389
3 0.4290949109375 0.6779853421875 0.461563625 0.6450778609375 0.49666493906250003 0.6187518765625 0.5142155953125 0.5998849203125001 0.5244758671875001 0.5839638093749999 0.5221415875 0.575627096875 0.5239773578125 0.5591051625000001 0.5178581234374999 0.5346282234374999 0.5099031187499999 0.5205539828125 0.5154104296875001 0.5052558968749999 0.5221415875 0.5040320484375 0.546006603125 0.5052558968749999 0.5704835421875 0.515046671875 0.5817856234375001 0.4945952875 0.5817856234375001 0.49194838125 0.570377696875 0.469132528125 0.5475618437499999 0.4471942078125 0.531766253125 0.44236777656250004 0.515093128125 0.4594796671875 0.4620023921875 0.5415289875 0.44883940000000005 0.5682937375 0.42514601250000006 0.63191486875 0.4111054875 0.6582408531249999 0.3992587953125 0.6744752109375 0.4290949109375 0.6779853421875
5 0.6825472968749999 0.5822545453125 0.6615080796874999 0.6088629671875 0.6485132703125001 0.6360901890624999 0.647217609375 0.640625 0.6968858171875 0.640625 0.8154964687499999 0.7870785265625 0.8399981984375 0.8249448375 0.8511817421875 0.8462795968749999 0.8706626500000001 0.8167799359375 0.889226665625 0.76418189375 0.8917018671875001 0.7258162625 0.8879890640625 0.684356628125 0.8756130546875 0.6484661984375 0.8551926375000001 0.6131945703125 0.8211586093750001 0.5748289390625 0.7803177765625 0.5550273234375 0.7320513375 0.5531709218749999 0.70915571875 0.561834128125 0.6825472968749999 0.5822545453125
5 0.6999500453125 0.45483751562499997 0.8136053734375001 0.40518227500000004 0.8466589875 0.39552044999999997 0.85988043125 0.39552044999999997 0.8624230171875 0.37772235 0.8558122953125 0.35229649531249996 0.8380141953125 0.2963596125 0.8151309250000001 0.205843565625 0.8095372375000001 0.201775428125 0.699189021875 0.255169725 0.6966464375 0.2633059984375 0.6996975390625 0.29127444062499996 0.6864760953125 0.2958510953125 0.663592825 0.31771733125 0.608672975 0.3355154296875 0.590366359375 0.345685771875 0.6035878046875001 0.40314820625000003 0.6036634140625 0.40340864062500004 0.6102585687500001 0.4061242921875 0.624332809375 0.42937738437500006 0.6561528296875 0.4263177671875 0.6904205453125 0.43366084843749997 0.6999500453125 0.45483751562499997
5 0.8399981984375 0.8249448375 0.8154964687499999 0.7870785265625 0.6968858171875 0.640625 0.6334040609375 0.640625 0.607391675 0.675641671875 0.6094643609375 0.7222771 0.6076688140625001 0.73305038125 0.593304440625 0.7420281156249999 0.558288340625 0.7486978484375 0.54375 0.7636905109375001 0.544863715625 0.9391006296875 0.5788320234375 0.9970138109375 0.81271218125 0.9970138109375 0.8344296234374999 0.9597043578125 0.8761939375000001 0.9079166078125 0.878978225 0.90123431875 0.8761939375000001 0.8939951703125001 0.8399981984375 0.8249448375
5 0.5772147015625 0.603163653125 0.586393553125 0.6080590406249999 0.6059751046875 0.6294763624999999 0.6212731921875 0.635595596875 0.62800435 0.6325359796875001 0.629228196875 0.6276405921875 0.6224970390625 0.6190736640625001 0.6231089625 0.614178275 0.6133181859375 0.6037755765624999 0.62555665625 0.6037755765624999 0.631675890625 0.5976563421875001 0.6598243703125 0.5866417187499999 0.6690032234375 0.5774628671875 0.6904205453125 0.57134363125 0.70877825 0.5358520703125 0.71612133125 0.510151284375 0.706942478125 0.4703762578125 0.6904205453125 0.43366084843749997 0.6561528296875 0.4263177671875 0.624332809375 0.42937738437500006 0.6102585687500001 0.4061242921875 0.5998558703125 0.401840828125 0.5882293234375 0.4061242921875 0.5759908546875 0.4165269921875 0.5833339359374999 0.4917935796875 0.5704835421875 0.515046671875 0.546006603125 0.5052558968749999 0.5221415875 0.5040320484375 0.5154104296875001 0.5052558968749999 0.5099031187499999 0.5205539828125 0.5178581234374999 0.5346282234374999 0.5239773578125 0.5591051625000001 0.5221415875 0.575627096875 0.526425053125 0.5909251828125 0.5478423734375 0.603163653125 0.55518545625 0.6202975109375 0.5668120015625 0.6172378921874999 0.5772147015625 0.603163653125
3 0.6040777203125 0.658834446875 0.5992895953125 0.6570389 0.494549365625 0.6833735859375001 0.4646235859375 0.7061171796875 0.38861210625 0.730057803125 0.38382398125 0.73305038125 0.38142991875 0.7468162390625 0.38621804375 0.7611806140625 0.3993853859375 0.7593850671875 0.4089616359375 0.7641731921875 0.45564585312499994 0.7522028796875 0.5053226468750001 0.7587865515625001 0.593304440625 0.7420281156249999 0.6076688140625001 0.73305038125 0.6094643609375 0.7222771 0.6070702984375 0.668410696875 0.6040777203125 0.658834446875