6 0.8927661890625 0.7968757625 0.89651885 0.7955370375 0.91044259375 0.779572609375 0.9154899828125 0.7642907812499999 0.9147865656249999 0.741976740625 0.9137047812500001 0.7366110625 0.90650555 0.7692462921875001 0.8927661890625 0.7968757625
3 0.591119196875 0.391495225 0.5910124125 0.391245946875 0.5737535390625 0.3437181296875 0.5702568890624999 0.34257424531249997 0.5570233046874999 0.342872109375 0.54633538125 0.3494924828125 0.537268075 0.3621066125 0.5317630375 0.3893228609375 0.536593996875 0.42146275 0.538146259375 0.42472666718749996 0.5679607265625 0.4200357265625 0.5652516296875 0.40788823125 0.5761311046875 0.396071578125 0.587148965625 0.39040312187500004 0.591119196875 0.391495225
7 0.7201837578125 0.48555544375000004 0.7183211140625 0.491759803125 0.733661240625 0.526145146875 0.7368015671875 0.5244946500000001 0.7849344734375 0.5204550140624999 0.8278840953125 0.5351317859375 0.8663400328125 0.5690637421875 0.8691276468750001 0.57275383125 0.871273234375 0.5681062890625 0.884989871875 0.5200558515625 0.7954720015625 0.4750524953125 0.7930677921875 0.47943408437499996 0.7847441203125001 0.48303425468750005 0.7201837578125 0.48555544375000004
1 0.622658990625 0.6449666359374999 0.6267963140624999 0.6541068015625 0.6275855578125 0.65880058125 0.6303853609375001 0.65704081875 0.6495475640625 0.6233189375 0.6632581484375 0.6216354890625 0.663991496875 0.616976578125 0.67357128125 0.5883686359375 0.691210925 0.5593945125 0.7151323890625 0.5358835562500001 0.733661240625 0.526145146875 0.7156324921875 0.485733178125 0.7154320890625 0.4857410046875 0.7115913171875 0.510141165625 0.69769578125 0.5476054203125 0.6771838484375 0.556289159375 0.6691920328125 0.5665182140625 0.6425957125 0.580881171875 0.6372678374999999 0.5877005421875 0.631084684375 0.5884597375 0.627997303125 0.5888388203125 0.62837259375 0.5918953265625 0.6361061578125 0.5983239984375001 0.63609539375 0.6032574734375 0.643820425 0.6109402234375 0.6432022984375 0.6159482703125 0.6368941859375 0.619805403125 0.6316286859375 0.6184140593749999 0.6320964124999999 0.622223384375 0.6269758234375 0.6366314734375 0.6210577171875 0.644580546875 0.622658990625 0.6449666359374999
3 0.51051080625 0.7819089765625 0.50760246875 0.7649414250000001 0.5086363875 0.7565646421875 0.5091466687499999 0.7559435437500001 0.501404865625 0.7558693046875 0.47091666718749997 0.7775956203125001 0.4681072421875 0.78119151875 0.4696801921875 0.79400216875 0.477461846875 0.8044250109375 0.48881170625000003 0.799780478125 0.4982136125 0.8013351906249999 0.5152111359375 0.790458346875 0.51051080625 0.7819089765625
6 0.5755596828125 0.75639321875 0.5881625109375 0.73974053125 0.5368211203125 0.756208928125 0.5091466687499999 0.7559435437500001 0.5086363875 0.7565646421875 0.50760246875 0.7649414250000001 0.51051080625 0.7819089765625 0.5200706734375 0.7992972984375 0.570187325 0.871517165625 0.575355878125 0.8766574296874999 0.5856075984375 0.8795235921875 0.5911469328125001 0.8770053375 0.5755596828125 0.75639321875
3 0.7154320890625 0.4857410046875 0.7847441203125001 0.48303425468750005 0.7930677921875 0.47943408437499996 0.8006520140625 0.465612096875 0.8036824906250001 0.444099153125 0.7996283671875 0.41108095625 0.795217371875 0.39615364531249997 0.788952596875 0.387125884375 0.77353531875 0.3833469515625 0.7731840015625 0.383359140625 0.7154190953125 0.41752147031250003 0.692955725 0.43080636875 0.7017897343749999 0.445377125 0.7157475265625 0.48373705312500004 0.7154320890625 0.4857410046875
0 0.6176877328125 0.6437679984375 0.6210577171875 0.644580546875 0.6269758234375 0.6366314734375 0.6320964124999999 0.622223384375 0.6316286859375 0.6184140593749999 0.6209643812500001 0.6155961484375 0.5989186734375 0.596724859375 0.5947768 0.5951289281250001 0.5892116421875 0.59298458125 0.5871575890625 0.596619659375 0.5628575234375 0.601374071875 0.56005825 0.59656416875 0.5373090765625 0.5870270359374999 0.5361307234375 0.5842020984375 0.53230156875 0.5856747546875 0.538264840625 0.606185734375 0.5537841046875001 0.620356128125 0.5652144859375 0.6620131515625001 0.5669418296875001 0.6633627 0.6176877328125 0.6437679984375
3 0.4513143828125 0.6852998234375 0.47953066718750004 0.6486806890625 0.5111620109375 0.6182731593749999 0.52628254375 0.5974079484375 0.5345260421875 0.5803550984375 0.531193171875 0.572365003125 0.5310017421875 0.555742496875 0.5219451312500001 0.5321937515624999 0.512334203125 0.519193890625 0.5159360953125 0.5033386609375 0.52246793125 0.5013036140625 0.546304209375 0.499609925 0.571791896875 0.5063447328125 0.5805173375 0.48466841250000003 0.5801947609375 0.48204123593750003 0.5660913140625 0.46078572656250005 0.5407719171875 0.4417914828125 0.5245058703125001 0.4389260265625 0.510042440625 0.457942309375 0.46734673125 0.5458501796874999 0.45754365625000004 0.5740195953125 0.441780340625 0.6400540015625 0.43105280312499994 0.667894865625 0.421272884375 0.6854519640625 0.4513143828125 0.6852998234375
5 0.691210925 0.5593945125 0.67357128125 0.5883686359375 0.663991496875 0.616976578125 0.6632581484375 0.6216354890625 0.7125561359375 0.6155824578125 0.848130878125 0.7464893390625 0.8770647171875 0.781087390625 0.8907649531249999 0.8009001921875001 0.90650555 0.7692462921875001 0.918521103125 0.7147779234375 0.9163022609375 0.6763966124999999 0.9075644734375 0.6356984890625 0.8909067703125 0.6015838375 0.8663400328125 0.5690637421875 0.8278840953125 0.5351317859375 0.7849344734375 0.5204550140624999 0.7368015671875 0.5244946500000001 0.7151323890625 0.5358835562500001 0.691210925 0.5593945125
5 0.692955725 0.43080636875 0.7997124328125 0.3676701515625 0.8313421890624999 0.354052121875 0.8444650828125001 0.3524408328125 0.8448196734375 0.334465534375 0.8351595953125001 0.31003484375 0.8106771687500001 0.2566839484375 0.7769333359374999 0.16963136406249998 0.7708855609375 0.1662752484375 0.6678669921875 0.23271961718749998 0.666334921875 0.2411051078125 0.6727717765625 0.268493240625 0.6602066375 0.2746470703125 0.640158759375 0.2991390890625 0.5878173171875 0.32349756875 0.5708866078125 0.3358231171875 0.5910124125 0.391245946875 0.591119196875 0.391495225 0.597996146875 0.3933868875 0.6147993203125 0.4147514375 0.646009284375 0.40783674062499997 0.6809164703125 0.410948903125 0.692955725 0.43080636875
5 0.8770647171875 0.781087390625 0.848130878125 0.7464893390625 0.7125561359375 0.6155824578125 0.6495475640625 0.6233189375 0.6279965296875 0.6612447125 0.63573719375 0.7072799296875 0.6352679640625001 0.71819173125 0.6221047703125 0.7288531234375 0.5881625109375 0.73974053125 0.5755596828125 0.75639321875 0.5980422140625 0.930360128125 0.63881516875 0.9837019390625 0.8709520187500001 0.9551991171875001 0.8879607046875 0.915521071875 0.9231023734375 0.8590295515624999 0.9250515421875001 0.8520577515625 0.921405778125 0.84521188125 0.8770647171875 0.781087390625
5 0.5892116421875 0.59298458125 0.5989186734375 0.596724859375 0.6209643812500001 0.6155961484375 0.6368941859375 0.619805403125 0.6432022984375 0.6159482703125 0.643820425 0.6109402234375 0.63609539375 0.6032574734375 0.6361061578125 0.5983239984375001 0.625120590625 0.5891920359375 0.6372678374999999 0.5877005421875 0.6425957125 0.580881171875 0.6691920328125 0.5665182140625 0.6771838484375 0.556289159375 0.69769578125 0.5476054203125 0.7115913171875 0.510141165625 0.7157475265625 0.48373705312500004 0.7017897343749999 0.445377125 0.6809164703125 0.410948903125 0.646009284375 0.40783674062499997 0.6147993203125 0.4147514375 0.597996146875 0.3933868875 0.587148965625 0.39040312187500004 0.5761311046875 0.396071578125 0.5652516296875 0.40788823125 0.581712665625 0.48169889687499995 0.571791896875 0.5063447328125 0.546304209375 0.499609925 0.52246793125 0.5013036140625 0.5159360953125 0.5033386609375 0.512334203125 0.519193890625 0.5219451312500001 0.5321937515624999 0.5310017421875 0.555742496875 0.531193171875 0.572365003125 0.5373090765625 0.5870270359374999 0.56005825 0.59656416875 0.569434690625 0.6126754156249999 0.5806017 0.608221684375 0.5892116421875 0.59298458125
3 0.622658990625 0.6449666359374999 0.6176877328125 0.6437679984375 0.5169376125 0.6826710125 0.49000664218749995 0.7088921140625 0.41747936875 0.74191775625 0.4130916359375 0.7454715546874999 0.4123930546875 0.759426565625 0.4188960671875 0.7731003453125 0.4317464390625 0.7697134875 0.4418348359375 0.7732988703125 0.48671226093750003 0.7557284078125 0.5368211203125 0.756208928125 0.6221047703125 0.7288531234375 0.6352679640625001 0.71819173125 0.63573719375 0.7072799296875 0.6267963140624999 0.6541068015625 0.622658990625 0.6449666359374999