5 0.629699253125 0.651123809375 0.634193978125 0.6601025890625001 0.6392100109375 0.6244116609375 0.62925961875 0.6306865796875 0.6240857109375 0.63394935 0.629699253125 0.651123809375
1 0.6277957203125 0.852165178125 0.630343315625 0.8472366546875 0.63003981875 0.8558763671875 0.634813015625 0.8889175500000001 0.730231896875 0.9127563140625 0.6313057343749999 0.8198390578125 0.6310575390625 0.8269045109375 0.620737434375 0.8151981140625001 0.6277957203125 0.852165178125
1 0.730231896875 0.9127563140625 0.7277552921875 0.9219191109375 0.6760491390625 0.917624428125 0.6565085046875 0.9081701671875001 0.6525526703125 0.9290532656250001 0.6379075171874999 0.9515902703125001 0.6946541921875 0.963937984375 0.7010858875 0.9648419 0.7186282 0.937246453125 0.7438335015625 0.9134607750000001 0.76021709375 0.838231171875 0.7183441171875 0.8295464453125 0.724856478125 0.8917902718749999 0.730231896875 0.9127563140625
1 0.491926059375 0.48358654375 0.4932277140625 0.504083725 0.508933984375 0.540546059375 0.6240857109375 0.63394935 0.6175910703125 0.6140791859375 0.621019646875 0.6072905937499999 0.59503395625 0.38135072812500004 0.5898481046875 0.3784229546875 0.5936401796874999 0.36923215 0.5921786 0.35652404375 0.5722963140624999 0.3223957703125 0.5700567859375 0.3383308421875 0.5504189125 0.3279774578125 0.3195027125 0.386892221875 0.34089385 0.38565509531250003 0.37703155312500003 0.3761876515625 0.3809968578125 0.3791005375 0.39167625625 0.3806014296875 0.405035803125 0.41100129687500003 0.424973425 0.42780520468749994 0.4949024796875 0.45356890625 0.491926059375 0.48358654375
1 0.380176734375 0.6366900765625 0.42077549843749995 0.6365978890624999 0.4237940734375 0.6275967812500001 0.43888204062499997 0.6053378984375 0.4528215859375 0.5879774828125 0.4832315875 0.5614321421875 0.509773834375 0.5424957781249999 0.508933984375 0.540546059375 0.3195027125 0.386892221875 0.3097309765625 0.3830940640625 0.296697684375 0.4758307609375 0.3108813203125 0.4784303484375 0.3164018109375 0.51679108125 0.3233136796875 0.5323114671875 0.3228798703125 0.5655919234375 0.33031549843749997 0.6248328765625 0.34589371562500004 0.6433898609375001 0.380176734375 0.6366900765625
6 0.528284609375 0.31630791875000003 0.45718483125000003 0.3166872421875 0.44165091093750003 0.32020855312499996 0.416916484375 0.3338457390625 0.396981603125 0.35023180625 0.3901478890625 0.3471970421875 0.37489985 0.34868418125 0.368775340625 0.37012269375 0.3809968578125 0.3791005375 0.39167625625 0.3806014296875 0.405035803125 0.41100129687500003 0.424973425 0.42780520468749994 0.4949024796875 0.45356890625 0.49765211249999997 0.42583845625 0.5094684046875 0.3970277578125 0.5164802671875 0.389648521875 0.5680652703125 0.3712067734375 0.5814587453125 0.37368658125 0.5898481046875 0.3784229546875 0.594922940625 0.3661231375 0.5939608359374999 0.3582091125 0.5921786 0.35652404375 0.5791046640624999 0.35499566250000003 0.5687201875000001 0.3478412375 0.5700567859375 0.3383308421875 0.528284609375 0.31630791875000003
5 0.7277552921875 0.9219191109375 0.730231896875 0.9127563140625 0.724856478125 0.8917902718749999 0.7183441171875 0.8295464453125 0.631596753125 0.8115544828125 0.63003981875 0.8558763671875 0.6348606765625 0.889247475 0.6448805125 0.9025442453125001 0.6760491390625 0.917624428125 0.7277552921875 0.9219191109375
6 0.4832315875 0.5614321421875 0.4528215859375 0.5879774828125 0.43888204062499997 0.6053378984375 0.4237940734375 0.6275967812500001 0.4111248578125 0.665375196875 0.40307615625000004 0.6670039531249999 0.3904825328125 0.6813336109375 0.38960963125000003 0.6940905921875 0.39641968906249997 0.714367175 0.4041026484375 0.721886775 0.4090645109375 0.7225841203125001 0.422448128125 0.71572529375 0.42861449374999994 0.7078521515625 0.44287894687499996 0.7098568890625 0.4376031109375 0.7013097296875 0.44769384375000004 0.6787657796875 0.46857102656249994 0.652692971875 0.482569665625 0.63521054375 0.503617740625 0.5934514890625 0.5026622234375 0.592488103125 0.50232380625 0.588215578125 0.5126514625 0.577385546875 0.517152846875 0.5714810156250001 0.5135000203125 0.5511461734374999 0.509773834375 0.5424957781249999 0.4832315875 0.5614321421875
5 0.4936597265625 0.691530040625 0.482569665625 0.63521054375 0.44769384375000004 0.6787657796875 0.4376031109375 0.7013097296875 0.45451883125 0.728714171875 0.48327245625000004 0.7476649875 0.49131251562499995 0.7667978578125 0.48956811250000004 0.7442171906249999 0.48825162187500004 0.7044046093749999 0.491321834375 0.6923948890625 0.4936597265625 0.691530040625
5 0.5232460015625 0.5662756515625 0.6032943093750001 0.46767661875 0.6049710703125 0.46675214531250003 0.62513486875 0.422307728125 0.6407975984375 0.4198934890625 0.63929233125 0.41706575625 0.5969583125 0.382437159375 0.5814587453125 0.37368658125 0.5680652703125 0.3712067734375 0.5164802671875 0.389648521875 0.5094684046875 0.3970277578125 0.49765211249999997 0.42583845625 0.491926059375 0.48358654375 0.4932277140625 0.504083725 0.5135000203125 0.5511461734374999 0.5173318484375 0.5724774921875 0.5232460015625 0.5662756515625
5 0.5342235671875 0.62269159375 0.54433280625 0.63139773125 0.6175910703125 0.6140791859375 0.62513486875 0.422307728125 0.6209752984375 0.4656403015625 0.6174207703125 0.4640286765625 0.6094007625 0.46430986093750004 0.6049710703125 0.46675214531250003 0.5342235671875 0.62269159375
3 0.7045878015625 0.4022450796875 0.7203214921875001 0.4118597828125 0.7740164109375 0.4166358625 0.7746512265625001 0.4156372453125 0.783012434375 0.40861817968749997 0.908193828125 0.32542313125 0.9253006359375 0.329056459375 0.9337676390625 0.3437959171875 0.9403456968749999 0.2969906015625 0.9265047609374999 0.277960434375 0.9048724437500001 0.2697947265625 0.7387902125 0.2561348625 0.723249715625 0.2613542671875 0.691637421875 0.28367786875 0.6140557 0.292706909375 0.57999823125 0.2919069328125 0.5764119625 0.29311141093750004 0.5687201875000001 0.3478412375 0.5791046640624999 0.35499566250000003 0.603197259375 0.35781215781250003 0.683722246875 0.3805191734375 0.7045878015625 0.4022450796875
1 0.6286581140624999 0.7840395828125 0.620201490625 0.7857962781250001 0.617991128125 0.8058489828125 0.6196769578125 0.8090822390625 0.766913753125 0.8396201015625 0.77002221875 0.8357764984375 0.7770446296875 0.813220853125 0.77648873125 0.8324048375 0.7781745609375 0.8356380953125001 0.8390845656250001 0.8377777328124999 0.8554891250000001 0.6966875234375001 0.8729078921875001 0.6062493890625 0.8596526796875 0.60310235 0.8065932468750001 0.5999258015625 0.80360276875 0.6029298921875 0.7996956281250001 0.6246392203125 0.797183896875 0.6272825484375 0.7949013328125 0.6252495671875 0.796841290625 0.6084003328125 0.7943023359375 0.5990545218750001 0.64485784375 0.5994538125 0.64199215625 0.604615678125 0.6335561765625 0.6646407875 0.63202025 0.678574909375 0.6334649625 0.6842638828125 0.6401573625 0.761234059375 0.6387114031250001 0.7780799093749999 0.6286581140624999 0.7840395828125
6 0.587585753125 0.6665582890625 0.5229154406250001 0.680707584375 0.491321834375 0.6923948890625 0.48825162187500004 0.7044046093749999 0.48956811250000004 0.7442171906249999 0.4934907359375 0.7949941093749999 0.4979751421875 0.8089871328125 0.510175378125 0.8107017640624999 0.5228128203125 0.8060268421875 0.6286581140624999 0.7840395828125 0.6387114031250001 0.7780799093749999 0.6401573625 0.761234059375 0.6334649625 0.6842638828125 0.6281256859375 0.6632389296875 0.6203732265624999 0.659384678125 0.5943854765625 0.6650705703125 0.593557271875 0.6672287234375001 0.5910614390625 0.668286278125 0.587585753125 0.6665582890625
0 0.7225917546875 0.5715111390625001 0.7320290171875 0.54892450625 0.7355842234375001 0.499320825 0.7108186234375 0.408159415625 0.693824325 0.4034935984375 0.6734378000000001 0.4148623609375 0.62513486875 0.422307728125 0.6209752984375 0.4656403015625 0.6324256218750001 0.47083187656250003 0.6529770390625 0.488272846875 0.6626095046875 0.503240378125 0.6655383078125 0.5191435328125 0.65731805 0.5354196625000001 0.680795615625 0.5650677187500001 0.7225917546875 0.5715111390625001
6 0.9326150156249999 0.49273846875 0.9457844609375 0.48065924375 0.9598269453125001 0.4740289203125 0.9615969171875 0.47018059375 0.96243086875 0.4584162703125 0.9415061640625 0.3653397546875 0.9438907390625 0.3542030625 0.9368217203125001 0.3491124984375 0.9253006359375 0.329056459375 0.908193828125 0.32542313125 0.783012434375 0.40861817968749997 0.7746512265625001 0.4156372453125 0.769391265625 0.42391158124999995 0.7680491265625 0.43929185468750004 0.772344825 0.46120038750000003 0.7710461203125 0.4704411484375 0.7793769203124999 0.4752993375 0.7878467078125 0.49082946562499996 0.8199059406250001 0.560068946875 0.82811078125 0.5599929375 0.9227531359375 0.49585925781249995 0.9326150156249999 0.49273846875
7 0.6174207703125 0.4640286765625 0.6094007625 0.46430986093750004 0.6032943093750001 0.46767661875 0.5232460015625 0.5662756515625 0.50232380625 0.588215578125 0.5026622234375 0.592488103125 0.5232211046875 0.6132162078125 0.5818470171875 0.6637051921875 0.5910614390625 0.668286278125 0.593557271875 0.6672287234375001 0.602445725 0.6440670046875 0.6655383078125 0.5191435328125 0.6626095046875 0.503240378125 0.6529770390625 0.488272846875 0.6324256218750001 0.47083187656250003 0.6174207703125 0.4640286765625