5 0.6160344 0.6618527734375 0.6197294703125 0.6711891265625 0.6278370843750001 0.6360711890624999 0.6173776609375 0.6414549953125 0.6119390734375 0.6442544140625001 0.6160344 0.6618527734375
1 0.5966162015625 0.8619632140625001 0.5995836515625 0.8572754828125 0.598528309375 0.8658558671875 0.6004036125 0.8991873296874999 0.6933817109375 0.9312516828125 0.602930265625 0.830066021875 0.6020672203124999 0.8370829578125001 0.5928066656250001 0.8245216515625 0.5966162015625 0.8619632140625001
1 0.6933817109375 0.9312516828125 0.6901159406249999 0.9401637624999999 0.6389808515625 0.9313789343750001 0.62033856875 0.9202575718749999 0.6145777046875 0.9407164296875001 0.598024053125 0.961891265625 0.6534786140625 0.9791377906250001 0.659807053125 0.9805988250000001 0.6796877140625 0.9546373015625 0.706870159375 0.9331389218749999 0.7297481 0.8596235140624999 0.6887913859375 0.847322365625 0.689854059375 0.909896925 0.6933817109375 0.9312516828125
1 0.4933873109375 0.4829453109375 0.49289756406249996 0.5034779421875 0.5053661671875 0.5411704171875 0.6119390734375 0.6442544140625001 0.60720094375 0.6238938171874999 0.6112081390624999 0.617429878125 0.6050132890625 0.390084978125 0.6001023437499999 0.3867163703125 0.60468101875 0.377891040625 0.6043325875 0.3651039078125 0.5875004328125 0.329372646875 0.58388059375 0.34505189375 0.56521980625 0.333026353125 0.3300475515625 0.37159125625 0.3514651125 0.3722231984375 0.38829044218750003 0.3659413875 0.391986784375 0.36918878906249997 0.40249473125 0.371614740625 0.41315391874999996 0.40306328750000003 0.4315511140625 0.42154093125000003 0.49896861406250004 0.4533013125 0.4933873109375 0.4829453109375
1 0.3687193734375 0.62572664375 0.40917168125 0.629173221875 0.4129632671875 0.620469453125 0.42993381093750005 0.5996102750000001 0.4453333703125 0.5835308312499999 0.4779412328125 0.559736909375 0.506032890625 0.543185915625 0.5053661671875 0.5411704171875 0.3300475515625 0.37159125625 0.32064403124999996 0.36695588749999997 0.2995777984375 0.4582037671875 0.31348089375 0.46202964843750005 0.3156370171875 0.5007255500000001 0.32116989375 0.5167892843749999 0.3178371515625 0.549905290625 0.32008129687500003 0.6095688703125 0.3339828875 0.629412971875 0.3687193734375 0.62572664375
6 0.5441867968749999 0.3194720890625 0.4733245140625 0.313653215625 0.45754280312500006 0.31580725625 0.431713940625 0.3272368 0.410426778125 0.34182307500000003 0.4038835640625 0.3382042609375 0.38856393749999996 0.33835678593749996 0.38059424375 0.359179934375 0.391986784375 0.36918878906249997 0.40249473125 0.371614740625 0.41315391874999996 0.40306328750000003 0.4315511140625 0.42154093125000003 0.49896861406250004 0.4533013125 0.5041246515625 0.42591603281249996 0.518406996875 0.398244825 0.5260353203125 0.3915047921875 0.5790313312500001 0.3776291484375 0.592157709375 0.3812668390625 0.6001023437499999 0.3867163703125 0.6062298671875 0.37490565937500003 0.6059611765625 0.3669378953125 0.6043325875 0.3651039078125 0.5914416078125 0.3624418734375 0.5817201953125 0.35440960625 0.58388059375 0.34505189375 0.5441867968749999 0.3194720890625
5 0.6901159406249999 0.9401637624999999 0.6933817109375 0.9312516828125 0.689854059375 0.909896925 0.6887913859375 0.847322365625 0.603942225 0.8218383375 0.598528309375 0.8658558671875 0.6004223375 0.899520153125 0.60924515625 0.9136396109374999 0.6389808515625 0.9313789343750001 0.6901159406249999 0.9401637624999999
6 0.4779412328125 0.559736909375 0.4453333703125 0.5835308312499999 0.42993381093750005 0.5996102750000001 0.4129632671875 0.620469453125 0.39704965625 0.6569999156249999 0.38888962656250003 0.6579209828125 0.37509501562500003 0.67109850625 0.373113590625 0.6837308640625 0.3781305140625 0.7045238234375 0.3851288609375 0.7126844250000001 0.39001106406249997 0.7138115703125 0.4039415375 0.708145303125 0.410770628125 0.7008395546874999 0.42480607656249997 0.7040798921875 0.4202952515625 0.6951054375 0.43231242031250006 0.6735267406250001 0.45538255312500003 0.6493727140625001 0.47085161875 0.633176871875 0.49545914062499996 0.5934111843750001 0.4945912234375 0.5923681875 0.49462646875000005 0.588082425 0.5058587265625001 0.5781937187499999 0.5108575953125001 0.5727039765625 0.508990965625 0.5521281515625 0.506032890625 0.543185915625 0.4779412328125 0.559736909375
5 0.476990909375 0.6902486203125 0.47085161875 0.633176871875 0.43231242031250006 0.6735267406250001 0.4202952515625 0.6951054375 0.434758146875 0.7238799 0.46175068281250004 0.7452646453125 0.468092609375 0.7650254484375 0.46832287812500006 0.742378671875 0.4704812921875 0.7026028484375 0.4745865375 0.6909064171875 0.476990909375 0.6902486203125
5 0.5173812390625 0.568049475 0.6057184109375 0.47680231093750003 0.607469365625 0.4760274953125 0.6314300203125 0.4335095921875 0.6472435625 0.4324696375 0.6459904765625 0.42952147187499995 0.6068356328125 0.3913349953125 0.592157709375 0.3812668390625 0.5790313312500001 0.3776291484375 0.5260353203125 0.3915047921875 0.518406996875 0.398244825 0.5041246515625 0.42591603281249996 0.4933873109375 0.4829453109375 0.49289756406249996 0.5034779421875 0.508990965625 0.5521281515625 0.510949065625 0.5737122640625001 0.5173812390625 0.568049475
5 0.523400059375 0.6252074953125 0.5327120390625 0.6347615828125 0.60720094375 0.6238938171874999 0.6314300203125 0.4335095921875 0.623509596875 0.4763147421875 0.62010905625 0.47439945312500004 0.6120950609375 0.47398057812500005 0.607469365625 0.4760274953125 0.523400059375 0.6252074953125
3 0.7123291859374999 0.42044806718750005 0.7271650281250001 0.4313974671875 0.780239359375 0.4408351921875 0.7809587953125 0.43989570312500004 0.7898999375 0.4336320734375 0.9218559031250001 0.361663884375 0.9385809500000001 0.36677434531249997 0.9457311046875001 0.3821956609375 0.956363484375 0.3361417703125 0.9442338046875 0.3159777015625 0.92339549375 0.3059576859375 0.759135790625 0.27787478125 0.7431995296875 0.28171988125 0.7097619 0.3012033421875 0.6316884671875 0.30343633125 0.59783031875 0.2996710953125 0.5941527203125 0.3005584265625 0.5817201953125 0.35440960625 0.5914416078125 0.3624418734375 0.61519705 0.367347459375 0.6934365687499999 0.39698628281250004 0.7123291859374999 0.42044806718750005
1 0.6034128515625 0.79417201875 0.5948353 0.7951849875 0.5908856421875 0.8149687406250001 0.5922832578125 0.8183366218750001 0.7362982234375 0.8615908109375001 0.739729853125 0.8580327546875001 0.7486913953125 0.8361749828124999 0.7464656171875 0.8552375187499999 0.7478632359375 0.8586054015625001 0.8083549765625 0.8660455546874999 0.8369939343749999 0.7269219875 0.862228621875 0.6383461421875001 0.8492981296875 0.6340558109375001 0.796717459375 0.6262669171875 0.7934765374999999 0.6289989375 0.7876921718750001 0.650285125 0.7849596187500001 0.6526994828125 0.782862925 0.6504753 0.786264009375 0.6338592609375 0.7845492562499999 0.624327728125 0.63563864375 0.6117005546875001 0.632333975 0.616593015625 0.6186985640625 0.6756544671875 0.6159540453125001 0.6894017 0.6168974328125 0.695194940625 0.616855971875 0.772455503125 0.613947303125 0.789111228125 0.6034128515625 0.79417201875
6 0.5727359515625 0.6735580859375 0.5070785375 0.68201715 0.4745865375 0.6909064171875 0.4704812921875 0.7026028484375 0.46832287812500006 0.742378671875 0.46780507499999996 0.793304246875 0.47105284375 0.807634865625 0.48305721406249996 0.8104062921875 0.49605401406249994 0.8068505859374999 0.6034128515625 0.79417201875 0.613947303125 0.789111228125 0.616855971875 0.772455503125 0.6168974328125 0.695194940625 0.61341091875 0.6737846453125 0.6060238796874999 0.6692693890625 0.5796394625 0.6726686625 0.5786263140625 0.674746421875 0.5760478078125 0.675582425 0.5727359515625 0.6735580859375
0 0.7155121203125 0.5906391671875 0.726882025 0.5689609953125 0.7347469484375 0.5198559281249999 0.7180208296874999 0.42688295 0.701497853125 0.4207537375 0.68019805 0.430302434375 0.6314300203125 0.4335095921875 0.623509596875 0.4763147421875 0.634463871875 0.48248452343750003 0.6534170046875001 0.5016503 0.661708309375 0.5174003984375 0.663239915625 0.5334983 0.65363238125 0.5489960515625001 0.6744366078125 0.58057749375 0.7155121203125 0.5906391671875
6 0.93160166875 0.5304709843750001 0.9457737749999999 0.5195855171875 0.9603406937500001 0.51420430625 0.9624393328125 0.5105248875 0.964295440625 0.4988780140625 0.9515625125 0.404331975 0.954908640625 0.3934454921875 0.94831019375 0.3877581921875 0.9385809500000001 0.36677434531249997 0.9218559031250001 0.361663884375 0.7898999375 0.4336320734375 0.7809587953125 0.43989570312500004 0.7749976937499999 0.447680115625 0.7723201828125 0.4628848890625 0.7746900796875 0.4850844484375 0.7725909328125 0.4941768546875 0.7804666109375 0.499742634375 0.7875506296875 0.51595185625 0.8134532484375001 0.58772200625 0.8216334921874999 0.588361384375 0.921505321875 0.532720378125 0.93160166875 0.5304709843750001
7 0.62010905625 0.47439945312500004 0.6120950609375 0.47398057812500005 0.6057184109375 0.47680231093750003 0.5173812390625 0.568049475 0.49462646875000005 0.588082425 0.4945912234375 0.5923681875 0.5132652984375 0.6148092390625 0.5672677171875 0.6702156828125 0.5760478078125 0.675582425 0.5786263140625 0.674746421875 0.589499621875 0.6524475203125 0.663239915625 0.5334983 0.661708309375 0.5174003984375 0.6534170046875001 0.5016503 0.634463871875 0.48248452343750003 0.62010905625 0.47439945312500004