5 0.6551699859375 0.6398682890625 0.6551699859375 0.60382660625 0.6461897296875 0.611425284375 0.6415202640625 0.6153763703124999 0.6494693984375 0.6316024359375 0.6551699859375 0.6398682890625
1 0.7854358718750001 0.8766973109375 0.6745408687500001 0.7984521796874999 0.6752784109375 0.8054834140624999 0.663429525 0.7953272250000001 0.675563940625 0.8309522046875 0.677400825 0.8257170875 0.6783026984375 0.8343149578125001 0.6876278859375 0.8663702859375 0.7854358718750001 0.8766973109375
1 0.7990031484375 0.8755019390625 0.804757359375 0.798724309375 0.7620832078124999 0.79595169375 0.7771948578125001 0.8566834218749999 0.7854358718750001 0.8766973109375 0.7842585843750001 0.8861156125 0.732457928125 0.8890588312500001 0.7117916828124999 0.882416109375 0.7107807109375 0.9036465203124999 0.6994146296875 0.9280024078125001 0.75732751875 0.93233234375 0.7638224218749999 0.93233234375 0.7773534703125 0.9025640359375 0.7990031484375 0.8755019390625
1 0.3761133859375 0.396839159375 0.3935737625 0.42508388750000003 0.41565600468749997 0.43894948125 0.48849012968750005 0.4547302078125 0.48972032343749994 0.48486995312500003 0.493861965625 0.504986503125 0.5144899609375 0.538908096875 0.6415202640625 0.6153763703124999 0.6323234359375001 0.5966034609374999 0.63477385625 0.5894037703125 0.5775963046875 0.36927924375 0.5720534546875 0.36710169531250003 0.5745295125000001 0.3574725796875 0.5713135312500001 0.3450915609375 0.546875 0.3140625 0.546875 0.330154175 0.525987328125 0.32263461250000003 0.3055177390625 0.413113346875 0.32652852499999996 0.4089111890625 0.36099692499999997 0.394506484375 0.3653290359375 0.396839159375 0.3761133859375 0.396839159375
1 0.329530065625 0.556586996875 0.33373222187499996 0.5896039453124999 0.349340234375 0.6472335296875 0.3673494796875 0.66344185 0.400366428125 0.65203599375 0.4405572578125 0.646294446875 0.44229374374999997 0.6369608328125 0.45413703906249997 0.6128187328125 0.465524821875 0.5936872578125 0.49194447812500003 0.563168 0.5155929859375 0.5407219578125 0.5144899609375 0.538908096875 0.3055177390625 0.413113346875 0.2953125 0.41071211406249997 0.2953125 0.5043601875 0.3097198953125 0.5049604953125 0.3205254421875 0.5421796015625 0.329530065625 0.556586996875
6 0.5713135312500001 0.3450915609375 0.5581541203125 0.34539759375 0.546875 0.339758034375 0.546875 0.330154175 0.5024443484375001 0.314159140625 0.4320893 0.32442994999999997 0.41719662656249995 0.3300788953125 0.39460084375000004 0.34702573124999997 0.3771404671875 0.3660267296875 0.36995089999999997 0.36397256875 0.355058225 0.36756735156250003 0.3519769828125 0.38964959375 0.3653290359375 0.396839159375 0.3761133859375 0.396839159375 0.3935737625 0.42508388750000003 0.41565600468749997 0.43894948125 0.48849012968750005 0.4547302078125 0.4873536703125 0.4268869546875 0.4950452921875 0.39671212968749997 0.500961925 0.3884288453125 0.5494783109375 0.362987325 0.5630865640625 0.36357898906249997 0.5720534546875 0.36710169531250003 0.5753670984375 0.3542152984375 0.5733129375 0.346512190625 0.5713135312500001 0.3450915609375
5 0.6783026984375 0.8343149578125001 0.687721 0.8666903671874999 0.6994938765625001 0.8784632421874999 0.732457928125 0.8890588312500001 0.7842585843750001 0.8861156125 0.7854358718750001 0.8766973109375 0.7771948578125001 0.8566834218749999 0.7620832078124999 0.79595169375 0.673676065625 0.7902077281250001 0.6783026984375 0.8343149578125001
6 0.5232983265625 0.5748716921875 0.5269341515625 0.5683981515625 0.5204868109375 0.5487695828125 0.5155929859375 0.5407219578125 0.49194447812500003 0.563168 0.465524821875 0.5936872578125 0.45413703906249997 0.6128187328125 0.44229374374999997 0.6369608328125 0.4350055640625 0.67613480625 0.42726187031249996 0.6788678734375 0.41678511093750004 0.6948107703125 0.41769613281250006 0.7075650859375 0.42726187031249996 0.7266965609375 0.43591658593749993 0.7330737203125001 0.44092721093750004 0.7330737203125001 0.453226015625 0.7244190046875 0.458236640625 0.715764290625 0.47264127968749997 0.715764290625 0.466227253125 0.708034565625 0.47308227187499996 0.684305653125 0.49012764531249997 0.6555810421875 0.5015569671875 0.6363205171875 0.5165884671875001 0.5920385328125 0.5155081703125 0.59121750625 0.5145784265625 0.5870336593750001 0.5232983265625 0.5748716921875
5 0.528528146875 0.7654104640625 0.5236580984375 0.7432923234375 0.5168135796875 0.704050415625 0.5181824828125 0.6917302828125 0.520377259375 0.6905484796875 0.5015569671875 0.6363205171875 0.47308227187499996 0.684305653125 0.466227253125 0.708034565625 0.4867923109375 0.732818096875 0.5179035515625 0.747582753125 0.528528146875 0.7654104640625
5 0.48972032343749994 0.48486995312500003 0.493861965625 0.504986503125 0.5204868109375 0.5487695828125 0.52725009375 0.5693600187500001 0.5322435609375 0.5623954437500001 0.5977905109375 0.4536153984375 0.5993222921875 0.4524665625 0.613104390625 0.405648415625 0.62827869375 0.4010778421875 0.62639453125 0.3984871203125 0.5796531359375 0.370087284375 0.5630865640625 0.36357898906249997 0.5494783109375 0.362987325 0.500961925 0.3884288453125 0.4950452921875 0.39671212968749997 0.4873536703125 0.4268869546875 0.48972032343749994 0.48486995312500003
5 0.6150160296875 0.4491381796875 0.6112717984375 0.448036934375 0.603368975 0.4494315515625 0.5993222921875 0.4524665625 0.5509658749999999 0.6167345671875 0.5621883921874999 0.6239490437499999 0.6323234359375001 0.5966034609374999 0.613104390625 0.405648415625 0.6150160296875 0.4491381796875
3 0.546875 0.339758034375 0.5581541203125 0.34539759375 0.5824042281249999 0.34483363749999996 0.6653057578125 0.35611275781249996 0.6889919109375 0.3747233046875 0.7059105906250001 0.3820547328125 0.75974765625 0.37931144375 0.7602373140625 0.3782341953125 0.7675402859375 0.3701197828125 0.8799249093749999 0.2703125 0.8973708968749999 0.2715296625 0.9078068359374999 0.284947296875 0.9078068359374999 0.23768199843749999 0.8914521109375 0.22076331875 0.868893871875 0.21568771562500003 0.7025268546875 0.2252749671875 0.6878639984375 0.2326063953125 0.6596661984375001 0.2591123265625 0.5840960953125001 0.2788507859375 0.5502587359375 0.28279847812500003 0.546875 0.284490346875 0.546875 0.339758034375
1 0.6555882625 0.6584633625 0.6578106671875 0.66389590625 0.6751501140625 0.7391856125 0.6760627171875 0.756068759375 0.6669366921875 0.7633695796875 0.6588068515625001 0.7662861140625 0.6594087984375 0.786451290625 0.6615282031249999 0.789418459375 0.8115821499999999 0.7991677265625 0.8141254375000001 0.794928915625 0.8179403671875001 0.7716154484375 0.8200597734375 0.790690103125 0.8221791796875 0.793657271875 0.8827941921875 0.787299053125 0.8794031421874999 0.64529885 0.8840658359375 0.5533166296875 0.8705016375 0.5520449859375 0.8175164859375 0.5562837984375 0.8149732000000001 0.559674846875 0.8141254375000001 0.5817166703125001 0.8120060312499999 0.5846838390625 0.8094627437499999 0.5829883140625001 0.8090388624999999 0.566033065625 0.8052239312499999 0.5571315609374999 0.6572893921875 0.5783256203125 0.6551699859375 0.5838360765624999 0.6551699859375 0.6444510875 0.6555882625 0.6584633625
6 0.641383821875 0.6410808421875 0.61644030625 0.6503281953125 0.61592051875 0.652580609375 0.613596159375 0.653975225 0.6099138078124999 0.652747775 0.5478420640625 0.6757597375 0.5181824828125 0.6917302828125 0.5168135796875 0.704050415625 0.5236580984375 0.7432923234375 0.534609328125 0.7930291609375 0.5409975453125 0.8062618968749999 0.5533176796875 0.8062618968749999 0.5651815124999999 0.7998736796875 0.6669366921875 0.7633695796875 0.6760627171875 0.756068759375 0.6751501140625 0.7391856125 0.6578106671875 0.66389590625 0.6495972437499999 0.6438186499999999 0.641383821875 0.6410808421875
0 0.6614779734375 0.48057797343750003 0.666591565625 0.49591874999999996 0.66071650625 0.5131805203125 0.6880918015625 0.5392725984375 0.730377934375 0.5398364124999999 0.7365799015625 0.5161561781249999 0.7331970109375 0.46654044843750003 0.6959852125 0.3797129203125 0.6785069453125 0.377457659375 0.6599010453124999 0.3915530375 0.613104390625 0.405648415625 0.6150160296875 0.4491381796875 0.627077446875 0.4526856546875 0.6498561734375 0.4670966859375 0.6614779734375 0.48057797343750003
6 0.7837691125 0.45085819374999997 0.8251526203124999 0.5149620578125 0.8332670328124999 0.5137448953125 0.9180626515625001 0.43706369062499995 0.9273942265624999 0.4326007640625 0.9387544046875 0.41880626093749995 0.9517374656250001 0.4102861265625 0.9529546281249999 0.4062289203125 0.9521431859374999 0.394463021875 0.918468371875 0.3052044765625 0.9192798124999999 0.2938442984375 0.9115711203125001 0.2897870921875 0.8973708968749999 0.2715296625 0.8799249093749999 0.2703125 0.7675402859375 0.3701197828125 0.7602373140625 0.3782341953125 0.7561801078125 0.38716005 0.75699155 0.40257743437500004 0.764294521875 0.423674909375 0.764294521875 0.433006484375 0.773220375 0.4366579703125 0.7837691125 0.45085819374999997
7 0.666591565625 0.49591874999999996 0.6614779734375 0.48057797343750003 0.6498561734375 0.4670966859375 0.627077446875 0.4526856546875 0.6112717984375 0.448036934375 0.603368975 0.4494315515625 0.5977905109375 0.4536153984375 0.5322435609375 0.5623954437500001 0.5145784265625 0.5870336593750001 0.5155081703125 0.59121750625 0.53875176875 0.6088826421875 0.603833846875 0.650721121875 0.613596159375 0.653975225 0.61592051875 0.652580609375 0.6214989828124999 0.628407265625 0.666591565625 0.49591874999999996