3 0.623707778125 0.7876535984374999 0.6521876843750001 0.7846602390624999 0.6514131062499999 0.783468478125 0.633723015625 0.7438911109374999 0.6218343671875 0.7571520390625001 0.6114430234375 0.7598453765625 0.604518953125 0.7512474250000001 0.5488318875 0.6820981109375001 0.5331648343750001 0.6650645421875 0.530928321875 0.6644126984375001 0.5332785125 0.686773271875 0.5484324640625 0.7300828296875 0.5639791265625 0.7533945328125 0.582026453125 0.7708306171875 0.597315653125 0.779825590625 0.623707778125 0.7876535984374999
3 0.68538305 0.8357344937500001 0.691164384375 0.8535528640625 0.6987783125 0.862244796875 0.71133441875 0.8648336437499999 0.7443229375 0.8437649484374999 0.7412180296875001 0.836164265625 0.7278752546875 0.773327528125 0.7117620578125 0.7395099359375 0.7111607203125 0.7382478781249999 0.7095262375 0.722696809375 0.7114977687499999 0.6891812703125 0.7056271375 0.7235712171875 0.6923956734375001 0.72336076875 0.663804309375 0.710337596875 0.633723015625 0.7438911109374999 0.6514131062499999 0.783468478125 0.68538305 0.8357344937500001
0 0.4426924328125 0.3171996515625 0.42983059062500006 0.33925082500000003 0.4389864765625 0.34050969062499997 0.453562446875 0.3512994546875 0.4493863375 0.4356192640625 0.4517848296875 0.437975115625 0.4582009328125 0.4407396546875 0.4588263859375 0.4386724375 0.47230170468750005 0.42864628125 0.4802037375 0.411672290625 0.4857480859375 0.4081312953125 0.49053172968750003 0.3685651671875 0.4802780078125 0.3318533328125 0.46106389375 0.309454959375 0.4426924328125 0.3171996515625
6 0.5106694703125 0.6299470453125 0.44533189218749997 0.624769378125 0.4425532125 0.6204186328125 0.4448234140625 0.59232325 0.43356220156249997 0.5459181937500001 0.43254761249999996 0.5344958109375 0.41616340156250003 0.5369861359375 0.38883144375 0.5056754421874999 0.3785503875 0.5232504671875 0.3757071890625 0.5344662140625001 0.37304146562499996 0.55830394375 0.3744135484375 0.5822918578125 0.3959132125 0.6173794874999999 0.41810235156250003 0.6426268875 0.4531233890625 0.6642273000000001 0.4745377484375 0.6711697515624999 0.5011606609375 0.6511343390625 0.5121569234375001 0.6331233562499999 0.5106694703125 0.6299470453125
6 0.360813621875 0.6649220484375 0.3388326046875 0.672488409375 0.3237141453125 0.6828375296875 0.3206630015625 0.6938955703125 0.3211340078125 0.6935831921875 0.3440333921875 0.6911763703125 0.3565428703125 0.678028146875 0.3744129640625 0.6732266671875 0.3741055203125 0.6705330984375 0.369523546875 0.6644446046875 0.360813621875 0.6649220484375
3 0.8530027109375 0.2121264296875 0.709787496875 0.226573375 0.7150792140625 0.2538738796875 0.7166818187499999 0.2864067671875 0.769014515625 0.46742505625 0.7896544249999999 0.519757928125 0.810582146875 0.5460206015625 0.8427642671875001 0.5698892296875 0.8572922515625001 0.5986412828125001 0.9207823765625 0.5919682015625 0.9121523078125 0.5444288484375 0.9284268906250001 0.49184959062500005 0.927550965625 0.4489454640625 0.9089939515625 0.3818597515625 0.8530027109375 0.2121264296875
5 0.7141410015625 0.6736973093749999 0.7182541296875 0.6496027484375 0.71632005 0.651760075 0.663804309375 0.710337596875 0.6923956734375001 0.72336076875 0.7056271375 0.7235712171875 0.7114977687499999 0.6891812703125 0.71210544375 0.678850934375 0.7141410015625 0.6736973093749999
5 0.4837387890625 0.4517432828125 0.4769651828125 0.47386354375 0.4769061109375 0.473981546875 0.58269240625 0.473950078125 0.5990982671875 0.48897765625 0.6195029703125 0.4666255046875 0.6158853953125 0.4635997359375 0.6086306921875 0.4611335453125 0.585329028125 0.433986315625 0.5546016265625 0.42322490312500005 0.54197023125 0.41056152187499995 0.5249403015625 0.40212725312500003 0.514071828125 0.40111711562499996 0.5066189234375 0.412124634375 0.48827198593750004 0.4065193625 0.4802037375 0.411672290625 0.47230170468750005 0.42864628125 0.4588263859375 0.4386724375 0.4582009328125 0.4407396546875 0.4837387890625 0.4517432828125
5 0.830496346875 0.7153730328125001 0.8257036078125 0.7082399515625 0.8248897203125001 0.67912589375 0.8188347515625001 0.6685316828125 0.7861234921875 0.6436686234375 0.7742216921875 0.637282734375 0.7637689203125 0.6361352421875 0.725392259375 0.6513994078125 0.7206208562499999 0.657291596875 0.71210544375 0.678850934375 0.7095262375 0.722696809375 0.7111607203125 0.7382478781249999 0.7278752546875 0.773327528125 0.7412180296875001 0.836164265625 0.750895565625 0.8598544671875 0.76071588125 0.8678068031249999 0.7864381859375 0.8731893234375001 0.8253045218749999 0.866858184375 0.8254459609374999 0.8596557234375 0.8176377484374999 0.8452027640625 0.7841419859375 0.7530384671875 0.8119724765624999 0.7357381796875 0.8265855328124999 0.7508235953125 0.8310286953125001 0.7503566 0.8316878546875 0.72243539375 0.830496346875 0.7153730328125001
6 0.40204746562500004 0.33543085625 0.3935916625 0.34024015625000004 0.39067034375 0.375143925 0.39439818125000004 0.379587146875 0.40403910937500004 0.39107820000000004 0.4493863375 0.4356192640625 0.453562446875 0.3512994546875 0.4389864765625 0.34050969062499997 0.40204746562500004 0.33543085625
5 0.45040491562499996 0.531781584375 0.43254761249999996 0.5344958109375 0.43356220156249997 0.5459181937500001 0.4448234140625 0.59232325 0.4425532125 0.6204186328125 0.44533189218749997 0.624769378125 0.5106694703125 0.6299470453125 0.5073886359374999 0.62294114375 0.5061558453125 0.6151688281250001 0.49395353750000004 0.61486050625 0.48235676562499996 0.607928253125 0.47520179531249995 0.5967252890625 0.470706746875 0.5798086765625 0.5572186609374999 0.5084494140625 0.5676871953125 0.5098407171875 0.5813652874999999 0.508403090625 0.5990982671875 0.48897765625 0.590440025 0.48104680625 0.58269240625 0.473950078125 0.4769061109375 0.473981546875 0.45971404531250004 0.5083244109375 0.4564520296875 0.5231178843750001 0.45040491562499996 0.531781584375
6 0.5813652874999999 0.508403090625 0.5676871953125 0.5098407171875 0.5197409328125 0.5034685 0.4878041921875 0.504651553125 0.475695759375 0.513531915625 0.471168409375 0.5221588828125 0.467854790625 0.5475039359375 0.470706746875 0.5798086765625 0.47520179531249995 0.5967252890625 0.48235676562499996 0.607928253125 0.49395353750000004 0.61486050625 0.5061558453125 0.6151688281250001 0.5042244859375 0.6029923 0.5066101828125 0.5958389562499999 0.504536428125 0.576108484375 0.516373803125 0.54061495625 0.52587011875 0.520935378125 0.534367640625 0.52137664375 0.5525037375 0.540019221875 0.5813652874999999 0.508403090625
6 0.43337995625000003 0.68950311875 0.3785589859375 0.67211268125 0.3565428703125 0.678028146875 0.3440333921875 0.6911763703125 0.3211340078125 0.6935831921875 0.310071696875 0.7009198484375 0.3039636578125 0.711337265625 0.300827875 0.7255582609375 0.3022979421875 0.7444401296875001 0.30663483281250004 0.756332225 0.3208542921875 0.7692436078125 0.3456012109375 0.76972958125 0.3677747078125 0.7848919421875 0.3785680578125 0.7847865078125 0.38914746718750004 0.7826455734375 0.43256538750000006 0.7600747812499999 0.44694991249999994 0.7451859921875 0.45091548125 0.7339647640625 0.4510255234375 0.7154313171875 0.4440647984375 0.6981555328125 0.43337995625000003 0.68950311875
6 0.7618298890624999 0.60633899375 0.7628587234374999 0.6008936453125 0.7601939234375 0.5856958109375 0.70417271875 0.47416519843750005 0.7036749609374999 0.45927331875000005 0.6930902234375 0.45504860625 0.6721173265625 0.4332354890625 0.6492516187499999 0.43403760937499997 0.5525037375 0.540019221875 0.5528185578125 0.540342834375 0.5661316046875 0.5442811421875 0.58317023125 0.5625061765625 0.58902813125 0.5632248765625001 0.5936811546875 0.5694077796875 0.6024098718750001 0.57204873125 0.62160593125 0.5642487828125 0.6253103859375 0.5656386171875 0.6284573109375 0.5786517718749999 0.62599733125 0.6144940890624999 0.6230021812500001 0.6245685703125 0.6265718296875 0.6373491296875 0.621105215625 0.682564178125 0.6048061109375 0.711706978125 0.5910310453125 0.7136926328125 0.57560579375 0.7050949859375 0.5660608671875 0.6910387578125 0.5622844421875001 0.6704600265625 0.5652608859375 0.6377594734375001 0.5463224796875 0.6224234562500001 0.53097225 0.6160304828125 0.513722225 0.616953940625 0.5085592421875 0.6143830125 0.5066101828125 0.5958389562499999 0.5042244859375 0.6029923 0.5073886359374999 0.62294114375 0.5197757890625 0.64939270625 0.521051909375 0.6615341703125 0.5331648343750001 0.6650645421875 0.5488318875 0.6820981109375001 0.6114430234375 0.7598453765625 0.6218343671875 0.7571520390625001 0.7216769484375 0.645784840625 0.7332080953125 0.6387019359375 0.7461025703125 0.619200146875 0.7618298890624999 0.60633899375
1 0.4837387890625 0.4517432828125 0.4517848296875 0.437975115625 0.40403910937500004 0.39107820000000004 0.3862952234375 0.3699292046875 0.377435990625 0.367113890625 0.37283706250000004 0.37937183750000003 0.3689884484375 0.4038607109375 0.3654768609375 0.41118750156250006 0.36817770156249996 0.4216077953125 0.3668057796875 0.46456864375 0.3738527796875 0.47560255468749996 0.377221278125 0.49237517343750004 0.41616340156250003 0.5369861359375 0.45040491562499996 0.531781584375 0.4564520296875 0.5231178843750001 0.45971404531250004 0.5083244109375 0.4769651828125 0.47386354375 0.4837387890625 0.4517432828125
0 0.59825086875 0.66366925 0.586375225 0.64801514375 0.56917276875 0.640927253125 0.5652608859375 0.6377594734375001 0.5622844421875001 0.6704600265625 0.5660608671875 0.6910387578125 0.57560579375 0.7050949859375 0.5910310453125 0.7136926328125 0.6048061109375 0.711706978125 0.621105215625 0.682564178125 0.6265718296875 0.6373491296875 0.6230021812500001 0.6245685703125 0.6171245828125 0.644338459375 0.603576353125 0.663554315625 0.59825086875 0.66366925
0 0.534367640625 0.52137664375 0.52587011875 0.520935378125 0.516373803125 0.54061495625 0.504536428125 0.576108484375 0.5085592421875 0.6143830125 0.513722225 0.616953940625 0.53097225 0.6160304828125 0.5463224796875 0.6224234562500001 0.56917276875 0.640927253125 0.586375225 0.64801514375 0.59825086875 0.66366925 0.603576353125 0.663554315625 0.6171245828125 0.644338459375 0.62599733125 0.6144940890624999 0.6284573109375 0.5786517718749999 0.6253103859375 0.5656386171875 0.62160593125 0.5642487828125 0.6024098718750001 0.57204873125 0.5936811546875 0.5694077796875 0.58902813125 0.5632248765625001 0.58317023125 0.5625061765625 0.5661316046875 0.5442811421875 0.5528185578125 0.540342834375 0.534367640625 0.52137664375