3 0.5287632375 0.811802634375 0.5567742375 0.81775655625 0.55640584375 0.8163837656249999 0.5518116484375 0.7732769140625 0.5364070187500001 0.7822150125 0.5256919765625 0.7815654265624999 0.52176370625 0.7712486328125 0.49017047343750003 0.688275478125 0.4805338828125 0.6672342062500001 0.47860826406249996 0.6659231453125 0.47393363125 0.6879155625 0.4749625046875 0.733788228125 0.4825445484375 0.7607631593749999 0.4943205296875 0.7829227921874999 0.5060818234375 0.7962021421875 0.5287632375 0.811802634375
3 0.57256209375 0.8765889921875001 0.5725542890625 0.8953218 0.5771096109375 0.9059411515625 0.5882511796875 0.9122833421875001 0.6261357109375 0.9024398328125001 0.6255315078125 0.8942516859375 0.63225939375 0.8303672531249999 0.62738504375 0.793225559375 0.6272031359375 0.7918394484375 0.63045419375 0.77654441875 0.642686103125 0.745278484375 0.6264757234375 0.7761711421874999 0.6139568859375 0.771882246875 0.5907892640625 0.75066125625 0.5518116484375 0.7732769140625 0.55640584375 0.8163837656249999 0.57256209375 0.8765889921875001
0 0.5019856796875 0.3084375265625 0.48293915312499996 0.325434909375 0.4912579078125 0.3294614859375 0.5017862578125001 0.344227384375 0.4717582875 0.4231297984375 0.47331139218749996 0.4261115234375 0.478559178125 0.430723440625 0.479792825 0.428950675 0.49570686718749996 0.4235793375 0.5084674 0.409877975 0.514834615625 0.4082235859375 0.5316107375 0.3720721890625 0.5332034484375 0.33398858593749997 0.52185121875 0.306748978125 0.5019856796875 0.3084375265625
6 0.4699914234375 0.62688403125 0.40945168125000003 0.6017693546875 0.4081534546875 0.5967728921875 0.4189944953125 0.5707541265625 0.42262439687500003 0.5231403890624999 0.42518917500000003 0.5119635328125 0.40883731250000005 0.509268971875 0.39251861250000003 0.47104469375 0.377309765625 0.4845825140625 0.3711398671875 0.494370728125 0.3612383484375 0.5162180015625 0.3551306046875 0.5394558593750001 0.3647353265625 0.579469940625 0.3780365765625 0.610338465625 0.40466866718750005 0.6417037750000001 0.422889596875 0.6549238390625 0.454400775 0.6440959625 0.4704245421875 0.6303645312499999 0.4699914234375 0.62688403125
6 0.3166621734375 0.6138392328125 0.2934188484375 0.6142427625 0.275842284375 0.6194135000000001 0.2695233515625 0.6289874640625001 0.27006783749999996 0.628835925 0.29259019375 0.6336231999999999 0.3085504390625 0.6249841375 0.32702964687499997 0.6259398218750001 0.327569609375 0.62328308125 0.3250933421875 0.6160766703125 0.3166621734375 0.6138392328125
3 0.9246833546875 0.3352998015625 0.7840132390625 0.304783728125 0.7806096421875 0.3323832828125 0.7720805953125 0.363819128125 0.76591421875 0.5521494453125 0.7693721921875001 0.6082990453125 0.7811600265624999 0.6397433546875 0.8043912296875 0.672388590625 0.809323290625 0.7042228125000001 0.871768084375 0.7174958625000001 0.87825086875 0.6696164125 0.9099768015624999 0.624639690625 0.92240185 0.583564765625 0.92548370625 0.514028028125 0.9246833546875 0.3352998015625
5 0.6499847734374999 0.7313691671875 0.6613422203125 0.7097249046874999 0.6588361500000001 0.7111789796875 0.5907892640625 0.75066125625 0.6139568859375 0.771882246875 0.6264757234375 0.7761711421874999 0.642686103125 0.745278484375 0.6464562875000001 0.735641534375 0.6499847734374999 0.7313691671875
5 0.499446815625 0.44908014375 0.48616919531249997 0.46802460312500005 0.48607655000000005 0.4681185765625 0.5866950203125 0.5007784109375 0.59765414375 0.520140178125 0.6239673640625 0.5051874171875 0.6214618609375 0.5011918484375 0.6153243234375 0.49660453593750004 0.601552078125 0.46358537499999997 0.5756540421875 0.44385537499999994 0.567554071875 0.42790846718750003 0.553963978125 0.41462446249999996 0.5439395953124999 0.410305221875 0.5334499515625 0.4184709203125 0.5177331015625 0.40747047500000005 0.5084674 0.409877975 0.49570686718749996 0.4235793375 0.479792825 0.428950675 0.478559178125 0.430723440625 0.499446815625 0.44908014375
5 0.7477667765625 0.8069609140624999 0.7454128546875001 0.7986959125 0.753635540625 0.77075529375 0.751150715625 0.7588085109375 0.7277235656250001 0.7250540015625 0.7183776281250001 0.7153028031249999 0.7087910468749999 0.7109813890625001 0.6675757859375 0.7136394328125 0.6612171265625 0.7177687921875 0.6464562875000001 0.735641534375 0.63045419375 0.77654441875 0.6272031359375 0.7918394484375 0.63225939375 0.8303672531249999 0.6255315078125 0.8942516859375 0.627414715625 0.9197729296875 0.6342969843749999 0.9303706953124999 0.6570970593750001 0.9434384046875 0.696017571875 0.9494274921875 0.6983777703125 0.9426212515625 0.6954179296875 0.9264628 0.6920419015625 0.8284585859375 0.723856353125 0.820605128125 0.7330925453125 0.83946789375 0.7374625546875 0.8403967671875 0.7467175796875 0.8140458140625 0.7477667765625 0.8069609140624999
6 0.4576962671875 0.31321644531250004 0.44816816406250004 0.315177375 0.43460396718750005 0.3474700953125 0.4367763203125 0.352847815625 0.4423944578125 0.36675566718749997 0.4717582875 0.4231297984375 0.5017862578125001 0.344227384375 0.4912579078125 0.3294614859375 0.4576962671875 0.31321644531250004
5 0.44301122187499997 0.5149003578125 0.42518917500000003 0.5119635328125 0.42262439687500003 0.5231403890624999 0.4189944953125 0.5707541265625 0.4081534546875 0.5967728921875 0.40945168125000003 0.6017693546875 0.4699914234375 0.62688403125 0.4690361078125 0.6192071890624999 0.47026543125 0.6114343250000001 0.45875562499999994 0.6073703734375 0.449868621875 0.597193809375 0.4465257484375 0.5843281499999999 0.4474782234375 0.5668504484375 0.5518071671875 0.525717409375 0.5613333984375 0.5302755718750001 0.5747862890625 0.5331350718750001 0.59765414375 0.520140178125 0.591870434375 0.509921946875 0.5866950203125 0.5007784109375 0.48607655000000005 0.4681185765625 0.459113396875 0.49546794062500005 0.45143959999999994 0.5085293515625 0.44301122187499997 0.5149003578125
6 0.5747862890625 0.5331350718750001 0.5613333984375 0.5302755718750001 0.5177029171875 0.5093990234375 0.48696368906250004 0.5006551781249999 0.4727037015625 0.50535919375 0.46573205624999997 0.5121648984375 0.454748565625 0.5352455125 0.4474782234375 0.5668504484375 0.4465257484375 0.5843281499999999 0.449868621875 0.597193809375 0.45875562499999994 0.6073703734375 0.47026543125 0.6114343250000001 0.4721913546875 0.5992569359375 0.47667079218749997 0.593190921875 0.4807955828125 0.573785303125 0.5030217 0.543686903125 0.5181345562499999 0.527905034375 0.526079821875 0.53095058125 0.5375674015625 0.5542850890625 0.5747862890625 0.5331350718750001
6 0.3780808890625 0.65964145 0.33131698906249996 0.62616155 0.3085504390625 0.6249841375 0.29259019375 0.6336231999999999 0.27006783749999996 0.628835925 0.257279803125 0.6323950578125 0.24825155312499997 0.6404151234375 0.240874715625 0.6529710828125 0.23643801562500003 0.6713830828125 0.236887784375 0.6840333109375 0.24642145625 0.70070681875 0.269807 0.7088162265625 0.286209821875 0.730088475 0.2965074890625 0.7333235296875 0.307230690625 0.7345565984375 0.3554983453125 0.726507375 0.3737797296875 0.7167923578125001 0.38101875937499996 0.7073457624999999 0.3868505671875 0.6897534125 0.385569034375 0.6711721828125 0.3780808890625 0.65964145
6 0.7161544656250001 0.682044278125 0.7188156515624999 0.677183371875 0.720977665625 0.661905903125 0.7021631875 0.5385224828124999 0.7062916359375 0.5242056484375001 0.697530459375 0.5169168453124999 0.6843246734374999 0.48969035625 0.662330225 0.483387325 0.5375674015625 0.5542850890625 0.5377668124999999 0.5546901484375 0.5492112687499999 0.5625496578125 0.5597841203125 0.585147921875 0.5651332234375 0.5876416375 0.5676478890625 0.5949597890625 0.57513329375 0.60016880625 0.595800146875 0.598682521875 0.5988938109374999 0.6011490734375 0.597865428125 0.614497771875 0.5844499640625 0.647825665625 0.5784882203125 0.656481515625 0.5779337484375 0.6697396312499999 0.5587624718749999 0.7110524203125 0.53425548125 0.7337321703125 0.5205410125000001 0.7313639109375 0.508527546875 0.718420396875 0.5037933953125 0.7021025859375001 0.5065609796875 0.68136406875 0.519496771875 0.6511837671875 0.5062243671875 0.6307460593750001 0.49360096875000004 0.6199224984375 0.47690985625 0.6154702078125001 0.47279402812500004 0.6114296609375 0.47667079218749997 0.593190921875 0.4721913546875 0.5992569359375 0.4690361078125 0.6192071890624999 0.4726430078125 0.6481919609375 0.4701047515625 0.660133521875 0.4805338828125 0.6672342062500001 0.49017047343750003 0.688275478125 0.5256919765625 0.7815654265624999 0.5364070187500001 0.7822150125 0.6657773140625001 0.7071515671874999 0.6789328234374999 0.70397864375 0.6972225812499999 0.6894159531249999 0.7161544656250001 0.682044278125
1 0.499446815625 0.44908014375 0.47331139218749996 0.4261115234375 0.4423944578125 0.36675566718749997 0.43205441718750004 0.3411586140625 0.4244987671875 0.3357434375 0.4163370125 0.345980290625 0.40510928437500004 0.36808130625 0.39950546249999996 0.3739643578125 0.3988540671875 0.3847092515625 0.38427366093750004 0.4251435 0.3875660890625 0.437815015625 0.385586696875 0.45480764687499997 0.40883731250000005 0.509268971875 0.44301122187499997 0.5149003578125 0.45143959999999994 0.5085293515625 0.459113396875 0.49546794062500005 0.48616919531249997 0.46802460312500005 0.499446815625 0.44908014375
0 0.5428655499999999 0.6860198953125 0.5364085249999999 0.667462178125 0.5222382953125 0.65540534375 0.519496771875 0.6511837671875 0.5065609796875 0.68136406875 0.5037933953125 0.7021025859375001 0.508527546875 0.718420396875 0.5205410125000001 0.7313639109375 0.53425548125 0.7337321703125 0.5587624718749999 0.7110524203125 0.5779337484375 0.6697396312499999 0.5784882203125 0.656481515625 0.5667890609375 0.67346751875 0.5479659031249999 0.6875562515625 0.5428655499999999 0.6860198953125
0 0.526079821875 0.53095058125 0.5181345562499999 0.527905034375 0.5030217 0.543686903125 0.4807955828125 0.573785303125 0.47279402812500004 0.6114296609375 0.47690985625 0.6154702078125001 0.49360096875000004 0.6199224984375 0.5062243671875 0.6307460593750001 0.5222382953125 0.65540534375 0.5364085249999999 0.667462178125 0.5428655499999999 0.6860198953125 0.5479659031249999 0.6875562515625 0.5667890609375 0.67346751875 0.5844499640625 0.647825665625 0.597865428125 0.614497771875 0.5988938109374999 0.6011490734375 0.595800146875 0.598682521875 0.57513329375 0.60016880625 0.5676478890625 0.5949597890625 0.5651332234375 0.5876416375 0.5597841203125 0.585147921875 0.5492112687499999 0.5625496578125 0.5377668124999999 0.5546901484375 0.526079821875 0.53095058125