6 0.4276602109375 0.62021855625 0.4597638671875 0.6321573609375 0.470321759375 0.5852679000000001 0.47064062812499996 0.5842809234375 0.46530531875000003 0.575550415625 0.465207146875 0.57024916875 0.43058655625000003 0.583850115625 0.41295765468749995 0.600989325 0.41048935468750003 0.6042118265624999 0.4276602109375 0.62021855625
6 0.4587464328125 0.6366759671875 0.4276602109375 0.62021855625 0.36552256562499996 0.637278503125 0.5029443640625 0.6553377328125001 0.508135971875 0.650146125 0.4597638671875 0.6321573609375 0.4587464328125 0.6366759671875
3 0.5407112828125 0.6120430265625 0.5489067249999999 0.5861626828125 0.5516830078125 0.5812633609375 0.47681510937500005 0.5875833781249999 0.47106021406250004 0.5849675171875 0.47064062812499996 0.5842809234375 0.470321759375 0.5852679000000001 0.4587464328125 0.6366759671875 0.499847003125 0.65843509375 0.5276814984375 0.630600596875 0.5407112828125 0.6120430265625
3 0.5340839390625 0.6725407203125 0.53961235 0.674625203125 0.5568759984375 0.6924119921874999 0.559673259375 0.69823961875 0.5867706671875 0.7014913078125 0.59602985625 0.7061826296875 0.5970430265625 0.7022746843750001 0.607958353125 0.6834760671875 0.617660865625 0.6761991828125 0.6206929015625 0.667709484375 0.6291826 0.658613378125 0.6534388812499999 0.648304459375 0.6667798359375 0.6507300875 0.680727196875 0.6604326 0.7561050140625001 0.7471643968749999 0.7589753124999999 0.73998865 0.7685894359375001 0.7034549828125 0.7685894359375001 0.67749685 0.76426308125 0.6573071921875 0.7527261328125 0.6448088328125 0.7224416453125 0.634714003125 0.6974449265625 0.6198121125 0.6796587984375 0.6029873968749999 0.64504795625 0.58808550625 0.6364538515625 0.5792141734375 0.5573836437499999 0.5807821390625 0.5516830078125 0.5812633609375 0.5489067249999999 0.5861626828125 0.539773309375 0.6150050515625 0.534485540625 0.638078946875 0.532562715625 0.6592300171875001 0.5340839390625 0.6725407203125
6 0.8680563890625 0.5458172671875 0.8700236109375 0.5254893203125001 0.8447641562499999 0.5301669984374999 0.83626098125 0.5284663625 0.8341933718749999 0.5575162859375 0.7565231578125 0.5575162859375 0.7416956734375 0.5540715171875 0.7418368109375 0.5629161625 0.750318309375 0.5865168515625 0.76533839375 0.5855478140625 0.7784204015625 0.598629821875 0.8040999015624999 0.592331078125 0.841892371875 0.565198021875 0.8554589 0.54775534375 0.8680563890625 0.5458172671875
6 0.6445073109375 0.7618927203125 0.63651300625 0.7441275984375 0.62008026875 0.718368171875 0.59891504375 0.7076444578125 0.6320717265625 0.8027524984375001 0.6431296375 0.8040284109375 0.6431544812500001 0.8045128921875 0.78854420625 0.8276067062499999 0.6600474640625 0.7435092796875 0.65131498125 0.757798796875 0.64939123125 0.7676923734375001 0.6445073109375 0.7618927203125
6 0.73902235625 0.7291596546875 0.7479720875 0.7476557671874999 0.75155198125 0.7685384749999999 0.7682581468749999 0.763765284375 0.771632390625 0.7650306265625 0.680727196875 0.6604326 0.6667798359375 0.6507300875 0.6534388812499999 0.648304459375 0.6291826 0.658613378125 0.6206929015625 0.667709484375 0.617660865625 0.6761991828125 0.607958353125 0.6834760671875 0.5970430265625 0.7022746843750001 0.6600474640625 0.7435092796875 0.6710043921875 0.7255797609375 0.6883072078125 0.7136467843750001 0.7050133734374999 0.7100668921875 0.7223161890625 0.7160333796875 0.73902235625 0.7291596546875
6 0.8226264421874999 0.9660617437499999 0.8250520703124999 0.970913 0.8875119953124999 0.970913 0.8881184015624999 0.9557528234375001 0.8681069703125001 0.9260388796875001 0.8529467937499999 0.915123553125 0.84324428125 0.8702494328125001 0.825658478125 0.8271945328125 0.791801278125 0.7882375046875 0.793914046875 0.7959843203125 0.793317396875 0.80911059375 0.78854420625 0.8276067062499999 0.77601458125 0.8449095218749999 0.765274903125 0.8514726593749999 0.7491653859375 0.8502793609375001 0.7324592187500001 0.8329765468750001 0.7133664578125 0.8496827124999999 0.680841690625 0.8612987015625 0.7516768203125 0.94241186875 0.781997171875 0.9569656375 0.8226264421874999 0.9660617437499999
3 0.9449285359375 0.406551434375 0.9349915937500001 0.3815103390625 0.9228978328125 0.36545482812499996 0.9187707609375 0.40926528749999996 0.9027861328125001 0.4909644953125 0.854240228125 0.48682033125 0.8394383234375 0.4838247078125 0.83626098125 0.5284663625 0.8447641562499999 0.5301669984374999 0.8769598500000001 0.5242048328125 0.8908715703125001 0.524602309375 0.9194899640624999 0.5063183359375001 0.9274395171875 0.49717634843749997 0.9381714156250001 0.4776999421875 0.947313403125 0.43834965 0.9449285359375 0.406551434375
3 0.78257771875 0.7691351234375 0.7682581468749999 0.763765284375 0.75155198125 0.7685384749999999 0.7479720875 0.7476557671874999 0.73902235625 0.7291596546875 0.7223161890625 0.7160333796875 0.7050133734374999 0.7100668921875 0.6883072078125 0.7136467843750001 0.6710043921875 0.7255797609375 0.65131498125 0.757798796875 0.64939123125 0.7676923734375001 0.651613359375 0.7703311515625 0.653834 0.7783254562499999 0.6520574875 0.795202321875 0.6436190546875 0.8040848828125 0.6431296375 0.8040284109375 0.6441551953125 0.8240268140625 0.6525082796875 0.8461028203125001 0.6632479578125 0.8580357953125001 0.679954125 0.8616156890625 0.7133664578125 0.8496827124999999 0.7324592187500001 0.8329765468750001 0.7491653859375 0.8502793609375001 0.765274903125 0.8514726593749999 0.77601458125 0.8449095218749999 0.78854420625 0.8276067062499999 0.793317396875 0.80911059375 0.793914046875 0.7959843203125 0.78854420625 0.776294909375 0.78257771875 0.7691351234375
6 0.6520574875 0.795202321875 0.653834 0.7783254562499999 0.651613359375 0.7703311515625 0.6445073109375 0.7618927203125 0.63651300625 0.7441275984375 0.62008026875 0.718368171875 0.5867706671875 0.7014913078125 0.559673259375 0.69823961875 0.5631536890625 0.7054905125 0.561584265625 0.71019878125 0.5490288859375 0.725369865625 0.5448453359375 0.7275525875 0.5428019921875 0.779657840625 0.5445785046875 0.7925375531250001 0.5583464734375 0.8063055234375 0.561011240625 0.8151880828125 0.57788810625 0.8191852359375 0.6009827640625 0.8191852359375 0.60720055625 0.810302675 0.6214126531249999 0.8085261625 0.6320717265625 0.8027524984375001 0.6436190546875 0.8040848828125 0.6520574875 0.795202321875
5 0.4276602109375 0.62021855625 0.39679490156249997 0.591445809375 0.365929590625 0.574705303125 0.35965190156250004 0.5815061328125 0.35598991562500004 0.6050474718750001 0.3591287609375 0.6254499640625 0.3905172109375 0.6835185984375001 0.41458168906250004 0.711768203125 0.45904866093749996 0.7321706953125 0.47003461875 0.73374011875 0.5008999281250001 0.7300781328125 0.536996646875 0.7316475546875 0.5490288859375 0.725369865625 0.561584265625 0.71019878125 0.5631536890625 0.7054905125 0.5568759984375 0.6924119921874999 0.53961235 0.674625203125 0.507700759375 0.6625929640625 0.4276602109375 0.62021855625
1 0.5496328265625 0.4142983953125 0.5526242124999999 0.42327255625 0.599237428125 0.41964506874999996 0.600106990625 0.419511971875 0.5978667453125001 0.4189032109375 0.59628369375 0.40505151250000004 0.5966798875 0.39910860000000004 0.552131590625 0.363698415625 0.5302674015625 0.3949329703125 0.5496328265625 0.4142983953125
3 0.7476760437500001 0.462547378125 0.7412714640625 0.46191742031249994 0.7404939500000001 0.47876353906249997 0.7416956734375 0.5540715171875 0.7565231578125 0.5575162859375 0.8341933718749999 0.5575162859375 0.8394383234375 0.4838247078125 0.754780321875 0.46669154218750003 0.7476760437500001 0.462547378125
5 0.59628369375 0.40505151250000004 0.5978667453125001 0.4189032109375 0.600106990625 0.419511971875 0.6310292046875 0.41477898125 0.6322315109375001 0.40689719375 0.632823534375 0.3589433109375 0.6393357890625 0.3328942890625 0.6434799531250001 0.2861244515625 0.6488081625000001 0.28257231250000003 0.66033898125 0.284934046875 0.65841845 0.28276081406250003 0.6311108187500001 0.2689091171875 0.610135390625 0.2653472515625 0.6061777640625 0.2811777640625 0.599449796875 0.35755997968750003 0.59628369375 0.40505151250000004
5 0.9264670640625001 0.3275660796875 0.8204949031250001 0.3103974046875 0.7470840203125 0.302701103125 0.6488081625000001 0.28257231250000003 0.6434799531250001 0.2861244515625 0.6393357890625 0.3328942890625 0.632823534375 0.3589433109375 0.6322315109375001 0.40689719375 0.6310292046875 0.41477898125 0.6505083140625 0.41179748437499997 0.728984159375 0.4070889328125 0.7410171234375 0.4070889328125 0.743632984375 0.41075113906249994 0.7412714640625 0.46191742031249994 0.7476760437500001 0.462547378125 0.754780321875 0.46669154218750003 0.854240228125 0.48682033125 0.9027861328125001 0.4909644953125 0.9187707609375 0.40926528749999996 0.9264670640625001 0.3275660796875
5 0.47681510937500005 0.5875833781249999 0.5573836437499999 0.5807821390625 0.7420634671874999 0.5771199328125001 0.7404939500000001 0.47876353906249997 0.743632984375 0.41075113906249994 0.7410171234375 0.4070889328125 0.728984159375 0.4070889328125 0.6505083140625 0.41179748437499997 0.599237428125 0.41964506874999996 0.4647821453125 0.4301085140625 0.46268945625 0.43429389374999994 0.46530531875000003 0.575550415625 0.47106021406250004 0.5849675171875 0.47681510937500005 0.5875833781249999