6 0.4613988640625 0.573631096875 0.461578271875 0.568331978125 0.426293309375 0.5801023828125 0.4077915703125 0.596295478125 0.405158 0.5993843828125 0.421467596875 0.616267828125 0.452902428125 0.6298704468749999 0.4658998546875 0.5835978046875 0.466269940625 0.58262886875 0.4613988640625 0.573631096875
6 0.50026678125 0.6503661593750001 0.452902428125 0.6298704468749999 0.45164990156249996 0.6343296125 0.421467596875 0.616267828125 0.3585222609375 0.6300523625000001 0.4948105796875 0.6552789437500001 0.50026678125 0.6503661593750001
3 0.46665301875000004 0.58333648125 0.466269940625 0.58262886875 0.4658998546875 0.5835978046875 0.45164990156249996 0.6343296125 0.4915553609375 0.65820995625 0.5208084546875 0.6318703515624999 0.5347916109375 0.6140201390625 0.5443302937500001 0.5886041796875 0.5473591828125 0.583856871875 0.4722631234375 0.5862499453125001 0.46665301875000004 0.58333648125
3 0.5761065109375 0.705756396875 0.5851074859375001 0.7109258781250001 0.58632379375 0.7070763140625 0.5982080046875 0.6888747234375 0.6082780624999999 0.6821156015625001 0.611750259375 0.6737962234375 0.6207043765625 0.6651568984375 0.6454669421875 0.656131584375 0.6586626671875 0.6592521 0.6720831234375 0.6696712640625 0.7428184453125 0.7602291671875 0.7460603609375001 0.753213475 0.7575733328124999 0.7172330390625 0.7589318765625 0.69131048125 0.7556680953125 0.67092206875 0.744801071875 0.657837040625 0.7150864109375 0.646171078125 0.690903853125 0.6299813828125 0.6740226390624999 0.612248871875 0.640239134375 0.5955560109375 0.632121096875 0.5862470562500001 0.553077190625 0.5836746578125 0.5473591828125 0.583856871875 0.5443302937500001 0.5886041796875 0.5336999015624999 0.616929015625 0.5272117859375001 0.6396945484375001 0.524184634375 0.6607159984375001 0.5250071453125 0.674088075 0.5304188859375001 0.6764590359375 0.5467279859375 0.6951249578125 0.54921641875 0.7010909953125 0.5761065109375 0.705756396875
6 0.8307252015625 0.5749277921875 0.75316143125 0.570862846875 0.7385345531249999 0.5666467875000001 0.7382126046875 0.5754866984375 0.7454473140625 0.59949893125 0.7604975296875 0.5993173125 0.77287695 0.6130660515625 0.7988509078125 0.6081198999999999 0.8380116187500001 0.583001934375 0.852472434375 0.566293178125 0.865154090625 0.565017059375 0.8681824984375 0.544819928125 0.8427128500000001 0.5481692171875 0.8343103328125 0.546025890625 0.8307252015625 0.5749277921875
6 0.6160458859375 0.8092496875 0.627021865625 0.8111025765625 0.6270213203125 0.81158769375 0.77100315625 0.8422589703125001 0.6470838328124999 0.7515517953125 0.6376154625 0.76536470625 0.635176559375 0.77514404375 0.6306028625 0.7690967343749999 0.6235492687499999 0.7509375687500001 0.6084871953125 0.724353421875 0.5879122125 0.7125367015624999 0.6160458859375 0.8092496875
6 0.757389496875 0.7788835515625 0.6720831234375 0.6696712640625 0.6586626671875 0.6592521 0.6454669421875 0.656131584375 0.6207043765625 0.6651568984375 0.611750259375 0.6737962234375 0.6082780624999999 0.6821156015625001 0.5982080046875 0.6888747234375 0.58632379375 0.7070763140625 0.6470838328124999 0.7515517953125 0.6589641046875 0.7342202906249999 0.67686773125 0.7232092265625 0.6937383578125 0.7205085734375001 0.7107051984375 0.72737244375 0.7267014953125 0.7413550625 0.7346709484375 0.7602942203125 0.7371530203125001 0.781335665625 0.7540861 0.77744335 0.757389496875 0.7788835515625
6 0.845305340625 0.9447202390625 0.8307372046875001 0.9330264484375 0.8233965187500001 0.8877060359375 0.8080881359375001 0.8437897718749999 0.7763161890625 0.8031141843749999 0.778020625 0.81096095625 0.7767378171875 0.824038015625 0.77100315625 0.8422589703125001 0.75758514375 0.8588823218750001 0.7465166953125 0.8648743937500001 0.7304917078125001 0.8628396234375 0.7147139953125 0.8446861890624999 0.6947730671875 0.860370221875 0.661684940625 0.8702680765625 0.7281778578125 0.95497730625 0.7576949703125 0.9710979734375 0.79779250625 0.9823079859374999 0.799960915625 0.9872795406250001 0.8623352421874999 0.990548440625 0.8637342390624999 0.9754407781250001 0.845305340625 0.9447202390625
3 0.9027070109374999 0.512057075 0.8544445250000001 0.5053778953125 0.839819684375 0.5016117046875 0.8343103328125 0.546025890625 0.8427128500000001 0.5481692171875 0.87517645625 0.543900215625 0.8890483093749999 0.5450252296875 0.9185843921875 0.5282640859375001 0.9270015046875001 0.5195506734374999 0.9387380125 0.5006626234375 0.94992690625 0.46184471406250005 0.9492094968749999 0.4299652625 0.940596721875 0.4044384265625 0.929359815625 0.3877719796875 0.9229455375000001 0.4313064046875 0.9027070109374999 0.512057075
3 0.7267014953125 0.7413550625 0.7107051984375 0.72737244375 0.6937383578125 0.7205085734375001 0.67686773125 0.7232092265625 0.6589641046875 0.7342202906249999 0.6376154625 0.76536470625 0.635176559375 0.77514404375 0.6372575390625 0.7778955015625 0.6390567468749999 0.7859950703125 0.6363994015625 0.80275583125 0.6275076562499999 0.8111845859375 0.627021865625 0.8111025765625 0.6269993828125 0.831127246875 0.6341856499999999 0.853610165625 0.6442860859375 0.8660888578125 0.6607820015625 0.8705381781250001 0.6947730671875 0.860370221875 0.7147139953125 0.8446861890624999 0.7304917078125001 0.8628396234375 0.7465166953125 0.8648743937500001 0.75758514375 0.8588823218750001 0.77100315625 0.8422589703125001 0.7767378171875 0.824038015625 0.778020625 0.81096095625 0.7736886078125 0.79101749375 0.7681050125 0.7835552578125 0.7540861 0.77744335 0.7371530203125001 0.781335665625 0.7346709484375 0.7602942203125 0.7267014953125 0.7413550625
6 0.6235492687499999 0.7509375687500001 0.6084871953125 0.724353421875 0.5761065109375 0.705756396875 0.54921641875 0.7010909953125 0.552312596875 0.708514103125 0.5504989124999999 0.7131337828125 0.537166746875 0.727626978125 0.5328746953125 0.7295877578125001 0.5281071734375 0.7815146625 0.529207178125 0.7944697 0.54223571875 0.8089393609375 0.5444319578125 0.8179492093749999 0.5610764984375 0.8228241515624999 0.58413950625 0.8240328328125001 0.5908136546875 0.815487859375 0.6050992500000001 0.8144575859375 0.6160458859375 0.8092496875 0.6275076562499999 0.8111845859375 0.6363994015625 0.80275583125 0.6390567468749999 0.7859950703125 0.6372575390625 0.7778955015625 0.6306028625 0.7690967343749999 0.6235492687499999 0.7509375687500001
5 0.3506895171875 0.597366603125 0.35275627656249997 0.6179054078124999 0.38106263125 0.67753720625 0.4036156609375 0.7070075328125001 0.4469539078125 0.7297092859375 0.45784267187500005 0.73185151875 0.4888573359375 0.7298099171875 0.5248224484375 0.7332663453125 0.537166746875 0.727626978125 0.5504989124999999 0.7131337828125 0.552312596875 0.708514103125 0.5467279859375 0.6951249578125 0.5304188859375001 0.6764590359375 0.499180746875 0.6627731625 0.421467596875 0.616267828125 0.3921504359375 0.5859191484374999 0.36220355625 0.56758621875 0.3555785421875 0.5740491796875 0.3506895171875 0.597366603125
1 0.6019769 0.4241363015625 0.6011209609375 0.41022073593749997 0.6018276390625 0.40430670312499994 0.5591936203125 0.36661356875 0.5357247046875 0.396661034375 0.55405008125 0.41701342812500003 0.556567696875 0.426131846875 0.603306878125 0.42494887812500004 0.6041822156250001 0.42486147343749997 0.6019769 0.4241363015625
3 0.75316143125 0.570862846875 0.8307252015625 0.5749277921875 0.839819684375 0.5016117046875 0.7561743843750001 0.48007136250000004 0.7492967312500001 0.47556106875 0.7429338984375 0.47459678437499997 0.7412757921875001 0.4913791234375 0.7385345531249999 0.5666467875000001 0.75316143125 0.570862846875
5 0.6369229171875 0.41394525 0.640023840625 0.3660880703125 0.647890471875 0.3404155734375 0.6544767 0.293926721875 0.6599835125 0.2906583078125 0.6713749250000001 0.29362028125 0.6695707640624999 0.2913495140625 0.6430254984375 0.2760876296875 0.6222652296875 0.2714328765625 0.617484521875 0.2870345671875 0.6067682390625 0.36295998906250004 0.6011209609375 0.41022073593749997 0.6019769 0.4241363015625 0.6041822156250001 0.42486147343749997 0.6353097578125 0.42175331250000003 0.6369229171875 0.41394525
5 0.6544767 0.293926721875 0.647890471875 0.3404155734375 0.640023840625 0.3660880703125 0.6369229171875 0.41394525 0.6353097578125 0.42175331250000003 0.6549182109375 0.419795359375 0.733532934375 0.41920036875 0.7455494078125 0.4198301265625 0.74797001875 0.42362421718750004 0.7429338984375 0.47459678437499997 0.7492967312500001 0.47556106875 0.7561743843750001 0.48007136250000004 0.8544445250000001 0.5053778953125 0.9027070109374999 0.512057075 0.9229455375000001 0.4313064046875 0.9349071 0.35012195625000003 0.829978709375 0.32743065625 0.7570712265624999 0.3159028734375 0.6599835125 0.2906583078125 0.6544767 0.293926721875
5 0.74797001875 0.42362421718750004 0.7455494078125 0.4198301265625 0.733532934375 0.41920036875 0.6549182109375 0.419795359375 0.603306878125 0.42494887812500004 0.4684882484375 0.42836113750000004 0.46617938125 0.43243125937500004 0.4613988640625 0.573631096875 0.46665301875000004 0.58333648125 0.4722631234375 0.5862499453125001 0.553077190625 0.5836746578125 0.7376955828125 0.589682865625 0.7412757921875001 0.4913791234375 0.74797001875 0.42362421718750004