5 0.7229933468749999 0.8188100546875001 0.7187211765625 0.830524684375 0.7137354625000001 0.834562034375 0.6972202828125 0.8373875890625 0.6862222874999999 0.8349265328125 0.6858610078125 0.8532263578125001 0.7481722640624999 0.859775534375 0.7819885906249999 0.83883868125 0.8215291421875 0.8100429078125 0.8221309234374999 0.804317353125 0.8168656171875 0.7823899015625 0.814008465625 0.77557055625 0.79900793125 0.7842654609374999 0.7948440140625 0.783827815625 0.7907066640625 0.77813056875 0.7798607984375 0.7911990859375 0.77547963125 0.8028421124999999 0.7549085796874999 0.813309753125 0.7231631640625 0.8099731765625 0.7229933468749999 0.8188100546875001
5 0.35449054687500003 0.7155652375 0.3560158015625 0.7181167953125 0.3603731625 0.7221616390625 0.365741115625 0.7276827031249999 0.3724683875 0.7234228921875 0.37999431562499997 0.7186573625 0.3789687203125 0.712363515625 0.368939490625 0.7039002453125 0.368865909375 0.7039242984375 0.3607442515625 0.7072553578125 0.3568858453125 0.7098388796874999 0.35551684687499996 0.7114884265625 0.35449054687500003 0.7155652375
5 0.2520711875 0.585030571875 0.26606010625 0.5832533078125001 0.2784381375 0.5504549375 0.2851492 0.49432804218750004 0.2709685625 0.4863424828125 0.26530038437500003 0.45530088125 0.2550938515625 0.4558519109375 0.2498935125 0.44353293593750004 0.24556131093750003 0.4422657140625 0.20845729531249999 0.4631285515625 0.192968446875 0.46758977812499997 0.18952487812500002 0.4733170140625 0.17908685 0.47993288281249996 0.18769219374999999 0.510065359375 0.1761196078125 0.5583742828125 0.1758881125 0.564439121875 0.17732534687499998 0.566213959375 0.21585095468749999 0.5820355609375001 0.24108334375 0.589152984375 0.2487542203125 0.5895532796875 0.2520711875 0.585030571875
0 0.4760126953125 0.6110568375 0.46260109062500004 0.612697090625 0.39534789375 0.6928441171874999 0.401924565625 0.696928159375 0.5281729687500001 0.612039578125 0.4760126953125 0.6110568375
4 0.6630533703125 0.8297419515625 0.6466932203125 0.811804225 0.6078567171875 0.8051882515625 0.5992209625 0.799672875 0.6063857796875001 0.8281209140625 0.5901209374999999 0.848416475 0.6034681515625 0.9041220531249999 0.6061361609375 0.9230191796874999 0.5789276890624999 0.935897240625 0.6411148453125 0.9665128203125001 0.675795146875 0.9738249890624999 0.68084300625 0.97231825 0.684315115625 0.9315299328125001 0.6862222874999999 0.8349265328125 0.6630533703125 0.8297419515625
0 0.338182865625 0.5447790296874999 0.34378444375 0.525589975 0.33654715468749996 0.51556266875 0.32629130625 0.512125375 0.30467765625 0.5269590546875 0.28208469062499997 0.5623342109375 0.2866905375 0.563408146875 0.29559388124999997 0.5572658421875001 0.3023493578125 0.5603352312500001 0.316079325 0.59245 0.31600200312500004 0.6077580203124999 0.331484771875 0.6132929093749999 0.391575159375 0.6213836374999999 0.39520426875000003 0.6209397937500001 0.395053209375 0.60428953125 0.3617681265625 0.5954825671874999 0.3497883453125 0.56355175 0.3491475 0.55843151875 0.337765140625 0.55386073125 0.33740161562500004 0.552212121875 0.338182865625 0.5447790296874999
0 0.5945584562499999 0.7966950828125 0.57604864375 0.7896847218749999 0.5901209374999999 0.848416475 0.6063857796875001 0.8281209140625 0.5992209625 0.799672875 0.5945584562499999 0.7966950828125
0 0.5206023859375 0.949975028125 0.5445593359374999 0.944222390625 0.5519118953125 0.9368675203124999 0.4820802125 0.9295279140625 0.4913248671875 0.9415462625 0.5206023859375 0.949975028125
5 0.6728081640625 0.45306258593750004 0.672688546875 0.4227141859375 0.676333625 0.41427232968750005 0.7423333890625 0.390483634375 0.735992353125 0.379293065625 0.6930241109375 0.36577923125 0.65835301875 0.4564246734375 0.6728081640625 0.45306258593750004
3 0.684511075 0.666983484375 0.68749331875 0.6436161593749999 0.6884425656250001 0.64210374375 0.634648578125 0.6392033031250001 0.6342721109375 0.642785153125 0.6303109609375 0.6804729828125 0.6519768906250001 0.689202578125 0.6649592015625 0.6977465484375001 0.6677225734375 0.6915309093750001 0.684511075 0.666983484375
6 0.6959979421875 0.358004334375 0.69375651875 0.36386440000000003 0.72323015 0.3543435109375 0.7395463609374999 0.3430871671875 0.7505753828125 0.3451111140625 0.76693266875 0.3087813421875 0.76443225 0.29554729062499996 0.7683234703124999 0.279093653125 0.7662288734375 0.2702260046875 0.7583731984375001 0.26680608906250003 0.7557161078125 0.2591764453125 0.7575602625 0.24985802656249997 0.7533287015625 0.24898089687499997 0.740883175 0.25632031718750004 0.73865631875 0.2651661375 0.7335258015624999 0.272842021875 0.7313220640625 0.285581646875 0.7361623546875 0.2930083796875 0.7359607359375 0.2990404375 0.7040461890625 0.30649545625 0.703075290625 0.2869365390625 0.7134724593749999 0.2785170796875 0.7125709171875 0.270639575 0.7089686296875 0.2637753359375 0.7051197734375 0.26337080468749996 0.6993137468749999 0.26924618906250003 0.6849983625 0.2655797078125 0.6506103921874999 0.2883402546875 0.6459075234375 0.2960610875 0.6392487796874999 0.31827709375 0.639915921875 0.3414278765625 0.6800969859375 0.35096507187500003 0.6959979421875 0.358004334375
1 0.3430209515625 0.9023459203125 0.3463179375 0.9152587249999999 0.57234114375 0.9390147203125 0.6061361609375 0.9230191796874999 0.6034681515625 0.9041220531249999 0.57604864375 0.7896847218749999 0.5389929953125 0.7756503515625 0.5303643265625 0.766127521875 0.52215746875 0.7520571546875 0.49785197812500004 0.7473354 0.4686221828125 0.7383466453125 0.40817764843750004 0.7008112546875 0.3610677671875 0.7306419359375 0.3430209515625 0.9023459203125
1 0.7017447578125 0.62090966875 0.8853091609374999 0.602540996875 0.82076610625 0.47482222343749997 0.7017447578125 0.62090966875
3 0.48581494531249997 0.669204159375 0.5106953609375 0.678407840625 0.5770977937499999 0.6590324375 0.6303109609375 0.6804729828125 0.6351163515625 0.63475274375 0.60585345 0.6440355906249999 0.5947707531249999 0.644525434375 0.5797267984375 0.651217659375 0.57274953125 0.6493811968750001 0.569355040625 0.630494996875 0.5287137265624999 0.621705475 0.5270364140625 0.6172347765625 0.5281729687500001 0.612039578125 0.5233236984375 0.6110186828125 0.5186817593749999 0.620114271875 0.5134011109375 0.6243904578125 0.47922029374999997 0.6106645453125 0.391575159375 0.6213836374999999 0.331484771875 0.6132929093749999 0.31054589374999997 0.6058075328125 0.31296324062499997 0.616041575 0.308422121875 0.6352432359375 0.3113401515625 0.6506875875 0.30591568750000003 0.6627354046875 0.3109802078125 0.662020365625 0.3803124390625 0.6835072656250001 0.4686221828125 0.7383466453125 0.49785197812500004 0.7473354 0.52215746875 0.7520571546875 0.49729778125 0.70943610625 0.4786705875 0.7034237578125 0.47378873437499996 0.696828828125 0.479299803125 0.6781489484375001 0.48581494531249997 0.669204159375
1 0.7364978125 0.7964089453125001 0.723333540625 0.80110715 0.7231631640625 0.8099731765625 0.7549085796874999 0.813309753125 0.77547963125 0.8028421124999999 0.7798607984375 0.7911990859375 0.7907066640625 0.77813056875 0.7948440140625 0.783827815625 0.79900793125 0.7842654609374999 0.825906128125 0.7686741984375 0.8198775046875 0.755937059375 0.8219563187500001 0.73615845625 0.8283647390625 0.7252547421875 0.827512871875 0.708325546875 0.8299480593749999 0.6901631171875 0.8283303140625 0.6805207765625 0.8196461078124999 0.6780293125 0.8184675796875001 0.6742217671875 0.821948715625 0.6472067140625 0.7017447578125 0.62090966875 0.68749331875 0.6436161593749999 0.684511075 0.666983484375 0.6677225734375 0.6915309093750001 0.6649592015625 0.6977465484375001 0.6794705999999999 0.7072968484375 0.716855946875 0.7132534828125 0.7416325031250001 0.7330894453125001 0.746436084375 0.7452511562499999 0.7451445 0.7527176875 0.7378119546875 0.764617478125 0.742273828125 0.7848523765625 0.7364978125 0.7964089453125001
1 0.410043859375 0.30540373125000003 0.3868342421875 0.378116359375 0.338182865625 0.5447790296874999 0.33740161562500004 0.552212121875 0.337765140625 0.55386073125 0.5134011109375 0.6243904578125 0.5186817593749999 0.620114271875 0.5322022484375 0.5936217109374999 0.5270364140625 0.6172347765625 0.5287137265624999 0.621705475 0.569355040625 0.630494996875 0.55708788125 0.5622432093749999 0.54938318125 0.49910707343749994 0.5701691656250001 0.49026055937499996 0.6310936734375 0.4773593640625 0.6581082375 0.45648160625 0.65835301875 0.4564246734375 0.6959979421875 0.358004334375 0.6800969859375 0.35096507187500003 0.615153871875 0.33555046875 0.610515765625 0.3388205875 0.601354365625 0.3646977046875 0.5978897375 0.36701756093750004 0.5954582765625 0.364614803125 0.6014069625 0.34376801874999996 0.6005667031249999 0.33133329375 0.41496098437500006 0.29947893593749997 0.410043859375 0.30540373125000003
5 0.81871323125 0.581467734375 0.782164096875 0.588105915625 0.68813833125 0.6179329874999999 0.8621013796874999 0.6559909203125 0.8765959234375 0.655843696875 0.8984327328124999 0.52225834375 0.9010940859375 0.486340390625 0.846650634375 0.47449239218750006 0.8325332187500001 0.476349915625 0.82076610625 0.47482222343749997 0.8334065703125001 0.536129421875 0.8376316156250001 0.5641515171875 0.8328971171875 0.5829585203125001 0.81871323125 0.581467734375
5 0.782164096875 0.588105915625 0.81871323125 0.581467734375 0.8328971171875 0.5829585203125001 0.8376316156250001 0.5641515171875 0.8334065703125001 0.536129421875 0.8206200515625 0.474113846875 0.8062771718749999 0.3744285765625 0.8007350000000001 0.36943358593750003 0.676333625 0.41427232968750005 0.672688546875 0.4227141859375 0.6728081640625 0.45306258593750004 0.6581082375 0.45648160625 0.6310936734375 0.4773593640625 0.5701691656250001 0.49026055937499996 0.54938318125 0.49910707343749994 0.55708788125 0.5622432093749999 0.57274953125 0.6493811968750001 0.5797267984375 0.651217659375 0.5947707531249999 0.644525434375 0.60585345 0.6440355906249999 0.782164096875 0.588105915625
6 0.23920350468749998 0.5976927546875 0.23242777656250002 0.604549425 0.2157214921875 0.60027058125 0.1755901734375 0.6268325078125 0.1701018515625 0.6358428453125 0.1623309875 0.6617692828124999 0.16330818593750002 0.695679421875 0.1785172453125 0.6998009 0.186872646875 0.71632133125 0.21437424218749998 0.718707278125 0.26033860781249996 0.7038593765625001 0.279379890625 0.690723040625 0.29225093593749996 0.69308501875 0.3113401515625 0.6506875875 0.308422121875 0.6352432359375 0.31296324062499997 0.616041575 0.3105188125 0.605692884375 0.3013511125 0.6017017906250001 0.29825024375 0.5927978703125001 0.30040240156250003 0.581923125 0.29546410624999997 0.5808995 0.2809399734375 0.589464721875 0.2783411953125 0.5997879390625 0.2723537984375 0.6087458203125 0.269782 0.6236131687500001 0.2754307 0.6322802859375 0.27519540625 0.63931979375 0.23795061562500003 0.6480199203125 0.23681755937500001 0.62519435 0.24895122343749998 0.6153687031249999 0.2478991109375 0.606175528125 0.24369518124999998 0.5981648484375001 0.23920350468749998 0.5976927546875
6 0.7187211765625 0.830524684375 0.7229933468749999 0.8188100546875001 0.723333540625 0.80110715 0.7364978125 0.7964089453125001 0.742273828125 0.7848523765625 0.7378119546875 0.764617478125 0.7451445 0.7527176875 0.746436084375 0.7452511562499999 0.7416325031250001 0.7330894453125001 0.716855946875 0.7132534828125 0.6794705999999999 0.7072968484375 0.6519768906250001 0.689202578125 0.5770977937499999 0.6590324375 0.5106953609375 0.678407840625 0.48581494531249997 0.669204159375 0.479299803125 0.6781489484375001 0.47378873437499996 0.696828828125 0.4786705875 0.7034237578125 0.49729778125 0.70943610625 0.5303643265625 0.766127521875 0.5389929953125 0.7756503515625 0.5945584562499999 0.7966950828125 0.6078567171875 0.8051882515625 0.6466932203125 0.811804225 0.6630533703125 0.8297419515625 0.6972202828125 0.8373875890625 0.7137354625000001 0.834562034375 0.7187211765625 0.830524684375