5 0.8022309234374999 0.744994596875 0.8013532390625 0.7574329921875 0.7976735078125 0.762688190625 0.7825769265625 0.7699564890625 0.7713266156249999 0.7706222281249999 0.776023446875 0.78831273125 0.83772606875 0.77743289375 0.864461428125 0.74798605625 0.89453305625 0.7094069281250001 0.8935333484375001 0.7037372984375 0.8824279859375 0.6841105953125 0.87780185 0.6783429578125 0.8657790500000001 0.69083574375 0.8616558046874999 0.6915627828125 0.8561083546875 0.687226646875 0.8492848109375 0.7027784375 0.8482826171875001 0.715178046875 0.8313937265625 0.7309103375 0.7999583875 0.7364532359375 0.8022309234374999 0.744994596875
5 0.41954516875000003 0.7473224468749999 0.421714640625 0.74935474375 0.42701811562499997 0.752041846875 0.43369993593749995 0.755869425 0.438992440625 0.7499203453125001 0.44491327031249994 0.7432649953125 0.44219258593750005 0.7374976546875 0.4302190765625 0.73212666875 0.43015497500000005 0.7321700718749999 0.423266103125 0.7376107234375 0.420269278125 0.741157684375 0.419407990625 0.743120678125 0.41954516875000003 0.7473224468749999
5 0.28511313125000004 0.6500750734375 0.2980702625 0.6445107906249999 0.3009283328125 0.609571125 0.29190875156249996 0.5537686703125 0.27607633125 0.550001171875 0.26207150156250003 0.52172443125 0.2524122375 0.5250674156249999 0.24401778125 0.514659065625 0.23950410781249998 0.51463505 0.20958801718750003 0.54491695 0.1959288609375 0.5534746609375001 0.19419733125 0.559929209375 0.185987234375 0.5691659 0.20256485781250003 0.5957591421874999 0.20475631875000003 0.6453864968749999 0.2062054859375 0.6512802046874999 0.20807625624999998 0.65259013125 0.249470471875 0.657179734375 0.275687228125 0.6570664515625 0.283171284375 0.655336859375 0.28511313125000004 0.6500750734375
0 0.5075533359375 0.61336648125 0.4951133890625 0.6186399328125 0.45255698125 0.7142196921874999 0.46000459843749997 0.7163327500000001 0.5579638890624999 0.59993383125 0.5075533359375 0.61336648125
4 0.7476261578125001 0.7720247078125 0.726955465625 0.7592913265625 0.6877998125 0.7636364359375001 0.6779783484374999 0.7607150515625001 0.69270695625 0.7860861703124999 0.6826664015625 0.8100787140625 0.71085110625 0.8599473625 0.7186245140625 0.8773770421875 0.6960197265625 0.8972559015625 0.76423665625 0.9095443828124999 0.7995890078125 0.907014103125 0.8040260078125 0.9041743546875001 0.7961208296875 0.8640090640625001 0.7713266156249999 0.7706222281249999 0.7476261578125001 0.7720247078125
0 0.3567941609375 0.5876472125000001 0.356889521875 0.56765750625 0.34716869375 0.5600135078124999 0.3363626921875 0.5595362625 0.319675034375 0.579752840625 0.3077079984375 0.6199850890625 0.3124314375 0.619747878125 0.3192968328125 0.611389421875 0.3266366515625 0.612477846875 0.348686775 0.639564053125 0.352831909375 0.6543003796875 0.36924052500000004 0.6553532265625 0.42923321875 0.646567378125 0.43259940312499995 0.645140409375 0.4278647609375 0.6291767875 0.3934415578125 0.6298856015625 0.3731245265625 0.60249380625 0.371097178125 0.597748565625 0.35889587343749996 0.5964922453125 0.3580920125 0.5950077015625 0.3567941609375 0.5876472125000001
0 0.6726756703125 0.7591377765625 0.6529505796875 0.7575009796875001 0.6826664015625 0.8100787140625 0.69270695625 0.7860861703124999 0.6779783484374999 0.7607150515625001 0.6726756703125 0.7591377765625
0 0.6438342109375 0.9268649718749999 0.6652774671875 0.9147317515625 0.670317925 0.90563515625 0.6011683328124999 0.9178280953125 0.6133675703125 0.9268327 0.6438342109375 0.9268649718749999
5 0.6531761656249999 0.4072484765625 0.644696028125 0.3781086921875 0.6458730109374999 0.368989140625 0.702759003125 0.3279299765625 0.69357906875 0.3189207390625 0.6485504265625 0.317774059375 0.6402077046875 0.4144647 0.6531761656249999 0.4072484765625
3 0.723390315625 0.6096566828125 0.719816125 0.58637255 0.7203117203125 0.5846570765625 0.6678021515625 0.596696625 0.668427559375 0.6002434875 0.67500803125 0.637563196875 0.6982408625 0.6399826828124999 0.7130752984375001 0.6446172640625 0.714018359375 0.6378807203125 0.723390315625 0.6096566828125
6 0.6492660046875 0.30948065156250004 0.6487266625 0.315731528125 0.6744342234375 0.298455428125 0.6870157031249999 0.283137778125 0.6981753546875 0.2820433109375 0.70388514375 0.2426122140625 0.6978337890625 0.2305800359375 0.6970390328125 0.21369121875000002 0.692581321875 0.20574443750000002 0.68408730625 0.2046223203125 0.67943013125 0.1980206296875 0.6786343421875001 0.188554871875 0.6743249359375 0.18887809687499998 0.664384546875 0.19936365312499998 0.6646821921875 0.20848060624999998 0.6618661828125 0.2172733015625 0.66325933125 0.230126846875 0.669959203125 0.2359317171875 0.6714280546875 0.2417856765625 0.6428047046875001 0.2577487421875 0.6364802484375 0.2392151203125 0.64415393125 0.22825596718750002 0.6411159796875 0.220932121875 0.635761196875 0.21532671875 0.6319499359375 0.21599874687499998 0.6279882999999999 0.2232468875 0.6132168499999999 0.2236682921875 0.5864346671875 0.2550257453125 0.58404213125 0.26374377031249996 0.583764896875 0.286934565625 0.590787415625 0.3090046375 0.632040740625 0.307096975 0.6492660046875 0.30948065156250004
1 0.46000361874999995 0.9300290125 0.4667321359375 0.9415328234375 0.690547628125 0.9020681140625 0.7186245140625 0.8773770421875 0.71085110625 0.8599473625 0.6529505796875 0.7575009796875001 0.61346200625 0.7542241984375 0.6025427515625 0.74744865 0.59077549375 0.7361854625 0.5661100640625001 0.7383461203125 0.5355349453125 0.7377624 0.467085775 0.7183418374999999 0.43002330000000005 0.760002171875 0.46000361874999995 0.9300290125
1 0.7272567296875 0.5606174421875 0.8986470671875001 0.492363134375 0.8014002359375001 0.387382446875 0.7272567296875 0.5606174421875
3 0.5330034375 0.6665594078125 0.55945690625 0.6685485828125 0.6179464375 0.6316207578124999 0.67500803125 0.637563196875 0.6670250625 0.5922895375 0.64145445625 0.60927873125 0.630936103125 0.612804403125 0.618319553125 0.623384059375 0.6111063765625 0.623541934375 0.602637640625 0.6063230015625 0.5611479796875 0.6090762359374999 0.558303353125 0.6052410546875 0.5579638890624999 0.59993383125 0.5530210734375001 0.600289125 0.5510660406250001 0.61031185625 0.54716863125 0.6158779359375 0.510528546875 0.6121052515625001 0.42923321875 0.646567378125 0.36924052500000004 0.6553532265625 0.3470495328125 0.6539293578125001 0.35219412031249997 0.6631006390625 0.35312161249999996 0.6828101609375 0.3601836421875 0.6968519078125001 0.358290140625 0.7099281984375 0.36296137812499996 0.7078448875000001 0.435530390625 0.7093888671874999 0.5355349453125 0.7377624 0.5661100640625001 0.7383461203125 0.59077549375 0.7361854625 0.5551308749999999 0.7020677390625 0.5355680390625001 0.70142265 0.5290574921875 0.6964288171875 0.5292061984374999 0.6769535078125 0.5330034375 0.6665594078125
1 0.8090376671874999 0.7197389328125 0.7976783562499999 0.7278837031250001 0.7999583875 0.7364532359375 0.8313937265625 0.7309103375 0.8482826171875001 0.715178046875 0.8492848109375 0.7027784375 0.8561083546875 0.687226646875 0.8616558046874999 0.6915627828125 0.8657790500000001 0.69083574375 0.8873377234375001 0.6684343125 0.8780318062499999 0.6578523015625 0.8745783703125 0.6382668890625001 0.8777330671874999 0.6260191671875 0.8722478812500001 0.6099805859375 0.8695824906249999 0.5918505093750001 0.8653696234374999 0.5830276078125001 0.8563350875 0.5830263515625 0.8541527125 0.57969115 0.8500526390625 0.5527630828125 0.7272567296875 0.5606174421875 0.719816125 0.58637255 0.723390315625 0.6096566828125 0.714018359375 0.6378807203125 0.7130752984375001 0.6446172640625 0.72965696875 0.64979771875 0.7672359421875 0.6452188046875 0.796520228125 0.6574570109375 0.8044899484375 0.6678235515625001 0.8053064531249999 0.67535685 0.8015379859375 0.6888167875 0.81140450625 0.7070379609375 0.8090376671874999 0.7197389328125
1 0.35989060781250004 0.3377373328125 0.3576224078125 0.4140306359375 0.3567941609375 0.5876472125000001 0.3580920125 0.5950077015625 0.35889587343749996 0.5964922453125 0.54716863125 0.6158779359375 0.5510660406250001 0.61031185625 0.5567604296875001 0.581118821875 0.558303353125 0.6052410546875 0.5611479796875 0.6090762359374999 0.602637640625 0.6063230015625 0.5720329468750001 0.5440964609375001 0.5472240359375 0.4855298140625 0.5647663781250001 0.47129660468749995 0.619774721875 0.4421021109375 0.6399880984374999 0.4145868984375 0.6402077046875 0.4144647 0.6492660046875 0.30948065156250004 0.632040740625 0.307096975 0.565364571875 0.3101802546875 0.5618075046875 0.31460213125 0.560133703125 0.3420020375 0.5574427281250001 0.34518700625 0.5544431671875001 0.343547528125 0.554415259375 0.3218686328125 0.550180075 0.310147215625 0.36298415624999997 0.33068671250000004 0.35989060781250004 0.3377373328125
5 0.8288223718750001 0.49046253906250004 0.7955188203125 0.5069178765625 0.7133569078125 0.5615065125 0.8910711109375 0.5501394296875 0.90496358125 0.546002671875 0.8891333546875 0.4115731484375 0.8817912828125 0.3763130265625 0.8261911265625 0.3799306484375 0.8131325984375 0.38560750312500003 0.8014002359375001 0.387382446875 0.830449584375 0.4428305234375 0.84223489375 0.46860251093749994 0.8428677140625 0.4879859671875 0.8288223718750001 0.49046253906250004
5 0.7955188203125 0.5069178765625 0.8288223718750001 0.49046253906250004 0.8428677140625 0.4879859671875 0.84223489375 0.46860251093749994 0.830449584375 0.4428305234375 0.8010645843749999 0.38674176875 0.7598003390625 0.2948715703125 0.7530960546875 0.2915977078125 0.6458730109374999 0.368989140625 0.644696028125 0.3781086921875 0.6531761656249999 0.4072484765625 0.6399880984374999 0.4145868984375 0.619774721875 0.4421021109375 0.5647663781250001 0.47129660468749995 0.5472240359375 0.4855298140625 0.5720329468750001 0.5440964609375001 0.6111063765625 0.623541934375 0.618319553125 0.623384059375 0.630936103125 0.612804403125 0.64145445625 0.60927873125 0.7955188203125 0.5069178765625
6 0.276234090625 0.6657935593750001 0.27161079843749997 0.6742522578125001 0.254372278125 0.6747440453125 0.2231170375 0.7113386984375001 0.22032490937500002 0.7215127765625 0.22000137031250003 0.748576809375 0.2302876140625 0.7809039734375001 0.2460435328125 0.780673609375 0.258628909375 0.79425100625 0.2857227953125 0.7889640578125 0.32581394218750004 0.7620218421875 0.34049673281250004 0.744145896875 0.35352022656250004 0.742868634375 0.3601836421875 0.6968519078125001 0.35312161249999996 0.6828101609375 0.35219412031249997 0.6631006390625 0.3469919 0.653826615625 0.337079246875 0.6525170890624999 0.331644246875 0.6448128078125 0.3307155484375 0.6337661156250001 0.325686403125 0.6341433234375 0.31408580625 0.6463801375 0.314433165625 0.6570197703125 0.3111468359375 0.6672809875 0.3127726625 0.682281284375 0.320591521875 0.6890556609375 0.3223056953125 0.695887325 0.2889017828125 0.7145164796875 0.281521040625 0.6928874453125 0.2904763515625 0.6800979359375 0.2869310140625 0.6715508906250001 0.2806818953125 0.6650092921875 0.276234090625 0.6657935593750001
6 0.8013532390625 0.7574329921875 0.8022309234374999 0.744994596875 0.7976783562499999 0.7278837031250001 0.8090376671874999 0.7197389328125 0.81140450625 0.7070379609375 0.8015379859375 0.6888167875 0.8053064531249999 0.67535685 0.8044899484375 0.6678235515625001 0.796520228125 0.6574570109375 0.7672359421875 0.6452188046875 0.72965696875 0.64979771875 0.6982408625 0.6399826828124999 0.6179464375 0.6316207578124999 0.55945690625 0.6685485828125 0.5330034375 0.6665594078125 0.5292061984374999 0.6769535078125 0.5290574921875 0.6964288171875 0.5355680390625001 0.70142265 0.5551308749999999 0.7020677390625 0.6025427515625 0.74744865 0.61346200625 0.7542241984375 0.6726756703125 0.7591377765625 0.6877998125 0.7636364359375001 0.726955465625 0.7592913265625 0.7476261578125001 0.7720247078125 0.7825769265625 0.7699564890625 0.7976735078125 0.762688190625 0.8013532390625 0.7574329921875