0 0.5852615640625001 0.8899821906250001 0.6018741640624999 0.8874651312499999 0.63589180625 0.81569380625 0.6595832203125 0.8267318515625 0.6668521765625 0.8321162640624999 0.6695443828125 0.8361545734375 0.6690059421875 0.8469233968750001 0.6658216203125 0.8626459843750001 0.6759576546875 0.854849034375 0.68464376875 0.8344700765624999 0.6796325484375 0.81208663125 0.6806347921875 0.78602829375 0.68464376875 0.7783444234375 0.6813029546875 0.7566291421875 0.6726168421875001 0.739590996875 0.6589195109375 0.7262277453125 0.6134844578124999 0.6971626765625001 0.5971144749999999 0.69415594375 0.5533498296875 0.7035102203125 0.536645765625 0.7018398140625 0.5152645640625 0.7282322328124999 0.5035717203125001 0.7593017921875 0.4968900953125 0.7626426046875 0.4972241765625 0.7713287171875 0.4955055953125 0.77734375 0.50975171875 0.77734375 0.52339704375 0.78146908125 0.584325009375 0.8043170671875 0.593845003125 0.8141543953125 0.5973356671875 0.824943721875 0.597018334375 0.8306557187499999 0.5852615640625001 0.8899821906250001
1 0.6221615546875 0.9470734671875001 0.6331996 0.9546116437500001 0.64585296875 0.958649953125 0.6568910140625001 0.937112303125 0.66119854375 0.9241897140625 0.6646984125000001 0.8681918265625 0.6690059421875 0.8469233968750001 0.6695443828125 0.8361545734375 0.6668521765625 0.8321162640624999 0.6595832203125 0.8267318515625 0.63589180625 0.81569380625 0.5893166390625 0.9139593312500001 0.5885089781249999 0.9174591984375 0.5920088453125001 0.9228436109375 0.5960471546874999 0.9236512734375 0.6033161109375 0.9322663328124999 0.6135464953125 0.9384584078125 0.6221615546875 0.9470734671875001
5 0.5605413734375 0.285395753125 0.5607499218750001 0.2855284640625 0.56772793125 0.286575165625 0.570135659375 0.2889828953125 0.5823977234375 0.29107005625000004 0.5852173140625 0.293263071875 0.6040284578125 0.26844011874999996 0.619119846875 0.261453365625 0.619171865625 0.2389813078125 0.6169894125 0.23976075468750002 0.5979668140625 0.22637106093749998 0.592732840625 0.2296859125 0.58585800625 0.22906092656250002 0.57554575625 0.23156086562499997 0.5577336859375001 0.2384357 0.5542962703125001 0.2415606234375 0.5558587328125 0.26031017031250003 0.5605413734375 0.285395753125
0 0.5038555312499999 0.4584232703125 0.498046875 0.4286055015625 0.498046875 0.42246364999999997 0.4647029765625 0.407806990625 0.4645799484375 0.40871432656250006 0.446660878125 0.4300591015625 0.4424446265625 0.44955926562500004 0.4482419734375 0.46879591249999997 0.460890728125 0.47432974375 0.471167840625 0.46905942968750003 0.47854628125 0.4558836421875 0.48197198593749996 0.46879591249999997 0.4911950375 0.47643787031249996 0.5041073078125 0.47564732187500003 0.5100627249999999 0.4701074 0.5038555312499999 0.4584232703125
6 0.2602559265625 0.49184965781249995 0.2476016171875 0.49108272968750005 0.23801501875 0.500669328125 0.23571423593750002 0.5075716781249999 0.23609770000000002 0.5167748125 0.245684296875 0.5313464421874999 0.2637071015625 0.5390157203125 0.25833860625 0.5558881328124999 0.2587220703125 0.5650912671875 0.26830866875 0.5777455765624999 0.2713763796875 0.586948709375 0.29657392968749996 0.6059057453125 0.29621173125 0.605045525 0.29426425 0.5875181875 0.304326240625 0.54532274375 0.30636214375000004 0.541147415625 0.3076729171875 0.53845921875 0.3036028734375 0.53568853125 0.2901661125 0.509105534375 0.2840306890625 0.504120503125 0.2721433078125 0.5025866484375 0.2602559265625 0.49184965781249995
4 0.7353792593749999 0.5568037968749999 0.7422044203125 0.5596775484375 0.7483111421875 0.5783569328125 0.7540586453125 0.5859005296875 0.759806146875 0.5898519390625 0.772019590625 0.593444128125 0.776535634375 0.59168176875 0.7753071406250001 0.538154534375 0.777146365625 0.49532686562499995 0.8103988109375001 0.4935391 0.8093783609375 0.4867561046875 0.79967945 0.472387346875 0.79105819375 0.4684359390625 0.7741749046875 0.476697975 0.7515441109375 0.49896954843749997 0.7429228578125 0.51226065 0.7353792593749999 0.533454565625 0.7339423843749999 0.543871915625 0.7353792593749999 0.5568037968749999
6 0.593845003125 0.8141543953125 0.584325009375 0.8043170671875 0.52339704375 0.78146908125 0.50975171875 0.77734375 0.4916637296875 0.77734375 0.48468239999999996 0.7821037468750001 0.47992240312499995 0.789402409375 0.47198907500000004 0.8189143921875001 0.4583437484375 0.8925356828125001 0.4577090828125 0.910623671875 0.45961308125 0.92173033125 0.468498409375 0.930615659375 0.47960506875000003 0.9369623234375 0.5465623640625 0.959810309375 0.5532263609375 0.9613969750000001 0.5627463546875 0.9601276421874999 0.571949015625 0.9518769812500001 0.5763916796874999 0.934740990625 0.597018334375 0.8306557187499999 0.5973356671875 0.824943721875 0.593845003125 0.8141543953125
1 0.29426425 0.5875181875 0.29621173125 0.605045525 0.306598303125 0.62971363125 0.3072474625 0.6358806578125 0.31308990937500003 0.6401002015625 0.3302926671875 0.6407493625 0.45817731874999995 0.6384773 0.46564266718749997 0.6190024796875 0.46921305 0.6017997234375 0.46726556874999997 0.5573322171874999 0.46791472812499996 0.542076940625 0.4546069359375 0.4930653109375 0.44681700625 0.49144240781250004 0.3234764796875 0.5060485234375001 0.304326240625 0.54532274375 0.29426425 0.5875181875
5 0.9026390265625001 0.6363225609375001 0.9060859078125001 0.623684 0.9080110765624999 0.6209661140625 0.8323231156249999 0.6214451515625 0.8018961109375 0.6206092453125 0.7929133375 0.648961121875 0.86472334375 0.700089846875 0.875351225 0.7055474078125 0.8922983859375 0.66418484375 0.8940218265625001 0.6555676421875 0.9026390265625001 0.6363225609375001
0 0.6190396625 0.2960927765625 0.619119846875 0.261453365625 0.6040284578125 0.26844011874999996 0.5852173140625 0.293263071875 0.5996945203124999 0.3045231203125 0.6004042921875 0.307835390625 0.6134708484375 0.30554537656249997 0.6166380499999999 0.294988034375 0.6190396625 0.2960927765625
1 0.5314264890625 0.1509454390625 0.525922440625 0.151695990625 0.519667840625 0.1489439671875 0.5154147140625 0.15594911875 0.5126626890625 0.164705559375 0.5209187609375 0.17471291718749998 0.5654515109375 0.20348407656249998 0.6169894125 0.23976075468750002 0.619171865625 0.2389813078125 0.6191961046875 0.22850994375 0.621878309375 0.2112671984375 0.6241837375 0.20896177031250002 0.6097340765625 0.1979800296875 0.5942226703125 0.190974878125 0.5914706453125 0.18897340468749999 0.5892189906249999 0.184720278125 0.5769599750000001 0.17471291718749998 0.552692128125 0.1577004078125 0.5314264890625 0.1509454390625
1 0.45491392656249996 0.37146812812499996 0.44562490468749993 0.3695462625 0.4424217953125 0.3628197296875 0.44306241718750006 0.35545257656249996 0.44818739531249996 0.35353070937500003 0.4491483265625 0.3503276 0.45491392656249996 0.3506479109375 0.46196076875000003 0.32982769218749997 0.4706091671875 0.3176558734375 0.4866247203125 0.308366853125 0.5100074265625001 0.3003590765625 0.5673431046874999 0.28850756718750004 0.570135659375 0.2889828953125 0.56772793125 0.286575165625 0.5607499218750001 0.2855284640625 0.545398303125 0.275759253125 0.534582390625 0.2719213484375 0.4602666 0.2625010375 0.4435193796875 0.2645944390625 0.43479686875 0.26913014375 0.42921446249999995 0.2750614515625 0.4173518484375 0.276457053125 0.415607346875 0.27855045624999997 0.4079315375 0.31623170156249997 0.4037447328125 0.32774541562500004 0.40234912968750003 0.36089095625 0.39816232500000004 0.36682226406249996 0.3971156234375 0.3797315796875 0.411071640625 0.383918384375 0.416305146875 0.3901985921875 0.42781886093750005 0.39159419375 0.498046875 0.42246364999999997 0.498046875 0.38969813593749997 0.47925756562500005 0.38492119375 0.4597185921875 0.3685853296875 0.45491392656249996 0.37146812812499996
2 0.7087667578125 0.5868841296875 0.6609013484374999 0.560260765625 0.697212975 0.6330529109375 0.704387609375 0.6474355484375 0.6564223359375 0.6943963140625 0.6622072593749999 0.6978052859375 0.6697389421875 0.698489984375 0.676243578125 0.6954088406250001 0.68035176875 0.6906159515625 0.725199521875 0.6307048328125 0.7344429515625001 0.61461441875 0.7358123484375 0.607082734375 0.7334159031249999 0.6026321953125 0.7282806640625 0.598524003125 0.7087667578125 0.5868841296875
2 0.564980071875 0.6337859765625 0.5670341671875 0.63755181875 0.5742235015625 0.6433717546875 0.6101503593750001 0.66589306875 0.5973977328125 0.6414274328125 0.5789963124999999 0.6061247078124999 0.5745658515625001 0.6108485765625 0.5656647703125001 0.6224884515625 0.564980071875 0.6337859765625
6 0.52011976875 0.3395394375 0.54490336875 0.324824175 0.578593575 0.3116578875 0.6004042921875 0.307835390625 0.5996945203124999 0.3045231203125 0.5823977234375 0.29107005625000004 0.5673431046874999 0.28850756718750004 0.5100074265625001 0.3003590765625 0.4866247203125 0.308366853125 0.4706091671875 0.3176558734375 0.46196076875000003 0.32982769218749997 0.45491392656249996 0.3506479109375 0.4491483265625 0.3503276 0.44818739531249996 0.35353070937500003 0.44306241718750006 0.35545257656249996 0.4424217953125 0.3628197296875 0.44562490468749993 0.3695462625 0.45491392656249996 0.37146812812499996 0.4597185921875 0.3685853296875 0.47925756562500005 0.38492119375 0.498046875 0.38969813593749997 0.498046875 0.36780823125 0.50579175 0.35270572499999997 0.52011976875 0.3395394375
5 0.704387609375 0.6474355484375 0.6542189031250001 0.5468647921875001 0.6184796828125 0.5525235015625001 0.592532603125 0.5525235015625001 0.5739568625 0.5706104062499999 0.568796965625 0.5766302875 0.567650321875 0.5809302015625 0.5745301859375 0.5975565375 0.62727580625 0.6987478640625 0.6427554984375 0.7010411515625 0.6496353625 0.7010411515625 0.704387609375 0.6474355484375
2 0.498046875 0.4286055015625 0.5038555312499999 0.4584232703125 0.510438675 0.4708150703125 0.522830475 0.5083777140625 0.5437416374999999 0.5312250953125 0.5743338953125 0.5471020890625 0.5917598625 0.5521362578125 0.5917598625 0.5525235015625001 0.6184796828125 0.5525235015625001 0.6649489328125 0.545165871875 0.6858600953125 0.5378082390625 0.7164523515625 0.5149608578125 0.7334910765625 0.49598591406250003 0.7420104390625 0.47236404531250004 0.7427849265625001 0.414664725 0.7426516703125 0.4131989015625 0.6581695109375 0.4131989015625 0.657091821875 0.4173300453125 0.6548852515625 0.41757521875 0.6486854703125 0.4131989015625 0.6287754078125001 0.4131989015625 0.623027825 0.409750353125 0.6195792765625 0.404002771875 0.6188129328125 0.394040296875 0.6188233453125 0.3895415484375 0.611244215625 0.3879091203125 0.5994758453125 0.37883766875 0.59996619375 0.3673144734375 0.6080569484375 0.3425518625 0.610753865625 0.314601984375 0.6134708484375 0.30554537656249997 0.578593575 0.3116578875 0.54490336875 0.324824175 0.52011976875 0.3395394375 0.50579175 0.35270572499999997 0.498046875 0.36780823125 0.498046875 0.4286055015625
6 0.6801204703125 0.19862251875 0.6659431015624999 0.199005690625 0.646018153125 0.2047532734375 0.63643885 0.2047532734375 0.6249436859374999 0.208201821875 0.621878309375 0.2112671984375 0.6191961046875 0.22850994375 0.6190396625 0.2960927765625 0.62889676875 0.3006270453125 0.654640078125 0.32073134375 0.6590532171875 0.321712040625 0.6651825765625 0.31975064531249997 0.66787949375 0.32073134375 0.6671911703125 0.3388572078125 0.6664084484374999 0.35946889375 0.6671439703125001 0.3714824375 0.6659180984375 0.3766311 0.6602790890625 0.3866832484375 0.6585628671875 0.411691034375 0.6581695109375 0.41319890312499996 0.796987965625 0.41319890312499996 0.796987965625 0.2227623625 0.7954552765625 0.2043701 0.796987965625 0.20360375625 0.796987965625 0.187510528125 0.7939225875 0.1901927328125 0.79315624375 0.1951739703125 0.7874086625000001 0.1951739703125 0.7743808109375 0.18329563437500002 0.7594370984375 0.182529290625 0.6996622484375 0.1928749375 0.6801204703125 0.19862251875
1 0.8323231156249999 0.6214451515625 0.9153509874999999 0.6209196578125 0.91587648125 0.491648415625 0.9140372546875 0.48902095156250003 0.9106215515624999 0.4887582046875 0.8930175406249999 0.4887582046875 0.8428329734375 0.4908601765625 0.840205509375 0.494013134375 0.8260172015625 0.4926994015625 0.777146365625 0.49532686562499995 0.7753071406250001 0.538154534375 0.777146365625 0.61829219375 0.784503265625 0.62013141875 0.8323231156249999 0.6214451515625
5 0.6602790890625 0.3866832484375 0.6659180984375 0.3766311 0.6671439703125001 0.3714824375 0.6664084484374999 0.35946889375 0.66787949375 0.32073134375 0.6651825765625 0.31975064531249997 0.6590532171875 0.321712040625 0.654640078125 0.32073134375 0.62889676875 0.3006270453125 0.6166380499999999 0.294988034375 0.610753865625 0.314601984375 0.6080569484375 0.3425518625 0.59996619375 0.3673144734375 0.5994758453125 0.37883766875 0.611244215625 0.3879091203125 0.6271805484375 0.3913415609375 0.6465493234374999 0.411691034375 0.6548852515625 0.41757521875 0.657091821875 0.4173300453125 0.65856286875 0.411691034375 0.6602790890625 0.3866832484375