3 0.6653726875 0.45212934374999997 0.6600226046875 0.43710231874999994 0.65270376875 0.48148521874999994 0.6529737140625 0.48724160625 0.6653726875 0.45212934374999997
3 0.3034797046875 0.951024053125 0.3167487671875 0.932429753125 0.32919543125 0.9196871234374999 0.3710224578125 0.8859259359375 0.3884057640625 0.8653524625 0.423328275 0.813997853125 0.45624675625 0.7738698640624999 0.4566714 0.7725725546875 0.43886036562499997 0.770069378125 0.42163337656250005 0.7282596140625001 0.412885665625 0.7366609109375 0.33761372500000003 0.8415910515625 0.3099414078125 0.9050466453125001 0.28864041406249996 0.9352990968749999 0.2878835359375 0.9437173671875 0.2913583859375 0.9493205124999999 0.29769355468750003 0.9527682546875 0.3034797046875 0.951024053125
5 0.5205165265625 0.781545403125 0.49836941250000005 0.7784328281249999 0.5201762515625 0.7861396 0.5205165265625 0.781545403125
5 0.6964739437499999 0.767779278125 0.7276179359375 0.7694584546875001 0.7294883734375001 0.7635125515625 0.7256934484374999 0.751362940625 0.72995138125 0.7381163640625 0.7292183296875 0.7371210015624999 0.6964739437499999 0.767779278125
3 0.424085309375 0.6290598859375 0.423797346875 0.6304819515625 0.42382057656249994 0.6310344406249999 0.424085309375 0.6290598859375
7 0.763690246875 0.6282974296875 0.7717522406249999 0.6316770390625 0.7896482140625001 0.58746349375 0.8117645296875 0.5451910203125 0.8279528390625 0.497142965625 0.740123553125 0.44750629999999997 0.6765088265625 0.4205932703125 0.6526252953125 0.48822827812499997 0.647578925 0.5078081515624999 0.689367515625 0.5773463515625 0.7094712624999999 0.5824857546875 0.7384015515625 0.6036255765625 0.763690246875 0.6282974296875
5 0.7011451765625 0.7014338203125 0.7122138765625 0.69771630625 0.71812449375 0.6989526140625 0.7304725046875 0.683246159375 0.7347984765625 0.679432475 0.71959775625 0.6368925328125 0.7007277546874999 0.5962503328125 0.644072796875 0.5019737906249999 0.643300703125 0.5042531218749999 0.6367881984375 0.51329671875 0.6311380078125 0.516800746875 0.6501661578125 0.5512088859375 0.6522179796875001 0.5585431640625 0.65147100625 0.582658515625 0.6605676546875 0.596267315625 0.6615737234375 0.6047757328125 0.6521082515625001 0.618858384375 0.638627834375 0.630174925 0.628209984375 0.6322337484375 0.6192137125 0.6085105546875 0.606137128125 0.6075534984375001 0.5987211515624999 0.6007864453125 0.560368003125 0.524513628125 0.554726846875 0.5132950734375 0.550389178125 0.512685453125 0.5485384359375 0.500988190625 0.5473340375 0.49859300937500006 0.5439614890625 0.5032524671874999 0.537159396875 0.5066451296875 0.5429413171874999 0.5382534546875 0.5416122140625 0.543701278125 0.42824925937499997 0.5980023125 0.41344864687499994 0.70839534375 0.43886036562499997 0.770069378125 0.5205165265625 0.781545403125 0.5212417171875 0.771754340625 0.5241580640625 0.7584886046875 0.6964739437499999 0.767779278125 0.7292183296875 0.7371210015624999 0.718803915625 0.722979946875 0.7105690453125 0.723850734375 0.6995368984375 0.7186496453125 0.7011451765625 0.7014338203125
5 0.3289469875 0.47324388749999996 0.24998936718749998 0.5218740578125 0.2496279671875 0.53647326875 0.277619709375 0.6660592078125 0.2839396609375 0.669201265625 0.299790321875 0.664667390625 0.3742678234375 0.6238595078125 0.5416122140625 0.543701278125 0.5429413171874999 0.5382534546875 0.537159396875 0.5066451296875 0.5354975703125 0.5074739953125 0.4611136359375 0.5152208328125 0.4418181953125 0.5125090359375 0.41891920000000005 0.5004363390625 0.38996039531250004 0.48947965 0.361989825 0.488992040625 0.3543238015625 0.480535940625 0.35181279062500004 0.4669013625 0.35268684375000003 0.4606821484375 0.3289469875 0.47324388749999996
3 0.6367881984375 0.51329671875 0.643300703125 0.5042531218749999 0.6495714953125 0.48574083437500004 0.6535529078125 0.4611411328125 0.646395828125 0.444934890625 0.63111200625 0.43806952812500005 0.6024169859375 0.4408506703125 0.5899528515625 0.4373480890625 0.6171595859375001 0.49152390625000003 0.618612603125 0.4941513609375 0.6311380078125 0.516800746875 0.6367881984375 0.51329671875
3 0.5439614890625 0.5032524671874999 0.5473340375 0.49859300937500006 0.5150866140625 0.4344626296875 0.5141500531250001 0.42374609531249996 0.46715783125000004 0.416211746875 0.44718444062499996 0.4183238109375 0.39342316093749996 0.43683959687499996 0.369100471875 0.43489700937500003 0.3633196609375 0.437527965625 0.35418561406250004 0.45001785156249996 0.35181279062500004 0.4669013625 0.3543238015625 0.480535940625 0.361989825 0.488992040625 0.38996039531250004 0.48947965 0.41891920000000005 0.5004363390625 0.4418181953125 0.5125090359375 0.4611136359375 0.5152208328125 0.5354975703125 0.5074739953125 0.5439614890625 0.5032524671874999
3 0.569332740625 0.3962879828125 0.5595077984375 0.3878612625 0.549575478125 0.386465365625 0.5390432453125 0.3924714421875 0.5176356421875 0.416325346875 0.51407354375 0.42287064062499996 0.5150866140625 0.4344626296875 0.5987211515624999 0.6007864453125 0.606137128125 0.6075534984375001 0.6192137125 0.6085105546875 0.628209984375 0.6322337484375 0.638627834375 0.630174925 0.6521082515625001 0.618858384375 0.6615737234375 0.6047757328125 0.6605676546875 0.596267315625 0.65147100625 0.582658515625 0.6522179796875001 0.5585431640625 0.6501661578125 0.5512088859375 0.6171595859375001 0.49152390625000003 0.569332740625 0.3962879828125
6 0.824954190625 0.7642639890625 0.8534429765624999 0.7520428453125 0.8703405921874999 0.73859829375 0.8722541796875 0.7307547421875 0.86773468125 0.7167339578125 0.87322818125 0.7093935296875 0.8743526828125001 0.7042784484375 0.87399791875 0.6981442234374999 0.8693859625 0.6934398093749999 0.871852128125 0.6787782984375 0.8697944859375 0.6732159984375 0.8537526171875 0.66325459375 0.812825525 0.6514182984375 0.7583764671875 0.663641584375 0.747140059375 0.668552403125 0.7304725046875 0.683246159375 0.71812449375 0.6989526140625 0.7122138765625 0.69771630625 0.7011451765625 0.7014338203125 0.6995368984375 0.7186496453125 0.7105690453125 0.723850734375 0.718803915625 0.722979946875 0.7341319515625 0.7437928890625 0.7517648921875 0.7539779046875 0.824954190625 0.7642639890625
5 0.517062328125 0.9100269171875001 0.585526684375 0.9243828171875 0.6769426078125 0.925132840625 0.725499996875 0.9314311515625 0.7778687078125001 0.9293233703125001 0.7905573546875 0.77541518125 0.754894884375 0.7709291328125001 0.5241580640625 0.7584886046875 0.5212417171875 0.771754340625 0.515381128125 0.8508803578125 0.514031675 0.9053931093750001 0.517062328125 0.9100269171875001