3 0.657100984375 0.4295797875 0.6497116109375 0.4154435921875 0.64864090625 0.460413146875 0.649709359375 0.46607594375000005 0.657100984375 0.4295797875
3 0.3512792765625 0.960478365625 0.35170136093750004 0.968920046875 0.3559222015625 0.9739850562499999 0.3626755484375 0.9765175609375 0.3681626421875 0.9739850562499999 0.3787147453125 0.9537250187499999 0.38926684843750003 0.939374159375 0.4259881671875 0.9001203359375 0.4403390265625 0.8773277937499999 0.46777449375 0.8216126890625001 0.494787878125 0.77729385625 0.4950278390625 0.7759500734375 0.477041765625 0.7759500734375 0.45416363281249994 0.7369447328125001 0.4466702890625 0.746481715625 0.38673434375000004 0.8608665125 0.3681626421875 0.927555803125 0.3512792765625 0.960478365625
5 0.5598028328125 0.7805469171875 0.5595004078125 0.7759500734375 0.5371356421875 0.7759500734375 0.5598028328125 0.7805469171875
5 0.7639288671875 0.72900945625 0.758479975 0.7175062375000001 0.760852903125 0.7037959859375 0.7599884578125 0.7029123312500001 0.7318295453125 0.73782938125 0.7629041421875 0.735157809375 0.7639288671875 0.72900945625
3 0.44279841875 0.6403613484374999 0.44278577031250005 0.6383691671875 0.44269852343749994 0.6398174703125 0.44279841875 0.6403613484374999
7 0.6472293812500001 0.487193146875 0.6982891359375001 0.5502387578125 0.7189125015625 0.5525302437499999 0.7505033375 0.5694380156250001 0.7789795828125 0.5903502578125 0.78743346875 0.592574965625 0.79900194375 0.5463010640625 0.8150198328125 0.5013619874999999 0.8243636015625 0.45152855625 0.7304809765625 0.414598425 0.6637397734375 0.3968007703125 0.64950165 0.46710150468749995 0.6472293812500001 0.487193146875
5 0.7599884578125 0.7029123312500001 0.7477073421875 0.6903583015625 0.739673803125 0.6923666875000001 0.72802516875 0.68875159375 0.727221815625 0.6714794828125 0.7376654171875 0.6662576812500001 0.7436905734375 0.666659359375 0.7537324984375 0.649387246875 0.7574856078125001 0.64500861875 0.7365124046875 0.604998203125 0.71216974375 0.5673777265625 0.6429453890625 0.4819035234375 0.6424980312499999 0.484268128125 0.6373075312500001 0.494130078125 0.63219999375 0.498386359375 0.65583165 0.529811434375 0.6588842390625 0.536788778125 0.6615007421875 0.5607733984375 0.6724028421875 0.57298375 0.6745832625 0.581269346875 0.667169834375 0.5965322859375 0.655395565625 0.60961480625 0.6453656343749999 0.613103478125 0.6331552828125 0.5908631953125 0.6200727625 0.5917353624999999 0.611787165625 0.5860662703124999 0.56319214375 0.5158734609375 0.5560445656249999 0.5055491812499999 0.55166426875 0.5055491812499999 0.5482035921875 0.4942233296875 0.5466775703125 0.49201907812499995 0.543986315625 0.4971025578125 0.5377225875 0.501408871875 0.5478472671875 0.5319048984375 0.5472892890625001 0.5374846796875 0.44258681875 0.607034334375 0.443293984375 0.7184128750000001 0.477041765625 0.7759500734375 0.5595004078125 0.7759500734375 0.5588558890625 0.7661533703125001 0.5598976203125 0.752610859375 0.7318295453125 0.73782938125 0.7599884578125 0.7029123312500001
5 0.36180091875 0.5083064734375 0.3530326390625 0.500999571875 0.3486484984375 0.48784715 0.3486484984375 0.48156681562500003 0.3268879328125 0.4973102546875 0.255466734375 0.5564559359375 0.25714066875 0.570963365625 0.3028948734375 0.6953924859375 0.3095906109375 0.6976243984375 0.3246560203125 0.6909286609375 0.3927293515625 0.640152653125 0.5472892890625001 0.5374846796875 0.5478472671875 0.5319048984375 0.5377225875 0.501408871875 0.5361922890625 0.5024609515625 0.46361040625000005 0.520484640625 0.44412533749999994 0.520484640625 0.41976899999999995 0.511716359375 0.38956714375 0.5048965859375001 0.36180091875 0.5083064734375
3 0.5803579765625 0.42543879531249995 0.6148397531249999 0.47530093281249997 0.6166443 0.47770059531250003 0.63219999375 0.498386359375 0.6373075312500001 0.494130078125 0.6424980312499999 0.484268128125 0.6461313828125 0.465063275 0.6466504328125 0.44014887031249994 0.6373075312500001 0.42509641875000004 0.621216978125 0.4204249671875 0.5931882749999999 0.42717261874999995 0.5803579765625 0.42543879531249995
3 0.41976899999999995 0.511716359375 0.44412533749999994 0.520484640625 0.46361040625000005 0.520484640625 0.5361922890625 0.5024609515625 0.543986315625 0.4971025578125 0.5466775703125 0.49201907812499995 0.505818753125 0.433000784375 0.503399853125 0.4225188859375 0.45581637812500003 0.42159791562500004 0.43633130937500003 0.42646918281249996 0.3856701296875 0.45228689843750003 0.3613137921875 0.4537482796875 0.3559553984375 0.457158165625 0.3486484984375 0.47079771406250004 0.3486484984375 0.48784715 0.3530326390625 0.500999571875 0.36180091875 0.5083064734375 0.38956714375 0.5048965859375001 0.41976899999999995 0.511716359375
3 0.6615007421875 0.5607733984375 0.6588842390625 0.536788778125 0.65583165 0.529811434375 0.6148397531249999 0.47530093281249997 0.5542240765625001 0.3876480484375 0.5433219765625 0.38067070468750003 0.5332920453125001 0.38067070468750003 0.5236981968750001 0.3880841328125 0.505818753125 0.41468525625 0.5032022484375 0.4216626 0.505818753125 0.433000784375 0.611787165625 0.5860662703124999 0.6200727625 0.5917353624999999 0.6331552828125 0.5908631953125 0.6453656343749999 0.613103478125 0.655395565625 0.60961480625 0.667169834375 0.5965322859375 0.6745832625 0.581269346875 0.6724028421875 0.57298375 0.6615007421875 0.5607733984375
6 0.739673803125 0.6923666875000001 0.7477073421875 0.6903583015625 0.7657828078125 0.70883544375 0.7846616265625 0.7164673078125 0.8585701968749999 0.7164673078125 0.885080878125 0.7004002265625 0.899942928125 0.6847348234374999 0.90074628125 0.676701284375 0.89431945 0.6634459421875001 0.898737896875 0.6554124031249999 0.8991395734375001 0.6501906015625 0.8979345421874999 0.644165446875 0.8927127421875 0.6401486765625 0.89311441875 0.6252866265625 0.8903026796875 0.6200648265625001 0.87303056875 0.6124329625 0.8308544828125 0.6064078078125 0.778636471875 0.62608998125 0.7681928703125 0.6325168140625 0.7537324984375 0.649387246875 0.7436905734375 0.666659359375 0.7376654171875 0.6662576812500001 0.727221815625 0.6714794828125 0.72802516875 0.68875159375 0.739673803125 0.6923666875000001
5 0.5598976203125 0.752610859375 0.5588558890625 0.7661533703125001 0.564064546875 0.8453249749999999 0.5703149359374999 0.8994950203125001 0.573960996875 0.903661946875 0.6437570171875 0.9083497390625 0.7343876703125 0.8963698250000001 0.7833490578125 0.8958489593750001 0.8349147734375 0.8864733749999999 0.8260600546875001 0.7322970921875 0.7901203125 0.7328179578125 0.5598976203125 0.752610859375