3 0.4497899484375 0.9177577953125 0.4520558453125 0.8916512843750001 0.4465440078125 0.871502034375 0.3623301734375 0.8352985828125 0.35148972343749996 0.8264841265625 0.3515558109375 0.8262914015625 0.3197500015625 0.83693414375 0.3107962734375 0.8385068828125 0.3040767640625 0.8330263671875 0.30088740937499997 0.7373896328125 0.2993226484375 0.738398390625 0.2857790484375 0.7513881718750001 0.280079790625 0.7620905796875 0.2838069359375 0.7909036640625 0.2772539390625 0.8050302281249999 0.2774008296875 0.8117347203125 0.30471008906249997 0.9112876359375001 0.4157152125 0.9474506968749999 0.4242756046875 0.9495850421875 0.442522434375 0.9298877031250001 0.4497899484375 0.9177577953125
3 0.6402355843749999 0.9308823500000001 0.6486938656250001 0.941279096875 0.6765315578125 0.9603753421875 0.6985105046875 0.9675128828125 0.713463434375 0.967373396875 0.7342639203125 0.9615090593750001 0.753757646875 0.9453734765625 0.775189840625 0.910382865625 0.786088596875 0.8733184953125 0.785283846875 0.8344411624999999 0.778768228125 0.8118207203125 0.7783038890625 0.8111889375000001 0.76624649375 0.8255098750000001 0.7388424140625001 0.8481247812499999 0.729134171875 0.8537735421875 0.7072812875000001 0.8875470421875 0.7010079593749999 0.8821767828124999 0.683625725 0.880538465625 0.635356534375 0.9192039203125001 0.6402355843749999 0.9308823500000001
3 0.729134171875 0.8537735421875 0.7388424140625001 0.8481247812499999 0.76624649375 0.8255098750000001 0.7880744140625 0.7995841859375 0.8074980265624999 0.7833016484375 0.8704239640625 0.7106483156250001 0.8787001125 0.6954273828125 0.8806519921874999 0.6850312640625 0.867975915625 0.6511429265625 0.8413266859374999 0.618198153125 0.836397909375 0.6292038546875001 0.816255421875 0.64638426875 0.8073098046875 0.6644533046875 0.8070991968750001 0.6713164921875 0.8052620390625 0.7311845984375 0.7973684000000001 0.7602999921875 0.7715722875 0.8077886578125 0.7445720828125 0.8397525359375001 0.733082215625 0.8476718625 0.729134171875 0.8537735421875
3 0.6805548156250001 0.8802490265625 0.6715670968749999 0.866124165625 0.6714394218749999 0.8659235171875 0.6493338625 0.8477248390625001 0.639704453125 0.8475971890625 0.636102834375 0.854517090625 0.612020878125 0.889483234375 0.5921480796874999 0.9101349203125 0.63373416875 0.9205034968750001 0.683625725 0.880538465625 0.6805548156250001 0.8802490265625
5 0.6479106531250001 0.3059319546875 0.587964403125 0.43458014062499994 0.5892520734375 0.441565915625 0.6504193359375 0.4853662984375 0.6682387359375 0.4820662734375 0.6855308875 0.48334146875000006 0.706259415625 0.49518936093750004 0.748842978125 0.4924472546875 0.805709940625 0.478692528125 0.810427659375 0.48169052187499994 0.8073055640625 0.516132284375 0.8019980609375 0.5193213546875 0.8055755140624999 0.518753109375 0.809756128125 0.5197954546875 0.8175281546875001 0.5344203796875 0.81861349375 0.5449496625 0.8583176531250001 0.4583631421875 0.8637313125 0.4512305453125 0.86287184375 0.4449574171875 0.7724374484375 0.3872683296875 0.6691616218750001 0.3154716046875 0.6479106531250001 0.3059319546875
0 0.33503356875 0.7084643109375001 0.33465488125 0.7105228296874999 0.3425038859375 0.7094268890625 0.37970325625 0.70022285625 0.38151380625 0.6794474859374999 0.3898953 0.6625179046875 0.403036890625 0.6527186859375 0.42583366875 0.6494872546875 0.43982288125 0.65297515625 0.4599862 0.6502126203125 0.41753785312499997 0.599399128125 0.3880992515625 0.574198325 0.3795671390625 0.589931965625 0.3349548328125 0.5839943 0.329536278125 0.59186185 0.32819111562500003 0.6088112390625 0.34135655625 0.6299546859375 0.3401451828125 0.6440566343749999 0.3575105125 0.6599094828125 0.33503356875 0.7084643109375001
0 0.5270707390625 0.73051726875 0.514139075 0.72440175625 0.47128046562500003 0.7289488046875 0.470765759375 0.7760894265625 0.4758161109375 0.7746779375 0.49752532499999996 0.7985277453124999 0.5234285984375 0.8078669515625 0.555825096875 0.7934741 0.5601095328125 0.7950799296875 0.5616561531250001 0.7719439734375 0.5670653875 0.7661047390625 0.54097541875 0.757426415625 0.5249962421875 0.745550634375 0.52449559375 0.7370079671875 0.5270707390625 0.73051726875
1 0.54338066875 0.7382303953125 0.5270707390625 0.73051726875 0.52449559375 0.7370079671875 0.5249962421875 0.745550634375 0.54097541875 0.757426415625 0.5670653875 0.7661047390625 0.5712038171875 0.7616373296875001 0.574026615625 0.7401386328124999 0.5841193031249999 0.726500903125 0.565058309375 0.73471993125 0.54338066875 0.7382303953125
3 0.565058309375 0.73471993125 0.5841193031249999 0.726500903125 0.601769746875 0.7026507703125 0.6059508953125 0.6879816296875 0.6025795359375 0.6890100234375 0.5634052296875 0.679242771875 0.5413986796875 0.66350429375 0.535286546875 0.649267528125 0.53331039375 0.649380290625 0.5288211421875 0.6360555546875 0.5287998234375 0.635884996875 0.5225804171874999 0.6375294874999999 0.5167447578125001 0.6424362421875001 0.43982288125 0.65297515625 0.42583366875 0.6494872546875 0.403036890625 0.6527186859375 0.3898953 0.6625179046875 0.38151380625 0.6794474859374999 0.37970325625 0.70022285625 0.4200620296875 0.6902371078125 0.465166825 0.6829328640625 0.47077102968749995 0.6947943265625 0.47145417500000003 0.7130391421875 0.47128046562500003 0.7289488046875 0.514139075 0.72440175625 0.54338066875 0.7382303953125 0.565058309375 0.73471993125
1 0.48920397031249996 0.5907388796874999 0.481019803125 0.59805624375 0.47589814375 0.5930292546875 0.4744425953125 0.5819753999999999 0.471454290625 0.5802538968750001 0.47007906562499996 0.5857696265625 0.46869499843750007 0.5859592546875 0.46656574375000004 0.5838693578124999 0.46225893906250004 0.574055496875 0.4599631890625 0.57738884375 0.47182033749999996 0.6140321765625 0.4784882640625 0.6205768515625001 0.489285575 0.616433878125 0.49436529843750004 0.6111550625 0.496977028125 0.6084409703125 0.489272725 0.5944253890625 0.48920397031249996 0.5907388796874999
1 0.46978601875 0.78318436875 0.46568444531250003 0.7934114250000001 0.38409844843749996 0.8154021046875 0.3515558109375 0.8262914015625 0.35148972343749996 0.8264841265625 0.3623301734375 0.8352985828125 0.44807364375000003 0.8721596234375 0.4775517515625 0.786612590625 0.46978601875 0.78318436875
1 0.6291721109374999 0.8344513078125001 0.6385853171875 0.8475823546875001 0.6493338625 0.8477248390625001 0.6714394218749999 0.8659235171875 0.6805548156250001 0.8802490265625 0.7010079593749999 0.8821767828124999 0.7072812875000001 0.8875470421875 0.733082215625 0.8476718625 0.7445720828125 0.8397525359375001 0.7715722875 0.8077886578125 0.7973684000000001 0.7602999921875 0.8052620390625 0.7311845984375 0.8073098046875 0.6644533046875 0.816255421875 0.64638426875 0.836397909375 0.6292038546875001 0.8435534390624999 0.613225928125 0.8448871734375001 0.5976995375 0.8383096109375 0.5833724234375001 0.8206824765625 0.565021628125 0.8175281546875001 0.5344203796875 0.809756128125 0.5197954546875 0.8055755140624999 0.518753109375 0.8019980609375 0.5193213546875 0.7937348734375 0.524286378125 0.71801086875 0.5479133859374999 0.71308658125 0.5552456 0.714465853125 0.5571016 0.712780934375 0.5856272812500001 0.6979146734375 0.6404153 0.6879951859375 0.6632696484375 0.678351175 0.6729258687499999 0.6400429812499999 0.6862899703124999 0.6188964421875001 0.6840327296875001 0.6059508953125 0.6879816296875 0.601769746875 0.7026507703125 0.574026615625 0.7401386328124999 0.5712038171875 0.7616373296875001 0.5616561531250001 0.7719439734375 0.5600294203125 0.7962783124999999 0.5660097546875 0.8104565203125 0.600500225 0.8196903171875001 0.60886626875 0.8293884921875 0.6291721109374999 0.8344513078125001
6 0.3094862625 0.7140370703125 0.3043407 0.7194131578125 0.3006538171875 0.7303850265625 0.3040767640625 0.8330263671875 0.3107962734375 0.8385068828125 0.3197500015625 0.83693414375 0.38409844843749996 0.8154021046875 0.46568444531250003 0.7934114250000001 0.4707135453125 0.7808716328124999 0.47145417500000003 0.7130391421875 0.47077102968749995 0.6947943265625 0.465166825 0.6829328640625 0.4200620296875 0.6902371078125 0.3425038859375 0.7094268890625 0.3094862625 0.7140370703125
3 0.6372677515625 0.487801878125 0.645595278125 0.4898781625 0.667603353125 0.5080291703125 0.6842125234374999 0.5163915609374999 0.71308658125 0.5552456 0.71801086875 0.5479133859374999 0.7937348734375 0.524286378125 0.8073055640625 0.516132284375 0.810427659375 0.48169052187499994 0.805709940625 0.478692528125 0.748842978125 0.4924472546875 0.706259415625 0.49518936093750004 0.6855308875 0.48334146875000006 0.6682387359375 0.4820662734375 0.6372677515625 0.487801878125
6 0.5290269859375 0.623634425 0.5341504109375 0.646621171875 0.5413986796875 0.66350429375 0.5634052296875 0.679242771875 0.6025795359375 0.6890100234375 0.6188964421875001 0.6840327296875001 0.6400429812499999 0.6862899703124999 0.678351175 0.6729258687499999 0.6879951859375 0.6632696484375 0.6979146734375 0.6404153 0.712780934375 0.5856272812500001 0.714465853125 0.5571016 0.6842125234374999 0.5163915609374999 0.667603353125 0.5080291703125 0.645595278125 0.4898781625 0.6336726625 0.4869055203125 0.59265815 0.48451893593750006 0.5805985578125 0.48935162343750005 0.558899534375 0.5110781171875 0.532500221875 0.505702103125 0.515900209375 0.511814884375 0.5052637921875001 0.5230327796875 0.49335643749999997 0.544185425 0.48868514375 0.5629209625 0.489272725 0.5944253890625 0.4996443484375 0.613293325 0.5290269859375 0.623634425