3 0.617012378125 0.9041667078125 0.6088975203125 0.87925018125 0.5959509093750001 0.8628563453125 0.50428585 0.8624358593749999 0.49086308125 0.8585578109374999 0.4908486109375 0.858354584375 0.465729659375 0.8805788 0.458102228125 0.8855250140625 0.44977547968750003 0.8831056937499999 0.40947141406250004 0.7963177953125 0.408425196875 0.7978577625 0.401033759375 0.8151068265625 0.39996932812499997 0.8271853218749999 0.4146583515625 0.8522515953124999 0.414145975 0.8678156250000001 0.41690084218749995 0.8739297468749999 0.480937571875 0.9548981124999999 0.597248359375 0.944813228125 0.605962196875 0.9434330921875 0.6150621296875001 0.9181719906250001 0.617012378125 0.9041667078125
3 0.7974466828125 0.8418348859375 0.8092949046875001 0.848100228125 0.8423811328124999 0.8548013624999999 0.8654017187499999 0.8527836437499999 0.8791114609375 0.846812671875 0.89596703125 0.8332871234375 0.9076064265625 0.8108174343749999 0.91366294375 0.7702341828125 0.9092130984375 0.7318577671875001 0.8932817390625001 0.696385434375 0.8784455687499999 0.6781090625 0.8777712859375001 0.677708934375 0.87226803125 0.6956026265624999 0.855878790625 0.727127384375 0.849149453125 0.736120409375 0.842230125 0.77574768125 0.8343571671875001 0.7732555156250001 0.8177165953125 0.77853921875 0.7883923671875 0.83299123125 0.7974466828125 0.8418348859375
3 0.849149453125 0.736120409375 0.855878790625 0.727127384375 0.87226803125 0.6956026265624999 0.8822307625000001 0.66320905625 0.8937481984375 0.6406314921875 0.9232839109375 0.5491666234375 0.9249548531249999 0.53192193125 0.9226894812499999 0.5215895953125 0.8977798625 0.49534815312499997 0.8603765687499999 0.47543501250000003 0.8601398765624999 0.48749164062499994 0.848311540625 0.5111765921875 0.8471371921875 0.531304559375 0.8496249875 0.5377044468750001 0.8713262078125 0.5935311640625 0.8754363640625 0.6234163171875 0.87024621875 0.6772092062499999 0.85788168125 0.7171819328125 0.8503995296875001 0.7289611593750001 0.849149453125 0.736120409375
3 0.814776715625 0.7794726875 0.8009844546875 0.7699824671875 0.8007885296874999 0.7698476546874999 0.7733294640625 0.7617330124999999 0.76441566875 0.7653780218749999 0.7638041828125 0.7731550890625 0.7552989859375 0.8147511625 0.745075234375 0.8415260609375 0.7874067578124999 0.83482140625 0.8177165953125 0.77853921875 0.814776715625 0.7794726875
5 0.5603240484375 0.2635661265625 0.555410084375 0.405410271875 0.5593249499999999 0.41133757812500005 0.6327438859375001 0.427756090625 0.6478573078125 0.4177558078125 0.6642730765625 0.4121730484375 0.6879831281250001 0.414979809375 0.7261100765624999 0.3958169640625 0.7730819921875 0.3609359796875 0.7785960843749999 0.3618522875 0.7891796484375 0.394775996875 0.7855401343749999 0.3997853578125 0.7886111671875 0.39786446249999996 0.7928667203125 0.39719045 0.8057353203125001 0.4076159921875 0.8108485 0.41688417187500004 0.8135643234375 0.32166720937500004 0.81576069375 0.312986334375 0.8125184437499999 0.3075477109375 0.7067322203125 0.2897801578125 0.5836131046874999 0.2640440046875 0.5603240484375 0.2635661265625
0 0.4296010953125 0.7563499296875 0.43005683906250003 0.7583927703125 0.43685366718749996 0.7543171015625 0.467499565625 0.73130979375 0.4610486015625 0.711478525 0.46214889374999996 0.692619853125 0.47041693125000006 0.6784647968749999 0.49013885625000003 0.6665828375 0.5043788265625 0.664327446875 0.52185985 0.6539060828125 0.46293152656250003 0.6237179078125 0.4259864125 0.6120230249999999 0.42428018593749994 0.6298396796875 0.3808943109375 0.6418054453125001 0.3789806015625 0.6511647609375 0.3843650265625 0.667292353125 0.40474528125000003 0.68161085 0.4091402765625 0.695065084375 0.43131934687499995 0.7028725328125 0.4296010953125 0.7563499296875
0 0.61498901875 0.701614884375 0.6006958390625 0.701038328125 0.5630209546875 0.7219701015625 0.5809664734375 0.765564384375 0.5850638328125 0.762291771875 0.6143661328125 0.7757631703125 0.6418593390625 0.774238740625 0.6660567390625001 0.7483317296875 0.6706280312499999 0.7481358421875 0.6630117640625001 0.72623476875 0.6657094203125 0.71874616875 0.638302584375 0.72095189375 0.6189534390625 0.716263740625 0.615154703125 0.7085957921875 0.61498901875 0.701614884375
1 0.6330161484375 0.7023420578125 0.61498901875 0.701614884375 0.615154703125 0.7085957921875 0.6189534390625 0.716263740625 0.638302584375 0.72095189375 0.6657094203125 0.71874616875 0.6677733078125 0.713016884375 0.661971496875 0.6921242734375 0.6659331796875 0.6756271515625001 0.6515988734375 0.6906405296875 0.6330161484375 0.7023420578125
3 0.6515988734375 0.6906405296875 0.6659331796875 0.6756271515625001 0.6728615109375 0.6467764093749999 0.6709785875 0.6316396890625 0.6682770609375 0.6339036265625 0.628400553125 0.6402194453125001 0.601993903125 0.6343307421875 0.5908049078125 0.62361393125 0.5890299078125001 0.624489875 0.5796911406249999 0.61397848125 0.579604875 0.6138298109375 0.5745224359375001 0.6177736890625 0.5710679046875 0.624570553125 0.5043788265625 0.664327446875 0.49013885625000003 0.6665828375 0.47041693125000006 0.6784647968749999 0.46214889374999996 0.692619853125 0.4610486015625 0.711478525 0.467499565625 0.73130979375 0.5007482703125 0.706348434375 0.5394134578124999 0.6820009953125 0.549206796875 0.6907297921875 0.556964453125 0.7072573078125 0.5630209546875 0.7219701015625 0.6006958390625 0.701038328125 0.6330161484375 0.7023420578125 0.6515988734375 0.6906405296875
1 0.52551670625 0.5877439250000001 0.5208422640625 0.5976774015624999 0.5141635499999999 0.595051225 0.508504625 0.585444828125 0.5050812312499999 0.5850277984375001 0.5059704968750001 0.5906423984375 0.5047705515625001 0.59135775 0.501993975 0.5902659546875 0.49419495781249995 0.5829150515625 0.4933841515625 0.586880434375 0.5186164046874999 0.61597784375 0.5273114734375 0.6193968828124999 0.5356316609375 0.6113644093749999 0.5382449734375 0.6045204265625 0.539588603125 0.6010016078125 0.52702043125 0.591110509375 0.52551670625 0.5877439250000001
1 0.5828368328125 0.772478128125 0.58305734375 0.783494796875 0.5165494796875 0.8356155125000001 0.4908486109375 0.858354584375 0.49086308125 0.8585578109374999 0.50428585 0.8624358593749999 0.5976158875 0.8628639828125 0.5913247390625 0.772599509375 0.5828368328125 0.772478128125
1 0.7495840921875 0.7573924875 0.763379703125 0.765801646875 0.7733294640625 0.7617330124999999 0.8007885296874999 0.7698476546874999 0.814776715625 0.7794726875 0.8343571671875001 0.7732555156250001 0.842230125 0.77574768125 0.8503995296875001 0.7289611593750001 0.85788168125 0.7171819328125 0.87024621875 0.6772092062499999 0.8754363640625 0.6234163171875 0.8713262078125 0.5935311640625 0.8471371921875 0.531304559375 0.848311540625 0.5111765921875 0.8601398765624999 0.48749164062499994 0.8604835015625 0.46998799375000005 0.8556445671875 0.45517474375000005 0.8439918390625 0.44455662343749996 0.8205957500000001 0.4345520984375 0.8057353203125001 0.4076159921875 0.7928667203125 0.39719045 0.7886111671875 0.39786446249999996 0.7855401343749999 0.3997853578125 0.7798738203125 0.4075843703125 0.7194013140625 0.458920871875 0.7177334078125 0.4675942828125 0.71972823125 0.468763815625 0.7293231265625 0.49568019375 0.7370460453125001 0.551921540625 0.7368450156249999 0.5768349328125 0.731740640625 0.5894917453125 0.701699534375 0.6167616687499999 0.68135206875 0.6229464796874999 0.6709785875 0.6316396890625 0.6728615109375 0.6467764093749999 0.661971496875 0.6921242734375 0.6677733078125 0.713016884375 0.6630117640625001 0.72623476875 0.6710225328125 0.7492702609374999 0.6820673265625 0.7599846671875 0.717423903125 0.755007921875 0.7289142671875 0.7606662656250001 0.7495840921875 0.7573924875
6 0.4082621265625 0.7714618093750001 0.405626215625 0.77842105625 0.406519471875 0.78996129375 0.44977547968750003 0.8831056937499999 0.458102228125 0.8855250140625 0.465729659375 0.8805788 0.5165494796875 0.8356155125000001 0.58305734375 0.783494796875 0.5827869671875 0.76998683125 0.556964453125 0.7072573078125 0.549206796875 0.6907297921875 0.5394134578124999 0.6820009953125 0.5007482703125 0.706348434375 0.43685366718749996 0.7543171015625 0.4082621265625 0.7714618093750001
3 0.6215894453125 0.43513678593750005 0.63006624375 0.43379419218750004 0.657416946875 0.4419030421875 0.675973215625 0.44311094375 0.7177334078125 0.4675942828125 0.7194013140625 0.458920871875 0.7798738203125 0.4075843703125 0.7891796484375 0.394775996875 0.7785960843749999 0.3618522875 0.7730819921875 0.3609359796875 0.7261100765624999 0.3958169640625 0.6879831281250001 0.414979809375 0.6642730765625 0.4121730484375 0.6478573078125 0.4177558078125 0.6215894453125 0.43513678593750005
6 0.5750273 0.602464340625 0.5887250749999999 0.6216218718750001 0.601993903125 0.6343307421875 0.628400553125 0.6402194453125001 0.6682770609375 0.6339036265625 0.68135206875 0.6229464796874999 0.701699534375 0.6167616687499999 0.731740640625 0.5894917453125 0.7368450156249999 0.5768349328125 0.7370460453125001 0.551921540625 0.7293231265625 0.49568019375 0.71972823125 0.468763815625 0.675973215625 0.44311094375 0.657416946875 0.4419030421875 0.63006624375 0.43379419218750004 0.6179299140625 0.4357163984375 0.57924334375 0.4495451828125 0.5700307125 0.458705753125 0.5585458734375 0.48718357812499996 0.5321446015625 0.49254996562500003 0.5192526625 0.5046629515625 0.5138449703125 0.5191450578125 0.5111491890625001 0.54326874375 0.5141697984375 0.56234011875 0.52702043125 0.591110509375 0.54393985 0.60442601875 0.5750273 0.602464340625