3 0.41001051874999994 0.9463155406249999 0.5264669515625 0.954549834375 0.5352894078125 0.954549834375 0.5482290125 0.9310232828125 0.552346159375 0.9174955140625001 0.5482290125 0.8916163078125001 0.53800635625 0.8733990109375 0.447535625 0.8586441265625 0.434884771875 0.852714040625 0.43490227187499997 0.8525110515625001 0.40661594375 0.87053218125 0.398308659375 0.87422430625 0.3904628921875 0.87053218125 0.3642316546875 0.778507840625 0.3629574140625 0.779865184375 0.35295862968749997 0.7957456078125 0.3500178109375 0.8075088828125001 0.36060475937500003 0.83456441875 0.357663940625 0.8498566765625 0.35942843125 0.8563264796875 0.41001051874999994 0.9463155406249999
3 0.7948802625 0.82588935625 0.7874940953125 0.822196271875 0.77023184375 0.8248117640625001 0.7327504734375 0.8740060625 0.7403098625 0.88415724375 0.7510320984375001 0.8921989203124999 0.7826626921875001 0.9039933781249999 0.805715496875 0.9056017140625 0.820190515625 0.90184893125 0.8389544265625 0.891126696875 0.85396555625 0.87075445 0.8662961265625 0.8316182921875 0.8679044609375 0.7930182453125 0.8577183375 0.755490421875 0.8459238796875 0.735118175 0.8453204921875 0.7346174921874999 0.8370858015625 0.751429984375 0.81596678125 0.780002778125 0.8079134734375 0.7878323828125 0.7948802625 0.82588935625
3 0.8515075546875 0.68062804375 0.8379662453125001 0.7329467359375 0.8195008250000001 0.7704930921875001 0.8102681140625 0.7809568312499999 0.8079134734375 0.7878323828125 0.81596678125 0.780002778125 0.8370858015625 0.751429984375 0.8519933468750001 0.720993746875 0.8669008921874999 0.7004958734375 0.9103812296875 0.6147774921875 0.9147292640625 0.5980065046874999 0.9141081156249999 0.58744699375 0.8936102421875001 0.5576319046875 0.8597825453124999 0.5321127640625 0.8576626953125001 0.5439839281250001 0.84227484375 0.56552691875 0.8379662453125001 0.58522336875 0.8394222484375 0.591933640625 0.8521230687499999 0.6504678562499999 0.8515075546875 0.68062804375
3 0.7029179015625 0.8508136140625 0.6886315046875 0.8756595218750001 0.7314906953125 0.8756595218750001 0.77023184375 0.8248117640625001 0.76718213125 0.8252738421875 0.7550442734375 0.8137428765625 0.75487185 0.813579075 0.7290202609375 0.80126879375 0.7196460046875 0.8034745015625001 0.7178254453124999 0.8110601624999999 0.7029179015625 0.8508136140625
5 0.8411285390625001 0.3646846375 0.83877699375 0.3588057734375 0.7370726328125 0.32470835781249996 0.6194953390625 0.2800289859375 0.5965677656249999 0.2759137796875 0.5695249875 0.415242875 0.5724644203125 0.4217096265625 0.6424110265625 0.4494112515625 0.6589027656249999 0.44189834843750003 0.6759897640625 0.4389523140625 0.69896883125 0.44543358906249997 0.7396241031249999 0.43247103906250006 0.7914743046875 0.40536752343750004 0.7967771671875 0.40713514375 0.802080028125 0.44130914218750006 0.7977016859375 0.44568748437499994 0.801035403125 0.4442706546875 0.8053440015625 0.4442706546875 0.8164232546875001 0.45658093437499997 0.82002361875 0.466534884375 0.8376012203125001 0.3729150484375 0.8411285390625001 0.3646846375
0 0.3596183953125 0.6471434109375 0.377507828125 0.6644737984375 0.3797440078125 0.6784499171875 0.4004286640625 0.6896308140625 0.3903658578125 0.742181021875 0.3904964203125 0.7442700062500001 0.39784714375 0.7413077734375 0.4317148765625 0.7233777984375 0.428445628125 0.7027815328125 0.4324825203125 0.684327165625 0.442863103125 0.6716397875 0.464200965625 0.662989303125 0.4786184390625 0.662989303125 0.497514503125 0.655430878125 0.44403415625 0.6163959484375 0.40937338125 0.599065559375 0.40490102187500004 0.6163959484375 0.360177440625 0.62142735 0.356823171875 0.6303720671875 0.3596183953125 0.6471434109375
0 0.629449821875 0.7419757046875 0.6020353593750001 0.7398669 0.5836578218749999 0.7322095921875 0.5811053859374999 0.724041796875 0.582033796875 0.717120915625 0.5680067828124999 0.7143155125 0.5275212875 0.72909593125 0.53842621875 0.77496079375 0.5429850828125 0.772369440625 0.56981923125 0.7902588734375 0.597212425 0.793054096875 0.6251646640625 0.7712513515625 0.62971031875 0.7717729828125 0.625613903125 0.7489501015625 0.629449821875 0.7419757046875
1 0.6323845578125 0.7366398203125 0.6299225015625 0.7150968296875 0.636416128125 0.6994225578125 0.619909690625 0.7120087171875 0.5997252265624999 0.7206592015625 0.582033796875 0.717120915625 0.5811053859374999 0.724041796875 0.5836578218749999 0.7322095921875 0.6020353593750001 0.7398669 0.629449821875 0.7419757046875 0.6323845578125 0.7366398203125
3 0.523840940625 0.7136168296875 0.5275212875 0.72909593125 0.5680067828124999 0.7143155125 0.5997252265624999 0.7206592015625 0.619909690625 0.7120087171875 0.636416128125 0.6994225578125 0.647772409375 0.672010846875 0.6482805734375 0.6567659296875 0.6452581484375 0.6585793828125001 0.604884575 0.6585793828125001 0.5797242312499999 0.6486322703125 0.57034946875 0.63629705625 0.5684592953125 0.63688454375 0.5608798484374999 0.6250416578125 0.5608179015625 0.6248813234374999 0.5551810765625 0.6279815765625 0.5507058125000001 0.634154353125 0.4786184390625 0.662989303125 0.464200965625 0.662989303125 0.442863103125 0.6716397875 0.4324825203125 0.684327165625 0.428445628125 0.7027815328125 0.4317148765625 0.7233777984375 0.46845905156249995 0.7039249984375 0.510456984375 0.685925884375 0.5187642671875 0.6960792312499999 0.523840940625 0.7136168296875
1 0.51777174375 0.6155673484374999 0.5214235171875 0.6092164390625 0.52330106875 0.6059511328125 0.5124349406250001 0.5942157140625 0.5114763796874999 0.5906553437500001 0.5053055484375 0.5997352796875 0.4991198859375 0.5960966546875001 0.495033403125 0.5857232765625 0.4917173953125 0.5847758453125 0.4917173953125 0.59046043125 0.4904203171875 0.5909792625 0.48784871875 0.5894665578125 0.48129565625000004 0.580986121875 0.479874509375 0.5847758453125 0.5002442734375 0.6174622109375 0.5082974359375 0.6221993640625 0.51777174375 0.6155673484374999
1 0.434884771875 0.852714040625 0.447535625 0.8586441265625 0.539649640625 0.8736670140625 0.547556421875 0.78352969375 0.5391920031249999 0.78208200625 0.5376864125 0.7929975359375 0.46384389531250003 0.8340724375 0.43490227187499997 0.8525110515625001 0.434884771875 0.852714040625
1 0.6299225015625 0.7729551484375 0.6391552125 0.7852654296875 0.6748550265625 0.78588094375 0.6853187640625 0.7932671124999999 0.7062462421875 0.7932671124999999 0.7185565234375 0.80373085 0.7290202609375 0.80126879375 0.75487185 0.813579075 0.76718213125 0.8252738421875 0.7874940953125 0.822196271875 0.7948802625 0.82588935625 0.8102681140625 0.7809568312499999 0.8195008250000001 0.7704930921875001 0.8379662453125001 0.7329467359375 0.8515075546875 0.68062804375 0.8521230687499999 0.6504678562499999 0.8379662453125001 0.58522336875 0.84227484375 0.56552691875 0.8576626953125001 0.5439839281250001 0.8607402640625 0.526749534375 0.8582782078125 0.511361684375 0.848429984375 0.499051403125 0.8268869921875 0.48551009531249995 0.8164232546875001 0.45658093437499997 0.8053440015625 0.4442706546875 0.801035403125 0.4442706546875 0.7977016859375 0.44568748437499994 0.7908850984375 0.45250407187499997 0.7231263109375 0.4937485515625 0.72012211875 0.502054259375 0.721909428125 0.5035214531250001 0.7271755453125001 0.53160741875 0.726005296875 0.5883644718750001 0.721909428125 0.612939690625 0.7148879359375 0.6246421765625 0.6809507296875 0.6468768984375 0.65988625625 0.64980251875 0.6482805734375 0.6567659296875 0.647772409375 0.672010846875 0.6299225015625 0.7150968296875 0.6323845578125 0.7366398203125 0.625613903125 0.7489501015625 0.6299225015625 0.7729551484375
6 0.5187642671875 0.6960792312499999 0.510456984375 0.685925884375 0.46845905156249995 0.7039249984375 0.39784714375 0.7413077734375 0.3669255890625 0.7537686984375 0.3632334640625 0.76022991875 0.3623104328125 0.7717678125 0.3904628921875 0.87053218125 0.398308659375 0.87422430625 0.40661594375 0.87053218125 0.46384389531250003 0.8340724375 0.5376864125 0.7929975359375 0.5395324765625 0.7796135796875 0.523840940625 0.7136168296875 0.5187642671875 0.6960792312499999
3 0.7396241031249999 0.43247103906250006 0.69896883125 0.44543358906249997 0.6759897640625 0.4389523140625 0.6589027656249999 0.44189834843750003 0.6302393203125 0.4549561390625 0.6388217828125 0.4549561390625 0.6645672499999999 0.4672437484375 0.6827061015625 0.47133961874999997 0.72012211875 0.502054259375 0.7231263109375 0.4937485515625 0.7908850984375 0.45250407187499997 0.802080028125 0.44130914218750006 0.7967771671875 0.40713514375 0.7914743046875 0.40536752343750004 0.7396241031249999 0.43247103906250006
6 0.5042432015625 0.5444801515625 0.5042432015625 0.5637892531250001 0.5124349406250001 0.5942157140625 0.5270630484375001 0.61001406875 0.5580746343749999 0.612939690625 0.5686068703125 0.6340041640625 0.5797242312499999 0.6486322703125 0.604884575 0.6585793828125001 0.6452581484375 0.6585793828125001 0.65988625625 0.64980251875 0.6809507296875 0.6468768984375 0.7148879359375 0.6246421765625 0.721909428125 0.612939690625 0.726005296875 0.5883644718750001 0.7271755453125001 0.53160741875 0.721909428125 0.5035214531250001 0.6827061015625 0.47133961874999997 0.6645672499999999 0.4672437484375 0.6388217828125 0.4549561390625 0.626534171875 0.4549561390625 0.5861605984375 0.4625627546875 0.5756283609375 0.47016937031249995 0.55983000625 0.4964999625 0.5329142906250001 0.4976702109375 0.518286184375 0.5076173234375 0.51067956875 0.52107518125 0.5042432015625 0.5444801515625