3 0.37268572187500004 0.730495196875 0.37317635937500004 0.7333352640624999 0.3844708984375 0.7368303046875 0.3916229453125 0.7443692359375 0.39485463125 0.7522820453125 0.399099190625 0.73645526875 0.41106429999999994 0.7201694562500001 0.4164385234375 0.7170784 0.40364571250000003 0.7135482343749999 0.388889 0.7186189390625 0.37268572187500004 0.730495196875
3 0.39961044375 0.8197763109375 0.3912427484375 0.7969750171875 0.389997003125 0.8009278625 0.37566519375 0.8142962234375 0.36352600156250003 0.8199232984375 0.3716264546875 0.8358711609375 0.3834444984375 0.839477475 0.41318854531250004 0.8341308812499999 0.39961044375 0.8197763109375
6 0.47538610625000005 0.82385866875 0.458069403125 0.7821159828125 0.4470602875 0.7441694375 0.4496082484375 0.7351735703125 0.45945434687500003 0.7253656656249999 0.42701210625 0.7184698546875 0.4315598625 0.7083811578125 0.41106429999999994 0.7201694562500001 0.399099190625 0.73645526875 0.39031493125 0.7692093234375 0.3911488328125 0.7967191046875 0.39961044375 0.8197763109375 0.413992846875 0.8349811765625 0.43429604375 0.842333703125 0.456488584375 0.8379400296874999 0.47538610625000005 0.82385866875
1 0.65049280625 0.406497278125 0.6554170187499999 0.40421467968749997 0.6580956578125 0.40121950625 0.6499910625 0.3989045671875 0.65049280625 0.406497278125
5 0.433311625 0.5394227593750001 0.42820036406249995 0.5186462953125 0.427647878125 0.5094543625 0.4072588421875 0.557524940625 0.40858406562500005 0.563530428125 0.47068362031250005 0.6047979078125 0.47566625625 0.5941572015625 0.433311625 0.5394227593750001
6 0.742097184375 0.641834053125 0.702301065625 0.6457835359375 0.70611238125 0.665034575 0.7005744890625001 0.703948246875 0.7220672312499999 0.6964700015624999 0.745667815625 0.6417579328125 0.742097184375 0.641834053125
3 0.7318629 0.734359021875 0.809172015625 0.7507915828125 0.8629737265624999 0.6228538171875 0.8587372406249999 0.628333221875 0.83464279375 0.6398611125 0.8010717640625 0.6405767984375 0.745667815625 0.6417579328125 0.7110085671874999 0.7221067531250001 0.710478484375 0.7246005953125 0.7318629 0.734359021875
3 0.697788603125 0.36590666562499996 0.676236371875 0.38093510625000004 0.6554170187499999 0.40421467968749997 0.669236225 0.397808840625 0.6747972828125001 0.39771229531249996 0.6857263078125 0.3863970859375 0.6990507640625 0.379852990625 0.7422590546875 0.3653118125 0.7403628296875 0.35993605 0.730977078125 0.35502048125 0.697788603125 0.36590666562499996
5 0.6243992125 1 0.7289918109375 0.913458609375 0.6592599859375 0.736058603125 0.6325693421875 0.749459146875 0.6209847765625 0.7501725828125 0.6081084890625 0.756963078125 0.45945434687500003 0.7253656656249999 0.4496082484375 0.7351735703125 0.4470602875 0.7441694375 0.458069403125 0.7821159828125 0.5484572859375 1 0.6243992125 1
0 0.6987486890625 0.71677776875 0.70611238125 0.665034575 0.702301065625 0.6457835359375 0.6944955125 0.64655818125 0.695426903125 0.6599236390625001 0.6891209218750001 0.6776381312499999 0.6858065875 0.720124684375 0.6787871703125 0.726254609375 0.66285898125 0.734251659375 0.6871989593750001 0.7397654421875 0.6987486890625 0.71677776875
3 0.7790890171875 0.4008006203125 0.8147703046875 0.3409091125 0.6990507640625 0.379852990625 0.6857263078125 0.3863970859375 0.6747972828125001 0.39771229531249996 0.669236225 0.397808840625 0.65049280625 0.406497278125 0.6505761390625 0.40775830781250005 0.6589461203125 0.4311329203125 0.6613483734375001 0.45243219218749997 0.6633744796875 0.45083812187500005 0.677811146875 0.4455820703125 0.697716740625 0.4459282921875 0.754026890625 0.437743534375 0.7556488453125 0.43467708125 0.7790890171875 0.4008006203125
5 0.4706910296875 0.6288061078125 0.4896369421875 0.61295855625 0.5037191578125 0.607357390625 0.517004428125 0.608032653125 0.529383515625 0.615498278125 0.5366679859375 0.626715378125 0.5387163328125 0.6448767875 0.5355483796875 0.65978083125 0.5284874484375 0.6727830890625001 0.5134667828125 0.6878535203125 0.502686640625 0.6930822609375 0.48496219218750003 0.6930748765625 0.47258310468750003 0.6856092515625 0.4616241328125 0.671462503125 0.45898988125000006 0.6613241125 0.44504055625000005 0.6784757203125 0.42701210625 0.7184698546875 0.6081084890625 0.756963078125 0.6209847765625 0.7501725828125 0.6325693421875 0.749459146875 0.6787871703125 0.726254609375 0.6858065875 0.720124684375 0.6891209218750001 0.6776381312499999 0.695426903125 0.6599236390625001 0.6944955125 0.64655818125 0.66556071875 0.6494297546875 0.6519012515625 0.6431964812500001 0.64205870625 0.6294498578125001 0.6332909890625 0.6237013796875 0.6231688953125001 0.6243247484375 0.6064030328125 0.6196511015625 0.594582740625 0.6021542296875 0.5901167421875 0.584000653125 0.5888904859374999 0.553216246875 0.5927150343750001 0.527390265625 0.6009003468749999 0.5019362140625 0.6115739125 0.4908854921875 0.64097823125 0.4804862515625 0.6533781046875 0.4587029203125 0.6613483734375001 0.45243219218749997 0.6589461203125 0.4311329203125 0.6505761390625 0.40775830781250005 0.6486178687499999 0.378124596875 0.6446222703125 0.37600498125000004 0.638210559375 0.382264078125 0.630007903125 0.3551140578125 0.5522215375 0.3385800546875 0.4602115515625 0.3799983125 0.435066684375 0.393708475 0.4222432625 0.40622666875 0.419659825 0.4183807875 0.4241399375 0.45109118125 0.42820036406249995 0.5186462953125 0.433311625 0.5394227593750001 0.47566625625 0.5941572015625 0.46403480625000004 0.618996840625 0.463480075 0.641079721875 0.4706910296875 0.6288061078125
3 0.6519012515625 0.6431964812500001 0.66556071875 0.6494297546875 0.742097184375 0.641834053125 0.83464279375 0.6398611125 0.8587372406249999 0.628333221875 0.8686874265625001 0.615463809375 0.874204946875 0.58167301875 0.8749346906250001 0.49648149531249997 0.84257728125 0.552331284375 0.8211556921875 0.5848968609375 0.8098698375 0.5888777843749999 0.7269277890625 0.5097697703125 0.724576759375 0.501730271875 0.7255900390625001 0.49150596875 0.754026890625 0.437743534375 0.697716740625 0.4459282921875 0.677811146875 0.4455820703125 0.6633744796875 0.45083812187500005 0.6533781046875 0.4587029203125 0.64097823125 0.4804862515625 0.6115739125 0.4908854921875 0.6009003468749999 0.5019362140625 0.5927150343750001 0.527390265625 0.5888904859374999 0.553216246875 0.5901167421875 0.584000653125 0.594582740625 0.6021542296875 0.6064030328125 0.6196511015625 0.6231688953125001 0.6243247484375 0.6332909890625 0.6237013796875 0.64205870625 0.6294498578125001 0.6519012515625 0.6431964812500001
3 0.517004428125 0.608032653125 0.5037191578125 0.607357390625 0.4896369421875 0.61295855625 0.4706910296875 0.6288061078125 0.46227451249999996 0.6431316859375 0.458669603125 0.66009145625 0.4616241328125 0.671462503125 0.47258310468750003 0.6856092515625 0.48496219218750003 0.6930748765625 0.502686640625 0.6930822609375 0.5134667828125 0.6878535203125 0.5284874484375 0.6727830890625001 0.5355483796875 0.65978083125 0.5387163328125 0.6448767875 0.5366679859375 0.626715378125 0.529383515625 0.615498278125 0.517004428125 0.608032653125
6 0.9334425109375 0.3431322109375 0.8883095734375 0.293520121875 0.8727800265625 0.27107979531250004 0.863145471875 0.267291959375 0.8522269 0.2777307578125 0.8410858625 0.297401990625 0.839871521875 0.3058436109375 0.8241732421875 0.325126153125 0.7790890171875 0.4008006203125 0.7556488453125 0.43467708125 0.7255900390625001 0.49150596875 0.724576759375 0.501730271875 0.7269277890625 0.5097697703125 0.8098698375 0.5888777843749999 0.8211556921875 0.5848968609375 0.84257728125 0.552331284375 0.9460929828125 0.3736603078125 0.9466692984374999 0.3627631421875 0.9334425109375 0.3431322109375