3 0.376727809375 0.73268203125 0.3772679359375 0.7355131046875 0.3886217515625 0.7388104953125 0.3959042828125 0.7462234578125 0.399273575 0.7540786609375 0.403241271875 0.73818021875 0.4149203328125 0.721688065625 0.420239790625 0.7185036859375 0.40738731875 0.715197325 0.3927213484375 0.720524796875 0.376727809375 0.73268203125
3 0.4052066 0.8214796468750001 0.396442240625 0.7988278625 0.395265671875 0.8028018453125 0.38116935625 0.8164182953125 0.36913021874999996 0.8222563718749999 0.3775077671875 0.8380604328124999 0.3893869484375 0.8414599453125 0.4190331546875 0.835595059375 0.4052066 0.8214796468750001
6 0.48104196874999994 0.8242389140625 0.4629993921875 0.7828048046875 0.4513296953125 0.745056175 0.45372026875 0.7360172109375 0.46339369531249996 0.7260389609375 0.430836046875 0.71971039375 0.4352070375 0.7095438656249999 0.4149203328125 0.721688065625 0.403241271875 0.73818021875 0.39502998749999996 0.7710825906250001 0.3963438734375 0.798573628125 0.4052066 0.8214796468750001 0.41985217343750003 0.8364311890625 0.4402805984375 0.84342825625 0.46239307656250006 0.8386479375 0.48104196874999994 0.8242389140625
1 0.6488380390625 0.40388505781250006 0.6537216625 0.4015168671875 0.656347621875 0.39847540000000004 0.6482038593749999 0.39630225937499997 0.6488380390625 0.40388505781250006
5 0.43400980312500004 0.5405806281250001 0.428536721875 0.51989653125 0.42782390000000003 0.510715640625 0.408276915625 0.5591347359375 0.4097067484375 0.5651161796874999 0.47251706093749996 0.6052935890625 0.47731323281250004 0.59456754375 0.43400980312500004 0.5405806281250001
6 0.74453565625 0.6375872734375 0.704814528125 0.6422306921875001 0.7089612390625 0.6614122828125 0.704103328125 0.7004166781250001 0.7254622828125 0.6925644703125 0.7481044156250001 0.637448846875 0.74453565625 0.6375872734375
3 0.7359177156250001 0.7302767625000001 0.8135018437499999 0.7453575890625 0.8650625390625001 0.6165003421875 0.8609223265624999 0.6220528484375001 0.8370327390625001 0.6339994890625 0.8034793125 0.6353009609375 0.7481044156250001 0.637448846875 0.7148527265625 0.7183903171875 0.7143662484375 0.7208930312499999 0.7359177156250001 0.7302767625000001
3 0.695418228125 0.3624752015625 0.6741315625000001 0.3778774921875 0.6537216625 0.4015168671875 0.6674269671874999 0.3948708265625 0.6729854937499999 0.394677240625 0.6837153765624999 0.38317301718749996 0.69692359375 0.376397375 0.7398715250000001 0.36110432187499997 0.73788176875 0.355762471875 0.7284116578125001 0.35101145625 0.695418228125 0.3624752015625
5 0.6304850421875 1 0.73617278125 0.9093991796875001 0.663355521875 0.73324318125 0.6369028140624999 0.7471075 0.6253324640625 0.7480230046874999 0.6125766484375 0.7550371890625 0.46339369531249996 0.7260389609375 0.45372026875 0.7360172109375 0.4513296953125 0.745056175 0.4629993921875 0.7828048046875 0.5575775296875001 1 0.6304850421875 1
0 0.7025017124999999 0.713276109375 0.7089612390625 0.6614122828125 0.704814528125 0.6422306921875001 0.6970236828124999 0.6431414453125 0.698188190625 0.6564886125 0.69219233125 0.6743104609375 0.6896199937499999 0.7168483859375 0.682708628125 0.7230998843750001 0.66692243125 0.7313737 0.6913549328124999 0.7364618515625 0.7025017124999999 0.713276109375
3 0.77731524375 0.3959449546875 0.8119458453125 0.3354398421875 0.69692359375 0.376397375 0.6837153765624999 0.38317301718749996 0.6729854937499999 0.394677240625 0.6674269671874999 0.3948708265625 0.6488380390625 0.40388505781250006 0.648943365625 0.405144440625 0.657720015625 0.4283694171875 0.6604936265625 0.44962352031249997 0.6624916046875 0.44799433125 0.6768343421874999 0.442487125 0.6967429468749999 0.4424858953125 0.7529016765625001 0.4333196359375 0.7544698671875001 0.4302253421875 0.77731524375 0.3959449546875
5 0.47294347031250006 0.6292980015625 0.49160991875000004 0.6131222125 0.5055922359375 0.60727613125 0.51888726875 0.6077194312499999 0.5313947640625 0.6149678749999999 0.5388738890625 0.626056134375 0.541238884375 0.6441790296875001 0.5383315265624999 0.659136090625 0.5314985906249999 0.6722595984375 0.5167432265625 0.68758988125 0.5060559812500001 0.6930059640625 0.488334103125 0.6933079171875 0.47582660781249997 0.6860594734375 0.4646224109375 0.672106140625 0.461811621875 0.6620152671875 0.44816375781250006 0.6794077109375001 0.430836046875 0.71971039375 0.6125766484375 0.7550371890625 0.6253324640625 0.7480230046874999 0.6369028140624999 0.7471075 0.682708628125 0.7230998843750001 0.6896199937499999 0.7168483859375 0.69219233125 0.6743104609375 0.698188190625 0.6564886125 0.6970236828124999 0.6431414453125 0.6681434109375 0.6465175624999999 0.6543772390625 0.6405236296875 0.64429628125 0.626950875 0.6354295750000001 0.621356290625 0.6253199015625001 0.6221562203125 0.6084750265625 0.6177758890625 0.5963511718750001 0.600487975 0.5915690296875 0.5824151046875 0.5898056984375 0.5516567890624999 0.593178940625 0.5257679937499999 0.6009187703125 0.5001749640625001 0.61139785 0.488939646875 0.6406161984375001 0.47802881406250003 0.6526340109375 0.45603239218749997 0.6604936265625 0.44962352031249997 0.657720015625 0.4283694171875 0.648943365625 0.405144440625 0.6464682140625 0.3755494203125 0.6424362312499999 0.37349985937499997 0.636134734375 0.379869903125 0.62745949375 0.3528671734375 0.5493964171875 0.33769324843750004 0.45812329218750003 0.3807109921875 0.43322153124999996 0.39485790625 0.4206185359375 0.4075979921875 0.418247609375 0.4197953484375 0.42329791562499997 0.45242257031250005 0.428536721875 0.51989653125 0.43400980312500004 0.5405806281250001 0.47731323281250004 0.59456754375 0.46611706406250003 0.6196063953125 0.46594781875 0.6416955953125 0.47294347031250006 0.6292980015625
3 0.6543772390625 0.6405236296875 0.6681434109375 0.6465175624999999 0.74453565625 0.6375872734375 0.8370327390625001 0.6339994890625 0.8609223265624999 0.6220528484375001 0.8706463937500001 0.609011740625 0.8755733453125 0.5751298031250001 0.8748161796874999 0.48993851875 0.8434384109374999 0.546344515625 0.822588434375 0.579278990625 0.8113737750000001 0.5834562734375 0.7270637328125 0.505807846875 0.724572753125 0.49781060468750005 0.7254074390625 0.48757017343750003 0.7529016765625001 0.4333196359375 0.6967429468749999 0.4424858953125 0.6768343421874999 0.442487125 0.6624916046875 0.44799433125 0.6526340109375 0.45603239218749997 0.6406161984375001 0.47802881406250003 0.61139785 0.488939646875 0.6009187703125 0.5001749640625001 0.593178940625 0.5257679937499999 0.5898056984375 0.5516567890624999 0.5915690296875 0.5824151046875 0.5963511718750001 0.600487975 0.6084750265625 0.6177758890625 0.6253199015625001 0.6221562203125 0.6354295750000001 0.621356290625 0.64429628125 0.626950875 0.6543772390625 0.6405236296875
3 0.51888726875 0.6077194312499999 0.5055922359375 0.60727613125 0.49160991875000004 0.6131222125 0.47294347031250006 0.6292980015625 0.46477825156249997 0.6437682859375 0.46146987812500007 0.6607883890624999 0.4646224109375 0.672106140625 0.47582660781249997 0.6860594734375 0.488334103125 0.6933079171875 0.5060559812500001 0.6930059640625 0.5167432265625 0.68758988125 0.5314985906249999 0.6722595984375 0.5383315265624999 0.659136090625 0.541238884375 0.6441790296875001 0.5388738890625 0.626056134375 0.5313947640625 0.6149678749999999 0.51888726875 0.6077194312499999
6 0.930638775 0.3355914875 0.8846468609375 0.286774634375 0.8687280421875 0.2646087515625 0.8590288484374999 0.26098964062499996 0.848294121875 0.2716174046875 0.837498090625 0.291480078125 0.8364312625 0.29994160625 0.8210719 0.319495184375 0.77731524375 0.3959449546875 0.7544698671875001 0.4302253421875 0.7254074390625 0.48757017343750003 0.724572753125 0.49781060468750005 0.7270637328125 0.505807846875 0.8113737750000001 0.5834562734375 0.822588434375 0.579278990625 0.8434384109374999 0.546344515625 0.9438201078124999 0.3658941546875 0.9442061562499999 0.354988590625 0.930638775 0.3355914875