3 0.4587835625 0.733848996875 0.4633976796875 0.7297081234375 0.450150459375 0.7289148765625 0.436770475 0.7369428671875 0.423390490625 0.7519284500000001 0.4244608890625 0.754604446875 0.43623527500000003 0.7556748453125001 0.44479846562500003 0.7615620390625 0.449604696875 0.768630028125 0.45046592968750004 0.7522666124999999 0.4587835625 0.733848996875
3 0.43302407968749995 0.8413067468750001 0.44426326562499996 0.85522193125 0.45657285156249994 0.8562923296875 0.48455529999999997 0.8448784359375001 0.46828942968750004 0.83366059375 0.4553639328125 0.8130973046875001 0.45496725312499997 0.817222775 0.4437280671875 0.83327875625 0.43302407968749995 0.8413067468750001
6 0.46828942968750004 0.83366059375 0.48551881249999995 0.8455429265625 0.5069070124999999 0.8485135109374999 0.5277010953125 0.8396017609375 0.5432579828125 0.8218990953124999 0.5176408984374999 0.7846689328124999 0.49898282812500006 0.749840534375 0.4996047640625 0.7405114984375001 0.5071965234375 0.7288707999999999 0.474029503125 0.7288707999999999 0.47638032187499996 0.718057034375 0.4587835625 0.733848996875 0.45046592968750004 0.7522666124999999 0.4486835796875 0.7861312625 0.45521886250000004 0.8128665109375 0.46828942968750004 0.83366059375
1 0.62776386875 0.3772513234375 0.6321058953125 0.373994803125 0.63410326875 0.3705081609375 0.625694475 0.36992885000000003 0.62776386875 0.3772513234375
5 0.42124556718750006 0.575549853125 0.4237904421875 0.5811485765625 0.49311296406249994 0.608603040625 0.495774390625 0.5971589109375001 0.442965378125 0.5524265703125 0.43364614062499995 0.5331668125 0.43119461875000004 0.5242906140625 0.42124556718750006 0.575549853125
6 0.7359209484375 0.618575 0.7385946796875 0.6577897078125 0.7580629390625 0.6460062875 0.7697725156249999 0.5875829703125001 0.7662957375 0.5883998046875 0.7281904031249999 0.600537059375 0.7359209484375 0.618575
3 0.8237201828125 0.57490851875 0.7697725156249999 0.5875829703125001 0.7525761140625 0.6733820390624999 0.7525761140625 0.6759315953125 0.7755221203125 0.6810307078125 0.8545583671875001 0.6810307078125 0.880584625 0.5447026859374999 0.8775799484375 0.5509431671875 0.8564088062499999 0.5672286625 0.8237201828125 0.57490851875
3 0.669721059375 0.3410935109375 0.7089618640625 0.31788658281250004 0.7059893921875 0.313022540625 0.6957867375 0.310165796875 0.6655868765624999 0.3277143640625 0.6476302015625001 0.34689535781249997 0.6321058953125 0.373994803125 0.6442912703125 0.36485577343750003 0.6497107328125 0.363605128125 0.6580483687500001 0.3502649109375 0.669721059375 0.3410935109375
5 0.6703547734375 0.7195515625 0.6591716875 0.7288707999999999 0.5071965234375 0.7288707999999999 0.4996047640625 0.7405114984375001 0.49898282812500006 0.749840534375 0.5176408984374999 0.7846689328124999 0.6575764265624999 0.9880419 0.6799661109375 0.9886638359375001 0.7054654734375 0.9886638359375001 0.80995066875 0.856813471875 0.7048591171874999 0.69778814375 0.6815378578125 0.71644515 0.6703547734375 0.7195515625
0 0.7275127625 0.6766830703125 0.7219212203125001 0.6841384609375 0.7080037796875 0.6952724124999999 0.7329582515624999 0.6956051390625 0.7394761859375001 0.670718478125 0.7359209484375 0.618575 0.7281904031249999 0.600537059375 0.7207164781250001 0.6029176421875 0.72440635 0.6157973859375 0.7219212203125001 0.6344358609375 0.7275127625 0.6766830703125
3 0.6626114234375 0.40980221562499997 0.682154015625 0.4060022671875 0.735531946875 0.3862888265625 0.73648090625 0.382952159375 0.7523655421875 0.3449424953125 0.7748149625 0.278941203125 0.669721059375 0.3410935109375 0.6580483687500001 0.3502649109375 0.6497107328125 0.363605128125 0.6442912703125 0.36485577343750003 0.62776386875 0.3772513234375 0.6281075625 0.3784674703125 0.6411544953125 0.399591075 0.6479326203125 0.41992545000000003 0.6495830265625 0.4179449625 0.6626114234375 0.40980221562499997
5 0.442965378125 0.5524265703125 0.495774390625 0.5971589109375001 0.48956156562500003 0.6238740578125 0.493610246875 0.6455897109375 0.49811179687499996 0.6320850625000001 0.5133488046875 0.6126447421875 0.5259587421874999 0.6042381171875 0.5390940921875 0.6021364609375001 0.5527548578125 0.6068651875 0.5622123109375 0.616322640625 0.567991865625 0.6336613046874999 0.567991865625 0.6488983125 0.563788553125 0.663084490625 0.55222944375 0.68094856875 0.542771990625 0.688304365625 0.525433328125 0.6919822640625 0.5117725625 0.6872535375 0.49811179687499996 0.675694428125 0.4934272203125 0.6663252765625 0.483348740625 0.6860023078124999 0.474029503125 0.7288707999999999 0.6591716875 0.7288707999999999 0.6703547734375 0.7195515625 0.6815378578125 0.71644515 0.7219212203125001 0.6841384609375 0.7275127625 0.6766830703125 0.7219212203125001 0.6344358609375 0.72440635 0.6157973859375 0.7207164781250001 0.6029176421875 0.6930110125 0.6117423468750001 0.6783540671875 0.6084852484375001 0.665868521875 0.5970854015625 0.656097225 0.593285453125 0.646325928125 0.5959997015625 0.6289547343749999 0.594914003125 0.6137549390625 0.5802570578124999 0.6056121921875001 0.5634287125 0.5980122953125 0.5335719734375 0.5963837453124999 0.5075151828125 0.59909799375 0.480915540625 0.6072407421875 0.4678871453125 0.6338403828125 0.4516016515625 0.6414402796875 0.427716259375 0.6479326203125 0.41992545000000003 0.6411544953125 0.399591075 0.6281075625 0.3784674703125 0.620030890625 0.34988847500000003 0.6156819125 0.348645909375 0.610711653125 0.3561013 0.5970434375 0.33125 0.517519278125 0.33125 0.4361312703125 0.3908931203125 0.4143863828125 0.40953159531249994 0.4044458625 0.42444237500000004 0.4044458625 0.436868025 0.41562894687499996 0.46793215000000005 0.43364614062499995 0.5331668125 0.442965378125 0.5524265703125
3 0.6289547343749999 0.594914003125 0.646325928125 0.5959997015625 0.656097225 0.593285453125 0.665868521875 0.5970854015625 0.6783540671875 0.6084852484375001 0.6930110125 0.6117423468750001 0.7662957375 0.5883998046875 0.8564088062499999 0.5672286625 0.8775799484375 0.5509431671875 0.8846369968750001 0.536286221875 0.883008446875 0.502086684375 0.8660099296875 0.418605078125 0.84597143125 0.4799618984375 0.8317887203125001 0.5162696375 0.82157716875 0.5225100296875 0.724000121875 0.4623753375 0.7200289625 0.455000328125 0.718894346875 0.44478877656250004 0.735531946875 0.3862888265625 0.682154015625 0.4060022671875 0.6626114234375 0.40980221562499997 0.6495830265625 0.4179449625 0.6414402796875 0.427716259375 0.6338403828125 0.4516016515625 0.6072407421875 0.4678871453125 0.59909799375 0.480915540625 0.5963837453124999 0.5075151828125 0.5980122953125 0.5335719734375 0.6056121921875001 0.5634287125 0.6137549390625 0.5802570578124999 0.6289547343749999 0.594914003125
3 0.567991865625 0.6488983125 0.567991865625 0.6336613046874999 0.5622123109375 0.616322640625 0.5527548578125 0.6068651875 0.5390940921875 0.6021364609375001 0.5259587421874999 0.6042381171875 0.5133488046875 0.6126447421875 0.49811179687499996 0.6320850625000001 0.49285765625 0.647847484375 0.49285765625 0.665186146875 0.49811179687499996 0.675694428125 0.5117725625 0.6872535375 0.525433328125 0.6919822640625 0.542771990625 0.688304365625 0.55222944375 0.68094856875 0.563788553125 0.663084490625 0.567991865625 0.6488983125
6 0.8317887203125001 0.5162696375 0.84597143125 0.4799618984375 0.9100772812500001 0.2836731875 0.90837535625 0.272894328125 0.8913561046874999 0.2564423828125 0.8368944968750001 0.217298103125 0.8170387015625 0.198576925 0.8068271499999999 0.196875 0.7983175234375001 0.20935578437500002 0.7915098234375 0.2309135046875 0.79207713125 0.23942313125 0.7807309625000001 0.261548159375 0.7523655421875 0.3449424953125 0.73648090625 0.382952159375 0.718894346875 0.44478877656250004 0.7200289625 0.455000328125 0.724000121875 0.4623753375 0.82157716875 0.5225100296875 0.8317887203125001 0.5162696375