6 0.40671156562500005 0.6840990640625 0.4362338140625 0.698705084375 0.4141928390625 0.7034414484375 0.40390740625 0.713562221875 0.40235608437500003 0.7140863703125 0.410222746875 0.744414415625 0.4963514296875 0.7117592984375001 0.494525175 0.7002287843749999 0.48886948124999996 0.69025515625 0.4842469578125 0.6889492796875001 0.48325182343749995 0.6891068921875 0.4893110734375 0.6843331109374999 0.39078033125 0.66945880625 0.40671156562500005 0.6840990640625
6 0.4758829609375 0.3745718265625 0.4782617703125 0.3758297421875 0.48134052499999996 0.3780665875 0.48349565156249996 0.379632378125 0.484895534375 0.381590234375 0.48514810781250006 0.383184915625 0.48478492968750003 0.3843322265625 0.48397438125000003 0.38609528593750003 0.48330332656249997 0.3870189125 0.4827164640625 0.3884740984375 0.4816401375 0.390279253125 0.4818242 0.394881703125 0.482595125 0.398028965625 0.48441596249999996 0.4026446234375 0.48528428437500004 0.40468667187499996 0.4858993890625 0.40546391562500006 0.4930520515625 0.3820598671875 0.5264612484375 0.3726352484375 0.525887590625 0.37018654375 0.5080213578125 0.331879340625 0.4899667265625 0.3105031984375 0.48685585312499996 0.3109959125 0.4416824984375 0.35195311406249996 0.4347458265625 0.36453185 0.44089316875 0.379183865625 0.44975828125 0.39290814687500003 0.45030452500000007 0.3919729609375 0.4524703875 0.3867258734375 0.4539519875 0.3840391890625 0.45480463125000004 0.38254190625 0.45551778125000003 0.3818840609375 0.45672039375000006 0.38087624375 0.459643971875 0.3804131953125 0.4629860328125 0.377431840625 0.46786746875 0.3755689078125 0.473098875 0.374195440625 0.4758829609375 0.3745718265625
6 0.500624328125 0.669816590625 0.49555261249999993 0.6763243265625001 0.5098619984375 0.6838498484375 0.5109531578125 0.6839307546875 0.5133284234375 0.6824997171875 0.525179584375 0.6709151875 0.5070835125 0.668118978125 0.501455496875 0.6655730171875 0.500624328125 0.669816590625
5 0.591569384375 0.618265865625 0.5980808859375 0.6147657515625 0.6172864546875 0.6044422109375 0.6214394671875 0.5954087875 0.62676924375 0.57397449375 0.623968509375 0.562901565625 0.6196843999999999 0.560090246875 0.600582465625 0.5606727984375001 0.598973234375 0.5610544859375 0.5992429453125 0.56275736875 0.5981462265624999 0.5916496828125 0.594186921875 0.6114225140625 0.591569384375 0.618265865625
0 0.6812389171875 0.79419523125 0.6674754703125 0.7695040265624999 0.6739977765625 0.8106842453124999 0.6812389171875 0.79419523125
0 0.6166880031249999 0.9041750437499999 0.6407308671874999 0.9046201875 0.6578203421875 0.895340415625 0.6629779953125 0.8864038515624999 0.6629327328125 0.8851015984374999 0.6442408421875 0.886887475 0.5996667687499999 0.8911462109375 0.6166880031249999 0.9041750437499999
1 0.5454725609375 0.391981990625 0.55326380625 0.3912748625 0.5558616859375001 0.3927074875 0.5700506265625 0.44736354218749996 0.5728719703125 0.4635135 0.5674495421875 0.46753362656249997 0.549031128125 0.4721580625 0.550628340625 0.47295571562500005 0.56829476875 0.48823971562499996 0.578386340625 0.500468846875 0.588717440625 0.5186874015625 0.5908502796875 0.525557821875 0.673640959375 0.5109330140624999 0.6787228828125 0.4869699359375 0.6797039640625 0.4663581578125 0.6692747421874999 0.4151321421875 0.6672249171875 0.3973162265625 0.642782446875 0.342906115625 0.633447684375 0.3424547484375 0.4930520515625 0.3820598671875 0.4858993890625 0.40546391562500006 0.487678703125 0.4077122578125 0.5000403796875 0.402865921875 0.5454725609375 0.391981990625
1 0.6623087328125 0.8003616078125001 0.659433003125 0.8239685250000001 0.654765721875 0.8299995093750001 0.6223673234375 0.8384382609375001 0.5360337265624999 0.848804809375 0.5215427453125 0.8456265484375001 0.5220232359375 0.861236471875 0.5259419078125 0.891978471875 0.5303510328125001 0.8938144906250001 0.546828153125 0.8918383609375 0.553125121875 0.8955929375 0.6841953921874999 0.8830701015625 0.6851868234375 0.8813291015625 0.664873634375 0.753076675 0.66241665625 0.7515650546875 0.6531453953125 0.753033478125 0.652871615625 0.753093134375 0.6623087328125 0.8003616078125001
6 0.49658900624999996 0.40725533281250004 0.49742844062499997 0.407394828125 0.49972306250000004 0.408121184375 0.502912421875 0.4076160390625 0.50569650625 0.40799242500000005 0.5071095953125 0.40831350781250003 0.508033221875 0.40898456093749996 0.510398825 0.41187925312500007 0.5114487375000001 0.41334764531249996 0.5143194875 0.41943169375 0.5158745437500001 0.4240894453125 0.5170796296875 0.4282577328125 0.5186635749999999 0.4348180390625 0.5199817390625 0.4414204421875 0.5222680984375 0.45413578125000004 0.5227047328125 0.46033290937500004 0.5224967296874999 0.4641801140625 0.52192409375 0.46686550000000004 0.5344581890625 0.4648802953125 0.549031128125 0.4721580625 0.5674495421875 0.46753362656249997 0.5728719703125 0.4635135 0.5700506265625 0.44736354218749996 0.5558616859375001 0.3927074875 0.55326380625 0.3912748625 0.5454725609375 0.391981990625 0.5000403796875 0.402865921875 0.487678703125 0.4077122578125 0.48834982968749996 0.408560290625 0.48958133125 0.409455028125 0.49015498593749995 0.40963661875 0.49170756875 0.409118265625 0.49658900624999996 0.40725533281250004
0 0.4743062625 0.69052373125 0.48325182343749995 0.6891068921875 0.4893110734375 0.6843331109374999 0.500624328125 0.669816590625 0.501455496875 0.6655730171875 0.49257076250000004 0.661553803125 0.47437692656249997 0.6474169875 0.45581359375 0.621993071875 0.4435275625 0.58919301875 0.43965529062500003 0.56250591875 0.43986046874999996 0.5514240546875 0.41542766875000003 0.5448185828125001 0.4033200984375 0.5505832296875 0.402042553125 0.54812226875 0.38802269218749996 0.5586286328125001 0.368076784375 0.600849553125 0.3642575765625 0.6215772015625001 0.3676984296875 0.635828359375 0.39078033125 0.66945880625 0.40671156562500005 0.6840990640625 0.4362338140625 0.698705084375 0.4743062625 0.69052373125
5 0.5114487375000001 0.41334764531249996 0.510398825 0.41187925312500007 0.508033221875 0.40898456093749996 0.5071095953125 0.40831350781250003 0.50569650625 0.40799242500000005 0.502912421875 0.4076160390625 0.49972306250000004 0.408121184375 0.49742844062499997 0.407394828125 0.49658900624999996 0.40725533281250004 0.49170756875 0.409118265625 0.49015498593749995 0.40963661875 0.48958133125 0.409455028125 0.48834982968749996 0.408560290625 0.48528428437500004 0.40468667187499996 0.48441596249999996 0.4026446234375 0.482595125 0.398028965625 0.4818242 0.394881703125 0.4816401375 0.390279253125 0.4827164640625 0.3884740984375 0.48330332656249997 0.3870189125 0.48397438125000003 0.38609528593750003 0.48478492968750003 0.3843322265625 0.48514810781250006 0.383184915625 0.484895534375 0.381590234375 0.48349565156249996 0.379632378125 0.48134052499999996 0.3780665875 0.4782617703125 0.3758297421875 0.4758829609375 0.3745718265625 0.473098875 0.374195440625 0.46786746875 0.3755689078125 0.4629860328125 0.377431840625 0.459643971875 0.3804131953125 0.45672039375000006 0.38087624375 0.45551778125000003 0.3818840609375 0.45480463125000004 0.38254190625 0.4539519875 0.3840391890625 0.4524703875 0.3867258734375 0.45030452500000007 0.3919729609375 0.4483755578125 0.39527539843750004 0.44769129531249996 0.3978358 0.4467412546875 0.40043829531249997 0.4452885421875 0.4050275375 0.4442543109375 0.4070984734375 0.4444936765625 0.4103299265625 0.4445778671875 0.41086148749999996 0.44408840156249996 0.41121145937500003 0.443206871875 0.4108061828125 0.44157009687500004 0.4107929765625 0.43839394531250003 0.4096613484375 0.43728873124999995 0.4095639484375 0.4358335453125 0.40897708593750004 0.434154675 0.4086980984375 0.43265739375 0.40784545625 0.4309785234375 0.4075664703125 0.4297891171875 0.40693751093749997 0.4277602765625 0.4061690578125 0.425997215625 0.4053585125 0.42472362031250005 0.40419799375 0.422960559375 0.40338744687499994 0.420792225 0.40345843124999997 0.41707130625 0.4040477671875 0.416539746875 0.4041319578125 0.415826596875 0.404789803125 0.4153660203125 0.407042328125 0.41438956562499996 0.41291837343750004 0.4138340625 0.42145221718750003 0.413081290625 0.4270203875 0.4117837515625 0.4343095234375 0.4122335953125 0.43886987812499995 0.413412265625 0.44631171406250003 0.4128278765625 0.452943003125 0.4123119953125 0.45656652343750004 0.41194881875 0.45771383437499996 0.4110119859375 0.4586795546875 0.403306840625 0.465076425 0.4026357890625 0.46600005156249996 0.40227260937500003 0.4671473609375 0.402398896875 0.4679447 0.4037145890625 0.4693709984375 0.40944040625 0.47799976875 0.411190259375 0.48044709062499996 0.4141584046875 0.48542592500000004 0.4260442015625 0.5037044875000001 0.4275703703125 0.5064596859375 0.430946265625 0.51573309375 0.4334670421875 0.5213276796875 0.436603571875 0.5273696328125 0.43699563750000003 0.5281248765625 0.4428073046875 0.5272044 0.44347819375 0.523963503125 0.4502592734375 0.504098296875 0.46530374218750004 0.4804424421875 0.4718549484375 0.4747956734375 0.52192409375 0.46686550000000004 0.5224967296874999 0.4641801140625 0.5227047328125 0.46033290937500004 0.5222680984375 0.45413578125000004 0.5199817390625 0.4414204421875 0.5186635749999999 0.4348180390625 0.5170796296875 0.4282577328125 0.5158745437500001 0.4240894453125 0.5143194875 0.41943169375 0.5114487375000001 0.41334764531249996
6 0.5360337265624999 0.848804809375 0.6223673234375 0.8384382609375001 0.654765721875 0.8299995093750001 0.659433003125 0.8239685250000001 0.6623087328125 0.8003616078125001 0.6511075046875 0.7442570921875 0.6471145734375 0.7399284859375 0.642664728125 0.7389795968749999 0.6201469734375 0.7408923859375001 0.5789083921875 0.749359371875 0.578053028125 0.757964875 0.568312490625 0.761947953125 0.566795034375 0.7658487859374999 0.5611882203125 0.767041859375 0.5416249015625 0.7667849328125 0.5191425671875 0.76389416875 0.5059700265625 0.7675753453125 0.4987917546875 0.7786343203125 0.49467355625 0.796484796875 0.4864381875 0.79878135625 0.4833490453125 0.8022472421875 0.4820454484375 0.8107220859375 0.4843099421875 0.822931353125 0.48679187187500006 0.828160746875 0.49052929843750004 0.8308761453125 0.5013297640625 0.830157725 0.5110851453125 0.8458108421875 0.520272403125 0.845347928125 0.5360337265624999 0.848804809375
5 0.5531076671874999 0.6665454703125 0.55194081875 0.6670416390625 0.5375236625 0.6700341937500001 0.526346125 0.671095440625 0.525179584375 0.6709151875 0.5133284234375 0.6824997171875 0.5030250781250001 0.6887072234375 0.501649015625 0.6935007843750001 0.49540268593750003 0.7002858843750001 0.5074258578124999 0.7203445546875 0.5084146734375 0.7574029484375 0.5094192203125 0.7618194578125 0.5107980515625 0.7628212375000001 0.5416249015625 0.7667849328125 0.5611882203125 0.767041859375 0.566795034375 0.7658487859374999 0.568312490625 0.761947953125 0.578053028125 0.757964875 0.5806406625 0.7319315875 0.574637415625 0.690176665625 0.5628729953125 0.6871593109374999 0.5531076671874999 0.6665454703125
3 0.4964927140625 0.7298080078125 0.49793648749999997 0.72176695625 0.494525175 0.7002287843749999 0.48886948124999996 0.69025515625 0.4842469578125 0.6889492796875001 0.4743062625 0.69052373125 0.4141928390625 0.7034414484375 0.40390740625 0.713562221875 0.36038135625 0.7282684515625 0.3582913359375 0.7343738484375 0.3593409703125 0.741000978125 0.36408800937499997 0.747382165625 0.380934709375 0.7443742421875 0.390406153125 0.7462708015625 0.4073053328125 0.7435942328125 0.4250802375 0.748591346875 0.492152146875 0.7345715125 0.4964927140625 0.7298080078125
6 0.47437692656249997 0.6474169875 0.49257076250000004 0.661553803125 0.5070835125 0.668118978125 0.526346125 0.671095440625 0.5375236625 0.6700341937500001 0.55194081875 0.6670416390625 0.56124183125 0.66308665 0.562642515625 0.6607374984375001 0.5674127859375 0.6617547140625 0.5681765046875 0.659861 0.566173228125 0.658405534375 0.576690175 0.6464578421875 0.5894230859375 0.6238772046875 0.5941869203125 0.6114225140625 0.5981462265624999 0.5916496828125 0.5992429453125 0.56275736875 0.5959560796875001 0.542004915625 0.588717440625 0.5186874015625 0.578386340625 0.500468846875 0.56829476875 0.48823971562499996 0.550628340625 0.47295571562500005 0.5344581890625 0.4648802953125 0.4718549484375 0.4747956734375 0.46530374218750004 0.4804424421875 0.4502592734375 0.504098296875 0.44347819375 0.523963503125 0.4400634796875 0.540459121875 0.43965529062500003 0.56250591875 0.4435275625 0.58919301875 0.45581359375 0.621993071875 0.47437692656249997 0.6474169875