6 0.41647441562500004 0.688729103125 0.4467206234375 0.7017700296875 0.4249577390625 0.7076534390625 0.41521608125 0.718298640625 0.4136943171875 0.718903259375 0.4231374453125 0.7487780328125 0.5074390546875 0.711660040625 0.50501184375 0.7002409078125 0.498841921875 0.6905769453125 0.49415738906250006 0.68951478125 0.4931718671875 0.6897242609374999 0.49897297187499995 0.6846399046875 0.3997988015625 0.674942684375 0.41647441562500004 0.688729103125
6 0.46935160781249996 0.376005909375 0.47179299375 0.3771376046875 0.4749845953125 0.37921025468749997 0.477218715625 0.380661109375 0.47871914687499995 0.38254301874999996 0.47905483281250005 0.38412229375 0.47875219687500004 0.3852870390625 0.47803503125 0.3870901046875 0.47741323593749996 0.3880475859375 0.4769033359375 0.389531490625 0.47592295937499995 0.391390503125 0.4763476421875 0.3959770125 0.47728222656249997 0.39907961406250003 0.47934213281250004 0.40359365 0.4803161375 0.40558745625 0.4809710765625 0.40633144374999997 0.4868890640625 0.382585128125 0.5197592281250001 0.3714249234375 0.5190582015625 0.369009596875 0.499211609375 0.3316899390625 0.48006297968749995 0.3112879984375 0.4769821578125 0.31194284687499996 0.4340142453125 0.355208109375 0.42774539999999994 0.36813264375 0.43465114531250004 0.38244285312500004 0.44422238125 0.3956843609375 0.44471893281249997 0.39472186875 0.446607215625 0.3893686203125 0.44794617499999995 0.386608075 0.4487192875 0.385068221875 0.44939703125 0.3843739546875 0.45054525156249997 0.383304578125 0.4534405875 0.38268915625 0.4566220375 0.379536978125 0.461399284375 0.377421121875 0.4665516390625 0.3757757484375 0.46935160781249996 0.376005909375
6 0.5095109859375 0.6695511875 0.504786809375 0.6763154375 0.5194704406249999 0.6830817515625001 0.5205643390625 0.6831054390625 0.5228614546875 0.6815520515625 0.5340900859375 0.66936315625 0.5158724718750001 0.6675178546875 0.510118925 0.6652699296875 0.5095109859375 0.6695511875
5 0.59763345 0.6133114156249999 0.6039528437499999 0.6094753109375 0.6225918 0.598160778125 0.6262663484375001 0.5889223828125 0.6304670375 0.5672385249999999 0.627090628125 0.5563273515625 0.62266525625 0.5537440984375 0.603619990625 0.55532556875 0.602032940625 0.5557909546875 0.6023914031250001 0.5574773875 0.60280829375 0.586387503125 0.5998892453125 0.60634045 0.59763345 0.6133114156249999
0 0.696387525 0.784306734375 0.6813507015625 0.7603696921875 0.6900192765625001 0.8011521234375 0.696387525 0.784306734375
0 0.6376809734375 0.8975141578124999 0.661714184375 0.8967003859375 0.6782945734375 0.8865389359375 0.6829774546875 0.8773446890625 0.6828641 0.8760465890625 0.664291290625 0.8788082765624999 0.620001190625 0.8853940031249999 0.6376809734375 0.8975141578124999
1 0.5397570171875 0.389750175 0.5475005765625001 0.388636253125 0.5501698734375 0.38993095312500003 0.5671998453125 0.4437695125 0.570862546875 0.4597496796875 0.565657946875 0.464048084375 0.5475067984375 0.46963012812500005 0.5491435671875 0.47034309687500003 0.5675856875 0.48468155937499996 0.578303453125 0.4963657796875 0.5895738796875001 0.514018678125 0.592063365625 0.520768059375 0.67397518125 0.5018303640624999 0.677796009375 0.4776341609375 0.6776970078125 0.45699928281249996 0.664601115625 0.40638929375000005 0.6616216890625 0.388705075 0.6343651109375 0.3356487515625 0.6250195187500001 0.335686546875 0.4868890640625 0.382585128125 0.4809710765625 0.40633144374999997 0.482865621875 0.40848358124999995 0.49495671874999997 0.402996928125 0.5397570171875 0.389750175
1 0.67780600625 0.7914553890625 0.6761697078125 0.815180459375 0.671824459375 0.8214474453125 0.6399121125 0.83157023125 0.554239378125 0.8464409249999999 0.5396019171875001 0.8440254203125 0.5408987109375001 0.8595888031250001 0.5464209234374999 0.890083584375 0.5509200953125 0.8916863312500001 0.5672712125 0.8888505640625001 0.57375605 0.8922704359375 0.7039912984375001 0.8729050765625 0.7048902531250001 0.8711145734375 0.677892690625 0.7441010234375 0.6753599671875 0.7427200625 0.6661782640625 0.74467169375 0.66590798125 0.744745596875 0.67780600625 0.7914553890625
6 0.49173980000000006 0.40756095312499996 0.49258538593749995 0.40765632500000004 0.4949148765625 0.40826159375 0.49807342656250003 0.40759022343750007 0.50087339375 0.4078203859375 0.5023013515625 0.40806707343750004 0.5032588328125 0.4086888671875 0.505772690625 0.4114557859375 0.5068980140625 0.41286721875000004 0.51008324375 0.41879268593749996 0.5118799359375 0.42336266875 0.513301521875 0.42746217499999994 0.5152266359375 0.43393059375 0.5168885375000001 0.44045495937499995 0.5198372328125 0.4530332140625 0.5205976015625 0.4591989984375 0.5205912296874999 0.463051815625 0.520159921875 0.4657634921875 0.5325729421875 0.4631250234375 0.5475067984375 0.46963012812500005 0.565657946875 0.464048084375 0.570862546875 0.4597496796875 0.5671998453125 0.4437695125 0.5501698734375 0.38993095312500003 0.5475005765625001 0.388636253125 0.5397570171875 0.389750175 0.49495671874999997 0.402996928125 0.482865621875 0.40848358124999995 0.4835802109375 0.40929532812499997 0.48485685156249997 0.41012438749999997 0.48543922500000003 0.41027570625000004 0.48696255156249996 0.4096768078125 0.49173980000000006 0.40756095312499996
0 0.4843127171875 0.69160733125 0.4931718671875 0.6897242609374999 0.49897297187499995 0.6846399046875 0.5095109859375 0.6695511875 0.510118925 0.6652699296875 0.501036015625 0.661721215625 0.4821272515625 0.6485559656250001 0.4622587734375 0.624138421875 0.44827295781250004 0.5920263218749999 0.44300929843750003 0.5655784546875 0.44263421562499994 0.5545010390625 0.4178891953125 0.549183334375 0.40609991718750005 0.5555737421875 0.40469532499999994 0.5531830156249999 0.3912445390625 0.5644087234375 0.3735356390625 0.6076156703125 0.37080646562499997 0.62851479375 0.3749884515625 0.642566340625 0.3997988015625 0.674942684375 0.41647441562500004 0.688729103125 0.4467206234375 0.7017700296875 0.4843127171875 0.69160733125
5 0.5068980140625 0.41286721875000004 0.505772690625 0.4114557859375 0.5032588328125 0.4086888671875 0.5023013515625 0.40806707343750004 0.50087339375 0.4078203859375 0.49807342656250003 0.40759022343750007 0.4949148765625 0.40826159375 0.49258538593749995 0.40765632500000004 0.49173980000000006 0.40756095312499996 0.48696255156249996 0.4096768078125 0.48543922500000003 0.41027570625000004 0.48485685156249997 0.41012438749999997 0.4835802109375 0.40929532812499997 0.4803161375 0.40558745625 0.47934213281250004 0.40359365 0.47728222656249997 0.39907961406250003 0.4763476421875 0.3959770125 0.47592295937499995 0.391390503125 0.4769033359375 0.389531490625 0.47741323593749996 0.3880475859375 0.47803503125 0.3870901046875 0.47875219687500004 0.3852870390625 0.47905483281250005 0.38412229375 0.47871914687499995 0.38254301874999996 0.477218715625 0.380661109375 0.4749845953125 0.37921025468749997 0.47179299375 0.3771376046875 0.46935160781249996 0.376005909375 0.4665516390625 0.3757757484375 0.461399284375 0.377421121875 0.4566220375 0.379536978125 0.4534405875 0.38268915625 0.45054525156249997 0.383304578125 0.44939703125 0.3843739546875 0.4487192875 0.385068221875 0.44794617499999995 0.386608075 0.446607215625 0.3893686203125 0.44471893281249997 0.39472186875 0.44296544375 0.398120734375 0.442416121875 0.40071343906249995 0.44160358750000006 0.40336208906250004 0.44039304687499997 0.4080210703125 0.43946861718749997 0.41014329531250004 0.4398767765625 0.41335779375000004 0.439988671875 0.41388421875 0.43951819375 0.414259328125 0.43861666093749996 0.41390074375 0.43698143749999996 0.4139732171875 0.4337504140625 0.41300936562499996 0.43264161718749994 0.41296994218750005 0.43115771093750005 0.4124600421875 0.4294665421875 0.412269303125 0.4279266875 0.411496190625 0.42623551875 0.4113054515625 0.425014825 0.410739603125 0.422948546875 0.4100783859375 0.42114548125000006 0.40936122187499996 0.41981289374999997 0.4082689484375 0.41800982812500004 0.407551784375 0.41584818125 0.407736153125 0.41216320624999997 0.40851941875 0.4116367796875 0.40863131406250003 0.4109590359375 0.4093255796875 0.4106169796875 0.41159912343749994 0.409949390625 0.41751822031249997 0.40984127656249997 0.42606944062499996 0.409380953125 0.43166937812499995 0.408466675 0.43901643124999995 0.409154571875 0.4435469921875 0.41072110312500004 0.45091694374999997 0.4104845703125 0.4575697296875 0.4101590375 0.46121528281249996 0.40985640312499994 0.462380028125 0.4089713953125 0.46339345625000006 0.40161159687500003 0.470184815625 0.400989803125 0.471142296875 0.4006871671875 0.47230704062499995 0.40085501093750003 0.473096678125 0.402243546875 0.4744521640625 0.4084131109375 0.4827694421875 0.41028865000000003 0.48512183125 0.4135133 0.48993849999999994 0.426339434375 0.5075699578124999 0.42800770625 0.5102415062500001 0.43186430781249996 0.519325525 0.434674428125 0.5247805171875 0.4381228703125 0.5306500375 0.438553925 0.5313837265625 0.444309453125 0.5301603515625 0.44480980781249996 0.526888784375 0.4505419296875 0.5066959093750001 0.46432772968749997 0.48228510625 0.47057442812500005 0.4763032140625 0.520159921875 0.4657634921875 0.5205912296874999 0.463051815625 0.5205976015625 0.4591989984375 0.5198372328125 0.4530332140625 0.5168885375000001 0.44045495937499995 0.5152266359375 0.43393059375 0.513301521875 0.42746217499999994 0.5118799359375 0.42336266875 0.51008324375 0.41879268593749996 0.5068980140625 0.41286721875000004
6 0.554239378125 0.8464409249999999 0.6399121125 0.83157023125 0.671824459375 0.8214474453125 0.6761697078125 0.815180459375 0.67780600625 0.7914553890625 0.6636838468749999 0.7360139890624999 0.65946984375 0.731900290625 0.6549764375 0.7311855890625 0.63258965 0.73427424375 0.5918507109375 0.7448878875 0.5914468984375 0.7535263624999999 0.5819281671875001 0.7580137625 0.5806169453125001 0.7619886671875 0.5750802546875 0.7634735453125 0.5555303015625 0.764240834375 0.5329274859375001 0.7625306671875001 0.5199656578125 0.7668961953125 0.513376003125 0.7783156953125 0.510197671875 0.7963572390625 0.5020937812499999 0.79908165625 0.4991902640625 0.802704465625 0.4983319921875 0.8112359203124999 0.5012323656250001 0.823309940625 0.5039845796875 0.828402275 0.507858996875 0.8309183499999999 0.5186070625 0.8296356609375 0.52916829375 0.8447567687499999 0.5383187359375 0.843813665625 0.554239378125 0.8464409249999999
5 0.5617512015624999 0.6635377859375 0.5606119203125 0.6640943421875 0.546371140625 0.66783733125 0.5352644625 0.6694821109375 0.5340900859375 0.66936315625 0.5228614546875 0.6815520515625 0.5128971046874999 0.6882902859375 0.5117738046875 0.6931492953125 0.505891140625 0.7002520046875 0.5189476234375 0.719653940625 0.521874571875 0.7566097968750001 0.5231088828125 0.7609676796875 0.524538253125 0.7618959234375 0.5555303015625 0.764240834375 0.5750802546875 0.7634735453125 0.5806169453125001 0.7619886671875 0.5819281671875001 0.7580137625 0.5914468984375 0.7535263624999999 0.5926685093749999 0.7273933265625 0.5844882046875 0.6860098140625001 0.5725819921874999 0.683612296875 0.5617512015624999 0.6635377859375
3 0.5085247421875 0.729676621875 0.5095457 0.721571028125 0.50501184375 0.7002409078125 0.498841921875 0.6905769453125 0.49415738906250006 0.68951478125 0.4843127171875 0.69160733125 0.4249577390625 0.7076534390625 0.41521608125 0.718298640625 0.372519346875 0.7352626921875001 0.3707517234375 0.7414691062500001 0.37214675625 0.7480322187499999 0.377221253125 0.7541562203125001 0.39388744375 0.75027073125 0.403445165625 0.75166899375 0.42018110468750003 0.748111659375 0.43819317812499997 0.752171659375 0.5044394265625 0.7346607656249999 0.5085247421875 0.729676621875
6 0.4821272515625 0.6485559656250001 0.501036015625 0.661721215625 0.5158724718750001 0.6675178546875 0.5352644625 0.6694821109375 0.546371140625 0.66783733125 0.5606119203125 0.6640943421875 0.5696931968750001 0.6596579953124999 0.5709690171874999 0.6572387578125001 0.5757859875 0.658004921875 0.57644955 0.656073834375 0.5743728453125 0.65472520625 0.584250084375 0.642243471875 0.5957837671874999 0.6190273921875 0.5998892437500001 0.6063404515624999 0.60280829375 0.586387503125 0.6023914031250001 0.5574773875 0.5980229421875001 0.5369253953124999 0.5895738796875001 0.514018678125 0.578303453125 0.4963657796875 0.5675856875 0.48468155937499996 0.5491435671875 0.47034309687500003 0.5325729421875 0.4631250234375 0.47057442812500005 0.4763032140625 0.46432772968749997 0.48228510625 0.4505419296875 0.5066959093750001 0.44480980781249996 0.526888784375 0.44226308750000004 0.543540509375 0.44300929843750003 0.5655784546875 0.44827295781250004 0.5920263218749999 0.4622587734375 0.624138421875 0.4821272515625 0.6485559656250001