6 0.45488272500000004 0.68415868125 0.4538751859375 0.68415868125 0.4606066203125 0.6803915484374999 0.365615809375 0.6502867671875 0.37906066250000003 0.6672389734374999 0.4059345578125 0.6862834656250001 0.3834240140625 0.68751355 0.3716819734375 0.6959007234375 0.37006775625 0.6961757375000001 0.37309321562500003 0.7273610125000001 0.463269896875 0.708581428125 0.463269896875 0.696907184375 0.45924405312500005 0.686171603125 0.45488272500000004 0.68415868125
6 0.47884831875 0.37557243281249997 0.48261562031249994 0.3731505984375 0.487728384375 0.372074225 0.493110240625 0.371536040625 0.4958011703125 0.37234331875 0.4979539125 0.3739578765625 0.5006448421874999 0.3766488046875 0.5025284921875001 0.3785324546875 0.5036048640625 0.380685196875 0.5036048640625 0.3822997546875 0.5030666781249999 0.38337612656250003 0.50199030625 0.3849906828125 0.5011830265625 0.3857979625 0.5003757484375 0.3871434265625 0.499030284375 0.38875798281249996 0.4984920984375 0.39333256250000004 0.4987611921875 0.3965616765625 0.4998375640625 0.40140534843750003 0.5003757484375 0.4035580921875 0.5008616921875 0.40442199062500006 0.51158749375 0.3824250078125 0.546059703125 0.378342771875 0.5458761703125 0.375834475 0.5342224671875 0.3352040015625 0.5197340828125 0.31126666875 0.5165844328125 0.31126666875 0.46556011875000003 0.34465295 0.4567411015625 0.35599168593749997 0.4605206796875 0.3714249671875 0.467129696875 0.3863670890625 0.4678155109375 0.38552886875 0.47077553281249995 0.380685196875 0.47265918281249997 0.3782633625 0.47373555468750006 0.376917896875 0.47454283437500006 0.3763797125 0.4758882984375 0.37557243281249997 0.47884831875 0.37557243281249997
6 0.48461508281250004 0.6823378671875 0.49813255625 0.6727498921875 0.48069670000000003 0.6671572593749999 0.4755362515625 0.663762228125 0.4740514734375 0.6678235328125 0.468024165625 0.67345775625 0.480980128125 0.6831291078125 0.48204519687499997 0.6833797125000001 0.48461508281250004 0.6823378671875
5 0.588203684375 0.5757856296874999 0.588203684375 0.5775097390624999 0.5826007140625 0.605874775 0.5755970031250001 0.6247847984375 0.5719411562500001 0.631134425 0.578920028125 0.628696025 0.5995041015625 0.6215039984375 0.6050191234375 0.613231465625 0.61363634375 0.5928948234375 0.612602278125 0.581520090625 0.6088107 0.5780732015625001 0.5898528125 0.5756603796875 0.588203684375 0.5757856296874999
0 0.6232538515625 0.83407845625 0.6329852921875 0.8189252124999999 0.6232538515625 0.7923849203125 0.6232538515625 0.83407845625
0 0.6005245859375 0.9071419546874999 0.6006835984375 0.9058486531250001 0.5819424625 0.9046884875 0.5372509578125 0.9019218703125 0.5520244734374999 0.9174530031250001 0.57570169375 0.9216538 0.5940324453125 0.9151616593749999 0.6005245859375 0.9071419546874999
1 0.51158749375 0.3824250078125 0.5008616921875 0.40442199062500006 0.5022673828124999 0.406920996875 0.515235 0.40406812031249995 0.5618104578125 0.400425346875 0.5696163999999999 0.40094574375 0.5719581828125 0.4027671296875 0.57742234375 0.4589699171875 0.5776825421875 0.47536239687500004 0.5716979859375 0.478484775 0.5527829125 0.4801710015625 0.5542356796875 0.48120869375 0.5692936609375 0.499068159375 0.5773479312500001 0.5127254 0.5847018281249999 0.53233579375 0.5857336375 0.5394552781249999 0.6697928515625 0.537961840625 0.678560859375 0.5150887765625 0.6827542531249999 0.4948842375 0.680466946875 0.44265740937500003 0.6812293828125 0.424740175 0.66559945625 0.3671762984375 0.6564502296875 0.365270209375 0.51158749375 0.3824250078125
1 0.6232538515625 0.7757528 0.6210635921875001 0.7738754343750001 0.6116767640624999 0.7738754343750001 0.6113970234375 0.773891528125 0.6133235359375 0.8220543375 0.606790275 0.8449207515625 0.6012370015624999 0.8501473609374999 0.5679173703125 0.8534139906249999 0.4810249984375 0.8501473609374999 0.46720961406250006 0.844741340625 0.46524225937499997 0.8602342453125 0.4643035765625 0.891210775 0.4683712015625 0.893713928125 0.48495459687500003 0.8943397171875 0.49058669374999997 0.8990331312500001 0.622002275 0.90716838125 0.6232538515625 0.905603909375 0.6232538515625 0.7757528
6 0.502797584375 0.4078635765625 0.50387395625 0.4089399484375 0.5044121421875001 0.4092090421875 0.5060266984374999 0.4089399484375 0.5111394640625 0.4078635765625 0.5119467421875 0.4081326703125 0.5140994859375 0.4092090421875 0.5173286 0.4092090421875 0.520019528125 0.41001632031249996 0.5213649921875 0.41055450625 0.5221722718749999 0.41136178437500004 0.5240559203124999 0.4145909 0.5248632 0.41620545625 0.52674685 0.42266368437499996 0.527554128125 0.42750735625 0.5280923140625 0.43181284218749993 0.5286305 0.4385401640625 0.5288995921875 0.4452674859375 0.5291686859375 0.45818394375000004 0.5286305 0.4643730796875 0.5278232218750001 0.4681403796875 0.52683755 0.470703125 0.539527884375 0.470703125 0.5527829125 0.4801710015625 0.5716979859375 0.478484775 0.5776825421875 0.47536239687500004 0.57742234375 0.4589699171875 0.5719581828125 0.4027671296875 0.5696163999999999 0.40094574375 0.5618104578125 0.400425346875 0.515235 0.40406812031249995 0.5022673828124999 0.406920996875 0.502797584375 0.4078635765625
0 0.3480790453125 0.6134595609375 0.365615809375 0.6502867671875 0.37906066250000003 0.6672389734374999 0.4059345578125 0.6862834656250001 0.44481811718750003 0.68415868125 0.4538751859375 0.68415868125 0.4606066203125 0.6803915484374999 0.4740514734375 0.6678235328125 0.4755362515625 0.663762228125 0.4673896453125 0.6584026187500001 0.45163129218750003 0.6415937078125 0.43727368125000005 0.6135788578125 0.43026997031249997 0.57926066875 0.43062015468750003 0.552296375 0.4325563921875 0.54138304375 0.40945772343750003 0.5310367640625 0.396597428125 0.5348363968750001 0.395720590625 0.5322058828125 0.3802297796875 0.5403897062499999 0.3539246328125 0.578970590625 0.3469099265625 0.598845590625 0.3480790453125 0.6134595609375
5 0.5286305 0.4385401640625 0.5280923140625 0.43181284218749993 0.527554128125 0.42750735625 0.52674685 0.42266368437499996 0.5248632 0.41620545625 0.5240559203124999 0.4145909 0.5221722718749999 0.41136178437500004 0.5213649921875 0.41055450625 0.520019528125 0.41001632031249996 0.5173286 0.4092090421875 0.5140994859375 0.4092090421875 0.5119467421875 0.4081326703125 0.5111394640625 0.4078635765625 0.5060266984374999 0.4089399484375 0.5044121421875001 0.4092090421875 0.50387395625 0.4089399484375 0.502797584375 0.4078635765625 0.5003757484375 0.4035580921875 0.4998375640625 0.40140534843750003 0.4987611921875 0.3965616765625 0.4984920984375 0.39333256250000004 0.499030284375 0.38875798281249996 0.5003757484375 0.3871434265625 0.5011830265625 0.3857979625 0.50199030625 0.3849906828125 0.5030666781249999 0.38337612656250003 0.5036048640625 0.3822997546875 0.5036048640625 0.380685196875 0.5025284921875001 0.3785324546875 0.5006448421874999 0.3766488046875 0.4979539125 0.3739578765625 0.4958011703125 0.37234331875 0.493110240625 0.371536040625 0.487728384375 0.372074225 0.48261562031249994 0.3731505984375 0.47884831875 0.37557243281249997 0.4758882984375 0.37557243281249997 0.47454283437500006 0.3763797125 0.47373555468750006 0.376917896875 0.47265918281249997 0.3782633625 0.47077553281249995 0.380685196875 0.4678155109375 0.38552886875 0.46539367656249997 0.388488890625 0.4643173046875 0.3909107265625 0.462971840625 0.39333256250000004 0.460819096875 0.3976380484375 0.45947363281250003 0.39952169843749996 0.45920454062499994 0.4027508125 0.45920454062499994 0.4032889984375 0.4586663546875 0.4035580921875 0.4578590765625 0.40301990468750004 0.45624451875 0.4027508125 0.453284496875 0.40113625624999993 0.45220812656250003 0.4008671625 0.4508626609375 0.40005988437499995 0.4492481046875 0.39952169843749996 0.4479026390625 0.3984453265625 0.4462880828125 0.3979071421875 0.4452117109375 0.3970998625 0.4433280609375 0.39602349062500003 0.441713503125 0.3949471203125 0.4406371328125 0.39360165468749997 0.43902257499999997 0.392525284375 0.4368698328125 0.39225619218749996 0.43310253281250005 0.39225619218749996 0.432564346875 0.39225619218749996 0.4317570671875 0.3927943765625 0.4309497890625 0.3949471203125 0.4290661390625 0.4005980703125 0.4271824890625 0.4089399484375 0.42556793125 0.41432180625 0.42314609531249997 0.4213182203125 0.422877003125 0.4258928 0.422877003125 0.43342739999999996 0.421262446875 0.439885628125 0.4201860734375 0.44338383593749997 0.41964788906250006 0.44446020781250006 0.41857151718749996 0.4452674859375 0.40996054531250004 0.45038025 0.4091532671875 0.4511875296875 0.40861508124999996 0.4522639 0.40861508124999996 0.453071178125 0.40969145312500005 0.4546857359375 0.41399693906249996 0.46410398593749996 0.41534240312500004 0.466794915625 0.4174951453125 0.47217677187499996 0.42637521093749997 0.49208964374999997 0.42745158125 0.495049665625 0.42933523281249997 0.504737009375 0.4309497890625 0.510657053125 0.43310253281250005 0.51711528125 0.43337162500000004 0.517922559375 0.4392557359375 0.517922559375 0.44042535312500003 0.5148265140625 0.45023055 0.4962666765625 0.4687903875 0.4752555375 0.4761442859375 0.470703125 0.52683755 0.470703125 0.5278232218750001 0.4681403796875 0.5286305 0.4643730796875 0.5291686859375 0.45818394375000004 0.5288995921875 0.4452674859375 0.5286305 0.4385401640625
6 0.438885465625 0.8253209671875 0.4496653453125 0.8263009562500001 0.45685193437500005 0.8432874359375001 0.46599849843749996 0.844267425 0.4810249984375 0.8501473609374999 0.5679173703125 0.8534139906249999 0.6012370015624999 0.8501473609374999 0.606790275 0.8449207515625 0.6133235359375 0.8220543375 0.6110368937499999 0.764888303125 0.6077702640625 0.7599883578125 0.60352364375 0.7583550421874999 0.58098389375 0.7567217281249999 0.5389284984375 0.7586333359374999 0.53673746875 0.7669990828125 0.5264937625 0.7694093671875 0.5243847640625 0.7730247921875 0.518660340625 0.773326078125 0.499378071875 0.7700119375 0.477624746875 0.7636397515625 0.4640385203125 0.7652149671874999 0.45521861875 0.7750148578125 0.44835869375000004 0.7920013375 0.4398654546875 0.7929813265625001 0.4362721609375 0.79592129375 0.43365885625 0.8040878703125 0.43398551875 0.816501065625 0.43561883437500004 0.8220543375 0.438885465625 0.8253209671875
5 0.53673746875 0.7669990828125 0.5433657484375 0.741691103125 0.5439683203125 0.6995111390625001 0.5328207578125 0.694690571875 0.526400371875 0.6728028890625 0.525170271875 0.6731104140624999 0.5104624765625 0.673810784375 0.4992565375 0.6731104140624999 0.49813255625 0.6727498921875 0.48461508281250004 0.6823378671875 0.47346752031249995 0.68685715 0.47135852187499994 0.6913764312499999 0.46412767187500004 0.6971008546874999 0.47286495000000006 0.7187934078125 0.4680443828125 0.7555502359374999 0.4683456671875 0.7600695171875 0.469550809375 0.7612746593749999 0.499378071875 0.7700119375 0.518660340625 0.773326078125 0.5243847640625 0.7730247921875 0.5264937625 0.7694093671875 0.53673746875 0.7669990828125
3 0.35323019375000003 0.72609454375 0.370340025 0.72609454375 0.3871143703125 0.7338107421875 0.45555369843750004 0.7304558734375 0.46058600156249996 0.7264300296874999 0.463269896875 0.7187138328125 0.463269896875 0.696907184375 0.45924405312500005 0.686171603125 0.45488272500000004 0.68415868125 0.44481811718750003 0.68415868125 0.3834240140625 0.68751355 0.3716819734375 0.6959007234375 0.32639124062499997 0.7036169203125 0.3233718578125 0.7093201984374999 0.3233718578125 0.7160299359375 0.3270622140625 0.7230751609375 0.34417204687499997 0.7227396749999999 0.35323019375000003 0.72609454375
6 0.434472196875 0.5305848656250001 0.43062015468750003 0.552296375 0.43026997031249997 0.57926066875 0.43727368125000005 0.6135788578125 0.45163129218750003 0.6415937078125 0.4673896453125 0.6584026187500001 0.48069670000000003 0.6671572593749999 0.4992565375 0.6731104140624999 0.5104624765625 0.673810784375 0.525170271875 0.6731104140624999 0.5349754703125 0.670659115625 0.5367263984374999 0.6685580015625 0.5412788109375 0.670308928125 0.54232936875 0.6685580015625 0.5405784406249999 0.6668070734375 0.5528349375 0.6566516890625 0.568943475 0.6363409234375 0.5755970015625 0.6247847984375 0.5826007140625 0.605874775 0.588203684375 0.5775097390624999 0.588203684375 0.556498603125 0.5847018281249999 0.53233579375 0.5773479312500001 0.5127254 0.5692936609375 0.499068159375 0.5542356796875 0.48120869375 0.539527884375 0.470703125 0.4761442859375 0.470703125 0.4687903875 0.4752555375 0.45023055 0.4962666765625 0.44042535312500003 0.5148265140625 0.434472196875 0.5305848656250001