3 0.5868679265625001 0.766256459375 0.5934591328125001 0.7784905703125 0.6807605765625 0.767761625 0.6802164281249999 0.7493748984375 0.6796144015625 0.7465425875 0.5868679265625001 0.766256459375
5 0.6244487171875 0.364967565625 0.6256661953125 0.3653571625 0.6448018453125 0.3769754953125 0.657072571875 0.388582471875 0.6730725125 0.413121803125 0.67895921875 0.43009761874999997 0.68540943125 0.426895703125 0.725325115625 0.4105211421875 0.7375406890625 0.4091276953125 0.744353259375 0.400333465625 0.7654645265625 0.3451417015625 0.7685432750000001 0.31625415 0.7669640828125 0.29527091250000004 0.760505940625 0.2730199796875 0.7527321484375 0.260843871875 0.7447773828125 0.21528740468750002 0.7320341546875 0.185153421875 0.72280626875 0.17155783125 0.6968535953125 0.15517915 0.681665465625 0.15149324687500001 0.6552519984375 0.1519219234375 0.6154293390625 0.1678769171875 0.5959906828125 0.187565771875 0.5884112109374999 0.2007005703125 0.5859673921875 0.21321310312500003 0.5870666499999999 0.2130488875 0.654683703125 0.32845545 0.6552427453125 0.3335277828125 0.6244487171875 0.364967565625
6 0.44248337343750005 0.788981525 0.4393042703125 0.793298846875 0.4341327078125 0.798950071875 0.4262827921875 0.8069913890624999 0.4239473859375 0.8088533890624999 0.4226408234375 0.8091311062500001 0.4191293140625 0.8076015125 0.40968886250000003 0.7995937953125 0.3939491734375 0.7833658703124999 0.39216795000000004 0.78136981875 0.359751665625 0.7884197109375 0.36228613125 0.7939736875000001 0.3810180484375 0.8219536015625 0.40204962499999997 0.8457158640625 0.4405058046875 0.8737647890625 0.48691229687500004 0.8916007578125 0.5089238843749999 0.8949124265625 0.523736165625 0.8944274375000001 0.5565393890625 0.8858568203124999 0.5799963140625 0.8734132140625 0.5921002796875 0.8601866015624999 0.59747026875 0.8478586484375 0.60176926875 0.8229737374999999 0.600365959375 0.791310515625 0.5868679265625001 0.766256459375 0.5759978984375 0.76856695625 0.4587502875 0.7702914484375001 0.4561907484375 0.77423279375 0.453104215625 0.7789856359375 0.450333290625 0.7809402078125001 0.4462558 0.783172496875 0.444105540625 0.7859055359375 0.44248337343750005 0.788981525
3 0.23699818593750002 0.6098726734375 0.245959590625 0.5900295125 0.257008315625 0.5655644203125 0.24165525937500001 0.5787284453125 0.2360459859375 0.5970132078125 0.23699818593750002 0.6098726734375
5 0.42962212343750006 0.4606474359375 0.429318875 0.459551596875 0.4033054921875 0.4182256625 0.3990705984375 0.4056288 0.4085268484375 0.393685565625 0.402251096875 0.38743415937500003 0.39129905625 0.3820236625 0.3711427125 0.40126897812499995 0.3475980453125 0.40214639375 0.3262495390625 0.39636625937500003 0.298775159375 0.40788096406249996 0.297845090625 0.4374846671875 0.3070307546875 0.4548001796875 0.3206185765625 0.42471278906250004 0.351211128125 0.4182101421875 0.40470040625000003 0.465944709375 0.42962212343750006 0.4606474359375
3 0.8098817437499999 0.5576941421875 0.8054533171875 0.4813971296875 0.789922646875 0.479917946875 0.7817193625 0.48758093437500005 0.77915258125 0.48931668124999994 0.7769258296875 0.49579695 0.776266721875 0.5016408421875 0.7746145984374999 0.505794540625 0.773864675 0.51419275625 0.7708579421875 0.5248477421875 0.7737066234375 0.5262550390625 0.77663775625 0.5277266703125 0.7872537359375 0.5333251625 0.793435496875 0.5377715125 0.79740014375 0.5416417921875001 0.803175240625 0.5540295671875 0.8042801765625001 0.5572921109375 0.8098817437499999 0.5576941421875
5 0.7650356859375 0.49886300468749994 0.7661714468749999 0.4995866140625 0.7675324703124999 0.5109910703125 0.7624705140625 0.5206903234375 0.7625896140624999 0.520763046875 0.7708579421875 0.5248477421875 0.773864675 0.51419275625 0.7746145984374999 0.505794540625 0.776266721875 0.5016408421875 0.7769258296875 0.49579695 0.77915258125 0.48931668124999994 0.7650356859375 0.49886300468749994
5 0.4561907484375 0.77423279375 0.4587502875 0.7702914484375001 0.44197303125 0.770538209375 0.39216795000000004 0.78136981875 0.3939491734375 0.7833658703124999 0.40968886250000003 0.7995937953125 0.4191293140625 0.8076015125 0.4226408234375 0.8091311062500001 0.4239473859375 0.8088533890624999 0.4262827921875 0.8069913890624999 0.4341327078125 0.798950071875 0.4393042703125 0.793298846875 0.44248337343750005 0.788981525 0.444105540625 0.7859055359375 0.4462558 0.783172496875 0.450333290625 0.7809402078125001 0.453104215625 0.7789856359375 0.4561907484375 0.77423279375
5 0.7603561171875 0.5247417359375001 0.684083678125 0.72301491875 0.6896385984375 0.7231894390625 0.901630103125 0.6127876140625 0.8014655875000001 0.5503623 0.803175240625 0.5540295671875 0.8042801765625001 0.5572921109375 0.7563581828125 0.553852696875 0.75788449375 0.5481230609375001 0.7603561171875 0.5247417359375001
5 0.8288453734375001 0.5734947546875 0.8464806171875001 0.579007028125 0.8653714265625 0.590426265625 0.876638365625 0.599864596875 0.88826793125 0.6161491906250001 0.901630103125 0.6127876140625 0.9061583359375 0.567424003125 0.8677921171874999 0.5618504343749999 0.7563581828125 0.553852696875 0.7481284203125 0.5847464953125 0.7473028765625 0.6008679921875 0.7327321328124999 0.6627936046875 0.73655616875 0.661640678125 0.745809240625 0.6588509234375 0.74728914375 0.644851171875 0.751816925 0.6274251875 0.7609532812500001 0.607476159375 0.7709575859375 0.594030971875 0.7840509078125 0.5830161125 0.800054890625 0.576012953125 0.8288453734375001 0.5734947546875
5 0.6829562078125 0.7229794968750001 0.7250445296875 0.7243017968750001 0.7234566499999999 0.7082795796875 0.716953440625 0.67554423125 0.7084016921875 0.6729207859375 0.6471668578124999 0.642371615625 0.6619282703125 0.671900590625 0.68029678125 0.7034887234375 0.6793981171875 0.72169085 0.679752196875 0.72226003125 0.6829562078125 0.7229794968750001
5 1 0.719110128125 0.994136746875 0.6902615375 0.9839522671875001 0.667135571875 0.9757331484374999 0.6309464828125 0.96874380625 0.612937165625 0.972801128125 0.5973218203124999 0.9643066859375 0.597019809375 0.88826793125 0.6161491906250001 0.896416109375 0.627558884375 0.913739690625 0.6727528828125 0.9153162171875 0.69711314375 0.9113186593749999 0.73397691875 0.904581728125 0.7482710671875 0.8885539140625 0.76968491875 0.8603673796875 0.7895672921875 0.8384992578125001 0.7931865328125001 0.825848290625 0.791759684375 0.8003490125000001 0.7807161484375 0.7758580609375 0.755052659375 0.7633046515624999 0.7371415 0.7520306406249999 0.710726609375 0.744896790625 0.6674826109375 0.745809240625 0.6588509234375 0.7327321328124999 0.6627936046875 0.7288717015625 0.6792004328125001 0.716953440625 0.67554423125 0.7234566499999999 0.7082795796875 0.726678478125 0.7407888609375 0.7359813281250001 0.7746400343750001 0.747344490625 0.8033112578124999 0.7575556609375 0.8538298578125 0.9828193203125 0.80805615 1 0.80306960625 1 0.719110128125
3 0.5443476796875 0.4467483328125 0.58127495 0.5110458796875 0.6013354171875 0.4192806953125 0.6320723578125 0.43135104999999996 0.6533676859375 0.44280137656249996 0.67895921875 0.43009761874999997 0.6730725125 0.413121803125 0.657072571875 0.388582471875 0.6448018453125 0.3769754953125 0.6256661953125 0.3653571625 0.6244487171875 0.364967565625 0.5443476796875 0.4467483328125
5 0.2172480328125 0.65771810625 0.220690165625 0.6657068390624999 0.35067503437499997 0.790393696875 0.44197303125 0.770538209375 0.42338059375 0.7708116703125001 0.3917073765625 0.6218008953124999 0.3889558234375 0.4692913234375 0.40470040625000003 0.465944709375 0.351211128125 0.4182101421875 0.3206185765625 0.42471278906250004 0.22100194375 0.6452930109375 0.2172480328125 0.65771810625
5 0.62645118125 0.5498907328125 0.612194359375 0.5331955671874999 0.6018397796875 0.5083443203125 0.5980236062500001 0.48773916406250006 0.6012043 0.47353699687499995 0.609959565625 0.464349375 0.6533676859375 0.44280137656249996 0.6320723578125 0.43135104999999996 0.6013354171875 0.4192806953125 0.58127495 0.5110458796875 0.5885987609375001 0.52379805625 0.59414945625 0.5374508984374999 0.5963677374999999 0.55287154375 0.6090973749999999 0.580360871875 0.617701375 0.5859483734375 0.6250639625 0.5981566093749999 0.6471668578124999 0.642371615625 0.7084016921875 0.6729207859375 0.7288717015625 0.6792004328125001 0.7473028765625 0.6008679921875 0.7481284203125 0.5847464953125 0.75788449375 0.5481230609375001 0.7603561171875 0.5247417359375001 0.7675324703124999 0.5109910703125 0.7661714468749999 0.4995866140625 0.7650356859375 0.49886300468749994 0.763487284375 0.4999100890625 0.643888696875 0.5523837328125001 0.63764723125 0.554837571875 0.62645118125 0.5498907328125
3 0.8885539140625 0.76968491875 0.904581728125 0.7482710671875 0.9113186593749999 0.73397691875 0.9153162171875 0.69711314375 0.913739690625 0.6727528828125 0.896416109375 0.627558884375 0.876638365625 0.599864596875 0.8653714265625 0.590426265625 0.8464806171875001 0.579007028125 0.8288453734375001 0.5734947546875 0.800054890625 0.576012953125 0.7840509078125 0.5830161125 0.7709575859375 0.594030971875 0.7609532812500001 0.607476159375 0.751816925 0.6274251875 0.74728914375 0.644851171875 0.744896790625 0.6674826109375 0.7520306406249999 0.710726609375 0.7633046515624999 0.7371415 0.7758580609375 0.755052659375 0.8003490125000001 0.7807161484375 0.825848290625 0.791759684375 0.8384992578125001 0.7931865328125001 0.8603673796875 0.7895672921875 0.8885539140625 0.76968491875
3 0.8111634140625 0.40072945468750004 0.725325115625 0.4105211421875 0.68540943125 0.426895703125 0.609959565625 0.464349375 0.6012043 0.47353699687499995 0.5980236062500001 0.48773916406250006 0.6018397796875 0.5083443203125 0.612194359375 0.5331955671874999 0.62645118125 0.5498907328125 0.63764723125 0.554837571875 0.643888696875 0.5523837328125001 0.763487284375 0.4999100890625 0.7817193625 0.48758093437500005 0.827801059375 0.44453432812499993 0.8889549406249999 0.414064471875 0.8933156468749999 0.408065290625 0.8930187078125 0.4013653625 0.8812756859374999 0.3779364125 0.8710773234375001 0.3750318578125 0.8111634140625 0.40072945468750004
1 0.617701375 0.5859483734375 0.6090973749999999 0.580360871875 0.5963677374999999 0.55287154375 0.59414945625 0.5374508984374999 0.5885987609375001 0.52379805625 0.5443476796875 0.4467483328125 0.5370886765625 0.45415955781250006 0.48610122499999997 0.512236834375 0.4739578328125 0.521047384375 0.46757543281249997 0.5203275421875 0.42996305625 0.4605749671875 0.3889558234375 0.4692913234375 0.3917073765625 0.6218008953124999 0.42338059375 0.7708116703125001 0.5759978984375 0.76856695625 0.6930777921875 0.74368085625 0.6793981171875 0.72169085 0.68029678125 0.7034887234375 0.6619282703125 0.671900590625 0.6250639625 0.5981566093749999 0.617701375 0.5859483734375
5 0.46757543281249997 0.5203275421875 0.4739578328125 0.521047384375 0.48610122499999997 0.512236834375 0.5370886765625 0.45415955781250006 0.6552427453125 0.3335277828125 0.654683703125 0.32845545 0.5870666499999999 0.2130488875 0.56241280625 0.21673187500000002 0.4514545296875 0.3394679515625 0.3990705984375 0.4056288 0.4033054921875 0.4182256625 0.46757543281249997 0.5203275421875