3 0.6207994 0.8746741703125 0.621292971875 0.875523359375 0.6359448624999999 0.8865643515625001 0.6545076265625001 0.8881475828125 0.6681734609375 0.8809869015625 0.6860862609375 0.8779454156250001 0.704474028125 0.8596409671874999 0.7170093703125 0.8332508984375 0.7181343 0.8226126546874999 0.7154539015625 0.8072691421875 0.7150310921874999 0.8064622281249999 0.7081926578125 0.8105096671875 0.663715696875 0.8227868984375 0.660073475 0.8243521062499999 0.6594027796875 0.831761128125 0.658372578125 0.8346618265625001 0.6586741734375 0.8356060968750001 0.6553590421875 0.8584415171875 0.6470464984375 0.8689303984375 0.6292801265625 0.8751555515625 0.6235724328125001 0.8729749468750001 0.6207994 0.8746741703125
6 0.271526728125 0.701002075 0.26335232343750004 0.7177280406250001 0.25390812500000004 0.7224233640625 0.2530110171875 0.728022490625 0.2550484859375 0.739524240625 0.2614085921875 0.7428404203125 0.2694334828125 0.74002858125 0.2890940265625 0.7541056109375 0.304298028125 0.757441871875 0.348513034375 0.7335457125 0.3620790296875 0.7312181328125 0.3718200328125 0.725639090625 0.373901753125 0.7219454390625 0.3741961359375 0.714631375 0.37612678125 0.7082943328125 0.37194499531249997 0.6965722890625 0.3679994890625 0.6684985578125 0.34955741093750003 0.6630913578125 0.3299214203125 0.6641670015625001 0.3209480921875 0.6692171515625 0.3154516234375 0.6750416718750001 0.30490500468750004 0.6718928640625 0.2903258578125 0.6789938703125 0.271526728125 0.701002075
0 0.7048869343749999 0.445004621875 0.705217609375 0.4517523453125 0.6956788046875 0.50824819375 0.718533125 0.5195369890625 0.7300230046875 0.5258310640625 0.7288238484375 0.51340109375 0.730556703125 0.49914708750000003 0.735366621875 0.4835265953125 0.7456721796875 0.46713374218750003 0.7608718296875 0.45565725781250005 0.7907686046875 0.45238957031249993 0.8157217765624999 0.43720723906250003 0.8300244890625 0.4368712828125 0.8019344015625001 0.42400631562499996 0.7788087546875 0.42303394531249994 0.720349290625 0.444386453125 0.7048869343749999 0.445004621875
0 0.8693124359375 0.6401809265625 0.8753403703125 0.6129567921875 0.8806279296874999 0.6083313859375 0.7300230046875 0.5258310640625 0.73009089375 0.5265347671875 0.718533125 0.5195369890625 0.6899708906249999 0.6806994140625 0.8693124359375 0.6401809265625
0 0.8997110140625001 0.4898514859375 0.9058131609375 0.5100095890625 0.908608025 0.5465110375 0.8989807640624999 0.5810221734375001 0.882506228125 0.6066883015625 0.8806279296874999 0.6083313859375 0.9184878281250001 0.629070771875 0.9265055734375001 0.5993250031249999 0.9152722531249999 0.5694698171875 0.9116090453125001 0.5333899265625 0.9156427875 0.5220322703125 0.906839165625 0.4927739390625 0.8915795640624999 0.47099122031249996 0.8846975531249999 0.46593723281250005 0.8907248953125 0.472433775 0.8997110140625001 0.4898514859375
5 0.6923075 0.6669576796875 0.715683303125 0.6380651312500001 0.7797058078125 0.6077279421874999 0.779867303125 0.6076833640625 0.7733905375 0.5879313671874999 0.7582354437500001 0.5797869312499999 0.739904259375 0.559012428125 0.730868628125 0.534596440625 0.73009089375 0.5265347671875 0.718533125 0.5195369890625 0.6956788046875 0.50824819375 0.69120218125 0.5347620656250001 0.686649371875 0.6038864140625 0.681890840625 0.6228177125000001 0.682034121875 0.6639033624999999 0.6893662015625 0.6691450156250001 0.69189365625 0.6693915171875 0.6923075 0.6669576796875
5 0.779867303125 0.6076833640625 0.8290567796874999 0.7576950453125 0.8379498562500001 0.75318604375 0.83975665 0.7513194125 0.86729589375 0.6347588953125001 0.8658012046874999 0.6189391703125 0.8716931890625 0.6161472421874999 0.7935394125 0.5937147125 0.795625475 0.6033335453124999 0.779867303125 0.6076833640625
6 0.732973621875 0.7697685843750001 0.7060330968749999 0.75160571875 0.6857792328125 0.75932979375 0.6823696531250001 0.756760490625 0.6804618015624999 0.7528362921875 0.658526575 0.7600123390625 0.6659198328125 0.765340825 0.6790810984375 0.7704586499999999 0.667573896875 0.773568921875 0.6651864578125 0.78136965625 0.6606569140625 0.7810108828125 0.659041540625 0.7799614828125 0.6619593953125 0.8035187718750001 0.660073475 0.8243521062499999 0.663715696875 0.8227868984375 0.7081926578125 0.8105096671875 0.7304471109375 0.7973380062500001 0.7350215171875 0.7898651921875001 0.7353729 0.78378940625 0.732980571875 0.76977114375 0.732973621875 0.7697685843750001
6 0.6235724328125001 0.8729749468750001 0.6292801265625 0.8751555515625 0.6470464984375 0.8689303984375 0.6553590421875 0.8584415171875 0.6586741734375 0.8356060968750001 0.658372578125 0.8346618265625001 0.6543021140625 0.846122878125 0.6411384953125 0.8622110562499999 0.6235724328125001 0.8729749468750001
0 0.43663673281250004 0.6394150828125 0.43450954218750004 0.6351364390625001 0.41415521406250005 0.623974034375 0.40413406875 0.61967515625 0.4116317984375 0.6504073828125 0.4178861203125 0.6569893875 0.4250162921875 0.6561884953125 0.4313317796875 0.6526151546875 0.45127802499999997 0.6475160171875001 0.43663673281250004 0.6394150828125
3 0.7014422328125 0.4248891421875 0.6933893203125 0.4163189359375 0.658824115625 0.397777890625 0.6132141453125 0.38592542343749997 0.585957675 0.38690254999999996 0.5781921546875 0.3925595546875 0.5722447421875 0.40709230781250005 0.5713882671875 0.41425191874999995 0.5745698765625 0.41578244218749993 0.5883840609375001 0.4266232234375 0.606852490625 0.44959213125 0.62364008125 0.48508787656249996 0.6292428953125 0.5039654328125 0.63079344375 0.518496253125 0.628552334375 0.56551555 0.6217481859375 0.5905614124999999 0.613234528125 0.6104396609375 0.6089477296875 0.6184164984375 0.5927263921875 0.6328641390625 0.5934709984375 0.6381622890624999 0.5838469875000001 0.683664646875 0.5975325703125 0.6927155703125 0.62424993125 0.699973809375 0.6503871015625 0.6991539906249999 0.659429228125 0.694458978125 0.663364928125 0.6859159921875 0.673998278125 0.6844215734375 0.682036059375 0.664458703125 0.681890840625 0.6228177125000001 0.686649371875 0.6038864140625 0.69120218125 0.5347620656250001 0.705217609375 0.4517523453125 0.7043009875 0.4330479328125 0.7014422328125 0.4248891421875
6 0.3286815078125 0.5144367125 0.311549834375 0.5136769890624999 0.3064227203125 0.5250876124999999 0.30557275 0.5331256265625 0.3078834171875 0.5411153671875 0.3204525234375 0.548851165625 0.32871300468750003 0.573821471875 0.33710780156250003 0.5884787765625 0.3446358328125 0.5941515546875 0.41415521406250005 0.623974034375 0.43450954218750004 0.6351364390625001 0.4305353796875 0.6271427875 0.41463532656249996 0.611323940625 0.4122893203125 0.5985238671875 0.416482540625 0.5738632765625 0.3897601359375 0.5666773796875 0.3889738015625 0.565783596875 0.373483096875 0.54817614375 0.371137090625 0.5353760703125 0.3729988109375 0.525267084375 0.38409353125 0.5105438921875 0.36342545 0.499655571875 0.3538344 0.49902386718749997 0.34245945624999996 0.50260215 0.3286815078125 0.5144367125
5 0.5844947046875 0.7801122546875 0.54861134375 0.7077183859375 0.5471940796875 0.7173282265625 0.5360271953125 0.7547305984375 0.4893731671875 0.7662641953125 0.48489638749999997 0.7733632078125 0.462918740625 0.7834194859375 0.46160762499999997 0.777631590625 0.467129075 0.7708834390625 0.468128896875 0.760291640625 0.47783694218750006 0.7514620625 0.47304886562500004 0.74218138125 0.46440923125 0.7409072015625 0.46379192500000005 0.7365148375 0.4650783265625 0.7322473734375 0.418027359375 0.777502078125 0.37150580624999996 0.8285015046875 0.374242765625 0.8390224390625001 0.42086218437499995 0.9260069062499999 0.42602927187499995 0.9269585031249999 0.4364412609375 0.9204618421875 0.4813619953125 0.875979084375 0.584661459375 0.7842832765625001 0.5844947046875 0.7801122546875
6 0.42112233593750004 0.5212391359375 0.4023804015625 0.5085550609375 0.384525834375 0.5099702078125 0.3729988109375 0.525267084375 0.371137090625 0.5353760703125 0.373483096875 0.54817614375 0.3897601359375 0.5666773796875 0.416482540625 0.5738632765625 0.4122893203125 0.5985238671875 0.41463532656249996 0.611323940625 0.4305353796875 0.6271427875 0.43663673281250004 0.6394150828125 0.47783508750000003 0.662209871875 0.4823374359375 0.6418376171875 0.49261259687500003 0.6295533859375 0.49023071875 0.62723509375 0.47436825000000005 0.6088161890625 0.4638089015625 0.589651978125 0.45470367968750003 0.5668420328125 0.45239869062500004 0.5569209390625 0.442871453125 0.5592130703125 0.433148153125 0.556202996875 0.4297958875 0.5479209390625 0.42829664375 0.5333606359374999 0.4488258296875 0.5358879812499999 0.448086790625 0.5280660515625 0.44761854999999995 0.5268155984375 0.4380547390625 0.5210477375 0.42112233593750004 0.5212391359375
3 0.5905965796875 0.6347610703125001 0.6089477296875 0.6184164984375 0.613234528125 0.6104396609375 0.6217481859375 0.5905614124999999 0.628552334375 0.56551555 0.63079344375 0.518496253125 0.6292428953125 0.5039654328125 0.62364008125 0.48508787656249996 0.606852490625 0.44959213125 0.5883840609375001 0.4266232234375 0.5745698765625 0.41578244218749993 0.5540062609375 0.4058902328125 0.5388656453125 0.40310186249999996 0.5228207625 0.404373575 0.5075290031249999 0.40750593906250004 0.4898111 0.417862021875 0.465651271875 0.44534706562500004 0.45693434999999993 0.4637790078125 0.4490148515625 0.494881115625 0.44670076718749996 0.5133964453125001 0.44972629375000006 0.5454184546875 0.45470367968750003 0.5668420328125 0.4638089015625 0.589651978125 0.47436825000000005 0.6088161890625 0.49023071875 0.62723509375 0.49308324375 0.6289907125 0.49554617968750003 0.6260462062500001 0.524163821875 0.638447703125 0.5365749140625 0.6487612203124999 0.541542034375 0.6495212312499999 0.5644041015625 0.6477830484375 0.5905965796875 0.6347610703125001
3 0.8202038437500001 0.5965490375 0.85912151875 0.6044928609375 0.8653330953125 0.6139847359374999 0.8658012046874999 0.6189391703125 0.8716931890625 0.6161472421874999 0.882506228125 0.6066883015625 0.8989807640624999 0.5810221734375001 0.908608025 0.5465110375 0.9058131609375 0.5100095890625 0.8997110140625001 0.4898514859375 0.8907248953125 0.472433775 0.8692597109375001 0.44929763125 0.8436505203125 0.43655122031250004 0.8157217765624999 0.43720723906250003 0.7907686046875 0.45238957031249993 0.7608718296875 0.45565725781250005 0.7456721796875 0.46713374218750003 0.735366621875 0.4835265953125 0.730556703125 0.49914708750000003 0.7288238484375 0.51340109375 0.730868628125 0.534596440625 0.739904259375 0.559012428125 0.7582354437500001 0.5797869312499999 0.7733905375 0.5879313671874999 0.7930040328125 0.5912460734375 0.795625475 0.6033335453124999 0.8202038437500001 0.5965490375
6 0.8848436578125 0.6703833625 0.8855546562500001 0.6580894890625 0.8803708015625 0.64723378125 0.8678345390625 0.640459871875 0.8653330953125 0.6139847359374999 0.85912151875 0.6044928609375 0.8202038437500001 0.5965490375 0.7797058078125 0.6077279421874999 0.715683303125 0.6380651312500001 0.6923075 0.6669576796875 0.6899708906249999 0.6806994140625 0.6909856984375 0.7226259203125001 0.6729359421875001 0.737356596875 0.6823696531250001 0.756760490625 0.6857792328125 0.75932979375 0.7060330968749999 0.75160571875 0.732973621875 0.7697685843750001 0.7593356453125 0.7794769890625 0.794695075 0.7751172421875 0.8379498562500001 0.75318604375 0.8741527843749999 0.7157840875 0.8882887937499999 0.6948967796875001 0.891223290625 0.6810710171875 0.8848436578125 0.6703833625
1 0.468128896875 0.760291640625 0.467129075 0.7708834390625 0.46160762499999997 0.777631590625 0.462918740625 0.7834194859375 0.48489638749999997 0.7733632078125 0.4893731671875 0.7662641953125 0.5360271953125 0.7547305984375 0.5471940796875 0.7173282265625 0.551016615625 0.6914093203125 0.5562478828125 0.689678753125 0.600770375 0.72671969375 0.6480601921875 0.772827634375 0.6606569140625 0.7810108828125 0.6651864578125 0.78136965625 0.667573896875 0.773568921875 0.6790810984375 0.7704586499999999 0.6659198328125 0.765340825 0.6526293015625 0.7557620453125 0.621969796875 0.7217495890625 0.5993616453125 0.702531353125 0.5861555296875001 0.6864708671875001 0.5636080546875 0.6712255453125 0.524163821875 0.638447703125 0.49554617968750003 0.6260462062500001 0.4823374359375 0.6418376171875 0.4747319265625 0.67625106875 0.47053741875000005 0.68181736875 0.470299996875 0.6942927390625 0.47426499843750003 0.6977169359375 0.4739748140625 0.7027345203124999 0.46379192500000005 0.7365148375 0.46440923125 0.7409072015625 0.47304886562500004 0.74218138125 0.47783694218750006 0.7514620625 0.468128896875 0.760291640625