3 0.60396168125 0.8765749890625001 0.5942702640624999 0.8858049109374999 0.5758104203125 0.8894968796875 0.5704617546875 0.8865431390625 0.567479221875 0.88783989375 0.56784980625 0.8887495109374999 0.580822496875 0.9017222015625 0.598984265625 0.9058734625 0.6135136796875 0.9006843859375 0.631675446875 0.900165478125 0.652431753125 0.88459825 0.6685178890625 0.860209590625 0.671112428125 0.8498314375 0.6705935203125 0.8342642078125 0.670287125 0.8334063031250001 0.6629519484374999 0.8364626265625 0.6171991734375 0.8424303796875 0.6133745625 0.8434734562499999 0.6116792578125 0.85071703125 0.6102553828125 0.8534461234374999 0.6104226265625 0.854423178125 0.60396168125 0.8765749890625001
6 0.2991401375 0.6426511328125 0.29288654375 0.6476540078124999 0.2828807921875 0.6430680390625 0.26745525937500003 0.6480709140625 0.24577613281250002 0.667248603125 0.235353475 0.6826741359375 0.225347725 0.6860093859374999 0.2236801 0.6914291687499999 0.22409700625 0.7031025453125 0.22993369375 0.7072716078125 0.23827181875 0.7056039828125 0.25578188281249997 0.722280234375 0.27037360312500003 0.727700015625 0.31748401406250004 0.7101899515625 0.331241921875 0.7097730453125 0.3416645796875 0.7056039828125 0.344240096875 0.702235996875 0.3455495359375 0.6950340828125 0.34834333906250003 0.6890274062499999 0.3458336421875 0.6768374484375 0.3458336421875 0.6484878203125 0.328323578125 0.6405666015625 0.3087289828125 0.6388989765625 0.2991401375 0.6426511328125
0 0.8355985328125 0.483416178125 0.8095722734375 0.46676702812500004 0.7868070109375 0.462585653125 0.7259447765625 0.475594375 0.710546865625 0.47405458281249996 0.709935221875 0.480782659375 0.6926265453125 0.5354011484375001 0.7136873515625 0.5497607890625 0.724189446875 0.5575926921875001 0.724731878125 0.5451168 0.72843164375 0.5312426796875 0.7353687046874999 0.516443615625 0.7478554140625 0.501644553125 0.7645043593749999 0.4923951390625 0.79456495625 0.4933200796875 0.8213882578125 0.48175831249999995 0.8355985328125 0.483416178125
0 0.724189446875 0.5575926921875001 0.7241587390625 0.5582989953124999 0.7136873515625 0.5497607890625 0.662973609375 0.7053796984375 0.8462088984375 0.690215053125 0.8559670359375 0.6640947875000001 0.8618468703125 0.66025028125 0.724189446875 0.5575926921875001
0 0.9038855078125 0.54946533125 0.8918059812499999 0.5257708734375 0.8856943234375001 0.51980828125 0.8907588640625 0.5270804421874999 0.8972334546875 0.545579271875 0.90047075 0.566390453125 0.8981583953125 0.602925640625 0.8838218031249999 0.6357610609375001 0.8639355625 0.658884596875 0.8618468703125 0.66025028125 0.8964519531249999 0.6860569125 0.90853148125 0.6577164828125001 0.901562521875 0.62658846875 0.9029563140624999 0.5903498859375 0.90853148125 0.5796641499999999 0.9038855078125 0.54946533125
5 0.6630277687499999 0.646936771875 0.6574516390625 0.6876425187499999 0.6639828671875 0.6938535890625 0.6664514171875 0.6944494453125001 0.6671999578125 0.692096890625 0.6943693359374999 0.6667388046875 0.7619908984375 0.6456070656249999 0.7621570265625001 0.6455853968749999 0.7584922390625 0.6251242343750001 0.74461811875 0.614949878125 0.729356584375 0.5918263421875001 0.7238069359375 0.566390453125 0.7241587390625 0.5582989953124999 0.7136873515625 0.5497607890625 0.6926265453125 0.5354011484375001 0.6845034703125 0.5610339640625 0.67037471875 0.6288519703125 0.6630277687499999 0.646936771875
5 0.84568811875 0.66869135 0.851911325 0.6667465984375001 0.777640140625 0.633655478125 0.7783672187499999 0.643471025 0.7621570265625001 0.6455853968749999 0.789990203125 0.8009830265625 0.7994242640625 0.797755584375 0.801473259375 0.796158575 0.8449665828124999 0.6845651390625 0.84568811875 0.66869135
6 0.6868229625 0.8265163718749999 0.692392865625 0.8197529171875001 0.693586415625 0.8137851640625 0.6931683343749999 0.799570378125 0.6931618078125 0.7995668765625 0.6690112484374999 0.7778313734375 0.6478795109375 0.7826614859375 0.6448606906250001 0.7796426656250001 0.6435175484375 0.7754911359375 0.62079708125 0.7795445515625 0.6273768078125 0.7858501234374999 0.639697725 0.7927498374999999 0.62786964375 0.794228346875 0.6244197875 0.8016208984375 0.61998425625 0.8006352250000001 0.6185306515625 0.799371221875 0.61814156875 0.8231053390625 0.6133745625 0.8434734562499999 0.6171991734375 0.8424303796875 0.6629519484374999 0.8364626265625 0.6868229625 0.8265163718749999
6 0.6104226265625 0.854423178125 0.6102553828125 0.8534461234374999 0.6046294624999999 0.8642291375 0.589354909375 0.878328725 0.5704617546875 0.8865431390625 0.5758104203125 0.8894968796875 0.5942702640624999 0.8858049109374999 0.60396168125 0.8765749890625001 0.6104226265625 0.854423178125
0 0.39683654687500003 0.644033534375 0.404008790625 0.6442327640625 0.4107601296875 0.6415731453125 0.431221921875 0.6392996125 0.41785055 0.6292398421875001 0.41633953281249997 0.624706790625 0.3977367984375 0.6108202421875 0.38841146718749997 0.6051685265625 0.3915591296875 0.6366451515625 0.39683654687500003 0.644033534375
3 0.67037471875 0.6288519703125 0.6845034703125 0.5610339640625 0.709935221875 0.480782659375 0.711630671875 0.4621327078125 0.709935221875 0.45365545625000003 0.703153421875 0.44404790624999996 0.67150501875 0.4208767546875 0.627988465625 0.40279195312500005 0.6008612640625 0.39996620312500003 0.5923840140625 0.404487403125 0.5844719125 0.418051003125 0.5826273484375 0.4250217390625 0.5855649859375001 0.42698016250000004 0.5977359875 0.4396380046875 0.6128280296875 0.4649536890625 0.624512190625 0.5024403734375 0.6274332312500001 0.5219139765625 0.626946390625 0.536519178125 0.6181832703125 0.582768984375 0.6079596281249999 0.606624146875 0.5967623078125001 0.6251240703125001 0.5914070671875 0.6324266703125 0.5733328703125 0.644476134375 0.5733328703125 0.6498263515625 0.557469815625 0.6935464796875 0.5697625671875 0.7044139859375 0.5952097640625 0.7153199265625 0.621206665625 0.7181456765625 0.630814215625 0.7147547765625 0.6359005671875 0.7068426750000001 0.6466384171875 0.7068426750000001 0.65737626875 0.6881927250000001 0.6630277687499999 0.646936771875 0.67037471875 0.6288519703125
6 0.38375409843749997 0.4943102171875 0.36480251875 0.4806514203125 0.355392725 0.478691046875 0.34363048125 0.4806514203125 0.328339565625 0.4904532890625 0.31148034999999996 0.48731669218749996 0.3048150796875 0.4979027109375 0.30285470625 0.5057442062499999 0.3040309296875 0.5139777750000001 0.3154010984375 0.5233875703125 0.3201059953125 0.5492645046875 0.3263791921875 0.5649474953125 0.3330444625 0.5716127656250001 0.3977367984375 0.6108202421875 0.41633953281249997 0.624706790625 0.4135165484375 0.6162378359375 0.3999727921875 0.598360078125 0.3994310421875 0.585358071875 0.40701554531250006 0.5615210609375 0.38155328437499997 0.55068605625 0.38089899374999997 0.549691534375 0.368009528125 0.530099546875 0.36746777812500003 0.5170975421875 0.37071827968750004 0.5073460375 0.38375409843749997 0.4943102171875
5 0.3673280109375 0.9125086359375001 0.37854283125 0.9075242703124999 0.42921720468749996 0.8697261734374999 0.5442729546875 0.7932992484375 0.5446883171875 0.7891456109375 0.51922945 0.7124622765625 0.516488546875 0.72178135 0.500224934375 0.75726559375 0.4524197734375 0.7621939609374999 0.4469985703125 0.7686008390625 0.42383524375 0.775500553125 0.4233424078125 0.7695865125 0.429749284375 0.763672471875 0.43221346875 0.7533229 0.4430558765625 0.74593035 0.43960601875 0.736073615625 0.4312277953125 0.73360943125 0.4312277953125 0.7291739015625 0.43309559531249997 0.725127 0.3802042859375 0.7633930609374999 0.3270377296875 0.8074216156249999 0.328283821875 0.8182210718749999 0.3623436453125 0.91084718125 0.3673280109375 0.9125086359375001
6 0.4443292109375 0.5284166531250001 0.4446859671875 0.5205679921875 0.4443963125 0.5192645421875 0.43572830781249994 0.5122217890625 0.4189340515625 0.5100547890625 0.40213979375 0.49488578125 0.3842620359375 0.49380228125 0.37071827968750004 0.5073460375 0.36746777812500003 0.5170975421875 0.368009528125 0.530099546875 0.38155328437499997 0.55068605625 0.40701554531250006 0.5615210609375 0.3994310421875 0.585358071875 0.3999727921875 0.598360078125 0.4135165484375 0.6162378359375 0.41785055 0.6292398421875001 0.45547554375 0.657546496875 0.46276934531249997 0.637999109375 0.47465414375000003 0.627264453125 0.472618090625 0.6246372296875 0.459473409375 0.6041899468749999 0.45168396718750004 0.5837426640625 0.4458418875 0.5598875015625 0.44494007968749993 0.5497421671875 0.43518655781250004 0.55068605625 0.4259768046875 0.5463520546875 0.423809803125 0.5376840515625 0.424351553125 0.52305679375 0.4443292109375 0.5284166531250001
3 0.504660465625 0.64046329375 0.5155154093750001 0.65240373125 0.5203284171875 0.653847634375 0.5432099 0.655308153125 0.5709597843750001 0.6460581921874999 0.5914070671875 0.6324266703125 0.5967623078125001 0.6251240703125001 0.6079596281249999 0.606624146875 0.6181832703125 0.582768984375 0.626946390625 0.536519178125 0.6274332312500001 0.5219139765625 0.624512190625 0.5024403734375 0.6128280296875 0.4649536890625 0.5977359875 0.4396380046875 0.5855649859375001 0.42698016250000004 0.5665782234375001 0.414322321875 0.5519730218750001 0.40945392031249994 0.5359072984375 0.408480240625 0.5203284171875 0.40945392031249994 0.5013416546875 0.4172433625 0.4735917703125 0.441098525 0.46239445 0.45813792812500004 0.45022344687500004 0.48783517187500003 0.44535504687499994 0.505848253125 0.44389452656249995 0.5379796984375 0.4458418875 0.5598875015625 0.45168396718750004 0.5837426640625 0.459473409375 0.6041899468749999 0.472618090625 0.6246372296875 0.4751985203125 0.6267727578125 0.47804728281250003 0.62419968125 0.504660465625 0.64046329375
3 0.74461811875 0.614949878125 0.7584922390625 0.6251242343750001 0.7774535390625 0.6311363531249999 0.7783672187499999 0.643471025 0.8036506125 0.640173190625 0.8410839781250001 0.6534559984375 0.8459140890624999 0.663719984375 0.84568811875 0.66869135 0.851911325 0.6667465984375001 0.8639355625 0.658884596875 0.8838218031249999 0.6357610609375001 0.8981583953125 0.602925640625 0.90047075 0.566390453125 0.8972334546875 0.545579271875 0.8907588640625 0.5270804421874999 0.87272250625 0.5011820828125 0.8491365 0.48499560781250006 0.8213882578125 0.48175831249999995 0.79456495625 0.4933200796875 0.7645043593749999 0.4923951390625 0.7478554140625 0.501644553125 0.7353687046874999 0.516443615625 0.72843164375 0.5312426796875 0.724731878125 0.5451168 0.7238069359375 0.566390453125 0.729356584375 0.5918263421875001 0.74461811875 0.614949878125
6 0.7994242640625 0.797755584375 0.8404802140625 0.7657560953125 0.8573856046874999 0.7470394125 0.8622157171874999 0.7337566046874999 0.8573856046874999 0.7222850890625 0.8598006609375 0.7102098109375 0.8561780765625 0.6987382953125 0.8447065625000001 0.6902855999999999 0.8459140890624999 0.663719984375 0.8410839781250001 0.6534559984375 0.8036506125 0.640173190625 0.7619908984375 0.6456070656249999 0.6943693359374999 0.6667388046875 0.6671999578125 0.692096890625 0.662973609375 0.7053796984375 0.6581434984375 0.7470394125 0.6382192875 0.7591146906249999 0.6448606906250001 0.7796426656250001 0.6478795109375 0.7826614859375 0.6690112484374999 0.7778313734375 0.6931618078125 0.7995668765625 0.7179161296875 0.8128496843749999 0.753538203125 0.8134534468749999 0.7994242640625 0.797755584375
1 0.4312277953125 0.7291739015625 0.4312277953125 0.73360943125 0.43960601875 0.736073615625 0.4430558765625 0.74593035 0.43221346875 0.7533229 0.429749284375 0.763672471875 0.4233424078125 0.7695865125 0.42383524375 0.775500553125 0.4469985703125 0.7686008390625 0.4524197734375 0.7621939609374999 0.500224934375 0.75726559375 0.516488546875 0.72178135 0.5238810968750001 0.696646678125 0.5293023015625 0.6956610046875 0.5682364015625 0.7385377984375 0.6086490125 0.7907784906249999 0.61998425625 0.8006352250000001 0.6244197875 0.8016208984375 0.62786964375 0.794228346875 0.639697725 0.7927498374999999 0.6273768078125 0.7858501234374999 0.6155487265625 0.7745148796875 0.5899212171875 0.7365664515625 0.5702077484375 0.7143887999999999 0.559365340625 0.696646678125 0.5391590359375 0.6784117203125 0.504660465625 0.64046329375 0.47804728281250003 0.62419968125 0.46276934531249997 0.637999109375 0.4504484265625 0.67101916875 0.445520059375 0.6759475359375 0.4435487125 0.6882684546875 0.4469985703125 0.6922111484375 0.446012896875 0.697139515625 0.4312277953125 0.7291739015625