3 0.5197104484375 0.8931726421875 0.5199674171875001 0.8941206421875 0.5312624375 0.9085776093750001 0.5487829203125 0.914911290625 0.5638364234375 0.9115315828125 0.5819260546875 0.91322990625 0.6044248140625 0.9003082703124999 0.6233632765625 0.8780618078125 0.6272032546874999 0.8680772062500001 0.6285853828125 0.8525627734375 0.6283858234374999 0.8516739234375 0.62073285 0.8538135328124999 0.5745938234375 0.8541609421875 0.5706706015624999 0.854730140625 0.5681051625 0.8617131171875 0.566359309375 0.8642483406249999 0.5664062328125 0.8652384937500001 0.5572938203125 0.8864377984375 0.546549796875 0.894417834375 0.5277776125 0.8958325953124999 0.522828784375 0.8922490328125001 0.5197104484375 0.8931726421875
6 0.22728860156250003 0.6350198609375 0.21506373281250002 0.6490602125 0.20472610000000002 0.6511512078125 0.2024104 0.656327359375 0.20140157187500002 0.6679645328125 0.206686671875 0.6728138328125 0.21516587812500002 0.6721748 0.2305131015625 0.6908606890625 0.2443355515625 0.69801835625 0.2932287484375 0.6863801234375 0.30693491562499997 0.6876429921875 0.317787965625 0.6847752078125 0.32075473906249996 0.681746203125 0.32293211093749996 0.6747575515625 0.32643711875000003 0.6691361265625 0.3254317109375 0.6567311765625 0.32888666093749996 0.6285928625 0.31247246875 0.618596746875 0.2932271609375 0.6145535718749999 0.2832525171875 0.6171091734374999 0.2764358390625 0.6213126359375 0.2670635578125 0.61554145625 0.2511433078125 0.618627140625 0.22728860156250003 0.6350198609375
0 0.7121394328124999 0.49990718437500004 0.7107124015624999 0.5065105703125 0.686876421875 0.55861254375 0.70603024375 0.5754318171875 0.7154995890625 0.584485225 0.71755840625 0.5721684328125 0.7229214234375 0.558848615625 0.7316103296875001 0.5450052765625 0.7458075171874999 0.531838271875 0.7634595828124999 0.524686796875 0.793183390625 0.529268309375 0.8212157812499999 0.521061659375 0.8351180921875001 0.5244389640625 0.8113148484374999 0.5047421109375 0.78922885625 0.497817515625 0.727234915625 0.5033120328125 0.7121394328124999 0.49990718437500004
0 0.8204469265625001 0.7309894703125 0.8333155874999999 0.7062531187500001 0.8396201218750001 0.703153840625 0.7154995890625 0.584485225 0.7153830328125 0.585182521875 0.70603024375 0.5754318171875 0.6367293390625 0.723710315625 0.8204469265625001 0.7309894703125
0 0.8887178203125 0.5936501109375001 0.889394740625 0.6147006968750001 0.8826471031249999 0.6506817500000001 0.8644157421875001 0.6815252296875001 0.8418596812500001 0.7020528828125 0.8396201218750001 0.703153840625 0.8708222265625001 0.7329854109375 0.8862655453125001 0.7063283515625 0.8831420828125 0.6745830578125 0.8889418578124999 0.638784453125 0.8957777312499999 0.628857809375 0.8948466984375001 0.5983178859375 0.8857448390625 0.57332791875 0.88040539375 0.566664946875 0.8845459312499999 0.574500115625 0.8887178203125 0.5936501109375001
5 0.642542953125 0.711041578125 0.6726001875 0.689183621875 0.7422930203125 0.6764503921875 0.7424605515625 0.6764491296874999 0.74131666875 0.65569385625 0.72878590625 0.643904509375 0.7164561796875 0.61909341875 0.7140477515625 0.5931707937499999 0.7153830328125 0.585182521875 0.70603024375 0.5754318171875 0.686876421875 0.55861254375 0.6756900406249999 0.5830643421875 0.6534016671875 0.6486549828125 0.643905496875 0.6657096140625 0.6334101484375 0.7054323874999999 0.6391357546875 0.71239311875 0.6415132875 0.7132853734375 0.642542953125 0.711041578125
5 0.7424605515625 0.6764491296874999 0.75114805625 0.8340804609375001 0.7609051234375 0.8320267984375 0.763133471875 0.8306914015625001 0.8199024218750001 0.7252302687500001 0.8225531078125 0.7095627343750001 0.8289669328124999 0.708390896875 0.7592821484375001 0.6664950515625 0.7588075921875 0.6763260437499999 0.7424605515625 0.6764491296874999
6 0.655213990625 0.820874453125 0.6338923375000001 0.7963577500000001 0.6123294703125 0.7985765484375 0.609701053125 0.795212328125 0.6088738671875 0.7909280562500001 0.5858287671875 0.7921823296875 0.59159099375 0.7992427671875 0.602979209375 0.8075925953124999 0.5910591078125 0.807618603125 0.586734040625 0.8145356203125 0.58245169375 0.8130167374999999 0.5811629671875 0.81158500625 0.5778843234375 0.8350947968750001 0.5706706015624999 0.854730140625 0.5745938234375 0.8541609421875 0.62073285 0.8538135328124999 0.6456380765625 0.8468505593750001 0.6519907203125 0.8408163203125 0.653902659375 0.8350385062499999 0.6552200421875 0.8208787234375 0.655213990625 0.820874453125
6 0.522828784375 0.8922490328125001 0.5277776125 0.8958325953124999 0.546549796875 0.894417834375 0.5572938203125 0.8864377984375 0.5664062328125 0.8652384937500001 0.566359309375 0.8642483406249999 0.5594612046874999 0.874265353125 0.5425821984375 0.88639834375 0.522828784375 0.8922490328125001
0 0.4027125046875 0.6182650078124999 0.40176519062500005 0.6135815984375 0.3849934625 0.59753145625 0.3764264125 0.5907853953125 0.37571457656249996 0.6224110015625001 0.38005223906249996 0.6303874671874999 0.3871467421875 0.6314592890624999 0.394171884375 0.6296422765624999 0.41475823125 0.6298793546875 0.4027125046875 0.6182650078124999
3 0.714018375 0.47958556874999997 0.7084579921875 0.4692231390625 0.67986934375 0.44236773124999995 0.638881140625 0.41911439687499996 0.6123005125 0.41300373593749995 0.6033354546874999 0.41645811874999994 0.5938293421874999 0.428956375 0.5911490078125 0.43565035625000004 0.5938260765625001 0.437952190625 0.6043637546875 0.4519989546875 0.616258096875 0.47896519687500005 0.6232866890625 0.5175964015625001 0.623812721875 0.5372808375 0.6215495828125001 0.55171784375 0.6072153484375 0.5965549546875 0.5941606984375001 0.61898635625 0.5807922671875 0.6359837734375 0.57458698125 0.6425793015625 0.555179046875 0.652336259375 0.55452701875 0.657646596875 0.5334540624999999 0.699107621875 0.54433076875 0.7113922328125 0.5682591875 0.725318115625 0.5937179390625 0.731291028125 0.6036671234375001 0.7290962703125 0.6096798046874999 0.7218630140625 0.620337615625 0.723171628125 0.6332682859375 0.7059693078125 0.643905496875 0.6657096140625 0.6534016671875 0.6486549828125 0.6756900406249999 0.5830643421875 0.7107124015624999 0.5065105703125 0.7146680703125 0.48820625624999997 0.714018375 0.47958556874999997
6 0.3307825484375 0.46960430468750003 0.31443125312500003 0.46443646562499996 0.306525553125 0.47413128593750004 0.3036241546875 0.481675421875 0.303788190625 0.489990965625 0.3139268421875 0.5007162953125001 0.315443065625 0.5269737296875 0.31975822656249997 0.5433043328125 0.3255615234375 0.5507322125 0.3849934625 0.59753145625 0.40176519062500005 0.6135815984375 0.3999953546875 0.6048317359375 0.3887313015625 0.5854366671875 0.3897781359375 0.572465553125 0.40021110625 0.5497305375 0.37625909218750003 0.5358732265625 0.37573087968749996 0.5348063796875 0.365325153125 0.5137895968749999 0.3663719875 0.500818484375 0.37078666875 0.491535803125 0.3853139875 0.48018581562499996 0.36816825937500003 0.4643192140625 0.35906751406250004 0.46122668750000007 0.34715403437500003 0.46173899062499996 0.3307825484375 0.46960430468750003
5 0.5091172312500001 0.7924365 0.493193478125 0.7132220953124999 0.48933729687499994 0.7221376734375 0.46887046874999994 0.7553753875 0.42082102343749994 0.7544410359375 0.4146594265625 0.7601394796875 0.3908278921875 0.764164865625 0.3910594703125 0.7582348453125001 0.39813933125 0.7531456890625 0.40184644374999995 0.74317356875 0.413508959375 0.7371574796875 0.41128605 0.726953784375 0.40327058437499996 0.72348691875 0.40381114062499995 0.71908445 0.40615821093750004 0.7152953421875 0.3489976859375 0.74683034375 0.29086169375000004 0.7840513437500001 0.290782375 0.7949221625 0.3133000390625 0.8910086984375001 0.318044771875 0.8932652109375001 0.32978343906249996 0.889684740625 0.3846865234375 0.8583440375 0.5081987640625 0.7965085562499999 0.5091172312500001 0.7924365
6 0.418312934375 0.5001003875000001 0.40349249531250003 0.4829977421875 0.385880040625 0.47974356875 0.37078666875 0.491535803125 0.3663719875 0.500818484375 0.365325153125 0.5137895968749999 0.37625909218750003 0.5358732265625 0.40021110625 0.5497305375 0.3897781359375 0.572465553125 0.3887313015625 0.5854366671875 0.3999953546875 0.6048317359375 0.4027125046875 0.6182650078124999 0.436607334375 0.650946003125 0.44622899687500006 0.632433209375 0.45933343281249994 0.6232269609375 0.457632734375 0.6203711875 0.44707792812499997 0.59847438125 0.44183844375000003 0.577230215625 0.4389471234375 0.5528408953125 0.4392884421875 0.5426612796875 0.42949259062499995 0.542409478125 0.4208796671875 0.5369853953125 0.4197851828125 0.5281179109374999 0.422105509375 0.5136657046875001 0.441281053125 0.5214202765625 0.44259166250000004 0.513673596875 0.44246301718750003 0.5123445624999999 0.4347179171875 0.504297940625 0.418312934375 0.5001003875000001
3 0.5526308453125 0.6536173187500001 0.57458698125 0.6425793015625 0.5807922671875 0.6359837734375 0.5941606984375001 0.61898635625 0.6072153484375 0.5965549546875 0.6215495828125001 0.55171784375 0.623812721875 0.5372808375 0.6232866890625 0.5175964015625001 0.616258096875 0.47896519687500005 0.6043637546875 0.4519989546875 0.5938260765625001 0.437952190625 0.5765234421875001 0.42307479531250003 0.5626204140625 0.4164627546875 0.546793103125 0.41353841406249997 0.5312116828125 0.4126062484375 0.5114171515625 0.418023725 0.48096689687499994 0.43831921406249996 0.467776459375 0.4538669984375 0.45207699375 0.4818596109375 0.4450496390625 0.4991451171875 0.43968416718750003 0.530859065625 0.4389471234375 0.5528408953125 0.44183844375000003 0.577230215625 0.44707792812499997 0.59847438125 0.457632734375 0.6203711875 0.4599336734375 0.6228052734375 0.46307478125 0.620598553125 0.4875075578125 0.6399842703124999 0.4968264171875 0.6531585890625 0.5014275828125 0.6551782890625 0.5239605171874999 0.659416471875 0.5526308453125 0.6536173187500001
3 0.7843044328125 0.6761340609375 0.8198400078124999 0.693879840625 0.8233832515625 0.7046559640625001 0.8225531078125 0.7095627343750001 0.8289669328124999 0.708390896875 0.8418596812500001 0.7020528828125 0.8644157421875001 0.6815252296875001 0.8826471031249999 0.6506817500000001 0.889394740625 0.6147006968750001 0.8887178203125 0.5936501109375001 0.8845459312499999 0.574500115625 0.8698002296875 0.54659671875 0.848362665625 0.527656484375 0.8212157812499999 0.521061659375 0.793183390625 0.529268309375 0.7634595828124999 0.524686796875 0.7458075171874999 0.531838271875 0.7316103296875001 0.5450052765625 0.7229214234375 0.558848615625 0.71755840625 0.5721684328125 0.7140477515625 0.5931707937499999 0.7164561796875 0.61909341875 0.72878590625 0.643904509375 0.74131666875 0.65569385625 0.759403940625 0.6639719625 0.7588075921875 0.6763260437499999 0.7843044328125 0.6761340609375
6 0.8276319687499999 0.764182559375 0.8315006296874999 0.752491609375 0.8293030734375 0.74066411875 0.8189471906250001 0.730876403125 0.8233832515625 0.7046559640625001 0.8198400078124999 0.693879840625 0.7843044328125 0.6761340609375 0.7422930203125 0.6764503921875 0.6726001875 0.689183621875 0.642542953125 0.711041578125 0.6367293390625 0.723710315625 0.6268581890625 0.7644708625 0.605610884375 0.7740279828125 0.609701053125 0.795212328125 0.6123294703125 0.7985765484375 0.6338923375000001 0.7963577500000001 0.655213990625 0.820874453125 0.6781650296875 0.8370750453125 0.7134480015625 0.842015546875 0.7609051234375 0.8320267984375 0.8055548046875 0.8052692890625 0.8246151749999999 0.7887523671875 0.8310280515624999 0.776157209375 0.8276319687499999 0.764182559375
1 0.40184644374999995 0.74317356875 0.39813933125 0.7531456890625 0.3910594703125 0.7582348453125001 0.3908278921875 0.764164865625 0.4146594265625 0.7601394796875 0.42082102343749994 0.7544410359375 0.46887046874999994 0.7553753875 0.48933729687499994 0.7221376734375 0.4997378890625 0.6980912765625 0.5052388078125001 0.6977736296875 0.5386573328125001 0.7450757 0.572402175 0.8018520562499999 0.58245169375 0.8130167374999999 0.586734040625 0.8145356203125 0.5910591078125 0.807618603125 0.602979209375 0.8075925953124999 0.59159099375 0.7992427671875 0.5812324953125 0.786550534375 0.560420759375 0.7457617609375 0.5435570078125 0.72134695 0.5349576390624999 0.70241571875 0.5171242312500001 0.681854153125 0.4875075578125 0.6399842703124999 0.46307478125 0.620598553125 0.44622899687500006 0.632433209375 0.42997578281250004 0.6637056 0.424483534375 0.667996615625 0.42102533906249995 0.6799854484375001 0.42396898906249997 0.6843191859375 0.4223900453125 0.6890906953125 0.40381114062499995 0.71908445 0.40327058437499996 0.72348691875 0.41128605 0.726953784375 0.413508959375 0.7371574796875 0.40184644374999995 0.74317356875