1 0.542023484375 0.4629769140625 0.5394692921875001 0.463015921875 0.5392357140625 0.4636736 0.5312366015625 0.5071081093750001 0.5446987015625 0.5160241328125 0.5639288890625 0.53492643125 0.5740247515625 0.550941184375 0.5878870015625 0.5507460390625 0.5964829328125 0.54762143125 0.606332771875 0.5495226046874999 0.6104776281250001 0.5478449234375 0.6015870750000001 0.511858984375 0.591616775 0.4954638765625 0.5895704671875001 0.48479987031249994 0.580116821875 0.46039224375 0.575289859375 0.44163155 0.56916545625 0.43701647968749996 0.56536890625 0.4372762609375 0.5606831296875 0.441775671875 0.56228285 0.447583578125 0.5668390171875 0.44961262656249995 0.569820334375 0.45373156875 0.5670583406249999 0.46826743593750003 0.5522960875 0.482888203125 0.54976048125 0.4800413078125 0.54851814375 0.4674029015625 0.542023484375 0.4629769140625
5 0.6214076921875 0.680536740625 0.632051840625 0.67576549375 0.620825275 0.6522098640625 0.6137010515625 0.6474068281250001 0.612932334375 0.647179940625 0.613905384375 0.65410355625 0.6153376453125 0.6553662078125 0.615991646875 0.6680247359375 0.605066515625 0.6916859343749999 0.605197446875 0.6925801234375 0.6214076921875 0.680536740625
5 0.567498928125 0.684709046875 0.567650978125 0.6848731031249999 0.5676429749999999 0.6848736125 0.6113867328125 0.7348492234374999 0.605197446875 0.6925801234375 0.6049908390625001 0.6927336234375 0.604363734375 0.69231186875 0.605066515625 0.6916859343749999 0.567498928125 0.684709046875
5 0.6113867328125 0.7348492234374999 0.6079642562500001 0.7403679125 0.5982294078125 0.74677375 0.5849206312499999 0.7527347437499999 0.5876040062500001 0.7645804578125001 0.5888192953125 0.7663444203124999 0.5993039328124999 0.762936140625 0.6172341375 0.7620285124999999 0.6193929421875 0.7659170953125 0.622749725 0.766385596875 0.618871284375 0.748597259375 0.61107275 0.7289274890625 0.6108897515625 0.72932163125 0.6113867328125 0.7348492234374999
5 0.7262105453125 0.7633381640625 0.7268250109375 0.760001671875 0.6807955859375 0.783951509375 0.68250155 0.7914006765625 0.6842211625 0.791469890625 0.6952256015625 0.7896269109375 0.7008346609375 0.787356575 0.7044499125 0.7856628578125 0.70731571875 0.7849636875 0.7092686765625 0.7840964031250001 0.712470709375 0.781571540625 0.71742145 0.776726065625 0.7189611921875 0.7750276359375 0.721627459375 0.770799628125 0.72366683125 0.7684381671875 0.7262105453125 0.7633381640625
5 0.54976048125 0.4800413078125 0.5522960875 0.482888203125 0.5670583406249999 0.46826743593750003 0.569820334375 0.45373156875 0.5668390171875 0.44961262656249995 0.56228285 0.447583578125 0.5568324265625 0.42779539062499994 0.5465909578125 0.42709923437499997 0.540145821875 0.41732753593750005 0.5332832734374999 0.4102838765625 0.5287638953125 0.4085165953125 0.5253835687499999 0.43194830156249997 0.5192313328125 0.4413549453125 0.53176645 0.4526731921875 0.533140375 0.4567511015625 0.53776163125 0.463042003125 0.542023484375 0.4629769140625 0.54851814375 0.4674029015625 0.54976048125 0.4800413078125
0 0.3195829625 0.549534175 0.32242515156249996 0.556556046875 0.33475768437500003 0.5606980312500001 0.3345610015625 0.5901017109375 0.3384259859375 0.6044011515625 0.3461772546875 0.60454866875 0.3622075734375 0.5821963593749999 0.3638220828125 0.5958844203125 0.370766921875 0.6078956890625 0.379849134375 0.6131129171875 0.3931133390625 0.6123628906249999 0.393039840625 0.606724521875 0.3991950984375 0.597371046875 0.41196040624999997 0.5971077124999999 0.41991510625000006 0.5901656109375 0.4351686 0.59662895 0.4430698265625 0.5964659546875 0.4512988125 0.59565000625 0.46284904375 0.582593534375 0.45880610468749994 0.5766326421875 0.450223271875 0.55978545 0.44631542187499995 0.5467206 0.4456314265625 0.5376420328125 0.4473796375 0.5304239468749999 0.424931415625 0.547392165625 0.390133434375 0.5771135859375 0.384931896875 0.580359134375 0.379345490625 0.5786297328125001 0.35127349375 0.5153115921875 0.350806984375 0.5075192796875 0.3526663421875 0.5028575562500001 0.36808729218749997 0.49397266718750005 0.3664790234375 0.4937771515625 0.36378435 0.4790040109375 0.3603258640625 0.4763978546875 0.3493275578125 0.494950746875 0.3505339375 0.516735925 0.329933821875 0.5109728812500001 0.32947815625 0.5209320078124999 0.306076834375 0.528240728125 0.30493930625 0.533348140625 0.3079945765625 0.541886171875 0.3195829625 0.549534175
6 0.583993053125 0.692025425 0.572280653125 0.6898684140625 0.567650978125 0.6848731031249999 0.5672657875 0.684897596875 0.5549774859375 0.6948356015625 0.548092509375 0.7089872453125 0.5416281796875 0.7098957484375 0.537413596875 0.705163753125 0.5322528796875 0.69297635625 0.529325875 0.694605828125 0.5259033984375 0.7001245203125 0.51919938125 0.7181388921875 0.5090016734375 0.7212513171875 0.5095283265624999 0.7309728171875001 0.5106216796874999 0.7327782578125001 0.52073334375 0.7330363875 0.5288971515625 0.7453228890625 0.53824480625 0.7540845484375 0.5542267578125 0.7582754828125 0.57637569375 0.7565620140625 0.5982294078125 0.74677375 0.6079642562500001 0.7403679125 0.6113867328125 0.7348492234374999 0.6108897515625 0.72932163125 0.61107275 0.7289274890625 0.598604121875 0.6974786265625 0.6049908390625001 0.6927336234375 0.604363734375 0.69231186875 0.59906723125 0.697029234375 0.5909310265625 0.6951725984375 0.5848736296875 0.6895809203125001 0.583993053125 0.692025425
4 0.59780590625 0.663598421875 0.5977706296874999 0.6791333515625 0.5892217843750001 0.6775103390625 0.5848736296875 0.6895809203125001 0.5909310265625 0.6951725984375 0.59906723125 0.697029234375 0.605066515625 0.6916859343749999 0.615991646875 0.6680247359375 0.6153376453125 0.6553662078125 0.613905384375 0.65410355625 0.6154774187500001 0.665289165625 0.59780590625 0.663598421875
0 0.6154774187500001 0.665289165625 0.611214446875 0.6349565421875 0.60094676875 0.590762571875 0.5976584359375 0.5935410109375 0.59796498125 0.5935428500000001 0.59780590625 0.663598421875 0.6154774187500001 0.665289165625
0 0.583993053125 0.692025425 0.5892217843750001 0.6775103390625 0.5710570625 0.6740617390625 0.521722575 0.6646955109375 0.52026908125 0.664675778125 0.537413596875 0.705163753125 0.5416281796875 0.7098957484375 0.548092509375 0.7089872453125 0.5549774859375 0.694835603125 0.5674989296875 0.684709046875 0.5722806546875 0.6898684125 0.583993053125 0.692025425
5 0.625638771875 0.7796361140625 0.6321108578125 0.7669950812499999 0.6460773078125001 0.7694499890625 0.6591753671875 0.7683454703125 0.6698751109375001 0.778990565625 0.6791093203125 0.7765883421875001 0.6807955859375 0.783951509375 0.7511590734375 0.747340275 0.707408696875 0.6292013625 0.7002172390625 0.6292308375 0.6740259859375 0.645340540625 0.6658064375 0.65434546875 0.633099878125 0.6752957109375 0.6214076921875 0.680536740625 0.598604121875 0.6974786265625 0.618871284375 0.748597259375 0.625638771875 0.7796361140625
6 0.5247923703125 0.5028400578125 0.4991944828125 0.4954871640625 0.48335915468749996 0.4965288421875 0.4693183328125 0.5012325015625 0.47036905625000003 0.50391715625 0.47039238437500003 0.5130290125 0.4473796375 0.5304239468749999 0.4456314265625 0.5376420328125 0.44631542187499995 0.5467206 0.450223271875 0.55978545 0.45880610468749994 0.5766326421875 0.46888556093749995 0.5914937515625 0.469085115625 0.591678246875 0.4759738578125 0.58318513125 0.48177995625000003 0.5810109906250001 0.528606725 0.5856346203125 0.5724782484375 0.593389875 0.581506628125 0.593444065625 0.581786396875 0.5924961734374999 0.583112015625 0.5745523953125 0.5742122859375 0.5512386671875 0.5639288890625 0.53492643125 0.5446987015625 0.5160241328125 0.5247923703125 0.5028400578125
3 0.5217225765625 0.6646955109375 0.5977706296874999 0.6791333515625 0.59796498125 0.5935428500000001 0.5724782484375 0.593389875 0.528606725 0.5856346203125 0.48177995625000003 0.5810109906250001 0.4759738578125 0.58318513125 0.46758147031249997 0.5935320890625 0.461489203125 0.5960859828125 0.3991950984375 0.597371046875 0.393039840625 0.606724521875 0.39328281875000004 0.6253648796875 0.3991663125 0.6309892031250001 0.412905859375 0.6321140625 0.4582910015625 0.6433914921875 0.4646478390625 0.6499678984374999 0.46918869531249996 0.6605344265624999 0.4754573421875 0.6640674 0.5217225765625 0.6646955109375
6 0.6720440453125 0.3404252171875 0.6864004171875 0.3235365171875 0.697723590625 0.30490541250000003 0.6990012421875 0.2963608859375 0.6976299781249999 0.2888082703125 0.68981295625 0.2728671453125 0.6804193984375 0.26334385312499997 0.6697958093749999 0.2604995140625 0.6642368609375 0.262829840625 0.658929175 0.2691524265625 0.6378117453125001 0.301862375 0.626636371875 0.3127273734375 0.6167994171875 0.32650240468749997 0.6015972984375 0.35280436875 0.5970007015625 0.37079992812499996 0.5971517890625 0.3806927234375 0.5904482078125 0.390309625 0.5948099734375 0.399300834375 0.5999789921875001 0.40487808281250004 0.6028919109374999 0.403726515625 0.6062455 0.4036161734375 0.6095210734375 0.3981627640625 0.627925546875 0.39464674375 0.6389629718750001 0.38720908125000003 0.6606305515625001 0.36061808281249996 0.6720440453125 0.3404252171875
6 0.3526663421875 0.5028575562500001 0.350806984375 0.5075192796875 0.35127349375 0.5153115921875 0.379345490625 0.5786297328125001 0.384931896875 0.580359134375 0.390133434375 0.5771135859375 0.424931415625 0.547392165625 0.47039238437500003 0.5130290125 0.47036905625000003 0.50391715625 0.4536947984375 0.4613135296875 0.4486582 0.45007741093750003 0.4421571078125 0.44407615 0.4157978765625 0.46003898281250005 0.3721479484375 0.491633090625 0.3526663421875 0.5028575562500001
5 0.68482704375 0.801555053125 0.6791093203125 0.7765883421875001 0.6698751109375001 0.778990565625 0.6591753671875 0.7683454703125 0.6460773078125001 0.7694499890625 0.6321108578125 0.7669950812499999 0.6191123296875001 0.7923833078125 0.605608371875 0.7905996953125001 0.6001853296874999 0.8175002843750001 0.6023104515625 0.8352408171875 0.609878140625 0.8628927078125 0.6233196546875 0.869471003125 0.642193971875 0.867554684375 0.6596359328125 0.8606856140625 0.661864475 0.8555865046875001 0.664727225 0.8209465093749999 0.679597190625 0.8114937328125 0.68482704375 0.801555053125
6 0.6392719078125 0.447289040625 0.6381997484374999 0.4326397703125 0.6332521515625 0.420837371875 0.6241118265625001 0.40962422187499997 0.612058384375 0.40342491562499994 0.6028919109374999 0.403726515625 0.5938561890625 0.4072986171875 0.5828644453125 0.42035448124999997 0.5797543328125 0.430987103125 0.5813704125 0.449506584375 0.586957815625 0.4635212796875 0.59563964375 0.47381220312499994 0.6058991921875 0.4789480734375 0.6177364578125 0.47892889375000003 0.6283446703125 0.47250468906250004 0.6362018921875 0.4605471296875 0.6392719078125 0.447289040625