5 0.6048713375 0.7241733359375 0.5740287109375 0.725886815625 0.5672892390625 0.725886815625 0.5794647796875 0.7456157015625 0.53053289375 0.801845903125 0.5310979437500001 0.8082027140625 0.5310979437500001 0.834238946875 0.5365774234375 0.8438280359375 0.5603589953125 0.8738679171875001 0.573292834375 0.8851328734375 0.581220025 0.8822123296875001 0.6075049203125 0.85843075625 0.68719405 0.75120506875 0.679266859375 0.7382712312499999 0.662216003125 0.72163625 0.6497467109375 0.754744371875 0.6457424515625 0.7702608765625001 0.6462429843749999 0.7802715250000001 0.6387349984374999 0.7892811078124999 0.630225946875 0.7912832375 0.6102046515625 0.787278978125 0.6041982625 0.779270459375 0.6077019890625001 0.754744371875 0.6048713375 0.7241733359375
6 0.7006723078125 0.5937936671874999 0.7031712671875 0.6108698921875 0.710251653125 0.624614171875 0.7185202796875 0.6322703078125 0.7218344546875 0.633458046875 0.7030526203125 0.5760494203125 0.7019217875 0.5779669203125 0.7006723078125 0.5937936671874999
1 0.531339709375 0.46029289687499997 0.5213885406250001 0.45407341562500003 0.51369895 0.43917483593749995 0.4935697109375 0.45568533593750005 0.47090969375 0.46678411875 0.4623890828125 0.4669238015625 0.456874990625 0.48508786875 0.46179686562500005 0.5035448984374999 0.4691796765625 0.508466771875 0.4737301125 0.5218504046875 0.5251436843749999 0.4757924125 0.5245507640625 0.4740136515625 0.5358157968749999 0.45997317656250003 0.531339709375 0.46029289687499997
5 0.5794647796875 0.7456157015625 0.5672892390625 0.725886815625 0.523780975 0.725886815625 0.5238328578125 0.7264705078125 0.53053289375 0.801845903125 0.5794647796875 0.7456157015625
6 0.7508615640625 0.5761839421875 0.7287867484375 0.5771037265625 0.72326804375 0.579863078125 0.6994696625 0.553318728125 0.7017019171875 0.5719208546875 0.7218344546875 0.633458046875 0.7490154796875 0.6431992234374999 0.7575994765625 0.64933065 0.7606651906249999 0.6573015046874999 0.7575994765625 0.6983820625 0.7514680499999999 0.71555005625 0.743178140625 0.7192344609375 0.74997479375 0.7494242437499999 0.766065753125 0.7454015046875 0.8470233890625 0.7036655796875 0.85004044375 0.6991399984375 0.8419949640625 0.6614268140624999 0.836463696875 0.6136567796875 0.8369665390625001 0.5930402390625 0.8248983203125 0.526665034375 0.8062931499999999 0.4864376359375 0.801264725 0.48543195156249996 0.7664941984375 0.5033196796875 0.760059403125 0.5531893421875 0.75775994375 0.56422675 0.7508615640625 0.5761839421875
3 0.6412477546875001 0.6053853671875 0.6429418015625 0.6051843781249999 0.678271675 0.6178459515625 0.67916023125 0.61816439375 0.6797786546875 0.6140947671875 0.6797786546875 0.6030830546875 0.673772265625 0.594574003125 0.6512483078125 0.58756655 0.6319679265625 0.5879856890624999 0.6412477546875001 0.6053853671875
3 0.630225946875 0.7912832375 0.6387349984374999 0.7892811078124999 0.6462429843749999 0.7802715250000001 0.6457424515625 0.7702608765625001 0.6497467109375 0.754744371875 0.6624655515625 0.7209736578125 0.63625681875 0.7224296984375 0.6048713375 0.7241733359375 0.6077019890625001 0.754744371875 0.6041982625 0.779270459375 0.6102046515625 0.787278978125 0.630225946875 0.7912832375
1 0.41737286874999996 0.6065639015625 0.43141805624999996 0.6328222953125 0.45828711093749996 0.6633553125 0.49966133749999997 0.725886815625 0.5108181046875 0.725886815625 0.5230939328125 0.718157590625 0.523780975 0.725886815625 0.5740287109375 0.725886815625 0.7017314109375 0.7187922203125 0.6934085703124999 0.7031868968749999 0.6319052328125 0.680600925 0.6233212359375 0.6763089265625 0.60799266875 0.6585277890625 0.536868121875 0.6235786578125 0.5325761234375 0.6186735171875 0.5319629796875 0.608863234375 0.53870755 0.591695240625 0.5920509609375 0.602118665625 0.606766384375 0.6094763765625 0.6412477546875001 0.6053853671875 0.572001684375 0.47554898437500004 0.56237330625 0.459839525 0.5591134265625 0.457394615625 0.5574615281249999 0.45842705156249997 0.5528117625 0.45875917812499994 0.5502111453125 0.4613597953125 0.5410895234375 0.462880065625 0.529940875 0.4714949296875 0.40831925625 0.5804476296875001 0.4095409515625 0.60382273125 0.41737286874999996 0.6065639015625
1 0.7430085796875 0.46796735624999997 0.735390896875 0.472778525 0.7213583234375001 0.472778525 0.71133505625 0.46596270312500004 0.704920165625 0.45553850625000003 0.7037973265625 0.45179570625 0.6940912890625001 0.4789726109375 0.6860902875 0.49247430000000003 0.6829366828125 0.49191115625000004 0.6832574421875 0.493403384375 0.6993536609375 0.5531893421875 0.72326804375 0.579863078125 0.7287867484375 0.5771037265625 0.7508615640625 0.5761839421875 0.75775994375 0.56422675 0.760059403125 0.5531893421875 0.767417675 0.4961627359375 0.767417675 0.4446548328125 0.7614390796875 0.4340773171875 0.75359383125 0.4330966625 0.7538337078125 0.43388825000000003 0.7538337078125 0.44591617031249997 0.75022533125 0.457543159375 0.7430085796875 0.46796735624999997
3 0.7378264671875 0.3539397765625 0.73517515 0.35050865937500003 0.7183602109375 0.405490840625 0.718029946875 0.4065707515625 0.7237639078125 0.40381845 0.7333862437499999 0.4046203109375 0.7392318437500001 0.40827381249999994 0.7440459484375 0.3943664015625 0.7440459484375 0.37259821875 0.7378264671875 0.3539397765625
3 0.5213885406250001 0.45407341562500003 0.531339709375 0.46029289687499997 0.5574615281249999 0.45842705156249997 0.5674126968750001 0.452207571875 0.5680926281249999 0.45218490781250004 0.5679165265624999 0.452051640625 0.5565740781249999 0.44346816718750004 0.5380717625 0.435967228125 0.5295221578125 0.42619625 0.51369895 0.43917483593749995 0.5213885406250001 0.45407341562500003
3 0.7538337078125 0.43388825000000003 0.7498244 0.4206575375 0.7430085796875 0.41063427187499996 0.7333862437499999 0.4046203109375 0.7237639078125 0.40381845 0.718029946875 0.4065707515625 0.706592853125 0.44396822968749994 0.7037973265625 0.45179570625 0.704920165625 0.45553850625000003 0.71133505625 0.46596270312500004 0.7213583234375001 0.472778525 0.735390896875 0.472778525 0.7430085796875 0.46796735624999997 0.75022533125 0.457543159375 0.7538337078125 0.44591617031249997 0.7538337078125 0.43388825000000003
3 0.5920509609375 0.602118665625 0.53870755 0.591695240625 0.5319629796875 0.608863234375 0.5325761234375 0.6186735171875 0.536868121875 0.6235786578125 0.60799266875 0.6585277890625 0.6233212359375 0.6763089265625 0.6319052328125 0.680600925 0.7404314828125 0.7204551984374999 0.7514680499999999 0.71555005625 0.7575994765625 0.6983820625 0.7606651906249999 0.6573015046874999 0.7575994765625 0.64933065 0.7490154796875 0.6431992234374999 0.6429418015625 0.6051843781249999 0.606766384375 0.6094763765625 0.5920509609375 0.602118665625
3 0.44270028593750005 0.46724656875 0.47090969375 0.46678411875 0.4935697109375 0.45568533593750005 0.5295221578125 0.42619625 0.5240700109375 0.419965225 0.519069384375 0.39996272187500004 0.519069384375 0.3699589671875 0.5246416859374999 0.343383375 0.5217791203125001 0.3409979046875 0.5083680890625 0.337298309375 0.460735809375 0.3340611640625 0.431139053125 0.3465472953125 0.4043169921875 0.3724444578125 0.39183086093749997 0.38123099531250004 0.380269628125 0.3863179375 0.33171245 0.3955669234375 0.33125 0.4811200484375 0.3835067734375 0.46030982812500004 0.405241890625 0.456610234375 0.422352515625 0.45892247968750005 0.44270028593750005 0.46724656875
3 0.3764586265625 0.5821374890625 0.3569174953125 0.593129375 0.337987025 0.6102278640625001 0.31172863125 0.6419822015625 0.302568725 0.659080690625 0.300126084375 0.671293896875 0.3135606109375 0.6987736124999999 0.31172863125 0.715261440625 0.314171271875 0.72136804375 0.3473450171875 0.772165340625 0.35050744375 0.7616794 0.3720182234375 0.7581776453125 0.371517971875 0.7486728828125 0.42754605 0.7486728828125 0.483574128125 0.7761866703125 0.49507989375 0.764180653125 0.5061152296875 0.7356409921875 0.45828711093749996 0.6633553125 0.43141805624999996 0.6328222953125 0.41737286874999996 0.6065639015625 0.4051596609375 0.6022892796875 0.3929464546875 0.585190790625 0.3764586265625 0.5821374890625
0 0.42754605 0.7486728828125 0.371517971875 0.7486728828125 0.3720182234375 0.7581776453125 0.35050744375 0.7616794 0.3410026796875 0.79319519375 0.3405024296875 0.8307139953125 0.36601521406250004 0.9262618781249999 0.373018725 0.9367671421875 0.3860252421875 0.9367671421875 0.40353401718750004 0.91075410625 0.4310478046875 0.8942458343749999 0.43905181562499995 0.9057516 0.46156309687499997 0.9132553609375 0.4855751296875 0.867732546875 0.49558014375 0.8607290375 0.5310979437500001 0.8692333 0.5310979437500001 0.8082027140625 0.5230939328125 0.718157590625 0.5095871640625 0.7266618515625 0.49507989375 0.764180653125 0.483574128125 0.7761866703125 0.42754605 0.7486728828125
3 0.5750763937500001 0.45746991875000004 0.6365840921875 0.48247304843750005 0.6530861578125 0.48147292343750003 0.6720885359375 0.4899739875 0.6860902875 0.49247430000000003 0.6940912890625001 0.4789726109375 0.706592853125 0.44396822968749994 0.7380967968750001 0.3409553375 0.742097296875 0.3214528953125 0.7300957953125 0.3169523328125 0.72559523125 0.31145164375 0.7145938546874999 0.31045151875 0.703592478125 0.2964497671875 0.594078771875 0.2589450734375 0.5810771453125 0.25944513593749996 0.5645750796875 0.2694463875 0.5510733890624999 0.2849483265625 0.534571325 0.31445202031249997 0.5255701984375001 0.3389550859375 0.519069384375 0.3699589671875 0.519069384375 0.39996272187500004 0.5240700109375 0.419965225 0.5380717625 0.435967228125 0.5565740781249999 0.44346816718750004 0.5750763937500001 0.45746991875000004