5 0.48822691875 0.8031577171875 0.4879017734375 0.8095313031250001 0.4842782296875 0.8353141531249999 0.488369840625 0.8455725187500001 0.5077392281249999 0.878629809375 0.5189794171875 0.8915851781249999 0.527235921875 0.8897963078125001 0.5565747703125 0.8699043265625 0.6504113015625 0.774812734375 0.6443613 0.7609015171875 0.6297915234375 0.7420554046875 0.612835821875 0.77310593125 0.6067110515625 0.7879141453125 0.6058135 0.79789703125 0.5971246906250001 0.8057740234375 0.58841980625 0.8065724375000001 0.569150640625 0.799820721875 0.5643172765625 0.7910542140625 0.5712002765624999 0.7672544375 0.5726518390625001 0.736586965625 0.5418708999999999 0.73399130625 0.535197015625 0.7330533531250001 0.544508334375 0.754284746875 0.48822691875 0.8031577171875
6 0.70110180625 0.66303263125 0.6904924921875 0.6035687750000001 0.6891058 0.6053102328125 0.6856658234374999 0.6208090609375 0.6857639109375 0.6380668890625001 0.6908625578125 0.652662809375 0.6979851859374999 0.6613952078125 0.70110180625 0.66303263125
1 0.47581555625 0.4630587859375 0.46735842656250004 0.46201126875 0.45937004843749996 0.4792311515625 0.46167530156250003 0.49819355156249995 0.46830127031249996 0.5040950140625 0.47094478124999994 0.517981696875 0.5282680328125 0.47952732343750004 0.5279284390625001 0.4776833546875 0.541037896875 0.4653473109375 0.5365608734375 0.46504096875 0.527572134375 0.45749707968750003 0.5220308593749999 0.44167330781249997 0.49979969999999996 0.45522167968750005 0.47581555625 0.4630587859375
5 0.48822691875 0.8031577171875 0.544508334375 0.754284746875 0.535197015625 0.7330533531250001 0.492112171875 0.7269981734375001 0.492082315625 0.7275834046874999 0.48822691875 0.8031577171875
6 0.6897295203125 0.5992924078125 0.70110180625 0.66303263125 0.7266625984374999 0.676461875 0.7343097265625 0.6837282921875001 0.7362362765625 0.6920482406249999 0.7274830890625 0.732302340625 0.7190220109375 0.7484499265625 0.7103000078124999 0.7509447421875 0.7128289109375 0.7817866312499999 0.7293231312499999 0.7800424703125 0.8153014109375001 0.7499798421875 0.81891894375 0.7459181953125 0.8162004218750001 0.7074523187499999 0.8173712890625 0.659377375 0.8207385046875 0.63903145625 0.8180253765625001 0.5716226390625 0.8051998421875 0.5291973921875 0.8003603171875 0.5275016734375 0.763438684375 0.5403761968749999 0.750125996875 0.58886498125 0.74631280625 0.5994749500000001 0.737817440625 0.6103557078125 0.715829446875 0.6081943203125 0.709980421875 0.6101587625 0.6901079046875 0.5805606453125 0.6897295203125 0.5992924078125
3 0.6621501390625 0.6380047578125 0.6636826734375 0.6271002109375 0.65891896875 0.6178380406249999 0.6375894609375 0.6077640546875 0.6184383828125 0.6054958046875 0.6252063328124999 0.6240176515625 0.626911865625 0.624054384375 0.6601357609375 0.6415097046875 0.6609713515625 0.6419487109375 0.6621501390625 0.6380047578125
3 0.612835821875 0.77310593125 0.630130859375 0.7414339921875001 0.6039745453124999 0.7392283125 0.5726518390625001 0.736586965625 0.5712002765624999 0.7672544375 0.5643172765625 0.7910542140625 0.569150640625 0.799820721875 0.58841980625 0.8065724375000001 0.5971246906250001 0.8057740234375 0.6058135 0.79789703125 0.6067110515625 0.7879141453125 0.612835821875 0.77310593125
1 0.4792754546875 0.7251940890624999 0.492507515625 0.71924855 0.492112171875 0.7269981734375001 0.5418708999999999 0.73399130625 0.6693181828125 0.7447385359375 0.66324818125 0.7281267671875 0.6054867500000001 0.6972009890625 0.5975836218749999 0.6917560984375 0.5848788875 0.6720146828125 0.5193104984375 0.62750705 0.5157429328124999 0.6220523140625 0.516501084375 0.612252171875 0.5255693390625 0.59618991875 0.57694295625 0.613935871875 0.590491175 0.6232699687500001 0.6252063328124999 0.6240176515625 0.5747038921875001 0.48580763749999994 0.5673555515625 0.46891105 0.5644676625 0.466036246875 0.562688153125 0.4668287359375 0.5580374156250001 0.46651050781250003 0.5551001703125 0.46872387968749996 0.5458557390625 0.4689598703125 0.5336166312499999 0.475939303125 0.398015340625 0.566905225 0.3959719609375 0.59022286875 0.40334616093750003 0.5940273546875 0.41360020000000003 0.6219849156249999 0.4359583921875 0.6559602375 0.46822726406250004 0.7236413671874999 0.4792754546875 0.7251940890624999
1 0.709113740625 0.48449057812499996 0.7085227265625 0.4806279328125 0.6951288531250001 0.506189534375 0.6853266453125 0.5184463015625 0.6822821046875001 0.5174497421875001 0.6823920640625001 0.5189720890625 0.6900110390624999 0.580416375 0.709980421875 0.6101587625 0.715829446875 0.6081943203125 0.737817440625 0.6103557078125 0.74631280625 0.5994749500000001 0.750125996875 0.58886498125 0.7653492281250001 0.5334174265625 0.77251774375 0.4824107953125 0.7680694375 0.471104159375 0.76043701875 0.4690412015625 0.7605643921875 0.46985846875000004 0.7588904296875 0.481769334375 0.75369900625 0.49278098124999997 0.74510171875 0.502099353125 0.7368885859375001 0.5058035234375 0.7229925765624999 0.5038505671875 0.714015434375 0.49570610625 0.709113740625 0.48449057812499996
3 0.7349721375 0.43589639843750005 0.74438923125 0.4380296265625 0.7496694734375 0.4424611234375 0.756372265625 0.4293590515625 0.7594018109375 0.40780271562500003 0.7558396109375 0.388460271875 0.753691615625 0.38469355312500003 0.7293882765624999 0.436800465625 0.7289109328125 0.43782390312499997 0.7349721375 0.43589639843750005
3 0.5740845296875 0.462126903125 0.5739286890625 0.46197042499999996 0.5638912140625 0.4518919203125 0.546612890625 0.44188895625 0.539506346875 0.43102319375000003 0.5220308593749999 0.44167330781249997 0.527572134375 0.45749707968750003 0.5365608734375 0.46504096875 0.562688153125 0.4668287359375 0.5734080609375 0.46205471875 0.5740845296875 0.462126903125
3 0.7349721375 0.43589639843750005 0.7289109328125 0.43782390312499997 0.7123804203125 0.47326569531249996 0.7085227265625 0.4806279328125 0.709113740625 0.48449057812499996 0.714015434375 0.49570610625 0.7229925765624999 0.5038505671875 0.7368885859375001 0.5058035234375 0.74510171875 0.502099353125 0.75369900625 0.49278098124999997 0.7588904296875 0.481769334375 0.7605643921875 0.46985846875000004 0.7584354624999999 0.4561985296875 0.7530809421875 0.44532423125 0.74438923125 0.4380296265625 0.7349721375 0.43589639843750005
3 0.5193104984375 0.62750705 0.5848788875 0.6720146828125 0.5975836218749999 0.6917560984375 0.6054867500000001 0.6972009890625 0.7074101859375 0.7517713390625 0.7190220109375 0.7484499265625 0.7274830890625 0.732302340625 0.7362362765625 0.6920482406249999 0.7343097265625 0.6837282921875001 0.7266625984374999 0.676461875 0.626911865625 0.624054384375 0.590491175 0.6232699687500001 0.57694295625 0.613935871875 0.5255693390625 0.59618991875 0.516501084375 0.612252171875 0.5157429328124999 0.6220523140625 0.5193104984375 0.62750705
3 0.5349744515625 0.424094015625 0.5328063000000001 0.40359022343750006 0.536982015625 0.3738784625 0.546198696875 0.3483370171875 0.5436959828125 0.3455763703125 0.53093035 0.3400463234375 0.48421214843750005 0.33021155 0.4531656921875 0.3384570953125 0.4230004734375 0.36036931875 0.40941300625 0.3673326125 0.3972563203125 0.3707610359375 0.3478844875 0.37316215937499997 0.3355198453125 0.45781832656250004 0.39016428125 0.44448336718750003 0.41220275781250004 0.44384472031250005 0.4288250609375 0.44851580156250004 0.44781631875 0.45959074375000003 0.47581555625 0.4630587859375 0.49979969999999996 0.45522167968750005 0.539506346875 0.43102319375000003 0.5349744515625 0.424094015625
3 0.28235035937499997 0.63005540625 0.278231740625 0.6418098031249999 0.2877110859375 0.6708918140625 0.2836022734375 0.6869642203125 0.2851712671875 0.6933513453125 0.31095255 0.748271178125 0.3155435609375 0.7383274109375 0.33733235 0.7378534578125 0.33815977343750003 0.7283715734375 0.393642590625 0.736169175 0.44529622812499997 0.7712128015624999 0.4583609359375 0.76092491875 0.4732608296875 0.734198825 0.4359583921875 0.6559602375 0.41360020000000003 0.6219849156249999 0.40334616093750003 0.5940273546875 0.391846725 0.5880945828125 0.3821320265625 0.5694627453125001 0.36622959375 0.564144496875 0.3453488609375 0.5723098109375 0.3242229703125 0.5866072859375 0.29380077187500003 0.6143981296875001 0.28235035937499997 0.63005540625
0 0.301745146875 0.7682136875000001 0.29602815625 0.8052977374999999 0.30799495781249997 0.9034664484375 0.3134682609375 0.9148441765624999 0.32634819843749996 0.916654334375 0.3473068953125 0.8933312062500001 0.37685042812499997 0.8808127703125 0.38317524999999997 0.89332050625 0.4044231328125 0.9038842046875001 0.4345370328125 0.8621462453125 0.445419378125 0.856603321875 0.4794079578125 0.8699679437500001 0.4879017734375 0.8095313031250001 0.492507515625 0.71924855 0.47794862968749996 0.72579026875 0.4583609359375 0.76092491875 0.44529622812499997 0.7712128015624999 0.393642590625 0.736169175 0.33815977343750003 0.7283715734375 0.33733235 0.7378534578125 0.3155435609375 0.7383274109375 0.301745146875 0.7682136875000001
3 0.6853266453125 0.5184463015625 0.6951288531250001 0.506189534375 0.7123804203125 0.47326569531249996 0.7579143937499999 0.37563981874999997 0.7645901765625001 0.356883934375 0.7533318296875 0.3507568859375 0.7496406140625 0.34468337187500003 0.7388854921875 0.342161884375 0.729939846875 0.32676530000000004 0.626711565625 0.27438423749999996 0.6137668749999999 0.2730699578125 0.5960335 0.2806772328125 0.5805057546875 0.29414923593750003 0.5600581671875 0.321069159375 0.547734471875 0.3440810484375 0.536982015625 0.3738784625 0.5328063000000001 0.40359022343750006 0.5349744515625 0.424094015625 0.546612890625 0.44188895625 0.5638912140625 0.4518919203125 0.5802647984375 0.4683324328125 0.6376941453125 0.5016524515625 0.6541748046875 0.502958703125 0.6718091328125 0.5140216546875 0.6853266453125 0.5184463015625