6 0.5416313109375 0.7224451015625 0.5386188640625 0.7256018796875 0.53896404375 0.7295142593749999 0.5351996437500001 0.7291849171875 0.5337058296875 0.7307503015625 0.5255825671875 0.7354387609375 0.5253732890625 0.7418217765625 0.554876796875 0.73855938125 0.562828046875 0.7456860937500001 0.5626772843750001 0.7392418359375 0.5647293078125 0.73620583125 0.5822582234375 0.735953003125 0.5857595390625 0.7326865125 0.5891851499999999 0.697615340625 0.597730134375 0.689788171875 0.5999372625 0.6849793265625 0.5998929000000001 0.68140263125 0.5952701796875 0.6770680984374999 0.59363910625 0.6712088921875 0.588286321875 0.667539996875 0.582470878125 0.6915253031249999 0.5755023546875 0.720266384375 0.5445783703125 0.72990180625 0.54232666875 0.729190603125 0.542773121875 0.7240876125 0.5416313109375 0.7224451015625
6 0.466917025 0.6944211765625 0.4667132203125 0.7008344156249999 0.470334278125 0.7043667515625 0.4773635890625 0.7056962999999999 0.47924282968750004 0.7087189656249999 0.481038009375 0.7249536937500001 0.48659166875000004 0.7472337515625 0.49719767812500004 0.7485189390625 0.5043687515624999 0.744144384375 0.51703359375 0.74274395 0.5111509328125 0.732964146875 0.509798340625 0.7307154859375 0.5081146421875 0.7252457531250001 0.4934541484375 0.7201873640625001 0.492857309375 0.714789853125 0.47648779062499996 0.7023107625 0.472188296875 0.6935975140624999 0.47167498906249994 0.6938880328125 0.46718287031249994 0.6933816109375 0.466917025 0.6944211765625
6 0.5100914125 0.37208916875 0.47523399218750007 0.380658640625 0.47038451718749996 0.3828184171875 0.474463746875 0.43134649375 0.4762364703125 0.45243548125000005 0.49125457031249997 0.457293721875 0.497387515625 0.465193075 0.5262680796875 0.4570870203125 0.5381289 0.445755984375 0.5384263359375 0.43378809531250007 0.5465349859375 0.42250359687500005 0.5471067578125 0.4116841375 0.5434707624999999 0.40611869218749996 0.534125159375 0.40155296093750004 0.53339978125 0.39699178125 0.5365102046875 0.3871440453125 0.536319503125 0.38075559375 0.53407373125 0.37643620625 0.5250024625 0.3730189046875 0.5100914125 0.37208916875
0 0.6187313015625 0.838041553125 0.6121270171875001 0.85248445625 0.598669778125 0.861320903125 0.6035850375 0.88144474375 0.6096015890625 0.888980784375 0.6660223421875 0.8278258656249999 0.6764153703125 0.8120454671875 0.6748500796875 0.8032298953125 0.668282884375 0.8019877515625 0.6654548796875 0.8114203421875 0.64843669375 0.8266211140624999 0.6556620484375 0.8088946124999999 0.6552479015625 0.8021825125 0.6512438265625 0.8021659953125001 0.6187313015625 0.838041553125
5 0.36199883593750004 0.4432899375 0.360490659375 0.44546437812499995 0.357601040625 0.45213073593750003 0.3537999921875 0.46168271250000004 0.352560134375 0.4644299671875 0.36682257812499997 0.47287430468749997 0.371984153125 0.4759303078125 0.38002105625000004 0.4864661296875 0.38467320625 0.45577771250000004 0.38370233593749997 0.455073271875 0.3817976609375 0.45424766562499996 0.3806041640625 0.4528253125 0.3787280984375 0.451672725 0.37750599375 0.450577353125 0.375331553125 0.4490691765625 0.3735127 0.44726262656250004 0.37234781093749997 0.4455132921875 0.3708273328125 0.4440623296875 0.3682686953125 0.443179509375 0.3637195640625 0.4424520296875 0.36303699375 0.4427217953125 0.36199883593750004 0.4432899375
5 0.343591534375 0.5971960359375 0.361248528125 0.5987408234375 0.36193109687499997 0.5984710546875001 0.3711028796875 0.595319671875 0.37383316093749996 0.5942406046875 0.379919075 0.5924666640625 0.38300494375 0.591089221875 0.3952339875 0.5868873781249999 0.398574259375 0.5851506765625001 0.381800071875 0.5791787859374999 0.371956578125 0.57762938125 0.36679148437500003 0.5737364406250001 0.36782330937499996 0.5669298890625 0.3540773609375 0.5564402828125 0.3358998875 0.5331237953125 0.33358638749999997 0.5320619625 0.329514203125 0.530192940625 0.3311124359375 0.536467621875 0.3384207515625 0.5621478125 0.33938539218749997 0.5661860171875001 0.340019046875 0.5777734015625 0.341024596875 0.585110028125 0.34259828593749997 0.5934848125000001 0.343350375 0.596186484375 0.343591534375 0.5971960359375
0 0.4762364703125 0.45243548125000005 0.48212725624999997 0.5225145234374999 0.5055731140625 0.49982295624999995 0.5016964796875001 0.47074310312499995 0.49125457031249997 0.457293721875 0.4762364703125 0.45243548125000005
5 0.38002105468749997 0.48646613125 0.371984153125 0.4759303078125 0.3295242109375 0.450791134375 0.3226329625 0.45712852968749995 0.30979758125 0.47622298125 0.30457576249999996 0.4772748921875 0.296767265625 0.4699531875 0.2938704015625 0.506513521875 0.32777699843749997 0.5293956140625 0.3358998875 0.5331237953125 0.3540773609375 0.5564402828125 0.36782330937499996 0.5669298890625 0.38002105468749997 0.48646613125
3 0.70148949375 0.71876228125 0.6954465078125 0.7170728140625 0.6764105046875 0.7223720234375001 0.6178290359374999 0.746266159375 0.6111141609375 0.752256403125 0.604778575 0.7671790984375 0.5844034953125 0.7789388734375 0.5669034328125 0.784372459375 0.5636108328125 0.791049040625 0.5644748875000001 0.798863128125 0.567143640625 0.803739709375 0.5709163078125 0.804843625 0.589635515625 0.7987428484375 0.609237925 0.7958147421875 0.6173977046875 0.804267125 0.622322328125 0.8054718218750001 0.7065827859375 0.779955059375 0.7106769500000001 0.772961684375 0.7112144609375 0.766817915625 0.706006284375 0.7334736625 0.70148949375 0.71876228125
5 0.5386188640625 0.7256018796875 0.5416313109375 0.7224451015625 0.542773121875 0.7240876125 0.54232666875 0.729190603125 0.5445783703125 0.72990180625 0.5755023546875 0.720266384375 0.5911901187499999 0.6555635375 0.5914803140625 0.6522465937499999 0.58904043125 0.6507476171875 0.5693736046875 0.6442561984374999 0.55849778125 0.6610216953125 0.5446483515625 0.68083485625 0.5368947484375 0.6879962703125 0.535922303125 0.6950382515625 0.5385329515625 0.724628128125 0.5386188640625 0.7256018796875
5 0.5542857984375 0.5658934953125 0.5480134796875 0.5421219359375 0.5346561640624999 0.5302923828125 0.5034997156250001 0.507610778125 0.483375153125 0.5373599796875 0.48456211875 0.55148056875 0.48474667968749996 0.552003375 0.498690534375 0.573702334375 0.523293578125 0.6281945484375 0.52393729375 0.6296202875 0.5251453890625 0.6467274390625 0.5216895421875 0.6553122171875 0.5119114437500001 0.6699126140625 0.50615951875 0.6694093859375 0.4825897421875 0.6656575390625 0.48111018124999994 0.67771129375 0.4770751234375 0.690831721875 0.472188296875 0.6935975140624999 0.47648779062499996 0.7023107625 0.492857309375 0.714789853125 0.4934541484375 0.7201873640625001 0.514208815625 0.7273484578125 0.53896404375 0.7295142593749999 0.535922303125 0.6950382515625 0.5368947484375 0.6879962703125 0.5446483515625 0.68083485625 0.55849778125 0.6610216953125 0.5916513515624999 0.609914203125 0.5803422703125001 0.6027977 0.5434332515625 0.5925678359375001 0.539360140625 0.5831105187500001 0.54150944375 0.574547628125 0.5456345218750001 0.5714081546875 0.5758115125 0.5730205671874999 0.5713171421875 0.56707560625 0.5618949234375 0.563647115625 0.5571297953125 0.56667178125 0.5542857984375 0.5658934953125
5 0.465256884375 0.51861370625 0.47118628749999997 0.5303379671874999 0.4785535828125 0.53446009375 0.48456211875 0.55148056875 0.46938229531250003 0.37089560625 0.467694915625 0.3648341421875 0.439083946875 0.36233100625 0.384007984375 0.370818621875 0.38520501406249996 0.399383696875 0.39252286875000003 0.40445930468749997 0.3932120625 0.40734442968750006 0.4098943078125 0.407519509375 0.4385027953125 0.41483990000000004 0.443979503125 0.41910420625 0.4263809390625 0.5101288140625 0.42257838437500006 0.5345166421875 0.42880421562500004 0.528948396875 0.4423307125 0.5200854968749999 0.455905184375 0.515090759375 0.465256884375 0.51861370625
3 0.6380152484375 0.5637387484375 0.6208113640625 0.5643338250000001 0.586746721875 0.57360485625 0.5456345218750001 0.5714081531249999 0.54150944375 0.574547628125 0.539360140625 0.5831105187500001 0.5434332515625 0.5925678359375001 0.580342271875 0.6027977 0.5926178234374999 0.610522378125 0.6091184484375 0.6259674828125 0.6271951875 0.6313994015625 0.7099581359375 0.6456409640625 0.7160155234375 0.64442073125 0.7230281234375 0.6362833250000001 0.7280953421875 0.622375125 0.7300708 0.5997955390625 0.729245659375 0.5892222328125001 0.72634931875 0.5823181296875 0.71660965625 0.5776156109375 0.6380152484375 0.5637387484375
5 0.3995081640625 0.5634794125 0.4020964421875 0.5559779234375 0.4095211015625 0.546194784375 0.42257838437500006 0.5345166421875 0.4263809390625 0.5101288140625 0.443979503125 0.41910420625 0.4385027953125 0.41483990000000004 0.4098943078125 0.407519509375 0.39201725625 0.40733189062499997 0.36679148281249996 0.5737364406250001 0.37195657656250003 0.5776293796874999 0.381800071875 0.579178784375 0.4034024625 0.5868695953125 0.40486724062499996 0.581722521875 0.3995081640625 0.5634794125
6 0.453767190625 0.685905375 0.455024753125 0.6898649531250001 0.45896845781250006 0.6924555578125 0.47167499062499996 0.69388803125 0.4770751234375 0.690831721875 0.48111018124999994 0.67771129375 0.4825897421875 0.665657540625 0.45672749375 0.661540775 0.453767190625 0.685905375
3 0.5885153703125 0.5559161546875 0.5921309890625001 0.54484885625 0.593913965625 0.521443390625 0.5916413859375 0.5201856234375 0.5794216015625 0.535794865625 0.572554678125 0.5386356484375 0.563530103125 0.5389050421875 0.5584824828125 0.5360808140625 0.555743525 0.5310759468749999 0.5550964796875 0.5233420093750001 0.556712128125 0.513952884375 0.5504954671875 0.5184389703125001 0.54656126875 0.527095778125 0.5461344296874999 0.5350004984375001 0.5542857984375 0.5658934953125 0.5571297953125 0.56667178125 0.5618949234375 0.563647115625 0.5762627140625 0.5688751671875 0.5840787093750001 0.56426426875 0.5885153703125 0.5559161546875
3 0.465256884375 0.51861370625 0.455905184375 0.515090759375 0.4423307125 0.5200854968749999 0.42880421562500004 0.528948396875 0.4095211015625 0.546194784375 0.4020964421875 0.5559779234375 0.3995081640625 0.5634794125 0.40486724062499996 0.581722521875 0.40207767031249997 0.5915247828125 0.4028590203125 0.5958435046874999 0.43070379374999995 0.6573983125 0.50615951875 0.669409384375 0.5119114437500001 0.6699126125 0.5216895421875 0.6553122171875 0.5251453890625 0.646727440625 0.52393729375 0.6296202875 0.498690534375 0.573702334375 0.48474667968749996 0.552003375 0.4785535828125 0.53446009375 0.47118628749999997 0.5303379671874999 0.465256884375 0.51861370625