6 0.5944125265625 0.712847740625 0.5644459984375 0.7251417 0.5621408796875 0.7246294515625 0.5621408796875 0.71950696875 0.560860259375 0.7179702234375 0.55813440625 0.721377540625 0.558819259375 0.7252449484375 0.5550404796875 0.7252449484375 0.5536887828125 0.7269345703125001 0.5460050578125 0.732313178125 0.5463528921874999 0.73869014375 0.57545979375 0.7328687625 0.584001921875 0.739275359375 0.583290078125 0.7328687625 0.5850696875 0.729665465625 0.602509865625 0.7278858546875 0.6057131640625 0.724326634375 0.6060690859375 0.68909035625 0.6138993703125 0.6805482281249999 0.61567898125 0.67556531875 0.6153230578125 0.6720061 0.6103401500000001 0.6680909578125 0.60820461875 0.6623962046874999 0.6025524390625 0.659207796875 0.59884958125 0.68360868125 0.5944125265625 0.712847740625
6 0.49420980625000005 0.7035901328125 0.4891672640625 0.6952847671875 0.4886812296875 0.6956189171875 0.4841620671875 0.6955059375 0.48398783749999996 0.6965647171875 0.484343759375 0.7029713140625 0.4882589015625 0.7061746125 0.495377340625 0.70688645625 0.49751287343749995 0.7097338328125 0.500716171875 0.7257503234375 0.5081905328125 0.747461565625 0.51886819375 0.7478174875 0.5256307125 0.7428345796875 0.5381253046875 0.7403356609375 0.5314126640625 0.7311057796875 0.529869234375 0.7289835625000001 0.527715225 0.7236813875 0.5126696500000001 0.71991999375 0.511604659375 0.7145950390625 0.49420980625000005 0.7035901328125
6 0.526535228125 0.38439142187500003 0.5257884609375 0.3780439015625 0.5231747765625 0.37393668281250003 0.5138401890625001 0.3713229984375 0.4989048484375 0.3716963828125 0.46492695 0.38327127031249997 0.46028416562499996 0.38584548750000003 0.4685773734375 0.43383337187500004 0.4721813765625 0.45468760625 0.4875657515625 0.458218446875 0.4943638328125 0.46555321875000005 0.522428009375 0.45496090312500004 0.53325613125 0.44263924687499995 0.5325093640625 0.430690975 0.53960365 0.41874270312500006 0.5392302671875 0.40791458125 0.5351230484375 0.40268721249999995 0.525415078125 0.398953378125 0.5242949265625 0.3944727765625 0.526535228125 0.38439142187500003
0 0.676338753125 0.8124411125 0.681991646875 0.794152334375 0.680994078125 0.7875018703125 0.6770037999999999 0.7878343937500001 0.6477417562500001 0.8264070875 0.642421384375 0.8413706328125 0.6297855015625 0.8513463296875001 0.636435965625 0.8709652 0.64308643125 0.8779481875 0.693962484375 0.8121085890625 0.7029406109375 0.7954824281249999 0.7006129484375 0.786836825 0.693962484375 0.7861717765625 0.6919673453125 0.7958149515625 0.676338753125 0.8124411125
5 0.366443584375 0.45553332968750004 0.363817740625 0.45487686875 0.359222515625 0.45454863906250004 0.35856605468749997 0.45487686875 0.35758136406249996 0.45553332968750004 0.3562684421875 0.4578309421875 0.35397082968750004 0.4647237796875 0.35101675625 0.4745706921875 0.3500210546875 0.477415553125 0.3649651984375 0.484584703125 0.3703734796875 0.48717921718749996 0.3792980578125 0.496974484375 0.3812578328125 0.46599738437499993 0.3802292609375 0.46538024062499994 0.378259878125 0.4647237796875 0.37694695624999996 0.463410859375 0.374977575 0.46242616718749996 0.37366465312499997 0.4614414765625 0.371367040625 0.4601285546875 0.3693976578125 0.458487403125 0.3680847359375 0.45684625156249997 0.366443584375 0.45553332968750004
5 0.347406221875 0.591420709375 0.34904737343750003 0.598641778125 0.3513449859375 0.6068475375 0.352329678125 0.6094733796875 0.3526579078125 0.610458071875 0.3703823484375 0.610458071875 0.371038809375 0.610129840625 0.3799010296875 0.6061910765625 0.38252687343749997 0.6048781546875001 0.3884350203125 0.6025805421875 0.39138909375000003 0.600939390625 0.4032053875 0.5956877046875 0.40638158593749996 0.5936664875 0.38915074375 0.5891792890625001 0.37920966875 0.588493696875 0.3737249375 0.5850657390625 0.37415960625 0.5781951578125 0.3595517359375 0.56894350625 0.3394112671875 0.5473000171875 0.337014025 0.546443859375 0.33279444062499997 0.5449368640625 0.3349334671875 0.551048371875 0.3444521484375 0.57599388125 0.34576507031250003 0.5799326453125 0.347406221875 0.591420709375
0 0.48415753749999996 0.5239865609375001 0.5055364765625 0.4993379015625 0.4991401171875 0.4707065765625 0.4875657515625 0.458218446875 0.4721813765625 0.45468760625 0.48415753749999996 0.5239865609375001
5 0.33099435625 0.544293978125 0.3394112671875 0.5473000171875 0.3595517359375 0.56894350625 0.37415960625 0.5781951578125 0.37929805625 0.4969744859375 0.3703734796875 0.48717921718749996 0.32588408750000003 0.4658363328125 0.319571403125 0.47275022499999997 0.3084490546875 0.49289069375 0.3033387875 0.49439371249999997 0.294921875 0.48778042499999996 0.295222478125 0.5244541140625001 0.33099435625 0.544293978125
3 0.7301963671875 0.7608848703125 0.7336654390625 0.7535612765625 0.7336654390625 0.7473940390625 0.7255709390625 0.71463059375 0.7197891546874999 0.7003688578125 0.7136219171875 0.6992125015624999 0.6951202078125001 0.7061506421875 0.6388441703125001 0.7350595656250001 0.6326769328124999 0.7416122546875 0.627666053125 0.7570303468749999 0.6083934390625 0.770521178125 0.5914335375 0.77745931875 0.5887353703125 0.7843974609375 0.5902771796875 0.79210650625 0.5933607984375 0.796731934375 0.597215321875 0.7975028390625 0.6153315796875 0.7897937921875 0.6346041953125 0.7851683656249999 0.6434695984375 0.7928774125 0.648480478125 0.7936483156249999 0.7301963671875 0.7608848703125
5 0.5602392468749999 0.6762553640625 0.5531393078125 0.6840652984375 0.5527843109374999 0.6911652375 0.557963953125 0.7204149828124999 0.55813440625 0.721377540625 0.560860259375 0.7179702234375 0.5621408796875 0.71950696875 0.5621408796875 0.7246294515625 0.5644459984375 0.7251417 0.5944125265625 0.712847740625 0.60440136875 0.647023828125 0.60440136875 0.6436942140624999 0.6018401265625 0.6424135921875 0.5816823734375001 0.6376609515625 0.5723091453125 0.6553105421875001 0.5602392468749999 0.6762553640625
5 0.5818871890625 0.56613529375 0.5768917828125 0.560604665625 0.56720660625 0.5580104218749999 0.5627232281250001 0.5614388859375 0.5598222203125001 0.56091143125 0.5515019421875 0.5377769984375 0.5371644421874999 0.527156628125 0.504149721875 0.507276796875 0.486694553125 0.5386667640625 0.48910769218750005 0.5526301703125001 0.489337115625 0.5531349015625 0.5051190984375 0.5735360015625 0.5343778296874999 0.6256765609375 0.5351433578125 0.6270407703124999 0.5378378421875001 0.64397753125 0.5351433578125 0.6528308390625 0.5266749765625 0.6682278953125 0.52090108125 0.6682278953125 0.497094 0.666544565625 0.496670621875 0.6786814046874999 0.493794440625 0.6921035843750001 0.4891672640625 0.6952847671875 0.49420980625000005 0.7035901328125 0.511604659375 0.7145950390625 0.5126696500000001 0.71991999375 0.5339694703125 0.7252449484375 0.558819259375 0.7252449484375 0.5527843109374999 0.6911652375 0.5531393078125 0.6840652984375 0.5602392468749999 0.6762553640625 0.5723091453125 0.6553105421875001 0.60088224375 0.6015080046875 0.588995953125 0.5954042328125 0.5513357937500001 0.5884301296875 0.546453921875 0.5793637953124999 0.5478487421875 0.570646165625 0.5516845 0.5671591140625 0.5818871890625 0.56613529375
5 0.42588132031250003 0.541133034375 0.43159815625000003 0.5350433609375 0.444300728125 0.525035275 0.457388225 0.5188764515625001 0.467011384375 0.5215709375 0.4739400609375 0.532733803125 0.4816385875 0.536198140625 0.48910769218750005 0.5526301703125001 0.45824661562499996 0.374055396875 0.456037365625 0.3681640625 0.42731710781250004 0.3681640625 0.3731904703125 0.381419565625 0.37687255468749997 0.40977161406249996 0.38460493125 0.414190115625 0.3855429578125 0.41700419375 0.40217698124999995 0.41572465468750003 0.43131461875 0.42052379375 0.43714214531250006 0.424294546875 0.427543865625 0.5165065953125 0.42588132031250003 0.541133034375
3 0.737893065625 0.5793637953124999 0.736149540625 0.5689026390625 0.7326624890625 0.5622772406250001 0.7225500375 0.5584414843750001 0.64304525625 0.5514673812499999 0.625958703125 0.5535596109375 0.5928317109375 0.5657642921875 0.5516845 0.5671591125 0.5478487421875 0.570646165625 0.546453921875 0.5793637953124999 0.5513357937500001 0.5884301296875 0.5889959546875 0.5954042328125 0.6018980453125 0.60202963125 0.6196820093750001 0.6159778390625 0.6381633843750001 0.6198135953125 0.721852628125 0.6267876984375 0.727780615625 0.6250441734375001 0.7340573078125 0.61632654375 0.737893065625 0.60202963125 0.737893065625 0.5793637953124999
5 0.3792096671875 0.588493696875 0.38915074375 0.5891792875 0.41134122968750003 0.5949580609375 0.41235183593749997 0.5897029093749999 0.40542316093749997 0.5719962953125 0.4073477921875 0.5642977671875 0.41389154218749996 0.5539047546875 0.42588132031250003 0.541133034375 0.427543865625 0.5165065953125 0.43714214531250006 0.424294546875 0.43131461875 0.42052379375 0.40217698124999995 0.41572465468750003 0.3843516046875 0.41709583749999996 0.3737249359375 0.5850657390625 0.3792096671875 0.588493696875
6 0.493794440625 0.6921035843750001 0.496670621875 0.6786814046874999 0.497094 0.6665445671875 0.47097136562499997 0.6646975109375 0.47014584062500003 0.6892274031250001 0.47174371875 0.6930623109375 0.47589820156249996 0.695299340625 0.48868123125 0.695618915625 0.493794440625 0.6921035843750001
3 0.5627232281250001 0.5614388859375 0.56720660625 0.5580104218749999 0.581975378125 0.5619663421875 0.5893597640625 0.55669178125 0.59305195625 0.5479887546875 0.5956892375 0.5366484484375 0.5954255093749999 0.51317665 0.59305195625 0.5121217375 0.5822391062500001 0.5287366062500001 0.5756459046875 0.532165071875 0.56667915 0.5332199828124999 0.5614045890625 0.53084643125 0.5582398515625 0.526099325 0.5569212109375 0.5184512109375 0.5577123953124999 0.5089570015625 0.551910378125 0.513967834375 0.5487456421875 0.5229345890625 0.54900936875 0.53084643125 0.5598222203125001 0.56091143125 0.5627232281250001 0.5614388859375
3 0.5051190984375 0.5735360015625 0.489337115625 0.5531349015625 0.4816385875 0.536198140625 0.4739400609375 0.532733803125 0.467011384375 0.5215709375 0.457388225 0.5188764515625001 0.444300728125 0.525035275 0.43159815625000003 0.5350433609375 0.41389154218749996 0.5539047546875 0.4073477921875 0.5642977671875 0.40542316093749997 0.5719962953125 0.41235183593749997 0.5897029093749999 0.4104272046875 0.5997109968750001 0.41158198281249997 0.6039451859375 0.44468565312499997 0.6628389265625 0.52090108125 0.6682278937499999 0.5266749765625 0.6682278937499999 0.5351433578125 0.6528308390625 0.5378378421875001 0.6439775328125 0.5351433578125 0.6270407703124999 0.5051190984375 0.5735360015625