6 0.5906035640625 0.707378840625 0.5883784453125 0.7111323640625 0.5895948718749999 0.7148668218750001 0.5858528671875 0.7153927265625 0.584749475 0.717254025 0.577889084375 0.72364965625 0.5791210359375001 0.7299161515625 0.6071344921875 0.7201005265625 0.6164851140625001 0.725255940625 0.614888571875 0.7190107609374999 0.61620505 0.715590965625 0.633227828125 0.71140146875 0.6359046046875 0.7074310734375 0.6313531203125 0.672488178125 0.637918365625 0.6629394171875 0.638987171875 0.6577573265625001 0.6381393640625 0.65428228125 0.6326600671875 0.6510987265625 0.6297527625 0.6457566031249999 0.6237118484375 0.64338585625 0.6234409734375 0.6680646109375 0.623116390625 0.6976366374999999 0.5951524828125 0.7139814875 0.5927985062500001 0.713795034375 0.59208559375 0.708722403125 0.5906035640625 0.707378840625
6 0.5115001875 0.696880225 0.512744271875 0.7031749390625001 0.517067125 0.7058021796875 0.5242153578125001 0.7055164015625001 0.5267263859375 0.708038859375 0.532127575 0.723453665625 0.5425508171875 0.743913384375 0.5531740984375 0.7427798 0.5591773171875001 0.736904225 0.57120253125 0.7326907140625 0.5632706656249999 0.7244848765625 0.5614469015625 0.722598115625 0.5585759343750001 0.717647321875 0.543153296875 0.7160164734375 0.54135758125 0.7108915578125 0.5226004265624999 0.702414646875 0.5164510734375 0.6948918953125001 0.5160162749999999 0.6952904359375001 0.51152536875 0.6958075015625 0.5115001875 0.696880225
6 0.48105909375 0.373097440625 0.4490227796875 0.3892884921875 0.444783440625 0.39248380781250003 0.4596745609375 0.4388504859375 0.46614583906249996 0.45900018749999993 0.4818718921875 0.460355575 0.48962461875 0.4666728546875 0.5159415109375 0.45227784531250004 0.5249494109375 0.43856911875 0.5225470328124999 0.42684105624999996 0.5279094 0.41402173124999997 0.5260326671875 0.4033509515625 0.5212379109375 0.3987460703125 0.51110476875 0.3963996609375 0.5093719390625 0.392118559375 0.510187384375 0.38182352656249996 0.50856448125 0.375641709375 0.50540461875 0.3719382171875 0.4957971203125 0.3706490921875 0.48105909375 0.373097440625
0 0.6917310296875 0.8026688375000001 0.6885449593749999 0.8182272109375001 0.677420396875 0.8298644 0.6867365578125 0.848366775 0.6942941453125 0.8543562390625 0.735511975 0.782076809375 0.7420888125 0.7643629390625 0.7385805671875 0.756125421875 0.7319022687500001 0.7563924125 0.7312686171875 0.766219409375 0.718106034375 0.7848588453125 0.721158609375 0.765961321875 0.7192451828124999 0.7595144140625 0.715340015625 0.7603990421875 0.6917310296875 0.8026688375000001
5 0.3527788078125 0.47578691875 0.35179842968749997 0.4782448953125 0.350482475 0.4853904171875 0.348927575 0.495552628125 0.3483374921875 0.49850837812500004 0.36413395312499997 0.5035279359375 0.3698506875 0.5053445125 0.38005165 0.5138023921875 0.37768117343749996 0.4828540109375 0.376576721875 0.48238602343750003 0.37453514375 0.4820100359375 0.3730522765625 0.480892615625 0.37096501718749997 0.48019159218749996 0.36952783125 0.4793992078125 0.36706985468750003 0.478418828125 0.36489123437500004 0.477067734375 0.3633626859375 0.4756252765625 0.36155478125 0.4745535375 0.35886313125 0.4742689109375 0.35426694531249997 0.4745834078125 0.35366255468749996 0.47499980468749997 0.3527788078125 0.47578691875
5 0.3694646234375 0.6298891578125 0.38701657031250003 0.6274223921875001 0.3876209625 0.62700599375 0.395848765625 0.6218721781250001 0.39826633125 0.6202065875 0.40379721562500004 0.6171090796875001 0.4064941359375 0.615072771875 0.417464540625 0.608227684375 0.4203285296875 0.605784096875 0.40264087968749995 0.6037386375 0.392701134375 0.6044432468750001 0.3867927 0.6018119765625001 0.3862669390625 0.594947765625 0.37051365 0.5878191734375 0.3475569953125 0.569189328125 0.3450639296875 0.5686751343750001 0.3406756765625 0.5677700578125 0.34364444375000003 0.57352439375 0.35654223281249997 0.5969023906250001 0.35839054843749996 0.6006201 0.36161455781249996 0.6117679593750001 0.364244715625 0.6186903484374999 0.3676619890625 0.6264964843749999 0.3690025453125 0.628959728125 0.3694646234375 0.6298891578125
0 0.46614583906249996 0.45900018749999993 0.48765000000000003 0.5259579703124999 0.5053904499999999 0.4985738171875 0.4950716296875 0.47111133125000004 0.4818718921875 0.460355575 0.46614583906249996 0.45900018749999993
5 0.3800516484375 0.51380239375 0.3698506875 0.5053445125 0.32282390781250003 0.4904010625 0.3175348859375 0.49812622500000003 0.30932379062500004 0.5196186203125001 0.3044724359375 0.5218182234375 0.2952170453125 0.516440703125 0.30061871406249996 0.5527156515625 0.3388036375 0.5673839515625 0.3475569953125 0.569189328125 0.37051365 0.5878191734375 0.3862669390625 0.594947765625 0.3800516484375 0.51380239375
3 0.7455361375 0.66783014375 0.739267984375 0.6675433546875 0.7219119359375 0.6769889140625 0.6702069171875 0.7134486078125 0.66501165625 0.720795840625 0.6621953265625 0.7367612640625001 0.6449878328125 0.7528030328125 0.6291585859375 0.7620340140625 0.6274522796875 0.7692801484375 0.6300519765625 0.776699590625 0.6337493203125 0.7808508484375001 0.637673621875 0.7810778046875 0.65454068125 0.7709224859375 0.6729820015625 0.76365984375 0.6828340203125001 0.770060040625 0.6879034234375 0.7701260624999999 0.7642642687500001 0.7263088140625 0.7666803328125 0.7185736921875 0.76582201875 0.7124664734375 0.753246503125 0.6811484171875 0.7455361375 0.66783014375
5 0.5883784453125 0.7111323640625 0.5906035640625 0.707378840625 0.59208559375 0.708722403125 0.5927985062500001 0.713795034375 0.5951524828125 0.7139814875 0.623116390625 0.6976366374999999 0.6238471031249999 0.631063140625 0.6233837109375 0.6277659296875 0.6206691671875 0.6268542265625 0.6000461484375 0.6249532546875 0.5932204875 0.6437355828125 0.5841830078125 0.6661563765625 0.5782390984375 0.674878425 0.5788756765625 0.681958675 0.5880756890625001 0.710202896875 0.5883784453125 0.7111323640625
5 0.5677172671874999 0.5519930015625001 0.5562582703125 0.5302416703125 0.5405822328125 0.5217200515625 0.505122071875 0.50662845 0.49220541406249996 0.5401422218749999 0.49653840000000005 0.55363389375 0.496835834375 0.5541017828125 0.5153035125 0.5721079140625001 0.5515340640625 0.619669015625 0.552482003125 0.6209134078125 0.55750740625 0.6373103421875 0.5560712875 0.6464524890625001 0.549828175 0.6628782734375 0.5441104718750001 0.6636818453125 0.5203008046875001 0.665328203125 0.52157066875 0.67740585 0.520590484375 0.6910976921875001 0.5164510734375 0.6948918953125001 0.5226004265624999 0.702414646875 0.54135758125 0.7108915578125 0.543153296875 0.7160164734375 0.5649869203125 0.7183252437500001 0.5895948718749999 0.7148668218750001 0.5788756765625 0.681958675 0.5782390984375 0.674878425 0.5841830078125 0.6661563765625 0.5932204875 0.6437355828125 0.6140276484375 0.5864800406249999 0.6014075531249999 0.582089921875 0.5631432921874999 0.5804249718750001 0.557047140625 0.5721262953124999 0.557215128125 0.5632993843749999 0.5605282515625001 0.559312434375 0.590294521875 0.5540951749999999 0.5845780171875 0.549313596875 0.574626046875 0.5480925171875 0.57066345 0.5521115812499999 0.5677172671874999 0.5519930015625001
5 0.470334521875 0.5259521390625 0.47874933906250006 0.5360420828125 0.48685508750000006 0.538401278125 0.49653840000000005 0.55363389375 0.44112485625 0.3810920296875 0.438117190625 0.375565496875 0.4096764359375 0.379562584375 0.357921365625 0.4002220578125 0.3655134578125 0.4277857390625 0.3737855203125 0.4310851015625 0.3751060625 0.4337412453125 0.3914001265625 0.43015915 0.420922109375 0.4308564078125 0.4272177109375 0.4337794296875 0.430546278125 0.5264298984375 0.43232725 0.55104805625 0.43714093125 0.54422201875 0.4483270265625 0.5325434734375001 0.4604300140625 0.524623159375 0.470334521875 0.5259521390625
3 0.648816025 0.5310584515625 0.6321869390625 0.535508309375 0.6010809 0.5522046015625001 0.5605282515625001 0.5593124328125 0.557215128125 0.5632993843749999 0.557047140625 0.5721262953124999 0.5631432921874999 0.5804249718750001 0.6014075546875 0.582089921875 0.6151061609374999 0.58685521875 0.6346582671875 0.5981926343749999 0.6534936171875 0.5994189515625 0.7373390109375 0.594677890625 0.7429666562499999 0.5921263171875 0.7479690046874999 0.5826199812499999 0.7497776875 0.5679283703125 0.7466232125000001 0.5454831171875 0.74344074375 0.53536641875 0.7390655500000001 0.529290803125 0.728517678125 0.52689975625 0.648816025 0.5310584515625
5 0.41636352343749994 0.5844581843750001 0.417197996875 0.5765667203125 0.4222316359375 0.5653641390625 0.43232725 0.55104805625 0.430546278125 0.5264298984375 0.4272177109375 0.4337794296875 0.420922109375 0.4308564078125 0.3914001265625 0.43015915 0.37393905781250003 0.4339978015625 0.38679269843749997 0.601811978125 0.39270113281249996 0.6044432468750001 0.40264087968749995 0.6037386359375 0.42541965781249996 0.6063728515625 0.42568905468749996 0.60102819375 0.41636352343749994 0.5844581843750001
6 0.49677174375 0.6915407515625 0.4988877875 0.69511595625 0.5033131734375 0.6967530234375 0.5160162765625 0.695290434375 0.520590484375 0.6910976921875001 0.52157066875 0.67740585 0.5203008046875001 0.6653282046875 0.49417533437500005 0.667134690625 0.49677174375 0.6915407515625
3 0.5988251250000001 0.5345714015625 0.599858475 0.5229744203125 0.5963306703125 0.4997677515625 0.5938334015625 0.499053440625 0.5854381234375 0.517011471875 0.5793862375 0.52132416875 0.5706535609375 0.52361674375 0.565099996875 0.52200036875 0.5613053890625 0.5177399078125 0.5589351703125 0.51034974375 0.558397315625 0.5008378203125 0.5533491359375 0.506607371875 0.55146313125 0.5159273093750001 0.55282540625 0.5237254499999999 0.5677172671874999 0.5519930015625001 0.57066345 0.5521115812499999 0.574626046875 0.5480925171875 0.589801646875 0.5499545218749999 0.5963800921875 0.5437035859375 0.5988251250000001 0.5345714015625
3 0.470334521875 0.5259521390625 0.4604300140625 0.524623159375 0.4483270265625 0.5325434734375001 0.43714093125 0.54422201875 0.4222316359375 0.5653641390625 0.417197996875 0.5765667203125 0.41636352343749994 0.5844581843750001 0.42568905468749996 0.60102819375 0.425176009375 0.6112067406249999 0.426908834375 0.6152390078125001 0.46788676718750005 0.6689524578125 0.5441104703125 0.66368184375 0.549828175 0.662878271875 0.5560712875 0.6464524890625001 0.55750740625 0.6373103437500001 0.552482003125 0.6209134078125 0.5153035125 0.5721079140625001 0.496835834375 0.5541017828125 0.48685508750000006 0.538401278125 0.47874933906250006 0.5360420828125 0.470334521875 0.5259521390625