5 0.62655700625 0.359164246875 0.6264573234374999 0.37142532031250003 0.6738522578125 0.3738083046875 0.6912069390625 0.376700753125 0.6952563656249999 0.38132866718749997 0.6944002671875 0.4184833515625 0.7414212453125 0.39919269375 0.7583898265625 0.287374096875 0.7583898265625 0.281717903125 0.7540389078125 0.2795424453125 0.700522615625 0.26692478125 0.6761574734375 0.26561950625 0.6544028828124999 0.26866515 0.6409150359375 0.27997753593749997 0.62655700625 0.359164246875
5 0.7706272328125 0.6188994921875001 0.746958090625 0.6164718875 0.7305717609375 0.609189075 0.7238883656249999 0.608060709375 0.7208753671875 0.61197760625 0.7129537984375001 0.615938390625 0.691452396875 0.610845953125 0.68522830625 0.6051876890625 0.658068640625 0.621030828125 0.6388305453124999 0.6255574390625 0.6296225375 0.621175696875 0.63043308125 0.6237547015625 0.65167461875 0.6619894687500001 0.6486401140625 0.6692722828125001 0.6497860421875 0.67528840625 0.6567078953125 0.6495391125000001 0.66392728125 0.6384693859375 0.674515715625 0.63125 0.701949384375 0.63125 0.7062499859375 0.63255018125 0.722644959375 0.6375068015625 0.78343175 0.6603018484375001 0.7760893421875 0.6225408984375 0.7706272328125 0.6188994921875001
5 0.4782681078125 0.55286525 0.48026103906250006 0.5510051812500001 0.498152715625 0.5454140328125 0.493978996875 0.5440784421875 0.48435994843749997 0.5491708796875 0.47985264218749996 0.549600146875 0.4782681078125 0.55286525
3 0.688981084375 0.9034443171875 0.700659415625 0.8908317203125 0.7016988937499999 0.8888567109375 0.6562266015625 0.8733401000000001 0.6393813671874999 0.8637142499999999 0.625905178125 0.8502380625000001 0.6230174234375 0.8333928265624999 0.6238198421875001 0.8105238968749999 0.60576305625 0.8328293390624999 0.5919382 0.8444422171875001 0.5786663390625 0.8521841359375 0.5222609312500001 0.8693269562499999 0.5322148265625 0.971077890625 0.5919382 0.9395572203125001 0.6168229390625 0.9323682953124999 0.6378367203125 0.932921290625 0.6627214593749999 0.940663209375 0.6964541046875 0.93623925625 0.7218918390625 0.9207554171875 0.737652909375 0.9047997656250001 0.7319573421875 0.902977184375 0.721213278125 0.9155897812499999 0.7146734125 0.9179254484375001 0.7053307484375 0.9268009796875001 0.6978566171875 0.9272681125 0.6931852843749999 0.9235310468750001 0.68804681875 0.910451315625 0.688981084375 0.9034443171875
5 0.4441036625 0.6334616375000001 0.44068316875 0.6228892015625 0.422868453125 0.62609585 0.40695815625 0.6409454609374999 0.401551871875 0.68396068125 0.4400679703125 0.6772203640625001 0.478222378125 0.6616361703125 0.4969381390625 0.657434671875 0.4793791515625 0.6480127765625 0.46174140625 0.63213880625 0.4463083796875 0.6356663546875 0.4441036625 0.6334616375000001
5 0.550022565625 0.649071909375 0.4400679703125 0.6772203640625001 0.5438016593749999 0.71080244375 0.5486480890625 0.6627109421874999 0.550022565625 0.649071909375
5 0.3962403609375 0.7744087046875 0.397411978125 0.8032304921875 0.40536712656249996 0.8196711328124999 0.4276415421875 0.847779325 0.432944975 0.8583861890625 0.441960809375 0.85414344375 0.43930909375000005 0.8249745656249999 0.454689046875 0.8127766703124999 0.467947628125 0.7936843140625001 0.47112968750000006 0.7968663734375 0.47166003125 0.8074732375 0.47643312031249996 0.80800358125 0.53689225 0.779365046875 0.5438016593749999 0.71080244375 0.5319609796875 0.7137626125 0.5287366625 0.72988419375 0.5136898546875 0.73901975625 0.44490444374999993 0.7540665640624999 0.4029883359375 0.772875075 0.3962403609375 0.7744087046875
6 0.488675559375 0.4262550375 0.4798333375 0.4275182109375 0.4747409 0.43430812812499997 0.45889776250000003 0.43883473906250003 0.450410365625 0.44958543906250004 0.4487128875 0.4580728359375 0.45493697656250004 0.47674510468750003 0.45437115156249996 0.483535021875 0.43852801250000006 0.4971148546875 0.43569888125 0.5061680765625 0.43852801250000006 0.5231428671875 0.44927871406250003 0.535591046875 0.47247759375 0.5503025328125 0.48435994843749997 0.5491708796875 0.493978996875 0.5440784421875 0.498152715625 0.5454140328125 0.5140179390624999 0.54045615 0.509561265625 0.5392562765625 0.4950990296875 0.5242155515625 0.48642168906250005 0.49702655 0.488675559375 0.4262550375
6 0.7338893734374999 0.5865154203125 0.732757721875 0.5684089765625 0.713519625 0.5536974906250001 0.7027689234375 0.5514341843749999 0.6999397921875 0.5361568734375 0.69152683125 0.51565028125 0.68889298125 0.5433057015625 0.6744307468749999 0.5479336171875 0.5892924265625 0.5453038625 0.5909378859375 0.5488004625 0.5900559984375 0.5682019828125 0.5984339265624999 0.5743751921875 0.6001962062499999 0.5799557421875 0.6010795890625 0.582753121875 0.5993158140625 0.5915719937499999 0.6028433625 0.599949921875 0.6002138078125 0.6071811984375 0.6388305453124999 0.6255574390625 0.658068640625 0.621030828125 0.6813757546875 0.6074350109375 0.691452396875 0.610845953125 0.7129537984375001 0.615938390625 0.7208753671875 0.61197760625 0.7265336312499999 0.6046218624999999 0.7338893734374999 0.5865154203125
6 0.8048582078125 0.860699196875 0.8305224546875 0.8515925296875 0.8571490484375 0.826367334375 0.8725644453125 0.7955365421875 0.8730315781250001 0.7796540109375 0.8632217796875 0.75489595 0.8529448500000001 0.7385462875 0.8426679187499999 0.729203621875 0.8342595203125001 0.7278022234375 0.8309909234375 0.728829496875 0.8209891671875 0.77929989375 0.8048582078125 0.860699196875
6 0.5287366625 0.72988419375 0.5319609796875 0.7137626125 0.5577555078125 0.70731398125 0.569578 0.6933419437499999 0.568503228125 0.6777577499999999 0.564204140625 0.6670100296875 0.5593676656250001 0.6627109421874999 0.5362600671875 0.6627109421874999 0.523362803125 0.6691595734375 0.5178122796875 0.6580585265625001 0.4974578390625 0.6577135359375 0.4969381390625 0.657434671875 0.478222378125 0.6616361703125 0.4400679703125 0.6772203640625001 0.37558164843749997 0.6885054703125 0.34548803125 0.7019401203125 0.3390394 0.714837384375 0.3385020140625 0.7314963515625 0.34548803125 0.764814284375 0.35247405 0.778248934375 0.3675208578125 0.780935865625 0.4029883359375 0.772875075 0.44490444374999993 0.7540665640624999 0.5136898546875 0.73901975625 0.5287366625 0.72988419375
6 0.7577793078124999 0.9079931562500001 0.76788645 0.9103996171875 0.7823252234375 0.9084744484374999 0.7962827031249999 0.89596084375 0.8030207984375 0.869971053125 0.8343048062499999 0.71210713125 0.8347860984375 0.7034438671875 0.8294918828125001 0.6870799234375 0.8150531093750001 0.6721598578125 0.722644959375 0.6375068015625 0.701949384375 0.63125 0.674515715625 0.63125 0.66392728125 0.6384693859375 0.6567078953125 0.6495391125000001 0.6446755828125 0.6942993109375 0.6239800078125 0.8059591578124999 0.6230174234375 0.8333928265624999 0.625905178125 0.8502380625000001 0.6393813671874999 0.8637142499999999 0.6562266015625 0.8733401000000001 0.7577793078124999 0.9079931562500001
6 0.5874103374999999 0.5413044218749999 0.5892924265625 0.5453038625 0.6744307468749999 0.5479336171875 0.68889298125 0.5433057015625 0.69236391875 0.50686086875 0.6952563656249999 0.38132866718749997 0.6912069390625 0.376700753125 0.6738522578125 0.3738083046875 0.570302653125 0.3686019 0.51071824375 0.3743867953125 0.50319788125 0.37727924218750003 0.49452054062500006 0.388270540625 0.4893141359375 0.4062037125 0.48642168906250005 0.49702655 0.4950990296875 0.5242155515625 0.509561265625 0.5392562765625 0.5140179390624999 0.54045615 0.5296467234375 0.5355721546875001 0.5600718328125 0.5316036625 0.5874103374999999 0.5413044218749999
6 0.5993158140625 0.60965068125 0.6028433625 0.599949921875 0.5993158140625 0.5915719937499999 0.6010795890625 0.582753121875 0.5984339265624999 0.5743751921875 0.5900559984375 0.5682019828125 0.5909378859375 0.5488004625 0.5874103374999999 0.5413044218749999 0.5600718328125 0.5316036625 0.5296467234375 0.5355721546875001 0.48026103906250006 0.5510051812500001 0.4604185765625 0.5695248125 0.45733197031249995 0.579225571875 0.453804421875 0.60965068125 0.4392532828125 0.6184695546875 0.4441036625 0.6334616375000001 0.4463083796875 0.6356663546875 0.46174140625 0.63213880625 0.4793791515625 0.6480127765625 0.4974578390625 0.6577135359375 0.5234735125000001 0.6581544796875 0.5569852281250001 0.6466899453125 0.58696939375 0.623319934375 0.5993158140625 0.60965068125
0 0.8600844593750001 0.4444191875 0.849938396875 0.42717088125 0.8331973937500001 0.42108324374999995 0.8139198750000001 0.432751215625 0.80478841875 0.44949221875 0.800222690625 0.47942310312499997 0.76420416875 0.51950005 0.75405810625 0.556025875 0.76420416875 0.594073609375 0.788047415625 0.605234278125 0.8030041859375 0.5985037328125 0.7996363093750001 0.5990089140625 0.7912427515625 0.5962110609375 0.784714428125 0.5901490453125 0.7772534859375 0.5752271640625 0.7749219421875 0.562170515625 0.776787178125 0.5514454125 0.78424811875 0.5397876921875 0.7982373828125 0.5313941343749999 0.8061646328125001 0.5225342656249999 0.8154908093750001 0.4978198984375 0.8304126921874999 0.48476325156250005 0.8467335015625 0.48149908906250005 0.8583912218749999 0.48383063281250005 0.8737794140625 0.4801001625 0.8807740453124999 0.482898015625 0.898537121875 0.5024829453125 0.9062490437499999 0.47790119375 0.905741740625 0.45202873437499996 0.9011760125 0.441882671875 0.8773327656250001 0.43122930625 0.8600844593750001 0.4444191875
0 0.868650015625 0.578491325 0.8523292078125 0.5840870312499999 0.8327442359375 0.5826881046875 0.82673813125 0.5849008796875 0.82913896875 0.5955955187499999 0.846387275 0.6113219156249999 0.8712451281250001 0.6108146125 0.893566465625 0.591029790625 0.9021906187500001 0.5742887875 0.90726365 0.549430934375 0.9067563468750001 0.527109596875 0.8994671203125 0.5073858046875 0.9008253249999999 0.5192701046875 0.898960090625 0.5323267515625 0.8779761921875 0.5686988390625001 0.868650015625 0.578491325
5 0.742785121875 0.8128494015625 0.7470264656250001 0.8192114171875 0.77989688125 0.7932331859375 0.7894399046875 0.76513428125 0.784138225 0.756121425 0.7756555374999999 0.7508197453125 0.769293521875 0.710526978125 0.7496773046875 0.706815803125 0.7390739453124999 0.6856090828125 0.72688008125 0.6697040421875 0.71839739375 0.6654626984374999 0.7056733625 0.711057146875 0.6913588265625 0.728022521875 0.71362588125 0.7534705859375 0.7152163859375 0.7624834421875 0.72316890625 0.7757376421875 0.73165159375 0.7767979781250001 0.7438454578125 0.7874013375 0.742785121875 0.8128494015625
3 0.8089624859375 0.5976099875 0.8238843687499999 0.585952265625 0.8327442359375 0.5826881046875 0.8523292078125 0.5840870312499999 0.868650015625 0.578491325 0.8779761921875 0.5686988390625001 0.898960090625 0.5323267515625 0.9008253249999999 0.5192701046875 0.898960090625 0.5029492953125 0.8807740453124999 0.482898015625 0.8737794140625 0.4801001625 0.8583912218749999 0.48383063281250005 0.8467335015625 0.48149908906250005 0.8304126921874999 0.48476325156250005 0.8154908093750001 0.4978198984375 0.8061646328125001 0.5225342656249999 0.7982373828125 0.5313941343749999 0.78424811875 0.5397876921875 0.776787178125 0.5514454125 0.7749219421875 0.562170515625 0.7772534859375 0.5752271640625 0.784714428125 0.5901490453125 0.7912427515625 0.5962110609375 0.7996363093750001 0.5990089140625 0.8089624859375 0.5976099875