5 0.7098720015625 0.40965800156250004 0.7038533015625 0.4463319546875 0.753101415625 0.4337730875 0.7854670015624999 0.3254042703125 0.786254190625 0.3198031234375 0.7822483796874999 0.31704330625 0.73100894375 0.2971004078125 0.70706258125 0.2924168625 0.6850958328125001 0.29240521249999996 0.6701648687499999 0.30173036249999996 0.6449259109375001 0.37814818125 0.6431207859375 0.3902760578125 0.6897228296875 0.3992319515625 0.7065060640625 0.40451155625 0.7098720015625 0.40965800156250004
5 0.703141553125 0.6416277578125 0.694745840625 0.6444475265625 0.6741624203125001 0.63641223125 0.6687863796875 0.6299428078125 0.6396860921874999 0.6418518671875 0.6200052375 0.6436569999999999 0.6114966625 0.63803639375 0.6119403906249999 0.6407031062499999 0.6276539546875 0.681522025 0.6236354109375 0.6883116421875 0.6239329031249999 0.6944287 0.6343710031249999 0.6698933312500001 0.6430607390625 0.6599360796875 0.6545508718749999 0.6542605765625 0.6817175578125 0.6580786062499999 0.68579535625 0.6599646625 0.7013409453125 0.667154784375 0.75836370625 0.6981878781249999 0.7563480625000001 0.6597725484375 0.751445896875 0.6554064015625001 0.7283449578125001 0.6497083140625 0.7131316703125 0.640215840625 0.7066703546875 0.6381683078125 0.703141553125 0.6416277578125
5 0.4776688921875 0.546515678125 0.47314570937499995 0.546313471875 0.4711221796875 0.5493262734375 0.4733545875 0.5477616703125 0.49185028124999997 0.544714975 0.48790305937499995 0.5428115124999999 0.4776688921875 0.546515678125
3 0.5874056765625 0.8795727453125 0.5759361609375 0.8643521843749999 0.5754209125 0.8472689875 0.5793982625 0.8247342906249999 0.5584128859375 0.8443096390625 0.543106371875 0.853885453125 0.5288862046875 0.8597049421875 0.4706439109375 0.8688308140625001 0.46633994375 0.9709768296875 0.529868921875 0.9480748046875 0.5555119890625 0.944419128125 0.5762443046875 0.94789129375 0.5998094 0.9590211546875 0.63382945625 0.9593349328125 0.6611745671875 0.9475420296875001 0.6790028484375 0.933935175 0.6736163656249999 0.9313376609375 0.6612215265625 0.942332228125 0.6544202453125 0.9437349906250001 0.6439332671875 0.9512238984374999 0.6364668625000001 0.9506462875 0.6323610890625 0.9462954671875 0.629092978125 0.932627890625 0.6309933375 0.9258191078125 0.64431335 0.914954565625 0.6456175796875 0.9131434453124999 0.6027473156250001 0.8914493203125 0.5874056765625 0.8795727453125
5 0.376907584375 0.6684690578125 0.4159869171875 0.667154740625 0.45593890937500003 0.6570322796875 0.475057265625 0.6554764 0.458980434375 0.643702459375 0.44372356875 0.6255282734375001 0.42794979531250005 0.6268736296874999 0.426073371875 0.62438353125 0.42415756406250005 0.6134379453125 0.40606994218750003 0.6141340578125 0.388247815625 0.6266248671875 0.376907584375 0.6684690578125
5 0.52878895 0.654582946875 0.4159869171875 0.667154740625 0.5140373546875 0.7148469421875 0.5255296625 0.66789795625 0.52878895 0.654582946875
5 0.3837198328125 0.8455661437499999 0.3932384015625 0.8426194499999999 0.394672015625 0.81336539375 0.41159991093750004 0.8034266828125001 0.427386603125 0.7863653703125 0.4300948375 0.78995931875 0.4291438296875 0.8005367671875 0.4337966578125 0.8017262359374999 0.4976531171875 0.78178069375 0.5140373546875 0.7148469421875 0.50189993125 0.7161303984375 0.496463303125 0.7316463468750001 0.48029150468750004 0.7385988921875 0.41008139843749997 0.7439261859374999 0.3659555765625 0.756718059375 0.3590598328125 0.7572976265625 0.3562088296875 0.78600198125 0.3617984640625 0.803389765625 0.379944203125 0.834324409375 0.3837198328125 0.8455661437499999
6 0.45790931874999996 0.44317452656249995 0.45504714375 0.45134308125 0.4586119828125 0.470699859375 0.457106690625 0.47734495 0.4395277875 0.4885876859375 0.435466225 0.4971590625 0.4359053890625 0.5143623953125 0.4448190140625 0.5281856390625 0.4657446796875 0.5459826140625 0.4776688921875 0.546515678125 0.48790305937499995 0.5428115124999999 0.49185028124999997 0.544714975 0.508251109375 0.542013353125 0.5040047984375 0.5402049078125 0.491776571875 0.5232978046875 0.48696765624999994 0.4951657515625 0.4990490828125 0.42539666093750006 0.4901171140625 0.4254169421875 0.48412926093750003 0.43143205 0.467810325 0.43370966875 0.45790931874999996 0.44317452656249995
6 0.692961928125 0.5636312375 0.6874848078125 0.5421533562499999 0.6810276984375 0.5691730749999999 0.666062128125 0.5717431984375 0.582118359375 0.557290071875 0.5832611734375 0.560981646875 0.5796876984375 0.58007161875 0.5871249484375001 0.5873507328125 0.5880934156250001 0.593122234375 0.58857888125 0.596015334375 0.5856049203125 0.6045029109375 0.5879321578125001 0.6132902453125 0.58432179375 0.6200851843749999 0.6200052375 0.6436569999999999 0.6396860921874999 0.6418518671875 0.6646585546875 0.6316320875 0.6741624203125001 0.63641223125 0.694745840625 0.6444475265625 0.703141553125 0.6416277578125 0.709768471875 0.6351310781249999 0.719572559375 0.6182245671875 0.72097185 0.6001368390625 0.7039684203125 0.5828910984375 0.6936373359375 0.5791536109375001 0.692961928125 0.5636312375
6 0.8304809453124999 0.8288483984375 0.8242122703125 0.8029660218749999 0.8163107890625 0.7853452 0.80743411875 0.774663184375 0.7993025874999999 0.7721052015625001 0.79592283125 0.7726675765625 0.778994290625 0.8212548234374999 0.7516917234375 0.8996169593750001 0.7783736109375 0.894170690625 0.80825174375 0.872896690625 0.8278079359375001 0.84451135 0.8304809453124999 0.8288483984375
6 0.5430974625 0.6855616312499999 0.54033600625 0.6743201890625 0.5361449171875 0.6693898328125 0.5132622 0.6661738765624999 0.499592975 0.6707647984375 0.4956414359375 0.6589993015625 0.475533096875 0.655824878125 0.475057265625 0.6554764 0.45593890937500003 0.6570322796875 0.4159869171875 0.667154740625 0.3505575890625 0.6693552609375 0.31888709843749996 0.67847094375 0.310706271875 0.6903452156250001 0.3078556359375 0.70676726875 0.31013670625 0.7407332203125 0.3151849953125 0.7550093906249999 0.3297114203125 0.759764284375 0.3659555765625 0.756718059375 0.41008139843749997 0.7439261859374999 0.48029150468750004 0.7385988921875 0.496463303125 0.7316463468750001 0.50189993125 0.7161303984375 0.52834090625 0.7133344296875 0.5419928734374999 0.7011437390624999 0.5430974625 0.6855616312499999
6 0.7485818015625 0.9085428640625001 0.8015317671875 0.75656915625 0.80321406875 0.748057184375 0.800248796875 0.73111568125 0.7880270125 0.714331328125 0.7013409453125 0.667154784375 0.6817175578125 0.6580786062499999 0.6545508718749999 0.6542605765625 0.6430607390625 0.6599360796875 0.6343710031249999 0.6698933312500001 0.6162263718750001 0.712543353125 0.5801921578125 0.8202362671874999 0.5754209125 0.8472689875 0.5759361609375 0.8643521843749999 0.5874056765625 0.8795727453125 0.6027473156250001 0.8914493203125 0.6984889453124999 0.939898540625 0.708162809375 0.943688225 0.7227289984375 0.9437912796875001 0.7382922015625 0.9333419624999999 0.7485818015625 0.9085428640625001
6 0.6895369984374999 0.5335659828125 0.7098720015625 0.40965800156250004 0.7065060640625 0.40451155625 0.6897228296875 0.3992319515625 0.5879055531249999 0.37966489531250003 0.5280959140625 0.3771009453125 0.5202461875 0.3789186109375 0.5101236015625 0.388595290625 0.50247205 0.40562934687499996 0.48696765624999994 0.4951657515625 0.491776571875 0.5232978046875 0.5040047984375 0.5402049078125 0.508251109375 0.542013353125 0.5244075171875 0.5393519953125 0.5550888375 0.53965648125 0.5808112015625 0.5530676171875 0.582118359375 0.557290071875 0.666062128125 0.5717431984375 0.6810276984375 0.5691730749999999 0.6895369984374999 0.5335659828125
6 0.5871249484375001 0.5873507328125 0.5796876984375 0.58007161875 0.5832611734375 0.560981646875 0.5808112015625 0.5530676171875 0.5550888375 0.53965648125 0.5244075171875 0.5393519953125 0.4733545875 0.5477616703125 0.451127796875 0.5633395328125 0.44672114374999994 0.5725163125 0.43899356875000006 0.6021543859375 0.42335669062500003 0.6088623078125 0.426073371875 0.62438353125 0.42794979531250005 0.6268736296874999 0.44372356875 0.6255282734375001 0.458980434375 0.643702459375 0.475533096875 0.655824878125 0.5012342203125 0.6598822125 0.5360153578125 0.6531931796875 0.5689601953125 0.63422359375 0.5830888546875 0.6224056578125 0.5879321578125001 0.6132902453125 0.5856049203125 0.6045029109375 0.58857888125 0.596015334375 0.5871249484375001 0.5873507328125
0 0.8088515640624999 0.49240210624999997 0.8001646953125 0.521406278125 0.75891906875 0.556080390625 0.7437883359375 0.5908386890624999 0.7485404359375 0.6299282046875 0.7705983765625 0.644298596875 0.7863463 0.6397151328125 0.7829408921875001 0.6397466796875 0.7750184046874999 0.6358078984375 0.769397284375 0.6288963109375 0.7640856765625 0.6130812859375 0.7635939578125 0.599827215625 0.7669336875 0.5894660796875 0.775944459375 0.5789601734375001 0.7909657375 0.5725952296875 0.8000488953125 0.5649248453125 0.8127238859375 0.54174895 0.8293176843750001 0.53089609375 0.8459339437500001 0.5299351156250001 0.8571537234375001 0.5338664093750001 0.8729113406250001 0.5323138671875001 0.8794485140624999 0.53605795625 0.8943130265624999 0.557924428125 0.905371015625 0.534655196875 0.9084694000000001 0.5089639234375001 0.9053601640625001 0.49828117499999997 0.8832316203125 0.48441314843749994 0.864315496875 0.49507416718749997 0.8566686750000001 0.47658166093750004 0.8409378296875 0.4682233703125 0.82022405 0.47709487812500007 0.8088515640624999 0.49240210624999997
0 0.8126314859375 0.64047248125 0.8275232421875 0.6584463296874999 0.8522097828125 0.6614035078125 0.8770674062499999 0.6449177609375 0.8879375265625 0.6295399296874999 0.8964207312499999 0.6056300203125 0.8990248953125001 0.5834553109375 0.8945516281250001 0.5629090046874999 0.894242640625 0.5748666734375 0.8905784234375 0.5875366625 0.8647367234375001 0.6206343859375 0.8541384578125 0.6290336187500001 0.8371977109375001 0.63230345 0.8179980312499999 0.6281924375 0.81174241875 0.6295477890625001 0.8126314859375 0.64047248125
5 0.7457277984374999 0.7931732671875 0.738065515625 0.7867426203125001 0.7373730828125 0.7459565578125 0.718464265625 0.73955145 0.7109155031250001 0.7170754109375 0.7010538625 0.6996280984375 0.6932440078125001 0.69424746875 0.6742982859375 0.7376273531249999 0.6577619343750001 0.7524354234375 0.6762706015625 0.7807348046875 0.6765912796875 0.7898813031249999 0.6826217796875 0.804113290625 0.69087434375 0.8063438703125 0.7014738359375 0.8185410953125001 0.6968821328125 0.84359393125 0.700196778125 0.8504843125000001 0.736362771875 0.8293335781250001 0.7497235359375 0.8028362625 0.7457277984374999 0.7931732671875
3 0.8541384578125 0.6290336187500001 0.8647367234375001 0.6206343859375 0.8905784234375 0.5875366625 0.894242640625 0.5748666734375 0.8946669765624999 0.55844510625 0.8794485140624999 0.53605795625 0.8729113406250001 0.5323138671875001 0.8571537234375001 0.5338664093750001 0.8459339437500001 0.5299351156250001 0.8293176843750001 0.53089609375 0.8127238859375 0.54174895 0.8000488953125 0.5649248453125 0.7909657375 0.5725952296875 0.775944459375 0.5789601734375001 0.7669336875 0.5894660796875 0.7635939578125 0.599827215625 0.7640856765625 0.6130812859375 0.769397284375 0.6288963109375 0.7750184046874999 0.6358078984375 0.7829408921875001 0.6397466796875 0.7923709999999999 0.6396593203125 0.8087701046875001 0.6301917765625 0.8179980312499999 0.6281924375 0.8371977109375001 0.63230345 0.8541384578125 0.6290336187500001