5 0.6887779953125001 0.37127237343749997 0.689867596875 0.40842094375000004 0.7358145390625 0.386695834375 0.7469077328125 0.2741424140625 0.746611709375 0.268493971875 0.7421529 0.26654920625 0.6880495921875001 0.256749659375 0.663649528125 0.256721346875 0.6420841484375 0.26090136406250003 0.62920683125 0.27290414531249996 0.619012790625 0.352733775 0.6195549390624999 0.3649832625 0.6670096359375 0.364882521875 0.6844919125 0.3668627328125 0.6887779953125001 0.37127237343749997
5 0.7264331203125 0.6002644218750001 0.7187296984375 0.6046343609375 0.6969912468749999 0.6006741984375 0.69047955625 0.5953494328125 0.6641862765625001 0.6125922859374999 0.6452114515625 0.6181195374999999 0.635786740625 0.6142257109375 0.6367311484375 0.616758759375 0.659944628125 0.6538294312499999 0.657295434375 0.661261078125 0.6587546515625 0.667208984375 0.6643194046875001 0.6411327171875 0.6709495515625 0.629700328125 0.6811456421875 0.6219366796875 0.7085417140625 0.6205009125000001 0.71290446875 0.6215742359374999 0.7295363828125 0.6256660171874999 0.7914328671875 0.6452484890625 0.7821242671874999 0.6079235609375 0.776479065625 0.6045730093749999 0.7527153109375 0.6033874796875 0.735970284375 0.5969722421875 0.7292369953125 0.5961952046875 0.7264331203125 0.6002644218750001
5 0.48695478750000004 0.5499220296875 0.482476125 0.550586603125 0.48106464375 0.553930159375 0.48295749531250004 0.5519683375 0.500532034375 0.5454484734375 0.4962941359375 0.5443331484375 0.48695478750000004 0.5499220296875
3 0.6582256828124999 0.8559211343750001 0.6440626734375 0.84316870625 0.6402972640625 0.8264976890625 0.6399017171875 0.8036181046875001 0.623037053125 0.826837996875 0.6098389140625 0.8391584968749999 0.5969904234375 0.8475844015625 0.541559503125 0.867655759375 0.5568249890625 0.9687463015625 0.61481685 0.9341431484375 0.6392912453124999 0.925661709375 0.6603051703125 0.9251141703125001 0.6855609859375 0.9315431125 0.7190158703125 0.9253597921875001 0.74360838125 0.9085658656250001 0.7585127968750001 0.891807209375 0.7527296484375 0.8902852093750001 0.7426604015625 0.9034428218749999 0.7362517375000001 0.9061175578125 0.7273863875 0.9154698828125 0.719946946875 0.916327540625 0.7150864328125001 0.9128400750000001 0.70927046875 0.900047196875 0.7098367359375 0.8930009046875 0.7208389703125 0.8797943968749999 0.7217736609375 0.8777676921875001 0.675551609375 0.86465218125 0.6582256828124999 0.8559211343750001
5 0.41131455 0.688860946875 0.44942510156250004 0.6801140890624999 0.4867116078125 0.6625544062500001 0.5051818296875 0.6573791578125 0.4871538015625 0.6488891421874999 0.46870944843749995 0.6339600140625 0.45348219062500006 0.63829043125 0.45116510937500004 0.636204121875 0.44719598437499997 0.6258251890625 0.42957350625 0.62995979375 0.41446218281249997 0.6456217343749999 0.41131455 0.688860946875
5 0.5577558328125 0.6462496328125 0.44942510156250004 0.6801140890624999 0.554774178125 0.7082211453125 0.5570970515625 0.6599419078125 0.5577558328125 0.6462496328125
5 0.45179335624999994 0.8614044218749999 0.46057478593749995 0.8566956390625 0.45640012343749997 0.827705515625 0.47112060937500005 0.8147194125 0.4833618046875 0.794959321875 0.48670603906250004 0.7979704843750001 0.48779077656250003 0.80853505625 0.49258507968750004 0.8088148687500001 0.5514625265624999 0.7770513953125 0.554774178125 0.7082211453125 0.5431046484375 0.71179695 0.5407284890625 0.728065184375 0.5261804203125 0.737975715625 0.4582767671875 0.7566018531250001 0.41740246562500005 0.7775783078125 0.4107440015625 0.779462996875 0.4134224296875 0.8081839671875001 0.4222271125 0.8241857359375 0.4459420703125 0.8510896546875 0.45179335624999994 0.8614044218749999
6 0.44783983281250006 0.4522498515625 0.4465888765625 0.46081445624999995 0.4537816671875 0.47913539062500005 0.4535719734375 0.48594561562500005 0.4384612609375 0.5003360046875 0.43610981562499995 0.509524884375 0.4398234625 0.5263283453125001 0.4512109171875 0.5381968171875 0.47514794374999997 0.5516740062500001 0.48695478750000004 0.5499220296875 0.4962941359375 0.5443331484375 0.500532034375 0.5454484734375 0.5161160390624999 0.5396670640625 0.5116026765624999 0.5387020796875001 0.496373090625 0.5244388625 0.4862846796875 0.49774125937499997 0.48483156562499996 0.426948778125 0.476067571875 0.4286729859375 0.4713374703125 0.435720115625 0.45575295000000005 0.4410696890625 0.44783983281250006 0.4522498515625
6 0.7015580859375 0.52564328125 0.6920834234375 0.5056050937500001 0.6909005546875 0.5333604578125 0.6767003468749999 0.5387389265625 0.5915410750000001 0.5405685703125 0.593367278125 0.5439742625 0.5935019953125 0.5633953468749999 0.6021915234375 0.5691216296875 0.6042434515624999 0.5746023015625 0.6052720265625 0.5773496140625001 0.6039722125 0.5862487093750001 0.60793339375 0.5944305375 0.6056858984375 0.6017895249999999 0.6452114515625 0.6181195374999999 0.6641862765625001 0.6125922859374999 0.6867498999999999 0.5977953015625 0.6969912468749999 0.6006741984375 0.7187296984375 0.6046343609375 0.7264331203125 0.6002644218750001 0.731698659375 0.592622628125 0.738096703125 0.5741560296875 0.736018984375 0.5561336265625 0.7160373140625 0.542449146875 0.7051828921875 0.540751590625 0.7015580859375 0.52564328125
6 0.8871563109375 0.759747790625 0.8760642203125 0.7355370640625 0.8649457 0.7197476625 0.8541938953124999 0.710955653125 0.8457236765625 0.7099962375 0.842513321875 0.7111931671875 0.8351666890624999 0.7621178484375 0.823317946875 0.844249825 0.848470415625 0.833812475 0.873740334375 0.807228321875 0.887521046875 0.775633003125 0.8871563109375 0.759747790625
6 0.5777124687499999 0.6739289578125 0.57285678125 0.6634209625 0.5678019375 0.6593808890624999 0.54472600625 0.660590246875 0.5321839125000001 0.6677050312499999 0.5260600125 0.656909690625 0.5057154125000001 0.6576304421875 0.5051818296875 0.6573791578125 0.4867116078125 0.6625544062500001 0.44942510156250004 0.6801140890624999 0.38561777343750003 0.6947586828125 0.35626851406250004 0.7097499 0.3505037109375 0.722966984375 0.350838925 0.7396312453125 0.35955909375 0.7725378968750001 0.367238653125 0.785588515625 0.3824054625 0.787484275 0.41740246562500005 0.7775783078125 0.4582767671875 0.7566018531250001 0.5261804203125 0.737975715625 0.5407284890625 0.728065184375 0.5431046484375 0.71179695 0.56852633125 0.704007175 0.57960138125 0.6894355437499999 0.5777124687499999 0.6739289578125
6 0.8219683078125 0.8536051375 0.8449474828125 0.694320284375 0.844974715625 0.685643703125 0.8388313328124999 0.6695792640625 0.823631490625 0.6554353125 0.7295363828125 0.6256660171874999 0.7085417140625 0.6205009125000001 0.6811456421875 0.6219366796875 0.6709495515625 0.629700328125 0.6643194046875001 0.6411327171875 0.65464615 0.6864612953125 0.6398227624999999 0.7990512390625 0.6402972640625 0.8264976890625 0.6440626734375 0.84316870625 0.6582256828124999 0.8559211343750001 0.675551609375 0.86465218125 0.7787787421875 0.8939428890625001 0.7889979765625 0.8958170859375001 0.8033162078125 0.8931388874999999 0.8165996468750001 0.8799119546874999 0.8219683078125 0.8536051375
6 0.6924593609375 0.49678391718750003 0.6887779953125001 0.37127237343749997 0.6844919125 0.3668627328125 0.6670096359375 0.364882521875 0.5633294609374999 0.36510262031249996 0.5041294671875 0.37399799375 0.496770790625 0.3772800625 0.48868058124999997 0.38871043437499997 0.48441986249999996 0.4068915125 0.4862846796875 0.49774125937499997 0.496373090625 0.5244388625 0.5116026765624999 0.5387020796875001 0.5161160390624999 0.5396670640625 0.531467796875 0.5339718140625 0.5616435140625 0.528416434375 0.5894522515625 0.5366731125 0.5915410750000001 0.5405685703125 0.6767003468749999 0.5387389265625 0.6909005546875 0.5333604578125 0.6924593609375 0.49678391718750003
6 0.6021915234375 0.5691216296875 0.5935019953125 0.5633953468749999 0.593367278125 0.5439742625 0.5894522515625 0.5366731125 0.5616435140625 0.528416434375 0.531467796875 0.5339718140625 0.48295749531250004 0.5519683375 0.46411146875 0.5715010625 0.46153679218750004 0.5813500687500001 0.4596064046875 0.6119180984375 0.44553675156250006 0.6214864343750001 0.45116510937500004 0.636204121875 0.45348219062500006 0.63829043125 0.46870944843749995 0.6339600140625 0.4871538015625 0.6488891421874999 0.5057154125000001 0.6576304421875 0.531718509375 0.656709225 0.564584290625 0.6435065359375 0.593304271875 0.6185993015625 0.604918378125 0.6043026203124999 0.60793339375 0.5944305375 0.6039722125 0.5862487093750001 0.6052720265625 0.5773496140625001 0.6021915234375 0.5691216296875
0 0.80172734375 0.43361004531249997 0.798734334375 0.4637388609375 0.764862640625 0.5056459484375 0.7566420968750001 0.5426527203125 0.76876551875 0.58011730625 0.79316019375 0.590014821875 0.8077442156249999 0.5825107234375 0.80440739375 0.5831914734375 0.7958789109375 0.5808367390625 0.7890422734375 0.575124696875 0.7808106046875001 0.5606137421875 0.777798925 0.5476970109375 0.7791002953125 0.5368889859375 0.78594089375 0.5248567671875 0.7994717015624999 0.5157425718749999 0.806924396875 0.5064799640625 0.8149443421875 0.4813113734375 0.8291624437499999 0.46749166875 0.845290053125 0.4633778140625 0.8570538203125 0.46509604531250004 0.8722256859374999 0.46056533125000004 0.879357159375 0.4629932796875 0.8981208875 0.481621721875 0.90453573125 0.45667004687499996 0.9026750640625 0.43085959531249995 0.8975845890624999 0.42096638906250006 0.8732164640625 0.41157548281249995 0.8566821015625001 0.42564999531250003 0.8456472375 0.4089563296875 0.8286105750000001 0.4037531921875 0.8099701296875 0.41641408125 0.80172734375 0.43361004531249997
0 0.833690978125 0.57823870625 0.8517387015625 0.59304084375 0.8765359390624999 0.5912332765625 0.8977912281249999 0.570307359375 0.9055274046875 0.553137946875 0.909292525 0.5280486578125 0.9076177078125 0.5057844625000001 0.8993062078125 0.48646918906250003 0.9012845265625 0.49826611875 0.90010518125 0.511402490625 0.8810536078125001 0.5488229437500001 0.8722527124999999 0.5590901046875 0.8562471281249999 0.56553230625 0.8366157828125 0.5651602953125 0.8307337171875 0.5676843734375 0.833690978125 0.57823870625
5 0.7971531828125 0.7408997734375 0.788404653125 0.736049309375 0.7799425953125 0.696144725 0.7601590328125 0.69346526875 0.74846033125 0.6728425484375 0.7354507734375 0.6575974828125 0.7267577359375 0.6538059015625 0.716437371875 0.7000037890625 0.7030303531250001 0.717695078125 0.726598740625 0.7419428984375 0.7286587609375 0.7508601625 0.7372940546875 0.7636799953125 0.7458206109375001 0.764294928125 0.7585527 0.7742455781250001 0.758825665625 0.7997142609375001 0.763394159375 0.8058455828125 0.79485993125 0.7781826484375001 0.8029192937499999 0.749622809375 0.7971531828125 0.7408997734375
3 0.8722527124999999 0.5590901046875 0.8810536078125001 0.5488229437500001 0.90010518125 0.511402490625 0.9012845265625 0.49826611875 0.8985676843749999 0.48206529531250003 0.879357159375 0.4629932796875 0.8722256859374999 0.46056533125000004 0.8570538203125 0.46509604531250004 0.845290053125 0.4633778140625 0.8291624437499999 0.46749166875 0.8149443421875 0.4813113734375 0.806924396875 0.5064799640625 0.7994717015624999 0.5157425718749999 0.78594089375 0.5248567671875 0.7791002953125 0.5368889859375 0.777798925 0.5476970109375 0.7808106046875001 0.5606137421875 0.7890422734375 0.575124696875 0.7958789109375 0.5808367390625 0.80440739375 0.5831914734375 0.8136475750000001 0.58130636875 0.827938890625 0.5688836734375 0.8366157828125 0.5651602953125 0.8562471281249999 0.56553230625 0.8722527124999999 0.5590901046875