1 0.48948800312499996 0.5168559234375001 0.4878709828125 0.5186401187499999 0.4755194796875 0.52263109375 0.46811517656249996 0.5385018921875 0.47198790468749996 0.5396575546875 0.47543511406250005 0.5443971875 0.48140058906250005 0.5388525328125 0.491314371875 0.5356998843749999 0.48948800312499996 0.5168559234375001
3 0.5420096453125 0.469591040625 0.5397809390625 0.4644779078125 0.5337477703125 0.4584720765625 0.5237265140625 0.45637595937500003 0.51498115 0.4647750015625 0.5110787234374999 0.48520210781250006 0.5121542531250001 0.499241509375 0.5478071640625 0.48289178593750004 0.5420096453125 0.469591040625
3 0.592151015625 0.5175716312499999 0.5976774734375 0.5125026765625 0.6024238093750001 0.5031977453125 0.604029621875 0.489325103125 0.6027868203125 0.48042054375000004 0.5845182296875 0.47716537812500004 0.58439961875 0.4771265546875 0.5753260796874999 0.46606186875000005 0.5645361062500001 0.46225979375000004 0.5603502140625001 0.46736873125 0.5590769250000001 0.4726321515625 0.55769151875 0.4783590140625 0.5670728890625 0.474056903125 0.578138678125 0.47602864531250005 0.5880653390624999 0.518078246875 0.592151015625 0.5175716312499999
2 0.6182937390625 0.5747417828125 0.613812875 0.5711819390625 0.5996580781249999 0.5618528578124999 0.6037921140625 0.5757492859375 0.6184086546875001 0.5749502125 0.6182937390625 0.5747417828125
1 0.39267044375000004 0.533171953125 0.421241534375 0.5492969890625 0.437869621875 0.5487335890625 0.44116115312500004 0.5491720609375 0.44299902500000005 0.5463914765625 0.45076417968750004 0.543101159375 0.4530465 0.5393323875 0.4627363 0.5368967812500001 0.46811517656249996 0.5385018921875 0.4835102171875 0.5055033015625 0.41457301874999997 0.4660203453125 0.4126165984375 0.46696148906249996 0.4071067109375 0.47804410468749997 0.3849043953125 0.5256959765625 0.39267044375000004 0.533171953125
6 0.687269065625 0.5870495515624999 0.6796495828125 0.5760494765625 0.6748337624999999 0.5749907640624999 0.629479209375 0.5743449968750001 0.6037921140625 0.5757492859375 0.6049743296875 0.57972325625 0.6081615828125 0.5830368734375 0.6311523390625 0.6019805484375 0.639679953125 0.6394140562499999 0.639414003125 0.6436397031250001 0.644598071875 0.6462536703125 0.64686171875 0.6503593578125 0.6454785796875 0.6562589765625 0.6444976828125 0.6604428812500001 0.6378981578125 0.6677246875 0.63755495625 0.6731777515624999 0.67018390625 0.6705743984375 0.6824188078125 0.6650379281250001 0.691271096875 0.653679553125 0.6984917937499999 0.65393056875 0.7029796765625 0.651888046875 0.7035059984375 0.6481430828125 0.7186842390625 0.643402165625 0.7227389234375 0.6390073984375 0.724330028125 0.633120721875 0.7237308421875001 0.6047764015625 0.7186741328124999 0.5918451390625 0.7152975921875 0.58869734375 0.7054088609375 0.5911265078125 0.691125365625 0.5895009859375 0.687269065625 0.5870495515624999
2 0.3531327265625 0.5779890703125 0.3576013484375 0.5793989625 0.39980126562499996 0.59562266875 0.41600762187500007 0.6031548671875 0.4101245609375 0.5742947359375 0.4236367859375 0.567101875 0.44138728125000004 0.5616796 0.43897166875 0.5563414015625 0.439289090625 0.552004375 0.44116115312500004 0.5491720609375 0.437869621875 0.5487335890625 0.4117317015625 0.549619203125 0.38759531406250003 0.5553451734375 0.3693597515625 0.5629731703124999 0.3583726390625 0.5705471515625 0.3531327265625 0.5779890703125
2 0.4859504421875 0.7008444421875 0.49933285625 0.6895843984375001 0.467118875 0.700162065625 0.46986529531250004 0.7096703984375 0.4859504421875 0.7008444421875
2 0.5038720765625 0.65267315625 0.4991920484375 0.6520154203125 0.47164089843749996 0.6634421015624999 0.49933285625 0.6895843984375001 0.5073731109375 0.67435540625 0.5097963328125 0.658646175 0.5038720765625 0.65267315625
2 0.467118875 0.700162065625 0.46156749531249996 0.6809427343750001 0.468644825 0.66468470625 0.47164089843749996 0.6634421015624999 0.39980126562499996 0.59562266875 0.41293413437500004 0.69507388125 0.422975440625 0.6896776265625 0.4291601625 0.6927524515625 0.4343082546875 0.6927407624999999 0.43620615156250003 0.6896990640625 0.44984174687499995 0.6912774359375 0.44104483125 0.70872364375 0.467118875 0.700162065625
2 0.41293413437500004 0.69507388125 0.411046365625 0.6960883796874999 0.398125478125 0.6964780875 0.358041240625 0.6821988859375 0.367106565625 0.69540558125 0.38636705625 0.70910784375 0.397720921875 0.7141898656250001 0.39768396093749997 0.7144528515624999 0.4158299625 0.71700310625 0.41293413437500004 0.69507388125
2 0.4345654984375 0.7166770109375 0.43898378749999994 0.7128111453125 0.44104483125 0.70872364375 0.4158299625 0.71700310625 0.4345654984375 0.7166770109375
6 0.4627363 0.5368967812500001 0.4530465 0.5393323875 0.45076417968750004 0.543101159375 0.44299902500000005 0.5463914765625 0.439289090625 0.552004375 0.43897166875 0.5563414015625 0.44138728125000004 0.5616796 0.46440639062500005 0.5546479125 0.47543511406250005 0.5443971875 0.47198790468749996 0.5396575546875 0.4627363 0.5368967812500001
5 0.445709346875 0.8095703343749999 0.4534718609375 0.80340265 0.45753492187499994 0.77965725 0.47503184843749996 0.7403791359375 0.47648816250000003 0.7325993093750001 0.46156749531249996 0.6809427343750001 0.46013249843750004 0.6842392109375 0.45653935468749995 0.6888806749999999 0.4510366265625 0.6914157484375 0.44984174687499995 0.6912774359375 0.43898378749999994 0.7128111453125 0.4311212359375 0.71969063125 0.4233529515625 0.723316984375 0.39178924843749996 0.7232361765624999 0.3842825984375 0.73016568125 0.3668510859375 0.7534839953125 0.3700214984375 0.761914065625 0.366741425 0.7723410328125 0.36838241875 0.7787414984375001 0.3789767546875 0.788577865625 0.38260310625 0.79634615 0.3802810765625 0.8257802125 0.3939592640625 0.8059266515625 0.40946312812499996 0.8066538515625 0.4165138375 0.8003861296875 0.4275583421875 0.8070193765625 0.445709346875 0.8095703343749999
3 0.5430023281249999 0.4452964921875 0.5431698593750001 0.450074928125 0.5462773984375 0.4558259546875 0.5753260796874999 0.46606186875000005 0.5843996171875 0.477126553125 0.5918867750000001 0.479577303125 0.61402206875 0.4812897171875 0.6206389359375 0.4799820625 0.6260341359375 0.4754260171875 0.629693209375 0.4653116875 0.6279437390625 0.45387783437499996 0.604247265625 0.4374016375 0.598092971875 0.435417909375 0.584820690625 0.438307503125 0.5526007171875 0.428744690625 0.54541008125 0.436125096875 0.5430023281249999 0.4452964921875
6 0.34702400624999996 0.6414447984375 0.3623907421875 0.6317179046875 0.3725978953125 0.6305109734375 0.37841415 0.6342339953125 0.382700034375 0.6319307359375 0.38920796874999997 0.630732203125 0.40090488906250005 0.6339609703125 0.41105603281249997 0.6406705296874999 0.407803459375 0.6581753046875 0.4081198921875 0.6672007234375 0.4064285015625 0.6717176312500001 0.40218322031250003 0.67561146875 0.39512082187500003 0.6769962234375 0.3868318890625 0.6758312890625 0.355915409375 0.681441603125 0.398125478125 0.6964780875 0.411046365625 0.6960883796874999 0.422975440625 0.6896776265625 0.4291601625 0.6927524515625 0.4343082546875 0.6927407624999999 0.43620615156250003 0.6896990640625 0.4510366265625 0.6914157484375 0.45653935468749995 0.6888806749999999 0.46013249843750004 0.6842392109375 0.468644825 0.66468470625 0.456974534375 0.6695248921875 0.44960295468749994 0.6707618531249999 0.439747403125 0.6761956546875 0.43491802343749997 0.6755169296875 0.4188696421875 0.6171948890625 0.41600762187500007 0.6031548671875 0.39980126562499996 0.59562266875 0.3576013484375 0.5793989625 0.290370253125 0.5581869390625 0.2862022875 0.5590715828125 0.275113040625 0.5725848296875 0.2644076546875 0.5964449203125 0.2601675875 0.6109207578125 0.25877241562500003 0.6313104703125 0.2694524578125 0.6416339328125 0.276510134375 0.643728634375 0.2911554953125 0.6546093875000001 0.3333612578125 0.673407140625 0.355063465625 0.6811381140625 0.3473628359375 0.6766237687500001 0.338530640625 0.6642883734375 0.332981815625 0.6643009734375 0.329755853125 0.6609419937500001 0.330738765625 0.65394820625 0.332507165625 0.650762846875 0.33897869687500004 0.649823340625 0.34702400624999996 0.6414447984375
5 0.4911833625 0.6053969984375 0.489045084375 0.593231915625 0.4907737296875 0.5832136140624999 0.49390806249999997 0.57916481875 0.5053014609375001 0.5733907859375 0.511575225 0.5675385625 0.5120069625 0.5599033046875 0.51544555 0.5514079765625 0.5201521484375 0.5475801484375 0.5264803031249999 0.5459042015625 0.5313976703125001 0.53601338125 0.5386198921875 0.532539103125 0.5561459703125 0.5378882078125 0.57570664375 0.5492952078125 0.6049743296875 0.57972325625 0.59356066875 0.5413566140625 0.5776508453125 0.47396216718749995 0.5735062125 0.47110670781249997 0.4913063484375 0.5088019484374999 0.4893043140625 0.5149606609374999 0.49131437343749995 0.5356998843749999 0.48140058906250005 0.53885253125 0.46440639062500005 0.5546479125 0.4236367859375 0.567101875 0.4101245609375 0.5742947359375 0.4188696421875 0.6171948890625 0.43491802343749997 0.6755169296875 0.439747403125 0.6761956546875 0.44960295468749994 0.6707618531249999 0.456974534375 0.6695248921875 0.4991920484375 0.6520154203125 0.4899438640625 0.6507156734375 0.4896243109375 0.6462519515625 0.499677725 0.635355325 0.5011940796875 0.6331869828125 0.4911833625 0.6053969984375
6 0.639679953125 0.6394140562499999 0.6311523390625 0.6019805484375 0.6081615828125 0.5830368734375 0.57570664375 0.5492952078125 0.5561459703125 0.5378882078125 0.5386198921875 0.532539103125 0.5313976703125001 0.53601338125 0.5264803031249999 0.5459042015625 0.5201521484375 0.54758015 0.5154455515625 0.5514079749999999 0.5120069625 0.5599033046875 0.511575225 0.5675385625 0.5053014609375001 0.5733907859375 0.49390806249999997 0.57916481875 0.4907737296875 0.5832136140624999 0.489045084375 0.593231915625 0.4911833625 0.6053969984375 0.5011940796875 0.6331869828125 0.5113095999999999 0.6187221093749999 0.5340440375 0.5862125796875 0.5576375203125 0.562068675 0.5645874046875 0.566517340625 0.5725243921875001 0.57741731875 0.5927516640625 0.6086667171875 0.6052259828125 0.6321982921875 0.6289767234375 0.63837690625 0.639414003125 0.6436397031250001 0.639679953125 0.6394140562499999
6 0.6378981578125 0.6677246875 0.6310496328124999 0.6752812375 0.6239893234375 0.6806015624999999 0.5961864328125001 0.6807972999999999 0.5923517796875 0.6856240734375 0.5799912203125 0.69272453125 0.5720743078125 0.6906649953125 0.5663959484375 0.6816605906250001 0.5629611625 0.66792143125 0.559860984375 0.665276325 0.5406275015625 0.6628888640625 0.5370703953125 0.66326500625 0.525233278125 0.664516709375 0.5347699265625 0.6762968125000001 0.5575890078125 0.6987436625 0.5736363078125 0.705488259375 0.6210541203125 0.703494471875 0.6319426890625001 0.7127206953125 0.6363892250000001 0.7130249515625 0.640604596875 0.71041074375 0.644711184375 0.699443984375 0.6432069125 0.6896126515625001 0.63707933125 0.680734878125 0.6378981578125 0.6677246875
5 0.6239893234375 0.6806015624999999 0.63104963125 0.675281234375 0.6444976828125 0.6604428812500001 0.64686171875 0.6503593578125 0.6445980703124999 0.6462536703125 0.6289767234375 0.63837690625 0.6052259828125 0.632198290625 0.5927516640625 0.6086667171875 0.5725243921875001 0.57741731875 0.5645874046875 0.5665173390625 0.55763751875 0.562068675 0.5340440375 0.5862125796875 0.499677725 0.635355325 0.4896243109375 0.6462519515625 0.4899438640625 0.6507156734375 0.5038720765625 0.65267315625 0.5107834796875 0.6596414484374999 0.5201224921875001 0.6650571421875 0.5406275015625 0.6628888625 0.5598609859375 0.6652763234375 0.5629611609375 0.66792143125 0.5663959484375 0.6816605906250001 0.5720743078125 0.6906649953125 0.5799912203125 0.69272453125 0.5923517796875 0.6856240734375 0.5961864328125001 0.6807972999999999 0.6239893234375 0.6806015624999999
6 0.3868318890625 0.6758312890625 0.39512082187500003 0.6769962234375 0.40218322031250003 0.67561146875 0.4064285015625 0.6717176312500001 0.4081198921875 0.6672007234375 0.407803459375 0.6581753046875 0.41105603281249997 0.6406705296874999 0.40090488906250005 0.6339609703125 0.38920796874999997 0.630732203125 0.382700034375 0.6319307359375 0.37841415 0.6342339953125 0.3725978953125 0.6305109734375 0.3623907421875 0.6317179046875 0.34702400624999996 0.6414447984375 0.33897869687500004 0.649823340625 0.332507165625 0.650762846875 0.330738765625 0.65394820625 0.329755853125 0.6609419937500001 0.332981815625 0.6643009734375 0.338530640625 0.6642883734375 0.3473628359375 0.6766237687500001 0.35566016875 0.6814879203124999 0.3868318890625 0.6758312890625