1 0.48862023906249996 0.51628266875 0.4869120578125 0.5179797890625 0.474368609375 0.5213188671875 0.4661438390625 0.5367804046875 0.469950778125 0.538137165625 0.473145209375 0.5430507171875 0.4793926953125 0.5378258687499999 0.4894578890625 0.5351963875 0.48862023906249996 0.51628266875
3 0.5435435546875 0.4718313296875 0.541585503125 0.4666085640625 0.535874925 0.4602952109375 0.525977103125 0.45767749375 0.516804153125 0.4656073296875 0.5118380015625 0.485802203125 0.51217729375 0.499878653125 0.5486370203125001 0.48541726562500004 0.5435435546875 0.4718313296875
3 0.591105096875 0.5223703609375 0.5968892703125 0.5175975859374999 0.602116084375 0.5085538109375001 0.604445734375 0.4947842234375 0.6036706640625 0.4858268234375 0.585597471875 0.4816200140625 0.58548105625 0.48157503593750006 0.57699903125 0.4700506421875 0.5664228312499999 0.46568907499999995 0.5619752953125 0.47057193750000004 0.560428284375 0.47576150625 0.55874505625 0.4814080140625 0.568338725 0.47760278125 0.57928615625 0.4801509609375 0.5869985062499999 0.5226624546874999 0.591105096875 0.5223703609375
2 0.6142199390624999 0.5808303671874999 0.6099315234375 0.5770408921875 0.596284371875 0.5669837906249999 0.5996854593750001 0.5810775328125 0.6143237890625 0.5810445265624999 0.6142199390624999 0.5808303671874999
1 0.3910814484375 0.527509296875 0.41876946562499995 0.5451075296875 0.43540425000000005 0.54541515 0.4386683234375 0.546025284375 0.4406492 0.5433446984375 0.44857591562500004 0.5404652859375 0.45105235 0.5368211281249999 0.460856340625 0.5348959843750001 0.4661438390625 0.5367804046875 0.48324479531250003 0.5046327515625 0.4164684515625 0.461596009375 0.41446545625000003 0.4624334734375 0.4083831 0.4732125359375 0.38371730625 0.519637121875 0.3910814484375 0.527509296875
6 0.682456596875 0.596731159375 0.6754232578125 0.5853473859375 0.6706694453125001 0.5840380828125 0.6254108453125 0.581019528125 0.5996854593750001 0.5810775328125 0.6006580734375 0.5851079296874999 0.6036675375 0.5885838140625 0.62563535 0.6087047703125 0.632192159375 0.6465332781249999 0.6317054203125 0.650739215625 0.6367455796875 0.6536209140625 0.6387912484375 0.65783944375 0.63710124375 0.663658590625 0.635902721875 0.667785425 0.6289311421875 0.6747118578125 0.6283030187499999 0.6801394890625 0.6610235015625 0.67924736875 0.6735313921875 0.6743588109374999 0.682966 0.6634792968750001 0.6901636640625 0.6641078703125001 0.6947522937499999 0.662303025 0.695473890625 0.6585907375 0.7108794515625 0.6546506875 0.7151585828125 0.6504741484375 0.7170555921874999 0.6446788109375 0.717940653125 0.6163419765625 0.7135676453124999 0.6031637890625 0.710360475 0.5998435921875 0.7003581624999999 0.6017518921875 0.686179315625 0.5993810578125001 0.682456596875 0.596731159375
2 0.3492523703125 0.57019575 0.35364108125 0.5718375796874999 0.39493408125 0.590247625 0.410724021875 0.5986176765625 0.406359446875 0.5694892015625 0.42022959843749996 0.5630133734375 0.43823954687500005 0.5585275171874999 0.436106625 0.5530702125 0.43665059375000004 0.548755740625 0.4386683234375 0.546025284375 0.43540425000000005 0.54541515 0.4092558015625 0.5449315968749999 0.3848528171875 0.54938651875 0.366243028125 0.5560496859375 0.35487458125 0.563038265625 0.3492523703125 0.57019575
2 0.4754583109375 0.6998338937499999 0.4894116890625 0.6892896640624999 0.45668826406249996 0.6981668859375 0.45893329375 0.7078059234375 0.4754583109375 0.6998338937499999
2 0.49587647500000004 0.652666571875 0.4912372828125 0.6517648046875 0.4631258640625 0.661733909375 0.4894116890625 0.6892896640624999 0.49823795000000004 0.6745023375 0.5014800078125 0.65894145625 0.49587647500000004 0.652666571875
2 0.45668826406249996 0.6981668859375 0.4521503546875 0.67868335625 0.460068865625 0.662818009375 0.4631258640625 0.661733909375 0.39493408125 0.590247625 0.4028440765625 0.6902498640625 0.413154040625 0.6853865265625 0.41916936250000003 0.688780821875 0.4243110109375 0.689038578125 0.426365496875 0.6861003765625 0.43989979999999995 0.6883902171875 0.430201875 0.7053521203125 0.45668826406249996 0.6981668859375
2 0.4028440765625 0.6902498640625 0.40090580156250005 0.6911641734375 0.387982225 0.6908771203125 0.3487002375 0.674519640625 0.3570619546875 0.6881826796875 0.37557892656249997 0.7028741796875 0.3866512609375 0.708543453125 0.3866005875 0.70880414375 0.40458825000000004 0.7123005906250001 0.4028440765625 0.6902498640625
2 0.42331517500000004 0.712955484375 0.42792973281249996 0.7093261531249999 0.430201875 0.7053521203125 0.40458825000000004 0.7123005906250001 0.42331517500000004 0.712955484375
6 0.460856340625 0.5348959843750001 0.45105235 0.5368211281249999 0.44857591562500004 0.5404652859375 0.4406492 0.5433446984375 0.43665059375000004 0.548755740625 0.436106625 0.5530702125 0.43823954687500005 0.5585275171874999 0.46159512031250005 0.5527101937500001 0.473145209375 0.5430507171875 0.469950778125 0.538137165625 0.460856340625 0.5348959843750001
5 0.429582090625 0.806304725 0.437656759375 0.8005517531249999 0.44295698906250003 0.7770515390625 0.46248559531250005 0.7387429734375 0.464347078125 0.7310500249999999 0.4521503546875 0.67868335625 0.4505448 0.6819002140625 0.44671366562500003 0.6863472671874999 0.441085803125 0.6885908749999999 0.43989979999999995 0.6883902171875 0.42792973281249996 0.7093261531249999 0.4197179125 0.7157847171875 0.41177048593750004 0.7189995390624999 0.38025426875 0.717266925 0.37239524375 0.7237940671875001 0.353767234375 0.746168128125 0.35649210625 0.754752571875 0.3526708234375 0.764993584375 0.35397459375 0.7714711609375 0.364039615625 0.7818485125 0.36725443593749996 0.7897959390625 0.36339512812499997 0.8190681375000001 0.378093625 0.799957646875 0.3935381828125 0.801495259375 0.40090725625 0.7956051328125 0.41158946875 0.8028073140625 0.429582090625 0.806304725
3 0.5458063546874999 0.4476220296875 0.5457235734375 0.452402684375 0.5485258671875 0.45830846562499994 0.57699903125 0.4700506421875 0.5854810546875 0.48157503593750006 0.5928296875 0.4844142734375 0.6148450249999999 0.48728281406249996 0.6215212625000001 0.48632325156249995 0.6271475140625 0.48205581249999996 0.631330915625 0.47214684531250006 0.63018224375 0.46063710156250004 0.60738054375 0.44294330625 0.6013385046875 0.44064020625 0.5879331828125001 0.442831221875 0.55625784375 0.4315952515625 0.5486908015624999 0.43858921406249995 0.5458063546874999 0.4476220296875
6 0.3398310046875 0.6332448078125 0.3556857484375 0.624335478125 0.36594207968750003 0.6236644015625 0.3715555140625 0.6276867203125 0.37595606875 0.6256109234375 0.3825178109375 0.6247546328125 0.39402971875000004 0.62859114375 0.4038158 0.635822778125 0.39965155625 0.6531333359375 0.3994952015625 0.662162946875 0.39756973125 0.6665851453125 0.39312648125 0.670251465625 0.38600128906250003 0.6712647046875 0.3777846828125 0.6696675578125 0.34661695312499996 0.6736521390625 0.387982225 0.6908771203125 0.40090580156250005 0.6911641734375 0.413154040625 0.6853865265625 0.41916936250000003 0.688780821875 0.4243110109375 0.689038578125 0.426365496875 0.6861003765625 0.441085803125 0.6885908749999999 0.44671366562500003 0.6863472671874999 0.4505448 0.6819002140625 0.460068865625 0.662818009375 0.448161253125 0.6670407859374999 0.4407350375 0.6678902515625 0.430608609375 0.6728008078125 0.42582137031249995 0.6718702624999999 0.412847321875 0.6127882437500001 0.410724021875 0.5986176765625 0.39493408125 0.590247625 0.35364108125 0.5718375796874999 0.287612275 0.547136021875 0.28340372343750003 0.54780131875 0.27162244375 0.56071568125 0.2596829890625 0.5839827953125 0.2546911265625 0.5982168859375 0.25223075 0.6185056375 0.26235586718750004 0.6293739031250001 0.2692942453125 0.631835103125 0.28335007968750003 0.6434674234375 0.3245142015625 0.66444829375 0.345782059375 0.6733044796875001 0.3383282453125 0.6683933 0.3301537390625 0.65561256875 0.324611859375 0.6553347484375001 0.3215661125 0.6518115375 0.3229137046875 0.6448787765625 0.324846390625 0.6417903328125 0.331358221875 0.6411908093750001 0.3398310046875 0.6332448078125
5 0.4856793921875 0.604791128125 0.4841807171875 0.592530809375 0.486431309375 0.58261670625 0.4897732453125 0.5787375 0.50145321875 0.5735676640625 0.508024665625 0.568051803125 0.5088554109375 0.5604496046875 0.512733896875 0.55214588125 0.517634378125 0.5485696234375 0.524041571875 0.5472271625 0.529469846875 0.537607253125 0.536864 0.53451571875 0.554086109375 0.5407747359374999 0.573022978125 0.5531898296875 0.6006580734375 0.5851079296874999 0.5912680078125 0.5461965234374999 0.5789071421875 0.47806178125 0.5749176328125001 0.4749933234375 0.4908576046875 0.5083348953125 0.48853599062499997 0.5143803890624999 0.48945789062499995 0.5351963890625 0.4793926953125 0.5378258671875 0.46159512031250005 0.5527101937500001 0.42022959843749996 0.5630133734375 0.406359446875 0.5694892015625 0.412847321875 0.6127882437500001 0.42582137031249995 0.6718702624999999 0.430608609375 0.6728008078125 0.4407350375 0.6678902515625 0.448161253125 0.6670407859374999 0.4912372828125 0.6517648046875 0.482069796875 0.649982825 0.48198429374999996 0.645508496875 0.49259421562499994 0.6351529578124999 0.494221975 0.6330669484375 0.4856793921875 0.604791128125
6 0.632192159375 0.6465332781249999 0.62563535 0.6087047703125 0.6036675375 0.5885838140625 0.573022978125 0.5531898296875 0.554086109375 0.5407747359374999 0.536864 0.53451571875 0.529469846875 0.537607253125 0.524041571875 0.5472271625 0.517634378125 0.5485696250000001 0.5127338984375001 0.5521458796875 0.5088554109375 0.5604496046875 0.508024665625 0.568051803125 0.50145321875 0.5735676640625 0.4897732453125 0.5787375 0.486431309375 0.58261670625 0.4841807171875 0.592530809375 0.4856793921875 0.604791128125 0.494221975 0.6330669484375 0.505080665625 0.619151303125 0.5294853640625 0.5878761546875 0.55431010625 0.5650001265625 0.561017640625 0.5698064234375 0.5683732906250001 0.5811068546875 0.586937375 0.6133720406250001 0.5981630499999999 0.637524221875 0.6215578765625 0.644937384375 0.6317054203125 0.650739215625 0.632192159375 0.6465332781249999
6 0.6289311421875 0.6747118578125 0.621696521875 0.6818996281249999 0.6143674453125 0.686843153125 0.5865924125 0.6855835328125 0.5825104015625 0.6902030015625 0.569795171875 0.6966468265625 0.561996896875 0.6941757734375 0.5567975734374999 0.6848865265625 0.554086546875 0.6709864328124999 0.551129053125 0.6681827015625 0.532046878125 0.664791909375 0.5284749625 0.664981371875 0.51658855625 0.6656118515625 0.5254956125 0.677874921875 0.5471086453125 0.7014852671875 0.5627809671875 0.709060471875 0.6102381421875 0.709551071875 0.620628925 0.7193345156250001 0.6250534437499999 0.7198710687500001 0.6293998546874999 0.7174810578125 0.634074771875 0.7067442515625 0.63308709375 0.696847665625 0.6274325375 0.687661365625 0.6289311421875 0.6747118578125
5 0.6143674453125 0.686843153125 0.621696521875 0.6818996265624999 0.635902721875 0.667785425 0.6387912484375 0.65783944375 0.636745578125 0.6536209125 0.6215578765625 0.644937384375 0.5981630499999999 0.6375242203125 0.586937375 0.6133720406250001 0.5683732906250001 0.5811068546875 0.561017640625 0.569806421875 0.5543101046875 0.5650001265625 0.5294853640625 0.5878761546875 0.49259421562499994 0.6351529578124999 0.48198429374999996 0.645508496875 0.482069796875 0.649982825 0.49587647500000004 0.652666571875 0.5024137140625 0.659987028125 0.5114564921875 0.6658840671874999 0.532046878125 0.6647919078125 0.551129053125 0.6681827 0.554086546875 0.6709864328124999 0.5567975734374999 0.6848865265625 0.561996896875 0.6941757734375 0.569795171875 0.6966468265625 0.5825104015625 0.6902030015625 0.5865924125 0.6855835328125 0.6143674453125 0.686843153125
6 0.3777846828125 0.6696675578125 0.38600128906250003 0.6712647046875 0.39312648125 0.670251465625 0.39756973125 0.6665851453125 0.3994952015625 0.662162946875 0.39965155625 0.6531333359375 0.4038158 0.635822778125 0.39402971875000004 0.62859114375 0.3825178109375 0.6247546328125 0.37595606875 0.6256109234375 0.3715555140625 0.6276867203125 0.36594207968750003 0.6236644015625 0.3556857484375 0.624335478125 0.3398310046875 0.6332448078125 0.331358221875 0.6411908093750001 0.324846390625 0.6417903328125 0.3229137046875 0.6448787765625 0.3215661125 0.6518115375 0.324611859375 0.6553347484375001 0.3301537390625 0.65561256875 0.3383282453125 0.6683933 0.3463596375 0.6736850343749999 0.3777846828125 0.6696675578125