1 0.333115546875 0.9010096734375 0.34500894843749996 0.9036898015625001 0.35534639375 0.9175994234375 0.3699076796875 0.9165812000000001 0.38852988593750004 0.8983053234374999 0.4089239375 0.863517165625 0.4183368640625 0.8558353562500001 0.42543222968750005 0.8401214140625 0.4380140328125 0.827535621875 0.43985509062499994 0.8203832890625 0.45188025 0.8006140953124999 0.443093334375 0.798047525 0.35399897812500003 0.7844896640625 0.333276709375 0.7839209 0.3047343796875 0.7831375031250001 0.27052542812499997 0.774136565625 0.239384665625 0.7600399953125 0.24430636093749997 0.7860628359375 0.255323953125 0.8180691781249999 0.2643865546875 0.8221178546875001 0.2900346453125 0.8624659250000001 0.307227075 0.8823344921875 0.333115546875 0.9010096734375
5 0.8347289375000001 0.9507848640625 0.835639790625 0.9456382 0.8328719796874999 0.9242291203124999 0.8036842468750001 0.8339294984375 0.78696849375 0.7716811515625001 0.76522536875 0.7886544125 0.760094765625 0.7890131796875 0.749711625 0.7732410265625 0.7322713265624999 0.72290365625 0.726255559375 0.7098064546875 0.7259570203125 0.7097489734375 0.7189864234375001 0.7102364046874999 0.70504531875 0.7162286546875001 0.6829986875 0.728888809375 0.68228161875 0.7398166546875 0.6697393953125 0.736502884375 0.6535420203125 0.7458041375 0.6462864921875 0.7650288078124999 0.624186 0.7977707796875 0.6225979765625 0.7990243359375 0.6720340734375 0.974445440625 0.7089921828125 0.98202701875 0.7928746078125 0.9761613875 0.7953152984375 0.9747199765625 0.8347289375000001 0.9507848640625
0 0.5461776125 0.74480301875 0.5670542671875001 0.77567415625 0.585696853125 0.79081963125 0.594167471875 0.8146173421875 0.6005343046875 0.8164409703125 0.624186 0.7977707796875 0.6462864921875 0.7650288078124999 0.6535420203125 0.7458041375 0.646491175 0.7498530453125001 0.640326240625 0.7496689328125 0.630299725 0.7294530531250001 0.63007348125 0.7282493953125 0.626795928125 0.7281403156249999 0.619790246875 0.7232966203125 0.621542753125 0.6955788078125 0.614867190625 0.700671721875 0.614078975 0.703126521875 0.559770846875 0.7121564546875 0.5253545203125001 0.6988660609374999 0.5075275515625 0.6969898609375 0.5030781906249999 0.720590740625 0.5079884921875 0.7259194796874999 0.5293467859375001 0.7312324828125 0.5461776125 0.74480301875
5 0.749711625 0.7732410265625 0.760094765625 0.7890131796875 0.76522536875 0.7886544125 0.8102025718749999 0.7535440125 0.8482731546875 0.7302590921875 0.8497513703124999 0.7219066203125 0.8258680359374999 0.6722118906250001 0.8197758328125 0.683786615625 0.80456765625 0.687829084375 0.7565047890625001 0.6814288265624999 0.7576057703125 0.6848690000000001 0.75461745625 0.694921259375 0.7252219796875 0.7075562 0.7322713265624999 0.72290365625 0.749711625 0.7732410265625
6 0.5587787375 0.515758934375 0.5392796093750001 0.5365807828125 0.5429886875000001 0.5352214281250001 0.558261140625 0.5266347375 0.5595506921875 0.5248470937499999 0.5587787375 0.515758934375
3 0.4913479359375 0.61666908125 0.510951515625 0.587656990625 0.58057988125 0.5779809218749999 0.590800359375 0.59249124375 0.5961205359374999 0.592608975 0.5879396140625001 0.5655012562499999 0.5821450671874999 0.5640097015625 0.5692322421875 0.5666529031249999 0.5628248375 0.5633932703125 0.5621487984375 0.5554343359375 0.5477809953125 0.5481761796875 0.536839771875 0.539186125 0.5240751484375 0.5528166375 0.514808603125 0.5765276140625 0.50359433125 0.5881962828125 0.49345247499999995 0.5906240734375 0.4868213671875 0.58684328125 0.4583822265625 0.6120648671875 0.43675715468750004 0.619482034375 0.43512533124999997 0.61968933125 0.43812661718749996 0.6264356796875 0.4372134234375 0.6327224593749999 0.4496785015625 0.66926521875 0.4508906515625 0.6755531890625 0.49847174843750003 0.69603678125 0.5253545203125001 0.6988660609374999 0.559770846875 0.7121564546875 0.614078975 0.703126521875 0.614867190625 0.700671721875 0.6132798328125 0.70188275 0.557973584375 0.7015438578125 0.5518099234375 0.6821452531250001 0.5344979375000001 0.6923692828125 0.5197284343749999 0.6873930953125 0.49965670156249997 0.6581508859375 0.4913479359375 0.61666908125
3 0.7347666703125 0.613505003125 0.7489670609375 0.65787613125 0.7565047890625001 0.6814288265624999 0.80456765625 0.687829084375 0.8197758328125 0.683786615625 0.826612915625 0.6707966765625 0.829822125 0.6485275890625 0.8299424421875001 0.6246870921875 0.8272101578125 0.6111747046875 0.8218450374999999 0.6026128390625 0.78831700625 0.59758480625 0.7804735140625 0.6056561281249999 0.7490946140625 0.61447005625 0.7347666703125 0.613505003125
5 0.621542753125 0.6955788078125 0.619790246875 0.7232966203125 0.626795928125 0.7281403156249999 0.63007348125 0.7282493953125 0.629300696875 0.72413803125 0.62363289375 0.6939841984374999 0.621542753125 0.6955788078125
5 0.6829986875 0.728888809375 0.6697393953125 0.736502884375 0.68228161875 0.7398166546875 0.6829986875 0.728888809375
6 0.5249518375 0.5172296921874999 0.5274741359374999 0.5200737640625 0.5279285312499999 0.54295670625 0.5240751484375 0.5528166375 0.5587787375 0.515758934375 0.55583285 0.48107730000000004 0.5562023046875 0.47671575781250003 0.52744310625 0.5136506734374999 0.5249518375 0.5172296921874999
6 0.4737628171875 0.5793978140625 0.46319444374999996 0.5675337328125 0.437781821875 0.5712857546875 0.42713616718749997 0.6017311234375 0.43512533124999997 0.61968933125 0.43675715468750004 0.619482034375 0.4583822265625 0.6120648671875 0.4868213671875 0.58684328125 0.4737628171875 0.5793978140625
3 0.8131907140625 0.5426380484375 0.81222875625 0.5548911000000001 0.8084505234374999 0.564380584375 0.8231883171875 0.5567090421875001 0.828737821875 0.5507830874999999 0.8400532484375001 0.5359341 0.8510129531249999 0.5159980843749999 0.8631525812499999 0.47638392500000004 0.8644125203125 0.46394205624999996 0.8640449828125 0.44650208437499994 0.8574343265625 0.4128849875 0.8464184375 0.3893737484375 0.8370803984374999 0.37767296093749997 0.8217185609375001 0.3651154203125 0.8093745328124999 0.359162728125 0.7960558437499999 0.3572104625 0.8074959203125 0.37345666718750004 0.8360446906250001 0.41399916093750005 0.8374245609375001 0.4259203625 0.8321251953125 0.4907494609375 0.8373520078125001 0.5264370406250001 0.82952868125 0.5395480515625 0.8131907140625 0.5426380484375
3 0.7166719578125 0.42672278593749996 0.718318721875 0.425756996875 0.745221815625 0.42497606406250005 0.7517645640625 0.42789033749999994 0.754998753125 0.426767809375 0.76421338125 0.417929578125 0.771998696875 0.404274965625 0.77349026875 0.39340018125 0.7783629484375 0.3578743265625 0.7648333828125 0.3618513578125 0.738405084375 0.3798870984375 0.7270007281249999 0.3934643296875 0.713823584375 0.4182413171875 0.712099559375 0.42268585937500003 0.7130211531249999 0.422503703125 0.7166719578125 0.42672278593749996
6 0.7490946140625 0.61447005625 0.7804735140625 0.6056561281249999 0.8000287500000001 0.58553286875 0.81222875625 0.5548911000000001 0.8131907140625 0.5426380484375 0.802033121875 0.54474828125 0.7831705765625 0.540604690625 0.7758528375 0.5531340890625 0.7539073203125 0.5595849984375 0.743799278125 0.5947061203125 0.7326042875 0.551788253125 0.72322245625 0.5426116375000001 0.71475461875 0.5385281703125 0.7113371328125 0.5396796687500001 0.7127349187500001 0.544663684375 0.7347666703125 0.613505003125 0.7490946140625 0.61447005625
5 0.5860250140625001 0.55915716875 0.7104292046875 0.5364423140625 0.70966698125 0.44250166562500004 0.7023872515625 0.4555746640625 0.6946312515625 0.4801123546875 0.6888822046875 0.459613271875 0.582431890625 0.5472512546875 0.5860250140625001 0.55915716875
0 0.5197284343749999 0.6873930953125 0.5344979375000001 0.6923692828125 0.5518099234375 0.6821452531250001 0.557973584375 0.7015438578125 0.6132798328125 0.70188275 0.62363289375 0.6939841984374999 0.6185437390625 0.666908896875 0.608745703125 0.6344428234375 0.6031312343749999 0.63409011875 0.59792520625 0.602606603125 0.58057988125 0.5779809218749999 0.510951515625 0.587656990625 0.4913479359375 0.61666908125 0.49965670156249997 0.6581508859375 0.5197284343749999 0.6873930953125
5 0.25882946093750003 0.6154515968750001 0.23082140468749998 0.5922254546875 0.13757511875 0.562168153125 0.1266839421875 0.5779206046875001 0.1098714140625 0.620471046875 0.100574303125 0.6247189718749999 0.08682063437500001 0.6166862015625 0.090450840625 0.668600571875 0.0928960703125 0.6864186250000001 0.1687123859375 0.7158958453125 0.1863509875 0.7194595125000001 0.23151356406249998 0.7564769625000001 0.27052542812499997 0.774136565625 0.3047343796875 0.7831375031250001 0.35399897812500003 0.7844896640625 0.443093334375 0.798047525 0.4712516640625 0.8062722921875001 0.481980021875 0.8139169765625001 0.4846172484375 0.8173303734375 0.4761467671875 0.69619684375 0.4585498921875 0.6932298921875 0.4534423453125 0.6887899703125 0.4496785015625 0.66926521875 0.4372134234375 0.6327224593749999 0.4361726109375 0.63988779375 0.42477113749999995 0.6424218640625 0.41796648125 0.6527395640625 0.410476965625 0.6532632828125 0.33717323125 0.6398633015625 0.329856971875 0.634585565625 0.306324925 0.6043897312500001 0.30556231093749997 0.6035737171875 0.303294515625 0.602315421875 0.282447778125 0.6102022359375 0.25882946093750003 0.6154515968750001
5 0.8360446906250001 0.41399916093750005 0.7869193953125 0.34423566875 0.7803201625 0.3436046140625 0.771998696875 0.404274965625 0.76421338125 0.417929578125 0.754998753125 0.426767809375 0.70966698125 0.44250166562500004 0.7023872515625 0.4555746640625 0.6946312515625 0.4801123546875 0.7104292046875 0.5364423140625 0.72322245625 0.5426116375000001 0.7326042875 0.551788253125 0.743799278125 0.5947061203125 0.7539073203125 0.5595849984375 0.7758528375 0.5531340890625 0.7831705765625 0.540604690625 0.802033121875 0.54474828125 0.82952868125 0.5395480515625 0.8373520078125001 0.5264370406250001 0.8321251953125 0.4907494609375 0.8374245609375001 0.4259203625 0.8360446906250001 0.41399916093750005
3 0.46549349375000004 0.3091486578125 0.4294685140625 0.38284779375 0.4282620625 0.384896971875 0.42926529531249996 0.3854428171875 0.4365207890625 0.40727731250000004 0.447312453125 0.4059498171875 0.45569221875 0.4110925265625 0.48591429062499997 0.458245834375 0.49575703437499996 0.49250250781249993 0.5088170328125 0.49903654687500004 0.5249518375 0.5172296921874999 0.52744310625 0.5136506734374999 0.55632579375 0.47655716249999996 0.552348428125 0.4592916640625 0.5547245281250001 0.4492822140625 0.5652306312500001 0.441165084375 0.5948959125 0.42393987031249997 0.6001929796875001 0.40149933750000005 0.6005164484375001 0.38088745468749996 0.620891015625 0.344166846875 0.6192536046875 0.32075075937499997 0.6100469000000001 0.2984522328125 0.5698508 0.2536135796875 0.5426480609375 0.2431622234375 0.5335272390625 0.2473296015625 0.5240543171875001 0.26328689375000003 0.510209340625 0.267196353125 0.497809409375 0.283358321875 0.480235034375 0.292822946875 0.46549349375000004 0.3091486578125
6 0.22011353906250003 0.40923401875 0.2242571234375 0.427551728125 0.22602775625 0.4247458625 0.2272847859375 0.4096056859375 0.2310356 0.40529086718749996 0.239101234375 0.4047268625 0.257190453125 0.41504061718749996 0.2639284796875 0.40762378750000006 0.262396609375 0.40133444999999995 0.2641125640625 0.36202231406249996 0.27720751250000003 0.329356025 0.2873091859375 0.3177353796875 0.30622821875 0.30450595625 0.315802865625 0.3026653390625 0.3201456109375 0.30183049375 0.308723525 0.2919014265625 0.29183241875 0.28792675624999997 0.2772096484375 0.29181361875 0.2620446765625 0.3043314171875 0.241274521875 0.335000071875 0.23183823124999997 0.35571030000000003 0.22164843125 0.39022204843749997 0.22011353906250003 0.40923401875
6 0.4365207890625 0.40727731250000004 0.42926529531249996 0.3854428171875 0.4224461609375 0.3817326203125 0.42887678281249997 0.412513765625 0.428593609375 0.4368426203125 0.424302259375 0.453514103125 0.421156196875 0.46285172656249995 0.41813971875 0.4718047421875 0.41096565781249994 0.48272456718749995 0.4034881796875 0.490140596875 0.4086161828125 0.4941866265625 0.4226201859375 0.5123121828125 0.438364653125 0.5222109640625 0.44407342187500004 0.52933790625 0.446434234375 0.546540834375 0.437781821875 0.5712857546875 0.46319444374999996 0.5675337328125 0.4737628171875 0.5793978140625 0.49345247499999995 0.5906240734375 0.50359433125 0.5881962828125 0.514808603125 0.5765276140625 0.5279285312499999 0.54295670625 0.5274741359374999 0.5200737640625 0.5088170328125 0.49903654687500004 0.49575703437499996 0.49250250781249993 0.48591429062499997 0.458245834375 0.45569221875 0.4110925265625 0.447312453125 0.4059498171875 0.4365207890625 0.40727731250000004
6 0.329856971875 0.634585565625 0.33717323125 0.6398633015625 0.410476965625 0.6532632828125 0.41796648125 0.6527395640625 0.42477113749999995 0.6424218640625 0.4361726109375 0.63988779375 0.43812661718749996 0.6264356796875 0.42713616718749997 0.6017311234375 0.446434234375 0.546540834375 0.44407342187500004 0.52933790625 0.438364653125 0.5222109640625 0.4226201859375 0.5123121828125 0.4086161828125 0.4941866265625 0.4034881796875 0.490140596875 0.397511725 0.4960679359375 0.3808885265625 0.506656303125 0.3519730203125 0.5100032515625 0.3620880125 0.52067249375 0.36379240625000003 0.5379417140625 0.3557368078125 0.5648360265625 0.3426335578125 0.590592871875 0.329896809375 0.6073814796875 0.3119949078125 0.60714286875 0.30556231093749997 0.6035737171875 0.306324925 0.6043897312500001 0.329856971875 0.634585565625
6 0.3620880125 0.52067249375 0.3519730203125 0.5100032515625 0.3484086140625 0.510415828125 0.324514784375 0.5021645859375 0.297254934375 0.4812500359375 0.2835663453125 0.46285921406249997 0.27213906875 0.441333646875 0.2720070984375 0.44079182031249997 0.26729948281250004 0.43688105781250003 0.25474259843749997 0.427822890625 0.23673698437500001 0.426101096875 0.216456434375 0.4344746125 0.20050793281249998 0.42664723125000004 0.19301248437500002 0.43313310468750005 0.18823100625 0.442906875 0.18775039531249998 0.45734801718750007 0.1989278125 0.46799308125000005 0.1991732 0.4928164984375 0.2047532078125 0.515776446875 0.2183576296875 0.532710346875 0.2345135578125 0.543504090625 0.3016576 0.6014071734375 0.3119949078125 0.60714286875 0.329896809375 0.6073814796875 0.3426335578125 0.590592871875 0.3557368078125 0.5648360265625 0.36379240625000003 0.5379417140625 0.3620880125 0.52067249375
5 0.661596446875 0.385210053125 0.5652306312500001 0.441165084375 0.5547245281250001 0.4492822140625 0.552348428125 0.4592916640625 0.557648484375 0.482298875 0.576905190625 0.5289383796875 0.6185437390625 0.666908896875 0.630299725 0.7294530531250001 0.640326240625 0.7496689328125 0.646491175 0.7498530453125001 0.70504531875 0.7162286546875001 0.75461745625 0.694921259375 0.7576057703125 0.6848690000000001 0.7127349187500001 0.544663684375 0.6709380015625 0.39563053593749997 0.66714916875 0.385436975 0.661596446875 0.385210053125
3 0.428593609375 0.4368426203125 0.42887678281249997 0.412513765625 0.42141977812500003 0.376819684375 0.4010578140625 0.3410357984375 0.383809834375 0.32140556249999996 0.367538853125 0.308652453125 0.3527040375 0.302248259375 0.33462053125 0.2990478515625 0.30622821875 0.30450595625 0.2873091859375 0.3177353796875 0.27720751250000003 0.329356025 0.2641125640625 0.36202231406249996 0.262396609375 0.40133444999999995 0.27213906875 0.441333646875 0.2835663453125 0.46285921406249997 0.297254934375 0.4812500359375 0.324514784375 0.5021645859375 0.3484086140625 0.510415828125 0.3808885265625 0.506656303125 0.397511725 0.4960679359375 0.41096565781249994 0.48272456718749995 0.41813971875 0.4718047421875 0.424302259375 0.453514103125 0.428593609375 0.4368426203125