1 0.3832302640625 0.9183587062499999 0.3953616390625 0.9195694171875 0.4073171875 0.932115540625 0.4216458453125 0.9293303312500001 0.43790197500000005 0.9089212046874999 0.453904403125 0.87190694375 0.462310990625 0.8631352453125001 0.46743842031250005 0.8466737265625 0.4783926171875 0.8326484109375001 0.479348303125 0.8253250218750001 0.48887456875 0.8042376859375 0.47984036406249997 0.8027611015625 0.389757815625 0.8001621703125 0.36912069375 0.8021230546875 0.340695640625 0.80482393125 0.305644740625 0.8000591078125 0.27301815625 0.789862715625 0.2810745515625 0.8150917828124999 0.2959106125 0.845516846875 0.3053990734375 0.8484308921875 0.3357731796875 0.8853524984375 0.3552588296875 0.9029777375 0.3832302640625 0.9183587062499999
5 0.8871707734375001 0.9066315859375 0.8874476171874999 0.9014122796875 0.8820913265625 0.8805000921874999 0.8421163999999999 0.7944306375 0.817939078125 0.7346834203125 0.79842654375 0.754179984375 0.7933779046875 0.7551613406250001 0.7811500171875 0.7407721375 0.7577051328125 0.6929354125 0.750138059375 0.6806689734375 0.749834740625 0.6806483015625 0.7429755046875 0.681981603125 0.7298685859375 0.6896281796875 0.7095291718750001 0.7048807765625 0.7101492171875 0.7158145578124999 0.697296634375 0.7140539984375 0.68235353125 0.725259884375 0.67749498125 0.7452254843749999 0.6595494656249999 0.7804167750000001 0.65812605 0.78185451875 0.7285721109375001 0.9499433171874999 0.766178703125 0.9529643218749999 0.848721040625 0.9369197171874999 0.850967875 0.9351916031249999 0.8871707734375001 0.9066315859375
0 0.5756673953125 0.7373506578125 0.6001506828125 0.7654474625 0.6205000796875 0.7782080875 0.6318077718749999 0.8007961031249999 0.638349390625 0.8018302171875 0.6595494656249999 0.7804167750000001 0.67749498125 0.7452254843749999 0.68235353125 0.725259884375 0.675848678125 0.7301378953125 0.669707259375 0.730706471875 0.657291784375 0.7118632015624999 0.6569205375 0.7106960890625 0.6536541203125 0.7109872562499999 0.6461103609375 0.7070334421875 0.644471853125 0.6793086578125 0.6384667187499999 0.68517715625 0.6379835421875 0.6877097171875 0.5851806921875 0.7032908390625 0.5494012078125 0.6942938046875 0.5314784671874999 0.69460415 0.52993849375 0.718571353125 0.5354616046875 0.7232619578125 0.5573081906249999 0.7259324375 0.5756673953125 0.7373506578125
5 0.7811500171875 0.7407721375 0.7933779046875 0.7551613406250001 0.79842654375 0.754179984375 0.8387896125 0.71384995 0.8737387046875 0.6860989546875 0.8741879906250001 0.6776285921875 0.844426415625 0.6312149265625 0.8397902265624999 0.6434458265624999 0.8251880625 0.649311575 0.776703453125 0.6488164140625 0.7782154796875 0.65209676875 0.776474503125 0.6624382828125001 0.7488379468749999 0.678561453125 0.7577051328125 0.6929354125 0.7811500171875 0.7407721375
6 0.560261140625 0.50847814375 0.5434449015625 0.5315211359374999 0.5469606687499999 0.529719890625 0.561072828125 0.519335959375 0.562134909375 0.517404484375 0.560261140625 0.50847814375
3 0.5056308109375001 0.61685386875 0.521552584375 0.5856689546875 0.589482734375 0.5675794468750001 0.6013953937500001 0.5807360484374999 0.6066902625 0.5802045359375 0.5952667203125 0.5542958765625 0.589333590625 0.5535216187499999 0.5768391421875 0.5577187953125 0.570082246875 0.555264325 0.568441296875 0.547447103125 0.5532960421875 0.54199404375 0.5413407625 0.5344044 0.530332425 0.5494889281249999 0.5240245921875 0.5741524734375 0.5143159625 0.5871008421874999 0.5045455765625 0.59074651875 0.49750313281249997 0.5878020359375 0.4723497109375 0.6163014828125 0.4517897546875 0.626298796875 0.4501953578125 0.6267034171875 0.4539964453125 0.6330337171875 0.4538562234375 0.639384925 0.47068183125 0.6741361890625 0.47265125625 0.680229565625 0.5223740125 0.6947618 0.5494012078125 0.6942938046875 0.5851806921875 0.7032908390625 0.6379835421875 0.6877097171875 0.6384667187499999 0.68517715625 0.6370387796875 0.6865726078125001 0.5821034765624999 0.692976378125 0.5736216625 0.6744735296875 0.5576847140625001 0.6867311515625001 0.5424188546875001 0.6835920046874999 0.5189330046875 0.657013890625 0.5056308109375001 0.61685386875
3 0.746849534375 0.5840480953125 0.766351559375 0.6263578937500001 0.776703453125 0.6488164140625 0.8251880625 0.649311575 0.8397902265624999 0.6434458265624999 0.8449932718750001 0.62971948125 0.8454646406249999 0.6072252812500001 0.8426786359375 0.583547825 0.8383199703124999 0.5704691390625001 0.8319514124999999 0.5626249359375 0.79806053125 0.56172041875 0.79125915 0.5706874609375 0.761188290625 0.5832598171875001 0.746849534375 0.5840480953125
5 0.644471853125 0.6793086578125 0.6461103609375 0.7070334421875 0.6536541203125 0.7109872562499999 0.6569205375 0.7106960890625 0.6556524640625 0.70670955 0.6463520796875 0.6774712109375 0.644471853125 0.6793086578125
5 0.7095291718750001 0.7048807765625 0.697296634375 0.7140539984375 0.7101492171875 0.7158145578124999 0.7095291718750001 0.7048807765625
6 0.5268656218750001 0.5140604 0.529715725 0.5165758828125 0.5329554625 0.5392328828124999 0.530332425 0.5494889281249999 0.560261140625 0.50847814375 0.5531105828125 0.4744140328125 0.5529457453125 0.47003997656249996 0.5289021468749999 0.51020445 0.5268656218750001 0.5140604
6 0.48363454531250005 0.5820035031249999 0.47169907968749997 0.571515815625 0.44693313437500004 0.5783368906249999 0.4400771875 0.609852703125 0.4501953578125 0.6267034171875 0.4517897546875 0.626298796875 0.4723497109375 0.6163014828125 0.49750313281249997 0.5878020359375 0.48363454531250005 0.5820035031249999
3 0.816052509375 0.5041518843749999 0.81659099375 0.5164308375 0.8139973984375001 0.5263100374999999 0.8276904140625 0.51689959375 0.8324763624999999 0.5103414953125001 0.8418978078125001 0.49422418593749995 0.85034623125 0.47310111875 0.8575676218750001 0.4323027890625 0.8573018859375001 0.4198001109375 0.8548116921875 0.40253492656249995 0.844153415625 0.3699740421875 0.8303543375 0.347980553125 0.8196599359375 0.337505 0.802882225 0.3269132 0.78990475625 0.3225092359375 0.7764474203125 0.3221946625 0.7897821390625 0.3369255765625 0.8230589984375 0.3736866515625 0.8258814125 0.38535083124999997 0.828522228125 0.45034253281250003 0.8380593031249999 0.485127115625 0.8318921187500001 0.499093821875 0.816052509375 0.5041518843749999
3 0.706126671875 0.40086331406250003 0.7076434625 0.399704034375 0.7342508515625 0.395650259375 0.7410999921875 0.39774545 0.744173271875 0.396237140625 0.75224210625 0.38634180625000003 0.7583053125 0.37184018281250003 0.7584604640625 0.36086468125 0.7589673109375 0.3250098 0.7460232703125 0.33060602656250004 0.72198996875 0.35172813125 0.7123252671875 0.366594 0.7022659 0.39279219374999996 0.701096378125 0.3974137125 0.701988903125 0.3971206 0.706126671875 0.40086331406250003
6 0.761188290625 0.5832598171875001 0.79125915 0.5706874609375 0.808216215625 0.5483310125 0.81659099375 0.5164308375 0.816052509375 0.5041518843749999 0.8052352562499999 0.5076061562499999 0.7860083328125 0.5057922171875 0.7802720875 0.5191200312500001 0.7592763171875 0.5281973421874999 0.7535238078125001 0.5642885375 0.737181890625 0.5230549 0.7267516421875 0.5150900421875 0.7178492734375 0.5120689828125 0.71459759375 0.513628384375 0.716592359375 0.518404903125 0.746849534375 0.5840480953125 0.761188290625 0.5832598171875001
5 0.5925932421875 0.548232409375 0.7133018984375 0.510525809375 0.7010968703125 0.417378271875 0.6954646015625 0.43124100312499997 0.6907568046875 0.4565410109375 0.6825524015625 0.4368953578125 0.587575934375 0.53685313125 0.5925932421875 0.548232409375
0 0.5424188546875001 0.6835920046874999 0.5576847140625001 0.6867311515625001 0.5736216625 0.6744735296875 0.5821034765624999 0.692976378125 0.6370387796875 0.6865726078125001 0.6463520796875 0.6774712109375 0.6380012093749999 0.651217934375 0.6243195874999999 0.6201879390625 0.618703984375 0.6205220953125 0.6096998859375 0.5899077078125 0.589482734375 0.5675794468750001 0.521552584375 0.5856689546875 0.5056308109375001 0.61685386875 0.5189330046875 0.657013890625 0.5424188546875001 0.6835920046874999
5 0.27469712031250004 0.6439823328125 0.2440672765625 0.6243426390625 0.1478529703125 0.60587324375 0.1389627171875 0.6228355796875 0.12746110156249998 0.6671177875 0.11875098125000001 0.6724670828125 0.10412088125 0.6661703390625 0.11405079843749999 0.7172553359375 0.11864927656249999 0.734642578125 0.19749283906249998 0.7546603937499999 0.21543426562499998 0.75604789375 0.2647715 0.7872854874999999 0.305644740625 0.8000591078125 0.340695640625 0.80482393125 0.389757815625 0.8001621703125 0.47984036406249997 0.8027611015625 0.508791153125 0.807492925 0.520371196875 0.8137731703125001 0.523404753125 0.8168397265625 0.5002349453125 0.6976414 0.4824076546875 0.696841084375 0.47679708749999994 0.693056709375 0.47068183125 0.6741361890625 0.4538562234375 0.639384925 0.4536964046875 0.64662369375 0.44268874062499997 0.6505283656249999 0.4371922171875 0.6615984375 0.4298223515625 0.6630309953125 0.355431965625 0.658664371875 0.34752704687499997 0.654317603125 0.32049045781249996 0.62721468125 0.31963408125 0.6264976890625 0.3172298421875 0.625525146875 0.297499653125 0.6358937515624999 0.27469712031250004 0.6439823328125
5 0.8230589984375 0.3736866515625 0.7657978453125 0.3104300328125 0.7591708953125 0.3106079265625 0.7583053125 0.37184018281250003 0.75224210625 0.38634180625000003 0.744173271875 0.396237140625 0.7010968703125 0.417378271875 0.6954646015625 0.43124100312499997 0.6907568046875 0.4565410109375 0.7133018984375 0.510525809375 0.7267516421875 0.5150900421875 0.737181890625 0.5230549 0.7535238078125001 0.5642885375 0.7592763171875 0.5281973421874999 0.7802720875 0.5191200312500001 0.7860083328125 0.5057922171875 0.8052352562499999 0.5076061562499999 0.8318921187500001 0.499093821875 0.8380593031249999 0.485127115625 0.828522228125 0.45034253281250003 0.8258814125 0.38535083124999997 0.8230589984375 0.3736866515625
3 0.44249177343749996 0.31477651875 0.4157169828125 0.392316653125 0.41476925624999994 0.39449758749999997 0.41583153125 0.3949171 0.4256939015625 0.41570462187499996 0.43624334375 0.41307185 0.44518738750000003 0.417154990625 0.48093073124999997 0.4602736796875 0.494874946875 0.4930754796875 0.5086338968749999 0.497969203125 0.5268656218750001 0.5140604 0.5289021468749999 0.51020445 0.5530489859375 0.46986751406250005 0.5469971328125001 0.45321542812500004 0.5481356765625 0.4429910140625 0.5575742390625 0.43365401718749996 0.584919175 0.4129419078125 0.5874419453125 0.39002309375 0.5852510468750001 0.369525428125 0.6009986296875 0.3305954953125 0.59651971875 0.3075534984375 0.5846641328125 0.2865431953125 0.5393031921875 0.2469374359375 0.5110295171875 0.2398791609375 0.50248455625 0.2451270265625 0.4950269484375 0.2621198328125 0.48176161406249995 0.26768743125 0.4714237578125 0.2852401015625 0.455133828125 0.29677595625 0.44249177343749996 0.31477651875
6 0.21113817968749998 0.44402015468749995 0.21748324531250002 0.46169635 0.21889873125 0.45869561406250003 0.21830126875000003 0.44351509531250005 0.22149827968750002 0.4387753296875 0.229435059375 0.437232575 0.248646375 0.44526493125 0.2544302921875 0.43708222656249995 0.25214336249999997 0.43102645781250004 0.2490555828125 0.3917982265625 0.2580719046875 0.3577795546875 0.26668208125000004 0.3450144421875 0.283847834375 0.32957797968749997 0.2931267984375 0.326584225 0.29733542968750004 0.32522635625 0.284788434375 0.31676329999999997 0.267538840625 0.314876765625 0.2534987578125 0.320516721875 0.23997235625000002 0.334789359375 0.22309458906250001 0.36776066093750004 0.2162525765625 0.3894665125 0.2103446546875 0.42496283906250004 0.21113817968749998 0.44402015468749995
6 0.4256939015625 0.41570462187499996 0.41583153125 0.3949171 0.40861106718749995 0.392065603125 0.4187450359375 0.42183361562500005 0.4214289125 0.44601563593750004 0.4192012921875 0.46308583593749997 0.41721665156250004 0.472737265625 0.41531375625000005 0.48199116406250003 0.4095239609375 0.49370389374999996 0.4030060046875 0.50197591875 0.408588871875 0.5053668453125 0.424697440625 0.5216506375 0.44153090937500006 0.5295568671875001 0.44806568125 0.5359349609375 0.45250540624999996 0.5527219515625 0.44693313437500004 0.5783368906249999 0.47169907968749997 0.571515815625 0.48363454531250005 0.5820035031249999 0.5045455765625 0.59074651875 0.5143159625 0.5871008421874999 0.5240245921875 0.5741524734375 0.5329554625 0.5392328828124999 0.529715725 0.5165758828125 0.5086338968749999 0.497969203125 0.494874946875 0.4930754796875 0.48093073124999997 0.4602736796875 0.44518738750000003 0.417154990625 0.43624334375 0.41307185 0.4256939015625 0.41570462187499996
6 0.34752704687499997 0.654317603125 0.355431965625 0.658664371875 0.4298223515625 0.6630309953125 0.4371922171875 0.6615984375 0.44268874062499997 0.6505283656249999 0.4536964046875 0.64662369375 0.4539964453125 0.6330337171875 0.4400771875 0.609852703125 0.45250540624999996 0.5527219515625 0.44806568125 0.5359349609375 0.44153090937500006 0.5295568671875001 0.424697440625 0.5216506375 0.408588871875 0.5053668453125 0.4030060046875 0.50197591875 0.39779645937499997 0.5085874234375 0.382587565625 0.521122725 0.35429548125 0.5279686390625 0.36563533125 0.5373256484375 0.3694316078125 0.55425843125 0.3647136484375 0.5819340093750001 0.3548470359375 0.6090957515625 0.34425124375 0.6273114375 0.32645369999999996 0.6292562984375001 0.31963408125 0.6264976890625 0.32049045781249996 0.62721468125 0.34752704687499997 0.654317603125
6 0.36563533125 0.5373256484375 0.35429548125 0.5279686390625 0.3508079234375 0.5288125328125 0.326086621875 0.52353471875 0.29648111875 0.5060982046875 0.2806532859375 0.489512684375 0.26668787968749996 0.46954019843749994 0.26649086093749996 0.46901849375 0.2613417328125 0.465710596875 0.2477745328125 0.45825024687499993 0.2296932953125 0.45873561875 0.21058438906250002 0.469518296875 0.19380084687500002 0.46369289374999995 0.18715169843749999 0.47104388750000004 0.1835969828125 0.48132752031250003 0.1848798875 0.49571959374999996 0.197271296875 0.504923125 0.20054006875 0.5295316078125001 0.20887659687500001 0.551640384375 0.22444333749999998 0.5667901 0.24179426875 0.5755344765625 0.315494440625 0.6248231578125 0.32645369999999996 0.6292562984375001 0.34425124375 0.6273114375 0.3548470359375 0.6090957515625 0.3647136484375 0.5819340093750001 0.3694316078125 0.55425843125 0.36563533125 0.5373256484375
5 0.64640255625 0.3663720265625 0.5575742390625 0.43365401718749996 0.5481356765625 0.4429910140625 0.5469971328125001 0.45321542812500004 0.55506155625 0.47540523281249997 0.5798586515624999 0.5193502921875 0.6380012093749999 0.651217934375 0.657291784375 0.7118632015624999 0.669707259375 0.730706471875 0.675848678125 0.7301378953125 0.7298685859375 0.6896281796875 0.776474503125 0.6624382828125001 0.7782154796875 0.65209676875 0.716592359375 0.518404903125 0.65694441875 0.3755763875 0.65194154375 0.36592055156250003 0.64640255625 0.3663720265625
3 0.4214289125 0.44601563593750004 0.4187450359375 0.42183361562500005 0.40699359843750005 0.387314371875 0.3824224515625 0.3542787125 0.3629107109375 0.3368967984375 0.3452067984375 0.32622168125 0.329702084375 0.3216731328125 0.3113633375 0.3207004046875 0.283847834375 0.32957797968749997 0.26668208125000004 0.3450144421875 0.2580719046875 0.3577795546875 0.2490555828125 0.3917982265625 0.25214336249999997 0.43102645781250004 0.26668787968749996 0.46954019843749994 0.2806532859375 0.489512684375 0.29648111875 0.5060982046875 0.326086621875 0.52353471875 0.3508079234375 0.5288125328125 0.382587565625 0.521122725 0.39779645937499997 0.5085874234375 0.4095239609375 0.49370389374999996 0.41531375625000005 0.48199116406250003 0.4192012921875 0.46308583593749997 0.4214289125 0.44601563593750004