6 0.761202175 0.6238182015625 0.765164515625 0.6074643953125001 0.7628053671874999 0.6030207046875 0.7486678453125 0.6162415375 0.7263897953125 0.6300425828125 0.7062472765625001 0.6373693671875 0.685987034375 0.6396642359375 0.685192509375 0.64231419375 0.7074866328125 0.6508583328124999 0.7114398859375 0.6557424203125 0.71193470625 0.673072909375 0.7222446078125 0.672677846875 0.7264177375 0.68634195 0.761202175 0.6238182015625
5 0.37978850625 0.6141201046875 0.3858531890625 0.588187490625 0.374745196875 0.6030362828125 0.3753179765625 0.603870425 0.37978850625 0.6141201046875
5 0.3896960140625 0.6221627203125 0.38253415625 0.620415109375 0.37978850625 0.6141201046875 0.366042 0.6729002484375 0.37488981250000003 0.6814471921874999 0.37377235937500003 0.6932996484375 0.37797405781250004 0.704387384375 0.38506148125 0.6993654734375 0.383915834375 0.716961265625 0.3870752984375 0.7284043640625 0.4079403078125 0.783464384375 0.3896960140625 0.6221627203125
5 0.3899893765625 0.73895870625 0.3870752984375 0.7284043640625 0.37797405781250004 0.704387384375 0.3760407515625 0.7057572640625 0.3730697859375 0.7007516109374999 0.37377235937500003 0.6932996484375 0.366042 0.6729002484375 0.359635359375 0.671756165625 0.3541176078125 0.661362928125 0.35326753593750004 0.6544476140625 0.34456388125 0.64338165 0.3301551046875 0.6626428171875001 0.3245046171875 0.6780812265625 0.3478571375 0.7059327609375 0.38577439375 0.7404219984375 0.3899893765625 0.73895870625
5 0.397299346875 0.6240180578125 0.399320428125 0.643336125 0.3998939203125 0.6418753671874999 0.401779665625 0.639548940625 0.3976947921875 0.6135944234374999 0.3909439140625 0.601648278125 0.3871530203125 0.5996795734375 0.3896960140625 0.6221627203125 0.397299346875 0.6240180578125
5 0.4038362234375 0.8022337531250001 0.439552753125 0.7926345265625 0.41636093281250003 0.7872543921874999 0.41466126562500005 0.7852691078125 0.4079403078125 0.783464384375 0.402987484375 0.79717750625 0.4038362234375 0.8022337531250001
0 0.6804275765625001 0.7443985734375 0.691950190625 0.769225015625 0.7042821421875 0.76886615 0.7066000734375 0.7480915421875001 0.731031575 0.7614953875 0.7321001921875 0.758927228125 0.7430503625 0.743838675 0.7570713734375001 0.7314157515625 0.755787134375 0.7198017390625 0.7467013921875 0.7057625437499999 0.7286316484375 0.693590971875 0.7222446078125 0.672677846875 0.71193470625 0.673072909375 0.7114398859375 0.6557424203125 0.7074866328125 0.6508583328124999 0.685192509375 0.64231419375 0.6778680796875001 0.6667432062499999 0.6727323578125 0.70441265 0.646565965625 0.7032191515624999 0.6481003875 0.7126924765625 0.6486221140625 0.74176039375 0.6492706921875 0.74517304375 0.6633868859375001 0.7389187171875 0.6795334140625 0.7441110328125 0.6804275765625001 0.7443985734375
3 0.3256385171875 0.850096678125 0.3412115203125 0.8473857562499999 0.3732157015625 0.850826559375 0.413368215625 0.867039140625 0.44266521406250003 0.8716607156249999 0.45139013125 0.871778896875 0.4530960125 0.865980003125 0.46448017343750003 0.857656090625 0.4709695328125 0.8498866125 0.4710199640625 0.849789075 0.442550821875 0.84957708125 0.44264903593750005 0.8086800125 0.4399870265625 0.7929968140625 0.43994081406249996 0.79272455 0.439552753125 0.7926345265625 0.3820690015625 0.80808394375 0.33426139374999997 0.8117508234375 0.3145700109375 0.817332096875 0.31010599375000003 0.8267975875 0.3111273390625 0.840959390625 0.31564118125 0.8473683218750001 0.3256385171875 0.850096678125
5 0.381283553125 0.77346655 0.3880207953125 0.7781155656250001 0.41466126562500005 0.7852691078125 0.39711813125 0.764777959375 0.3899893765625 0.73895870625 0.37640090625 0.743676140625 0.3739501046875 0.749454603125 0.375530878125 0.7602772734375 0.381283553125 0.77346655
0 0.6272324421875 0.8585846046875 0.5980662953125 0.8669834328125001 0.57773639375 0.8659179874999999 0.573658440625 0.864015428125 0.5748061859375 0.8762855296875 0.5788066093750001 0.88072845 0.5866268671875 0.8769050265624999 0.6138446906249999 0.8745215109375 0.62319695 0.8656984546875 0.6272324421875 0.8585846046875
3 0.645383215625 0.39681127968749996 0.647993959375 0.3937079609375 0.6460111921875 0.3945000140625 0.645383215625 0.39681127968749996
3 0.740651421875 0.846153696875 0.73436163125 0.8369345750000001 0.7283355359375 0.8146067 0.7204916890625 0.8108091515625 0.719599553125 0.7955232765625 0.7219297421875 0.783369440625 0.72825486875 0.7681685359375 0.691950190625 0.769225015625 0.6927918187500001 0.7710383734375 0.6994055203125 0.8004346640625 0.70007790625 0.81677849375 0.697003946875 0.8268102640625001 0.689917278125 0.83561245 0.6794595718750001 0.841020075 0.704571071875 0.863022384375 0.8079957500000001 0.9099778421875 0.8231030125000001 0.9119395859375 0.8293344875 0.9046611265625 0.8478024906250001 0.8313336375 0.8489337546875 0.80974781875 0.8435583703124999 0.8006910640625 0.8285428328125001 0.7969791203125001 0.8212643734375 0.79074764375 0.8158427421875001 0.7893427640625 0.8149610671874999 0.8013675812500001 0.8051224781249999 0.8194775515625 0.778956396875 0.8502777203124999 0.7612942890625 0.8561250296875 0.7471624484375 0.851151321875 0.740651421875 0.846153696875
1 0.4900661125 0.46550654218750004 0.48961539062500004 0.4631955875 0.489764821875 0.460344253125 0.49036497656250005 0.459803871875 0.49624696406249996 0.456681134375 0.50621048125 0.4520568 0.515003578125 0.4479429625 0.5325299968749999 0.440855815625 0.5465152671875 0.43587042187499997 0.5899427921875 0.4255660296875 0.605489434375 0.42352162812499994 0.62325736875 0.42273730625 0.6245975578125 0.42262960312500003 0.627318778125 0.4182839609375 0.6323367171875 0.41231927968750004 0.6206724125 0.4108217328125 0.6129554234375 0.40725575156250005 0.6018376890625 0.40825387187500006 0.5333300624999999 0.3983404390625 0.49643395312500005 0.388502921875 0.47856757656250004 0.38756658593750004 0.4582137234375 0.393876834375 0.4387433625 0.39338336093750004 0.4316620125 0.38774299375 0.40967439843750003 0.385009896875 0.40383678749999996 0.3757462359375 0.398609509375 0.3749453609375 0.3970055265625 0.375388225 0.3853013125 0.5987179359375 0.3909439140625 0.601648278125 0.3976947921875 0.6135944234374999 0.401779665625 0.639548940625 0.42228603593749997 0.6142504062499999 0.46512505624999995 0.5861261921875001 0.47783884062500004 0.5880325296875 0.47619232343749995 0.5665657671875 0.475589746875 0.5562411890625001 0.4730623109375 0.5280889015625 0.47348072031250005 0.520105165625 0.47386924375 0.51269169375 0.47734819531249995 0.5008655203125 0.4806777125 0.49189067968750005 0.4858674640625 0.480154165625 0.49129872968750005 0.474720471875 0.4925289234375 0.47306944375000004 0.492768015625 0.4685073078125 0.4900661125 0.46550654218750004
6 0.7086999265625 0.3620758671875 0.6929561828125 0.3654419765625 0.673285596875 0.37518846875 0.6490284796875 0.39247825937499997 0.627318778125 0.4182839609375 0.6245975578125 0.42262960312500003 0.6318711453125 0.42204507031249994 0.6341522140625 0.422164615625 0.6358032437500001 0.42339480781249994 0.63679434375 0.426305915625 0.6365851390625 0.430297784375 0.6376408640625 0.45379827656250005 0.6369534765625 0.4669144171875 0.6314050875 0.4854941359375 0.631165996875 0.490056271875 0.6310165640625 0.49290760625 0.6385843171875 0.5121747125 0.6439008875 0.53075200625 0.64513350625 0.5399659375 0.6460971468750001 0.554312271875 0.6469089296874999 0.5606449812500001 0.6490106796874999 0.564186128125 0.652223075 0.5683573156249999 0.65747745 0.5772101843749999 0.6588893859375 0.5830025140624999 0.659130903125 0.5893053375 0.659432190625 0.5944676249999999 0.6609337875 0.598549153125 0.6619846625 0.600319728125 0.6658270984375 0.6033802671874999 0.667418353125 0.6057509953125 0.67849736875 0.62348661875 0.6805393453125 0.6281683015625 0.6807971078125 0.6387250718749999 0.6845637906250001 0.639825446875 0.7062472765625001 0.6373693671875 0.7263897953125 0.6300425828125 0.7486678453125 0.6162415375 0.7650374453125 0.60093335625 0.790170765625 0.5669246671875 0.8097373156250001 0.5134644421875 0.8132184421875 0.481314728125 0.8127414312499999 0.4561424984375 0.8005701546875 0.414191321875 0.7850403828125 0.3906251875 0.773630290625 0.37984856875 0.7331811734375 0.36335887499999997 0.7086999265625 0.3620758671875
4 0.7219297421875 0.783369440625 0.719599553125 0.7955232765625 0.7204916890625 0.8108091515625 0.7283355359375 0.8146067 0.73436163125 0.8369345750000001 0.740651421875 0.846153696875 0.7471624484375 0.851151321875 0.7612942890625 0.8561250296875 0.778956396875 0.8502777203124999 0.8051224781249999 0.8194775515625 0.8149610671874999 0.8013675812500001 0.816445165625 0.7811265328125 0.8117686265625 0.7330475453124999 0.8012555499999999 0.7155642234374999 0.7913673265625001 0.7103896062499999 0.77101745625 0.71905921875 0.7430503625 0.743838675 0.7321001921875 0.758927228125 0.7219297421875 0.783369440625
5 0.57868774375 0.6869675187500001 0.5401801796875 0.6901153390625 0.5313854625000001 0.691830634375 0.5112467984375 0.6942062109375 0.507617825 0.6952081796875 0.4945872609375 0.71333635 0.4834159890625 0.7766311609375001 0.4739643359375 0.78713160625 0.44843473125 0.7946950046875 0.43994081406249996 0.79272455 0.44264903593750005 0.8086800125 0.442550821875 0.84957708125 0.4710199640625 0.849789075 0.47954259062500004 0.83330580625 0.4890956375 0.8212366234375 0.5408656140625 0.777319734375 0.547951790625 0.77363631875 0.553144996875 0.77512491875 0.5614689078125 0.786509078125 0.5653201250000001 0.7954997921875 0.572181653125 0.787141778125 0.6273855390625 0.7548694890625 0.6492706921875 0.74517304375 0.6486221140625 0.74176039375 0.6481003875 0.7126924765625 0.64562813125 0.6974290921875 0.6515294171875 0.68628574375 0.6446805953125 0.6842907234375 0.57868774375 0.6869675187500001
5 0.675232471875 0.6530508421875 0.6777825187500001 0.6480379843749999 0.68090283125 0.643055015625 0.6805393453125 0.6281683015625 0.67849736875 0.62348661875 0.667418353125 0.6057509953125 0.6658270984375 0.6033802671874999 0.6619846625 0.600319728125 0.6609337875 0.598549153125 0.659432190625 0.5944676249999999 0.659130903125 0.5893053375 0.6588893859375 0.5830025140624999 0.65747745 0.5772101843749999 0.652223075 0.5683573156249999 0.6490106796874999 0.564186128125 0.6469089296874999 0.5606449812500001 0.6460971468750001 0.554312271875 0.64513350625 0.5399659375 0.6439008875 0.53075200625 0.6385843171875 0.5121747125 0.6310165640625 0.49290760625 0.631165996875 0.490056271875 0.6314050875 0.4854941359375 0.6369534765625 0.4669144171875 0.6376408640625 0.45379827656250005 0.6365851390625 0.430297784375 0.63679434375 0.426305915625 0.6358032437500001 0.42339480781249994 0.6341522140625 0.422164615625 0.6318711453125 0.42204507031249994 0.62325736875 0.42273730625 0.605489434375 0.42352162812499994 0.5899427921875 0.4255660296875 0.5465152671875 0.43587042187499997 0.5325299968749999 0.440855815625 0.515003578125 0.4479429625 0.50621048125 0.4520568 0.49624696406249996 0.456681134375 0.49036497656250005 0.459803871875 0.489764821875 0.460344253125 0.48961539062500004 0.4631955875 0.4900661125 0.46550654218750004 0.492768015625 0.4685073078125 0.4925289234375 0.47306944375000004 0.49129872968750005 0.474720471875 0.4858674640625 0.480154165625 0.4806777125 0.49189067968750005 0.47734819531249995 0.5008655203125 0.47386924375 0.51269169375 0.47348072031250005 0.520105165625 0.4730623109375 0.5280889015625 0.475589746875 0.5562411890625001 0.47619232343749995 0.5665657671875 0.47783884062500004 0.5880325296875 0.49733568593750005 0.5909559343749999 0.5193535578125 0.6104361484374999 0.534122378125 0.658334940625 0.507617825 0.6952081796875 0.5112467984375 0.6942062109375 0.5313854625000001 0.691830634375 0.5498730968750001 0.6882248640624999 0.58609878125 0.6844050390625 0.59582320625 0.6843428406250001 0.6073182046875 0.68322976875 0.640692553125 0.6792605125 0.643123053125 0.676528721875 0.6450729453124999 0.6720562453125 0.648763525 0.6671031625 0.6520332703125 0.6592688578125 0.6532634640625 0.657617828125 0.6556043046875 0.656596840625 0.663647815625 0.655874715625 0.6711210578125 0.65512270625 0.674032165625 0.6541316046875 0.675232471875 0.6530508421875
5 0.3753179765625 0.603870425 0.366681396875 0.5912929250000001 0.36040149375 0.5877305078124999 0.3489115625 0.6218863234375 0.33735312031250003 0.634213771875 0.35326753593750004 0.6544476140625 0.3541176078125 0.661362928125 0.359635359375 0.671756165625 0.366042 0.6729002484375 0.37488981250000003 0.6814471921874999 0.3730697859375 0.7007516109374999 0.3760407515625 0.7057572640625 0.38506148125 0.6993654734375 0.3865999234375 0.6757368375 0.399320428125 0.643336125 0.397299346875 0.6240180578125 0.38253415625 0.620415109375 0.3753179765625 0.603870425
0 0.4739643359375 0.78713160625 0.4834159890625 0.7766311609375001 0.4945872609375 0.71333635 0.534122378125 0.658334940625 0.5193535578125 0.6104361484374999 0.49733568593750005 0.5909559343749999 0.46512505624999995 0.5861261921875001 0.42228603593749997 0.6142504062499999 0.3998939203125 0.6418753671874999 0.3865999234375 0.6757368375 0.383915834375 0.716961265625 0.39711813125 0.764777959375 0.41636093281250003 0.7872543921874999 0.44843473125 0.7946950046875 0.4739643359375 0.78713160625
3 0.6804275765625001 0.7443985734375 0.6633868859375001 0.7389187171875 0.6273855390625 0.7548694890625 0.572181653125 0.787141778125 0.5653201250000001 0.7954997921875 0.572307234375 0.8118112859375 0.5794850546875 0.8373271328125 0.576465471875 0.848522284375 0.5614933796875 0.8583398515624999 0.57773639375 0.8659179874999999 0.5980662953125 0.8669834328125001 0.6684398609375 0.8467183109375 0.689917278125 0.83561245 0.697003946875 0.8268102640625001 0.70007790625 0.81677849375 0.6994055203125 0.8004346640625 0.6927918187500001 0.7710383734375 0.6804275765625001 0.7443985734375
0 0.8248235718749999 0.723944959375 0.8361438874999999 0.7371512828125 0.9340026953124999 0.6233567875 0.9517446078124999 0.5942555265625 0.9483679390624999 0.5784624046875 0.93645119375 0.57663663125 0.931946996875 0.5938186 0.90222555625 0.622292040625 0.914134659375 0.5898819875 0.9129655515625 0.5778082875 0.90574644375 0.5780305703125 0.8493951640624999 0.6447494203125 0.838398946875 0.6712011015625 0.8146961140625001 0.6879775328125 0.8248235718749999 0.723944959375
3 0.4704924328125 0.9054121765625001 0.48194016875 0.8958751625 0.5134791515625 0.8898239562500001 0.576465471875 0.848522284375 0.5794850546875 0.8373271328125 0.572307234375 0.8118112859375 0.5614689078125 0.786509078125 0.553144996875 0.77512491875 0.547951790625 0.77363631875 0.5408656140625 0.777319734375 0.4890956375 0.8212366234375 0.47954259062500004 0.83330580625 0.4709695328125 0.8498866125 0.46448017343750003 0.857656090625 0.4530960125 0.865980003125 0.450629140625 0.87436576875 0.45050370781250004 0.8844961609374999 0.456593859375 0.8998180390625 0.46325619375000004 0.9042219843750001 0.4704924328125 0.9054121765625001