5 0.5661859125 0.5472365984375 0.5847466484375 0.5302774046875001 0.60099449375 0.5272182078125 0.6359428874999999 0.5413114515624999 0.639752484375 0.5380610578125 0.64085239375 0.53208864375 0.6391357078125 0.522633521875 0.6208010984375 0.46392911249999996 0.616148575 0.45566230625 0.607532259375 0.4467890078125 0.5796015875 0.450966778125 0.5720851421875001 0.463819271875 0.5657716953125 0.46823214531249996 0.55495331875 0.531519403125 0.5558405765625001 0.5343398890625 0.5541451640624999 0.5362470984375001 0.550760275 0.5560486234375001 0.5525668703125 0.56651868125 0.553196790625 0.5670967046875 0.5661859125 0.5472365984375
6 0.5720851421875001 0.463819271875 0.5874000265625 0.437632096875 0.5924036109374999 0.4097928125 0.589500084375 0.3974081546875 0.57580441875 0.3799500453125 0.56421088125 0.36917434843749997 0.5537988890625 0.36404746875 0.5469561953125 0.36500914687499997 0.5348325078125 0.37252789218750004 0.527104171875 0.380979546875 0.5143969078125 0.40641258750000003 0.51037349375 0.4329511390625 0.50650624375 0.43853420468750004 0.504420640625 0.43988570937500004 0.5425901671875 0.44532153281250003 0.568717075 0.45100173750000006 0.5657716953125 0.46823214531249996 0.5720851421875001 0.463819271875
6 0.7313729 0.6871480828125 0.7178512234375 0.6880250625000001 0.6874410156249999 0.6998036484375 0.6577295265624999 0.71765794375 0.674091496875 0.7344517234375 0.71561280625 0.7733903296875 0.741616340625 0.7624611796874999 0.75091045625 0.75092128125 0.7497875640625 0.7405042734375 0.7560710359375 0.72938749375 0.7553766875 0.7195925062499999 0.75132633125 0.7150448984375 0.7423522609375001 0.7118715203125 0.7414535890625 0.7079043421875 0.7432418890625 0.698783809375 0.7424426656249999 0.6930970390625 0.7398714125 0.6893649265625 0.7313729 0.6871480828125
6 0.43982745312500005 0.7674890171875 0.4407546578125 0.7684102625 0.44182820156249997 0.7588112687499999 0.44720046875 0.739762003125 0.44470265937500003 0.7429786453125 0.43767249531249997 0.7602283187500001 0.43982745312500005 0.7674890171875
6 0.471157871875 0.7897619515625001 0.472302975 0.786111496875 0.4630118515625 0.7719418828125 0.459254978125 0.75263745 0.46211919218749997 0.7358818578124999 0.465583378125 0.7308719703125 0.456577015625 0.72448013125 0.45228463281250003 0.7290816984374999 0.44738543750000004 0.7391061328124999 0.44182820156249997 0.7588112687499999 0.44071006874999996 0.768808953125 0.444829521875 0.7909389421874999 0.4436886515625 0.7953887500000001 0.44608140937499996 0.799846578125 0.451938246875 0.8038175624999999 0.4558744578125 0.797713290625 0.4662011625 0.7939910734375 0.471157871875 0.7897619515625001
3 0.708749078125 0.8800047734374999 0.7101591796875 0.8745048734375 0.7066959078124999 0.8609576296875 0.7027977453124999 0.852765534375 0.6152598796875 0.8654885359375 0.561901815625 0.8066258 0.5618602234375001 0.80677695625 0.5631066703125 0.815645896875 0.5651895921875 0.8215904843749999 0.568500775 0.8251793859375001 0.5738320625 0.843142090625 0.6142704875 0.9222864218750001 0.6154458515625 0.92399243125 0.6610138546875 0.917588265625 0.7028375546875 0.8867610390625 0.708749078125 0.8800047734374999
6 0.469321396875 0.6079102703125 0.46723194062499995 0.6166637421875001 0.46836953125 0.6164595187499999 0.475959275 0.6030176515625 0.469321396875 0.6079102703125
5 0.3702319015625 0.43057782031249997 0.360823421875 0.488402371875 0.3563660171875 0.5287752484375 0.3580494265625 0.5324353703125 0.40767588593750004 0.5472823953125 0.44517924999999997 0.5510915062499999 0.44516181875000005 0.5456846890625 0.4465641234375 0.5389715765624999 0.4499016296875 0.5302435937500001 0.44434819687499993 0.52400838125 0.43468305156250003 0.5064983890625 0.42134824687499994 0.49705146874999995 0.3859136265625 0.4450833921875 0.371588046875 0.42629231562500003 0.3702319015625 0.43057782031249997
5 0.5050485546875 0.53606115 0.4996068703125 0.5398567890625 0.5015193453125 0.5461046734375 0.5016286062499999 0.55325891875 0.505091684375 0.55362511875 0.508951078125 0.5559335 0.5147688890625 0.5473040859375 0.5195524093749999 0.5477221375 0.5275763203125 0.5556805406249999 0.54690498125 0.5613232796875 0.549373965625 0.5635888437500001 0.5494704859375 0.5635938546875 0.568717075 0.45100173593750004 0.5425901671875 0.44532153281250003 0.4301260625 0.429305221875 0.450469140625 0.49433103593750005 0.452865878125 0.49673868125 0.45921595625 0.4931017515625 0.46425674062500005 0.494794740625 0.47598401875 0.49280351875 0.48414710781250003 0.49474381875000006 0.4917155609375 0.5046580859375001 0.49265571093749994 0.513788596875 0.49495243125000005 0.5179256031249999 0.5113786250000001 0.5200768421874999 0.5195198953125 0.5316259109375 0.5196090015625 0.5347009328125 0.5050485546875 0.53606115
6 0.45795804999999995 0.5848069640625 0.46860452812500003 0.5900873703125 0.47772988125 0.590108090625 0.48304673437499995 0.5875615484375001 0.49420696875000003 0.559937165625 0.500610659375 0.553151278125 0.5016286062499999 0.55325891875 0.50151934375 0.5461046734375 0.4996068703125 0.5398567890625 0.48349065781249995 0.551098040625 0.47518027343749997 0.550550684375 0.4524949203125 0.5331552578125 0.4499016296875 0.5302435937500001 0.446564125 0.5389715765624999 0.44516181875000005 0.5456846890625 0.44520465312499996 0.5589713703125 0.4499876953125 0.5744589125 0.45795804999999995 0.5848069640625
3 0.6079999859375 0.6987134109375 0.59905330625 0.6971840578124999 0.5914727953125001 0.698249428125 0.5838881859375 0.7011190984375 0.5774522656250001 0.7066617515625 0.5710395671875 0.7178699828124999 0.56856326875 0.727751965625 0.5679581984375 0.7399477109375 0.5698089375000001 0.7512829640625001 0.5740779375 0.7617016484375 0.6079999859375 0.6987134109375
5 0.452865878125 0.49673868125 0.450469140625 0.49433103593750005 0.41870234999999995 0.392789790625 0.4152436296875 0.3925897625 0.392445540625 0.40368422031250006 0.385586290625 0.39881619375 0.38159657812500003 0.399719971875 0.3673816453125 0.4181846671875 0.36866911875 0.42246351562499995 0.3859136265625 0.4450833921875 0.42134824687499994 0.49705146874999995 0.43468305156250003 0.5064983890625 0.44434819687499993 0.5240083828125 0.4524949203125 0.5331552578125 0.47518027343749997 0.550550684375 0.48349065781249995 0.551098040625 0.505048553125 0.5360611484375 0.5196090015625 0.5347009328125 0.51951989375 0.531625909375 0.5113786250000001 0.5200768421874999 0.49495243125000005 0.5179256031249999 0.49265571093749994 0.513788596875 0.4917155609375 0.5046580859375001 0.48414710781250003 0.49474381875000006 0.4759840203125 0.4928035171875 0.46425674062500005 0.494794740625 0.45921595625 0.4931017515625 0.452865878125 0.49673868125
6 0.6313768265624999 0.6058220703125 0.6206223546875 0.5945041359375 0.6046218 0.5875890265625 0.5890642500000001 0.5890423890625 0.5821109375 0.5936286 0.603234178125 0.6130114875 0.6038179140625 0.6249230875 0.592873425 0.6479044109375 0.5866527296874999 0.652776553125 0.57876753125 0.650977196875 0.578236746875 0.6504703843749999 0.5703546015625001 0.6670737046874999 0.575004775 0.6767918703125 0.588168559375 0.689603965625 0.6039165234375 0.69472180625 0.6106600484375 0.693774065625 0.6131101265625001 0.689224634375 0.62438219375 0.6876404484374999 0.6295562640625 0.68415385625 0.64022329375 0.666159790625 0.643763421875 0.6444021484375 0.6413385609375 0.627148365625 0.6313768265624999 0.6058220703125
3 0.385853053125 0.6967087015625 0.40045805 0.7056128968750001 0.41096123125000006 0.7048215703125 0.4351225703125 0.7000653812500001 0.4352712 0.695502803125 0.46102439687499996 0.6300813953125 0.468137878125 0.6283459234375 0.46831922031250006 0.6165486203125 0.46836953125 0.6164595187499999 0.384898365625 0.6314445109375 0.3722063453125 0.6458970515625 0.334001415625 0.6615383984375 0.31447425 0.666337159375 0.312401565625 0.6710796546875 0.3130513234375 0.6805755312499999 0.31824937656249996 0.6931985859375 0.3227976703125 0.6963257625 0.33714130937500003 0.693625096875 0.3798618671875 0.695496309375 0.385853053125 0.6967087015625
4 0.587982859375 0.6225388859375001 0.585947096875 0.634228940625 0.578236746875 0.6504703843749999 0.57876753125 0.650977196875 0.5866527296874999 0.652776553125 0.592873425 0.6479044109375 0.6038179140625 0.6249230875 0.603234178125 0.6130114875 0.54690498125 0.5613232796875 0.5275763203125 0.5556805406249999 0.5195524093749999 0.5477221375 0.5147688875 0.5473040859375 0.508951078125 0.5559335 0.5175422265625 0.5610720390624999 0.5530277375 0.58845736875 0.582285053125 0.613407190625 0.587982859375 0.6225388859375001
6 0.5317328203125 0.743495165625 0.5325148546875 0.751549159375 0.5434963390625 0.724804928125 0.5461014890625 0.7119312437499999 0.5501379203125001 0.7040065765625 0.547230515625 0.69117189375 0.55521173125 0.6929931593750001 0.5606852875 0.687441603125 0.585947096875 0.634228940625 0.587982859375 0.6225388859375001 0.582285053125 0.613407190625 0.5530277375 0.58845736875 0.5175422265625 0.5610720390624999 0.505091684375 0.55362511875 0.500610659375 0.553151278125 0.49420696875000003 0.559937165625 0.4789231375 0.5977684828125 0.46831922031250006 0.6165486203125 0.468137878125 0.6283459234375 0.46102439687499996 0.6300813953125 0.4352712 0.695502803125 0.43499430781250004 0.704002709375 0.43586204375 0.70755945 0.4423378859375 0.7143745828125 0.465583378125 0.7308719703125 0.4757099359375 0.7162270015625001 0.48605284531250004 0.7105981515625001 0.501065559375 0.708488253125 0.5113439203125 0.7098272234375 0.5192283640625 0.7139381953124999 0.5242817859375 0.7201867296875 0.5317328203125 0.743495165625
5 0.6279898687500001 0.687133421875 0.6131101265625001 0.689224634375 0.55797540625 0.7916016703125 0.5557598968749999 0.7974307281249999 0.5571418515625 0.801374775 0.6152598796875 0.8654885359375 0.730163665625 0.84878809375 0.7329538890625 0.845085340625 0.7239806921875 0.7812377171875 0.674091496875 0.7344517234375 0.6279898687500001 0.687133421875
6 0.5317328203125 0.743495165625 0.5242817859375 0.7201867296875 0.5192283640625 0.7139381953124999 0.5113439203125 0.7098272234375 0.501065559375 0.708488253125 0.48605284531250004 0.7105981515625001 0.4757099359375 0.7162270015625001 0.46211919218749997 0.7358818578124999 0.459254978125 0.75263745 0.4630118515625 0.7719418828125 0.474083271875 0.7888265734375 0.488732659375 0.7965099796875 0.5096361125 0.7967036265624999 0.5250010890625 0.7896730984375 0.53228428125 0.7796031421875 0.5340658859375 0.7675228859375001 0.5317328203125 0.743495165625