5 0.55170495 0.562757225 0.5740226078124999 0.551179775 0.5905085984375 0.55243006875 0.6206185546875 0.57508840625 0.62513960625 0.5729347640625 0.6277478125 0.56745053125 0.6285367875000001 0.5578732734375 0.6260207328125 0.4964238234375 0.623666346875 0.4872345390625 0.6176402046875 0.476433525 0.5895799609375 0.4732399515625 0.5789931609375001 0.483709109375 0.5717527046875001 0.48633757656250004 0.5449230078125 0.5446683718750001 0.5450500390624999 0.5476223906250001 0.5429187734375 0.549025809375 0.534524209375 0.5672765390625 0.5335593953125 0.5778574187500001 0.5340182484375 0.57857878125 0.55170495 0.562757225
6 0.5789931609375001 0.483709109375 0.6005639453125 0.46237802187500004 0.612602371875 0.43678236249999997 0.6130031671875 0.4240682140625 0.6042926609375 0.40366027656250003 0.59588311875 0.3902511234375 0.5871528406250001 0.382604115625 0.58029440625 0.38176200625 0.566637828125 0.385886715625 0.5569853796875 0.392050146875 0.5381285499999999 0.41332769531249997 0.527373546875 0.43792063125 0.5221930671874999 0.442312540625 0.519828734375 0.4430782 0.555290771875 0.458207803125 0.57905728125 0.4704566 0.5717527046875001 0.48633757656250004 0.5789931609375001 0.483709109375
6 0.675051571875 0.7406548796875 0.66176365625 0.738002309375 0.629341128125 0.741508809375 0.5960210015625 0.7510648343749999 0.6074789015625 0.7715211703125 0.637507353125 0.8198794812499999 0.6654535125 0.8160529421874999 0.6774176828125 0.80731175 0.6790291734375 0.79695906875 0.687975775 0.787847365625 0.6898402156250001 0.7782064234375 0.687104878125 0.7727654625 0.6792579234375 0.7673775546875 0.6794166546875 0.7633129609375 0.6835045875 0.7549660499999999 0.6842044421875 0.7492661968750001 0.6826867437499999 0.7449957640625 0.675051571875 0.7406548796875
6 0.37264653124999997 0.7428007484375 0.37330370625 0.7439305828125 0.3768250734375 0.7349365203125 0.386944596875 0.7179267859375 0.38369936875 0.7203873421875 0.3724442078125 0.735229709375 0.37264653124999997 0.7428007484375
6 0.3971447328125 0.772423659375 0.399195625 0.769193965625 0.393888453125 0.75310245 0.3952559484375 0.73348345 0.40235923281249997 0.7180401046875 0.40700203281249997 0.7140975218750001 0.399956884375 0.7055924609375 0.3946197890625 0.7089262828125 0.38729301562499996 0.7173411375 0.3768250734375 0.7349365203125 0.37315744687499997 0.744304146875 0.371408871875 0.76674626875 0.3691551796875 0.7707491734375 0.370312634375 0.7756743968750001 0.37494214062500003 0.7810259328125 0.3803241296875 0.7761484249999999 0.391262340625 0.7752257874999999 0.3971447328125 0.772423659375
3 0.603283653125 0.9210846625 0.6060691859375 0.9161371265625 0.6062302078124999 0.902155134375 0.604585140625 0.8932332593750001 0.5167371015625 0.88286626875 0.48043196562499996 0.8121991484375 0.48035266875 0.8123343890625 0.47926119375000004 0.8212237312499999 0.47973456875 0.8275048625 0.4820040484375 0.831828471875 0.4825045890625 0.8505589515624999 0.501081046875 0.9374727390625001 0.5017748125 0.939424825 0.54744764375 0.94503274375 0.595824909375 0.9260806984375 0.603283653125 0.9210846625
6 0.4424375109375 0.5962931109375 0.4381536875 0.604207525 0.439305371875 0.6043046890625 0.45011551250000004 0.5932852125 0.4424375109375 0.5962931109375
5 0.3926214234375 0.39935686718749996 0.3685674359375 0.4527760015625 0.35381264375 0.4906195453125 0.3544913828125 0.49459065 0.39858417031250004 0.521776046875 0.43382376718750004 0.5351619515625 0.43520631718749997 0.5299348546875 0.4382983203125 0.5238134296875 0.443781071875 0.51624665625 0.44003065937499997 0.5087865703125 0.43522676562499996 0.48937169062499997 0.42479137656250004 0.47679536562499997 0.40401448906250004 0.4174269046875 0.39504053125 0.395568384375 0.3926214234375 0.39935686718749996
5 0.495543215625 0.5361390578125 0.48930457031249996 0.5383969515625 0.48953480625 0.5449269296875 0.48778869062499997 0.5518656796875 0.49103898749999997 0.5531157125 0.494169421875 0.5563443218749999 0.502022453125 0.5495147078125 0.5065347796874999 0.55115658125 0.5122254953125001 0.56092055 0.5294350999999999 0.5713736421875 0.531233584375 0.5742010296875 0.5313255203125 0.5742308515625 0.57905728125 0.4704565984375 0.555290771875 0.458207803125 0.4508041140625 0.4136293828125 0.45362410000000003 0.4817046703125 0.455316025 0.4846506 0.46239103593750003 0.48278111562500003 0.46682188281250003 0.48572106875000004 0.47866492968749996 0.4868329390625 0.48604768125 0.4908198875 0.4907922453125 0.5023551953125 0.489337209375 0.5114179203125 0.49048493593750003 0.516008396875 0.5057946390625 0.5223377453125 0.5106693828125 0.5356004046875 0.5099595781249999 0.5385937109375 0.495543215625 0.5361390578125
6 0.4374409375 0.5710359796875 0.4463579765625 0.578891971875 0.455167028125 0.5812738015625001 0.46096180625 0.5801901328125 0.47889148125 0.5563955093749999 0.4868332875 0.55149824375 0.48778869062499997 0.5518656796875 0.4895348046875 0.5449269296875 0.48930457031249996 0.5383969515625 0.4708280546875 0.5450839843749999 0.46294250468750003 0.5424043937499999 0.4455324046875 0.5197303 0.443781071875 0.51624665625 0.43829832187499995 0.52381343125 0.43520631718749997 0.5299348546875 0.4318088453125 0.542779890625 0.4324204390625 0.55897765 0.4374409375 0.5710359796875
3 0.5528891609375 0.71989486875 0.5446431578125 0.7161020546875 0.53704520625 0.7151691437500001 0.5289763125 0.715977990625 0.521325146875 0.7196660453125 0.5122300515625 0.7288326359374999 0.5072804859375 0.7377369859375 0.5035395421875 0.7493605671875 0.5023934390625 0.7607885875 0.503820421875 0.7719571625 0.5528891609375 0.71989486875
5 0.455316025 0.4846506 0.45362410000000003 0.4817046703125 0.4492205453125 0.3754015109375 0.4459314484375 0.3743131140625 0.421038728125 0.379128959375 0.4156731390625 0.3726515015625 0.4115854578125 0.37249187031250003 0.3930758734375 0.3866483015625 0.3932120296875 0.3911145734375 0.40401448906250004 0.4174269046875 0.42479137656250004 0.47679536562499997 0.43522676562499996 0.48937169062499997 0.44003065937499997 0.508786571875 0.4455324046875 0.5197303 0.46294250468750003 0.5424043937499999 0.4708280546875 0.5450839843749999 0.49554321718749994 0.5361390562499999 0.5099595781249999 0.5385937109375 0.5106693812499999 0.535600403125 0.5057946390625 0.5223377453125 0.49048493593750003 0.516008396875 0.489337209375 0.5114179203125 0.4907922453125 0.5023551953125 0.48604768125 0.4908198875 0.47866493125 0.4868329390625 0.46682188281250003 0.48572106875000004 0.46239103593750003 0.48278111562500003 0.455316025 0.4846506
6 0.599511503125 0.6362190953125 0.592052778125 0.6225033484375 0.578387190625 0.6116826171875 0.5629835937500001 0.6090598671875 0.555080209375 0.6116901578125 0.570467034375 0.6358796859375 0.5679479296875 0.6475364906250001 0.5514283609375 0.6669021015625 0.544158628125 0.6699981953124999 0.53700781875 0.6662193109375 0.5366262921875 0.665592390625 0.5247154703125 0.6795899171875 0.526691946875 0.6901804968749999 0.536091171875 0.7059630703125 0.5499779421875 0.714982396875 0.5567369796875 0.715812303125 0.560281053125 0.712052015625 0.571579053125 0.7134392359375 0.5774792171875001 0.7114105953125 0.5924399828125 0.6967904921875 0.6014907765624999 0.676690475 0.603614146875 0.6593970015624999 0.599511503125 0.6362190953125
3 0.33883055781250004 0.6604626109375 0.3506333265625 0.6728434562500001 0.36098342968749997 0.674797515625 0.3855524828125 0.6764568046874999 0.38687693125 0.672088159375 0.428684915625 0.6155613515625 0.436005184375 0.6157261171874999 0.4392337140625 0.6043777343750001 0.439305371875 0.6043046890625 0.3548000171875 0.5971751515625 0.3387998734375 0.6078502984374999 0.2978484671875 0.613070515625 0.2777446625 0.6126517609375 0.2745151546875 0.6166962093749999 0.272685059375 0.6260366921875 0.27443890625 0.63957498125 0.278022846875 0.6437727859375 0.292576721875 0.64487655 0.33335730625000004 0.657740896875 0.33883055781250004 0.6604626109375
4 0.55326951875 0.6411351140625 0.5482775140625 0.6518999453125 0.5366262921875 0.665592390625 0.53700781875 0.6662193109375 0.544158628125 0.6699981953124999 0.5514283609375 0.6669021015625 0.5679479296875 0.6475364906250001 0.570467034375 0.6358796859375 0.5294350999999999 0.5713736421875 0.5122254953125001 0.56092055 0.5065347796874999 0.55115658125 0.5020224515625 0.5495147078125 0.494169421875 0.5563443218749999 0.5011378828125 0.5635313234375 0.528326409375 0.5991678453125 0.5501293171875 0.6308398734375 0.55326951875 0.6411351140625
6 0.467630365625 0.7434113265625 0.46630122343749997 0.75139329375 0.4838304390625 0.7284025671875 0.4896787765625 0.71664180625 0.495628725 0.7100318703124999 0.496142246875 0.6968820265625 0.5033801312499999 0.700706925 0.5101040296875 0.69676119375 0.5482775140625 0.6518999453125 0.55326951875 0.6411351140625 0.5501293171875 0.6308398734375 0.528326409375 0.5991678453125 0.5011378828125 0.5635313234375 0.49103898749999997 0.5531157125 0.4868332875 0.55149824375 0.47889148125 0.5563955093749999 0.45433696875 0.588982009375 0.4392337140625 0.6043777343750001 0.436005184375 0.6157261171874999 0.428684915625 0.6155613515625 0.38687693125 0.672088159375 0.3844095359375 0.6802267734375 0.384327153125 0.6838869078125 0.38881845 0.6921458921875 0.40700203281249997 0.7140975218750001 0.42057393281250005 0.7025725140625 0.4320212703125 0.6998124046875 0.4470685203125 0.701659975 0.45665010468749995 0.70561355625 0.46320189375 0.7116250953125001 0.4664658859375 0.7189686375 0.467630365625 0.7434113265625
5 0.5751950265625 0.713883221875 0.560281053125 0.712052015625 0.48052787500000005 0.7966707234375 0.47687918749999997 0.8017277453125 0.477193259375 0.8058950781249999 0.5167371015625 0.88286626875 0.6320480265625 0.8964741671875001 0.6357015203125 0.893619746875 0.64355905625 0.82962524375 0.6074789015625 0.7715211703125 0.5751950265625 0.713883221875
6 0.467630365625 0.7434113265625 0.4664658859375 0.7189686375 0.46320189375 0.7116250953125001 0.45665010468749995 0.70561355625 0.4470685203125 0.701659975 0.4320212703125 0.6998124046875 0.42057393281250005 0.7025725140625 0.40235923281249997 0.7180401046875 0.3952559484375 0.73348345 0.393888453125 0.75310245 0.4002125453125 0.7722773046875 0.41237415468750005 0.7834904453125 0.43251522031249995 0.78908770625 0.4491762828125 0.786273484375 0.458817603125 0.7784316828125 0.46366509999999994 0.7672241640624999 0.467630365625 0.7434113265625