5 0.652293453125 0.42296915625000003 0.6600308906250001 0.41308243125 0.596276225 0.41421512812500005 0.555035953125 0.43103681875 0.5790833890625 0.4565640984375 0.5792678578125 0.456162609375 0.588924134375 0.4422817109375 0.640826625 0.43202191718750005 0.652293453125 0.42296915625000003
7 0.9209063015625001 0.4162365828125 0.8853407109375 0.333444553125 0.8684324796875 0.312455025 0.8462768671875001 0.2955467921875 0.8334499328125 0.3142041515625 0.8227186625 0.320785996875 0.813188109375 0.3433002 0.8215473046874999 0.34728076875 0.8337467796875 0.35948024375 0.8420424234375 0.3780234453125 0.8425304015625 0.3999825015625 0.841991709375 0.4019756640625 0.8464170078125001 0.4069115734375 0.8547110453125001 0.42175353437499996 0.8630050812500001 0.42742840156249995 0.8724053093749999 0.43942869218749997 0.8835219109375 0.4536200984375 0.8884979265625 0.46191345781250004 0.8900050515625001 0.45704955468749997 0.9209063015625001 0.4162365828125
3 0.7263829296875 0.6632415546875 0.7385772937499999 0.6620044453125 0.7575741390624999 0.628431403125 0.7400278828125 0.61593846875 0.7414904375 0.6223371453125 0.7361225109375 0.63258500625 0.7322185640625001 0.6496647734375001 0.7263829296875 0.6632415546875
5 0.4699444875 0.7253789234375 0.42388139531249996 0.7179092328125 0.37325349375 0.703384834375 0.35997404375 0.6971600921875 0.3578991296875 0.7013099203125 0.3682737 0.7336785796874999 0.37657335625 0.769782084375 0.387362909375 0.7930211203125 0.387362909375 0.7980009140625001 0.37823328749999996 0.8033956906249999 0.3728385109375 0.816675140625 0.3686886828125 0.8195800203125 0.3711785796875 0.82082496875 0.374913425 0.8179200890624999 0.37325349375 0.8311995390625 0.3935876515625 0.8146002265625001 0.41848661875 0.8033956906249999 0.43633087968749995 0.8054706046875 0.46745459062499994 0.8320295046874999 0.47243438437499996 0.829954590625 0.4741038046875 0.82703310625 0.47554916093750005 0.8158103375 0.4770246125 0.8117368046875001 0.47782916093749994 0.7473730125 0.47575424687499995 0.7369984421875 0.4699444875 0.7253789234375
6 0.841991709375 0.4019756640625 0.8425304015625 0.3999825015625 0.8420424234375 0.3780234453125 0.8337467796875 0.35948024375 0.8215473046874999 0.34728076875 0.813188109375 0.3433002 0.8030763078125001 0.3671875 0.8093121046875 0.3671875 0.8202253109375001 0.3802833484375 0.82284448125 0.375045009375 0.8259001781249999 0.375045009375 0.835067271875 0.394252253125 0.841991709375 0.4019756640625
5 0.7561302390625 0.60037744375 0.7488103374999999 0.6076973453125001 0.737586490625 0.6052573781249999 0.7400278828125 0.61593846875 0.7575741390624999 0.628431403125 0.7753132500000001 0.5970811515625 0.769151503125 0.5806498265625 0.7694954843749999 0.573082221875 0.7561302390625 0.60037744375
1 0.70141893125 0.35641955937500003 0.7016556796875 0.36182531875 0.7001005046875 0.36931844062499997 0.720726471875 0.408309996875 0.7529999562499999 0.37460848125 0.7962162562499999 0.3671875 0.8030763078125001 0.3671875 0.8297457843749999 0.3041856953125 0.8387456312499999 0.26987377968750004 0.8359331781250001 0.2642488765625 0.8168085046875 0.2546865390625 0.8010587734374999 0.23893680781249999 0.783621571875 0.2327494140625 0.776309196875 0.23387439531249998 0.75380958125 0.223187078125 0.7493096578125 0.2299369625 0.712185290625 0.3334351953125 0.70141893125 0.35641955937500003
1 0.5061618328125 0.7610619 0.50317254375 0.754086890625 0.4974318484375 0.7553950921875 0.47554916093750005 0.8158103375 0.4674620796875 0.8786041375 0.4731706078125 0.9038167984375001 0.4917233203125 0.938543671875 0.4936261625 0.9471064640625 0.5026646640625 0.9523392796874999 0.5278773265625001 0.9504364375 0.713880171875 0.927602328125 0.721491540625 0.8981082718750001 0.7241598812500001 0.8740932125 0.7155516859375 0.8648589687499999 0.6799681015625 0.8485498249999999 0.6735432875 0.83520598125 0.672132265625 0.8270926 0.6700878171875 0.8189148093749999 0.6705519625 0.8180058593749999 0.6695895562499999 0.8124720249999999 0.6631647421875 0.7976455312499999 0.6630172109375 0.7873183421875 0.63493925625 0.789541521875 0.607697878125 0.78211205625 0.5878859671875001 0.760442778125 0.5117339328125 0.7635383890624999 0.5061618328125 0.7610619
5 0.1769756140625 0.5228896328125 0.2921711546875 0.5502757421875 0.35748594375 0.561952128125 0.371658109375 0.5085339656250001 0.3692362515625 0.5036902515625 0.3595488234375 0.50126839375 0.3540996453125 0.5061121078124999 0.3498613953125 0.5049011796875 0.2699401078125 0.4740225015625 0.23542864375 0.4709951796875 0.1694330359375 0.45101485781250006 0.147636321875 0.451620321875 0.12947239375 0.5472836796875 0.15654470781250002 0.552000825 0.15654470781250002 0.5324530359375 0.160891709375 0.527236634375 0.1769756140625 0.5228896328125
6 0.160891709375 0.527236634375 0.15654470781250002 0.5324530359375 0.15654470781250002 0.5524492421875 0.15219770625 0.582878253125 0.15393650625 0.5937457578124999 0.19349422031250002 0.6085255625 0.2413112375 0.617219565625 0.3178184625 0.636781071875 0.353029175 0.6433015734375 0.36041907812499996 0.6433015734375 0.36346197812500003 0.638085171875 0.37041718125 0.5937457578124999 0.36998248125 0.564186146875 0.2921711546875 0.5502757421875 0.1769756140625 0.5228896328125 0.160891709375 0.527236634375
6 0.7717706734374999 0.6465655953125 0.7726437296875 0.624302653125 0.7783185968749999 0.605095409375 0.7753132500000001 0.5970811515625 0.7385772937499999 0.6620044453125 0.7448276640625 0.66137035 0.823676725 0.6533711703125 0.8286032125 0.64508441875 0.8202253109375001 0.6465655953125 0.7717706734374999 0.6465655953125
1 0.567388715625 0.20075849375 0.5559530125000001 0.2225902890625 0.608787934375 0.216333521875 0.60223970625 0.20705686562499998 0.5816650250000001 0.1906811 0.567388715625 0.20075849375
5 0.8202253109375001 0.6465655953125 0.8992369281249999 0.632596690625 0.90622138125 0.62473918125 0.9132058328125 0.62124695625 0.9372148890625001 0.594182203125 0.9402705859375 0.588507334375 0.9311034921875001 0.55969646875 0.9306669640624999 0.5466006203125 0.8939985890625 0.4710812296875 0.8835219109375 0.4536200984375 0.8630050812500001 0.42742840156249995 0.8547110453125001 0.42175353437499996 0.8464170078125001 0.4069115734375 0.835067271875 0.394252253125 0.8259001781249999 0.375045009375 0.82284448125 0.375045009375 0.8202253109375001 0.3802833484375 0.8093121046875 0.3671875 0.7962162562499999 0.3671875 0.7529999562499999 0.37460848125 0.720726471875 0.408309996875 0.731354221875 0.42840081249999995 0.7319577390625 0.44167819374999995 0.7295874375 0.452771209375 0.7483223453125001 0.46764324999999995 0.7863858265625 0.5018027859374999 0.7937057281250001 0.51400261875 0.7907777671875 0.52961840625 0.7694954843749999 0.573082221875 0.769151503125 0.5806498265625 0.7783185968749999 0.605095409375 0.7726437296875 0.624302653125 0.7717706734374999 0.6465655953125 0.8202253109375001 0.6465655953125
1 0.820819790625 0.898959903125 0.835646284375 0.889075575 0.8361405015625 0.8796854625 0.8287272546875 0.8732606484375 0.8257619546875 0.8757317296875 0.8227966562500001 0.8880871421875 0.8183487093749999 0.8880871421875 0.8193371421875 0.8816623281249999 0.8227966562500001 0.8791912453125 0.8237850890624999 0.853491990625 0.8282330375000001 0.837182846875 0.8257619546875 0.8272985171875 0.7609097796875 0.7795673171875 0.6630172109375 0.7873183421875 0.6631647421875 0.7976455312499999 0.6695895562499999 0.8124720249999999 0.6735432875 0.83520598125 0.6799681015625 0.8485498249999999 0.7155516859375 0.8648589687499999 0.7427335921875 0.8940177390624999 0.7521237046875 0.898959903125 0.7620080328125 0.9093384484374999 0.7990742671875 0.9291071078125 0.8168660593749999 0.9088442328124999 0.820819790625 0.898959903125
3 0.5532911406250001 0.43174851875 0.596276225 0.41421512812500005 0.5300348406250001 0.41539200625 0.5289117234375 0.41623434374999996 0.5405473546875 0.43064036406249995 0.5532911406250001 0.43174851875
1 0.6631567656249999 0.4090882578125 0.68005525 0.3433048703125 0.6872974578125 0.345115421875 0.7001005046875 0.36931844062499997 0.7016556796875 0.36182531875 0.6989589140625 0.30024916875 0.6998578359375001 0.279124503125 0.6814299375 0.2112559 0.670642875 0.2090085953125 0.4998477125 0.22923433750000002 0.473329515625 0.2836191140625 0.45939622656249995 0.3420490375 0.4620929921875 0.36631992812499997 0.4764757421875 0.4004789609375 0.4773746640625 0.40901871874999995 0.48546496250000004 0.4148617109375 0.5092863921874999 0.41576063281250003 0.6600308906250001 0.41308243125 0.6631567656249999 0.4090882578125
5 0.6238840375 0.5213225203125 0.6336439046875 0.518882553125 0.6341318984375001 0.5032667656250001 0.6487716984375 0.478379103125 0.67024340625 0.42762779375 0.67853929375 0.41884391406250004 0.6848832078125 0.41981989999999997 0.7009869890625 0.4300677609375 0.7295874375 0.452771209375 0.7319577390625 0.44167819374999995 0.731354221875 0.42840081249999995 0.6872974578125 0.345115421875 0.68005525 0.3433048703125 0.6631567656249999 0.4090882578125 0.652293453125 0.42296915625000003 0.640826625 0.43202191718750005 0.588924134375 0.4422817109375 0.5792678578125 0.456162609375 0.5587482687499999 0.5008228906250001 0.56659399375 0.5134967546875 0.5647834421875 0.5322057921875001 0.5702150984375 0.54186206875 0.5907346875 0.5545359328125 0.599787446875 0.5660027609375 0.6011470296875 0.576014240625 0.6238840375 0.5213225203125
3 0.8460599343749999 0.772825221875 0.857204134375 0.766634 0.8640144781249999 0.7542515562500001 0.8702057 0.7232954453125 0.8702057 0.6892437218749999 0.8602997453125001 0.6576684890625 0.8423451999999999 0.6514772671875 0.7263829296875 0.6632415546875 0.7083068890625001 0.7052960171875 0.7004989953125 0.7131039109375 0.6922031078125 0.7116399312499999 0.6848832078125 0.7009040765625 0.6653634734375 0.683824309375 0.6481716421875 0.671176034375 0.6287480328124999 0.6731465453125 0.6064596328125 0.6849098671875 0.585409478125 0.710293878125 0.5049235890625 0.7232954453125 0.50120885625 0.7294866671875 0.5005897328125 0.7480603343750001 0.5061618328125 0.7610619 0.5117339328125 0.7635383890624999 0.5878859671875001 0.760442778125 0.607697878125 0.78211205625 0.63493925625 0.789541521875 0.8460599343749999 0.772825221875
6 0.5872845359375 0.619897178125 0.588260521875 0.6247771125 0.597044403125 0.6335609921875001 0.6653634734375 0.683824309375 0.6848832078125 0.7009040765625 0.6922031078125 0.7116399312499999 0.7004989953125 0.7131039109375 0.7083068890625001 0.7052960171875 0.7322185640625001 0.6496647734375001 0.7361225109375 0.63258500625 0.7414904375 0.6223371453125 0.737586490625 0.6052573781249999 0.7488103374999999 0.6076973453125001 0.7561302390625 0.60037744375 0.7907777671875 0.52961840625 0.7937057281250001 0.51400261875 0.7863858265625 0.5018027859374999 0.7483223453125001 0.46764324999999995 0.7009869890625 0.4300677609375 0.6848832078125 0.41981989999999997 0.67853929375 0.41884391406250004 0.67024340625 0.42762779375 0.6487716984375 0.478379103125 0.6341318984375001 0.5032667656250001 0.6336439046875 0.518882553125 0.6238840375 0.5213225203125 0.587772528125 0.6081853374999999 0.5872845359375 0.619897178125