6 0.5640565140625 0.7825741828125 0.5640801375 0.7832080609375 0.5642064718750001 0.783279675 0.5640565140625 0.7825741828125
5 0.586637446875 0.785474978125 0.5927940859375 0.7844321062499999 0.59354541875 0.785833965625 0.706133075 0.7462837515625 0.706130034375 0.7088672609375 0.70093205625 0.7150345921875 0.6950732875 0.7003975859375 0.614854415625 0.6698995 0.6171933453125 0.6735736671875 0.614348978125 0.6715730468750001 0.5838745390625 0.772476521875 0.586637446875 0.785474978125
1 0.6986621296875 0.5940120234374999 0.6977311140625 0.5891457109375 0.6750275015625 0.6040311375 0.6835126734375 0.600993665625 0.6961904421875 0.5971074109375001 0.69847984375 0.598168653125 0.6986621296875 0.5940120234374999
1 0.6062266468749999 0.6658601078124999 0.6125948015625 0.6703392265625 0.6148544140625 0.6698995 0.6142251484375 0.6689110031250001 0.61112478125 0.66404071875 0.61016330625 0.660350234375 0.6062266468749999 0.6658601078124999
5 0.541197296875 0.7702369499999999 0.5250390890625 0.75826640625 0.52858420625 0.79119959375 0.5321105328125 0.7992068453125001 0.5321812984375 0.8167053921875 0.53197174375 0.81679215625 0.523126765625 0.820454325 0.5039046640625 0.8227157765625 0.49234071874999996 0.8215251046875001 0.491584815625 0.8211075765625001 0.4941950265625 0.839252753125 0.49709201875 0.8479010171875 0.5217362953125 0.8492798859375 0.53670228125 0.8312763046875 0.544255575 0.834435165625 0.5504790453124999 0.832582953125 0.5566804859375 0.8331176031249999 0.561276828125 0.8310818734375 0.5709478421874999 0.8329965390625 0.5761485625 0.8263326671875 0.5832603109375001 0.801263890625 0.5831967140625001 0.7959836734375 0.5782138 0.7912197140624999 0.541197296875 0.7702369499999999
3 0.4469609796875 0.6022257140625 0.45237504062499995 0.6015580484374999 0.464096315625 0.5935951828125 0.4640918703125 0.5935911046875 0.45887526718749994 0.585142071875 0.44314916562500006 0.58697681875 0.44199769218749996 0.5896905718750001 0.4413050546875 0.590483715625 0.4469609796875 0.6022257140625
1 0.6530029765625 0.6987608 0.653073128125 0.6994686421874999 0.6533584140625 0.6992712437499999 0.64787496875 0.6884774546875 0.6480751953125 0.6881691328125 0.6857078546875 0.6801700640624999 0.69050464375 0.688983703125 0.69411399375 0.6980009703125 0.7169727078125 0.69674883125 0.7277504640625 0.693266434375 0.72838198125 0.68876331875 0.723930321875 0.673425534375 0.69971509375 0.5987412484375 0.696190440625 0.5971074093750001 0.6835126734375 0.600993665625 0.6750275015625 0.6040311375 0.6621391437499999 0.612481278125 0.6499305015625 0.6230235093750001 0.650557453125 0.6250014375 0.6629212703125 0.654436378125 0.6397346546875 0.6602809296875 0.6108431546875 0.65939869375 0.61016330625 0.660350234375 0.61112478125 0.66404071875 0.6171933453125 0.6735736671875 0.6530029765625 0.6987608
5 0.5909966468750001 0.8663180421875 0.59122980625 0.8856760187500001 0.5964989609375 0.8903782859374999 0.6060667046875 0.893390559375 0.6273514875 0.89857010625 0.6665464015625 0.9131398609374999 0.6763043265625 0.9133946546875 0.6788016765625 0.910534921875 0.6858130890624999 0.855867953125 0.6859740125 0.8517849390625001 0.6733499609375 0.8682286093749999 0.6051086671875 0.88273374375 0.5998915234375 0.8612675109374999 0.603325896875 0.83894386875 0.6124088624999999 0.8216772125 0.6105858109375 0.8181229328124999 0.6058332609375 0.8045161562500001 0.6007219953125 0.7992242796875 0.5992344140625 0.7964486984375 0.595822803125 0.8342401562499999 0.5909966468750001 0.8663180421875
6 0.45954471718749995 0.6302337515625 0.4549308734375 0.6187716296875 0.4398038390625 0.587367115625 0.401299171875 0.5918594140625 0.394769109375 0.5623791125000001 0.39429679218749997 0.559538703125 0.35969146093750004 0.5746237703125 0.356618865625 0.582120425 0.35779495 0.59058041875 0.390809353125 0.6610195765625 0.39732398281250003 0.6667894734375001 0.40437780468750006 0.6677787015625001 0.41109662968749994 0.66572843125 0.42003255 0.6594740531250001 0.4536784625 0.6436124171875 0.459340521875 0.6380539203125 0.45954471718749995 0.6302337515625
5 0.394769109375 0.5623791125000001 0.401299171875 0.5918594140625 0.45887526718749994 0.585142071875 0.44817965624999995 0.5678190062499999 0.44079380312499994 0.5460654421875 0.4374491359375 0.5274424390625 0.4374520265625 0.513018096875 0.438067153125 0.5089295453125 0.4271213953125 0.508540378125 0.3940754203125 0.51319003125 0.3883769078125 0.5149289515625 0.387184278125 0.5167654421875 0.394769109375 0.5623791125000001
0 0.657395703125 0.5368336296875 0.6569909765624999 0.544249153125 0.677273721875 0.5294024281249999 0.691803496875 0.5251566109375 0.69709295625 0.5290335421875 0.702554209375 0.5330363890625 0.706107353125 0.5249627453125 0.704552565625 0.49339257031250006 0.6902919562500001 0.46420087343749994 0.6553365531249999 0.43618569999999995 0.6177032312499999 0.41679545781250005 0.6042340078125 0.4165329703125 0.6086457921874999 0.4250528078125 0.6550479578124999 0.5297513734375 0.657395703125 0.5368336296875
6 0.4640918703125 0.5935911046875 0.4839162328125 0.6117801187499999 0.501512221875 0.6209292640624999 0.514736534375 0.62394921875 0.53060929375 0.6231988203125 0.53260235625 0.616725428125 0.5357645625 0.6164120390625001 0.5414822515625 0.6199033453125 0.5522577281250001 0.6156669546875 0.5538275109375 0.6146014796875 0.5542882609374999 0.6088207156250001 0.5660382 0.56778833125 0.5605036578125 0.5605173421874999 0.539135896875 0.5164753656250001 0.5105711109375 0.515307 0.47445798437500003 0.516375753125 0.474046575 0.5163879296875 0.442644759375 0.511702171875 0.439667228125 0.5039818171875 0.43940182656250004 0.5000584031249999 0.43745202499999997 0.513018096875 0.4374491359375 0.5274424390625 0.44079380312499994 0.5460654421875 0.44817965624999995 0.5678190062499999 0.4640918703125 0.5935911046875
6 0.6568220250000001 0.5473447390625 0.6542834578125001 0.5512537875 0.644320015625 0.5558986781249999 0.6394636046875 0.5570789765625 0.6309931453125001 0.5632792515625 0.6499305015625 0.6230235093750001 0.6621391437499999 0.612481278125 0.6987097140625 0.5885041 0.7148444484375001 0.5700281109375 0.716675853125 0.5623085156250001 0.71542048125 0.556402453125 0.7032286203125 0.5335307 0.691803496875 0.5251566109375 0.677273721875 0.5294024281249999 0.6569909765624999 0.544249153125 0.6568220250000001 0.5473447390625
1 0.5880150000000001 0.675549340625 0.5872189578125 0.677550715625 0.589878025 0.6843141859374999 0.579360209375 0.6865498156250001 0.563950575 0.6571515640625 0.5556445296875 0.6338774296875 0.5548419078125 0.6290865078125 0.551018396875 0.6257262546875 0.5357645640625 0.6164120375000001 0.5326023546875 0.616725428125 0.5128644546875 0.6808333875 0.593133771875 0.7409425390625 0.653073128125 0.6994686421874999 0.6530029765625 0.6987608 0.6062266468749999 0.6658601078124999 0.5997819015625 0.674880378125 0.5989421015625 0.6781124968750001 0.600103675 0.68214065625 0.5930918000000001 0.6836310765625 0.590644453125 0.6749904328125 0.5880150000000001 0.675549340625
3 0.7271467453125 0.748825534375 0.732643775 0.73620593125 0.724991984375 0.7002070812500001 0.7193649609375 0.6968226734375 0.715608559375 0.6976211218749999 0.70093205625 0.7150345921875 0.7137392265625 0.7470308546875 0.7161138625000001 0.751778225 0.7197471875 0.7590419703125 0.7233916218750001 0.7616214765625 0.7271467453125 0.748825534375
3 0.6928798406250001 0.8226891203125 0.6893040312500001 0.8221203656249999 0.6444312734375 0.8385682031249999 0.6314730703125 0.8463720484374999 0.6223855375 0.8411280640625 0.622021934375 0.8404191703125001 0.6124088624999999 0.8216772109375 0.603325896875 0.83894386875 0.5998915234375 0.8612675109374999 0.605108665625 0.88273374375 0.6733499609375 0.8682286093749999 0.69436109375 0.8408602078125 0.7049805765625 0.82181149375 0.7022880046875 0.8206893531249999 0.6928798406250001 0.8226891203125
6 0.48784474843750003 0.7969401015625001 0.48404854531249997 0.801395675 0.486139675 0.8180999140624999 0.49234071874999996 0.8215251046875001 0.5039046640625 0.822715778125 0.523126765625 0.820454325 0.5321812984375 0.8167053937500001 0.5321105328125 0.7992068453125001 0.52858420625 0.79119959375 0.521096646875 0.7216421671875 0.5108852453125 0.7165153375 0.4868803953125 0.7168744640625 0.4822375984375 0.7207802515624999 0.48784474843750003 0.7969401015625001
4 0.60366466875 0.5115575906250001 0.6022422796875 0.5158694875000001 0.5968076109375 0.5170246625 0.5698937390625 0.5177334328125001 0.539135896875 0.5164753656250001 0.56050365625 0.5605173421874999 0.5660382015625001 0.56778833125 0.56918585 0.55679630625 0.5768695671875 0.552720190625 0.5724208453124999 0.54328350625 0.5728880390625 0.5382984203125 0.6119530390625 0.5180857999999999 0.6157511390625 0.5172784890625 0.6171865296875 0.5197216421874999 0.629774259375 0.5594338703124999 0.644320015625 0.5558986781249999 0.6542834578125001 0.5512537875 0.6568220250000001 0.5473447390625 0.657395703125 0.53683363125 0.6550479578124999 0.5297513734375 0.6086457921874999 0.4250528078125 0.6034064953125 0.4149349203125 0.5979491515625 0.40907520625 0.5926397453125001 0.40655350625000003 0.5878442703125 0.40644966250000003 0.5875756187500001 0.406506765625 0.5758055921875 0.4132203890625 0.5485745359374999 0.4198508921875 0.519547259375 0.4338829046875 0.5152423453125 0.438728978125 0.51346949375 0.44359842499999996 0.5133825171875 0.44979425468749995 0.5155581171875 0.4575988265625 0.5375099 0.45812496718749995 0.59690821875 0.45619162500000005 0.6018486046875 0.47786235 0.60366466875 0.5115575906250001
6 0.59690821875 0.45619162500000005 0.5375099 0.45812496718749995 0.4485120546875 0.4559918578125 0.43736317031249994 0.461702925 0.4349817234375 0.4662186765625 0.43810749062500004 0.480924253125 0.439667228125 0.5039818171875 0.4426447609375 0.511702171875 0.474046575 0.5163879296875 0.5105711109375 0.515307 0.5698937390625 0.5177334328125001 0.5968076109375 0.5170246625 0.6022422796875 0.5158694875000001 0.60366466875 0.5115575906250001 0.6018486046875 0.47786235 0.59690821875 0.45619162500000005
1 0.6058332609375 0.8045161562500001 0.6105858109375 0.8181229328124999 0.6223855375 0.8411280640625 0.63147306875 0.8463720484374999 0.6444312734375 0.8385682031249999 0.6893040312500001 0.8221203671874999 0.6928798421875 0.82268911875 0.70228800625 0.8206893515625 0.7267818515625 0.8308972750000001 0.7374994734375 0.8275561218749999 0.734546465625 0.823665834375 0.740883715625 0.8122198171875 0.7410422062500001 0.8042132421874999 0.74917534375 0.7937143140625 0.748927225 0.7900463734375001 0.7507133046875001 0.785946046875 0.7501187781249999 0.7831490249999999 0.7469593859375 0.78328905 0.7408666015625001 0.78963360625 0.7381236265625 0.7904824078125 0.736782240625 0.78917295 0.729184778125 0.7721844359375 0.7265020078125 0.7695655203125 0.7235011046875 0.76169896875 0.7197471875 0.7590419703125 0.7137392265625 0.7470308546875 0.69050464375 0.688983703125 0.6857078546875 0.6801700640624999 0.6480751953125 0.6881691328125 0.64787496875 0.6884774546875 0.6533584140625 0.6992712437499999 0.5912661390625 0.7422348140625 0.5827448562499999 0.7459064078125001 0.5782059953124999 0.745808121875 0.586637446875 0.785474978125 0.5927940859375 0.7844321062499999 0.6007219953125 0.7992242796875 0.6058332609375 0.8045161562500001
5 0.6157511390625 0.5172784890625 0.6119530390625 0.5180857999999999 0.5728880390625 0.5382984203125 0.5724208453124999 0.54328350625 0.5768695671875 0.552720190625 0.56918585 0.55679630625 0.554288259375 0.6088207156250001 0.5533722140624999 0.6203138 0.5556445296875 0.6338774296875 0.563950575 0.6571515640625 0.579360209375 0.6865498156250001 0.589878025 0.6843141859374999 0.5872189578125 0.677550715625 0.5880150000000001 0.675549340625 0.590644453125 0.6749904328125 0.5930918000000001 0.6836310765625 0.600103675 0.68214065625 0.5989421015625 0.6781124968750001 0.5997819015625 0.674880378125 0.6108431546875 0.65939869375 0.6397346546875 0.6602809296875 0.6629212703125 0.654436378125 0.650557453125 0.6250014375 0.6171865296875 0.5197216421874999 0.6157511390625 0.5172784890625