6 0.50390625 0.7904386109375 0.50390625 0.7897173578125 0.503797565625 0.7903422953125 0.50390625 0.7904386109375
5 0.577020478125 0.6900663640625 0.5785443953125 0.6941465328125 0.5761781359375 0.691598253125 0.525390625 0.783960753125 0.525390625 0.797249603125 0.5316295531249999 0.7975095578125 0.532073003125 0.7990369937499999 0.6504233015625001 0.7837593375 0.658199653125 0.7471598546875 0.6518330031249999 0.7521116937500001 0.6491454671875 0.7365764343750001 0.577020478125 0.6900663640625
1 0.649573440625 0.638148071875 0.6585047171875 0.6369411421875 0.6717134437500001 0.6357756671875 0.673732171875 0.6372897125 0.6747746875 0.6332618140624999 0.6748757796875 0.6283082734375001 0.649573440625 0.638148071875
1 0.5770204765625 0.6900663640625 0.5766104828125 0.6889686359375 0.5745904546875 0.6835601765625 0.5744172859375001 0.6797504359375 0.5694210843749999 0.684321428125 0.57471881875 0.69002668125 0.5770204765625 0.6900663640625
5 0.5066361578125 0.8350336921875 0.5188045890625 0.8119913437499999 0.5198402 0.8068132890624999 0.5159566578125 0.801117428125 0.484111615625 0.7728970234375 0.47079532031250004 0.757828584375 0.4674157734375 0.7907791750000001 0.4692002390625 0.7993446125 0.46563130625 0.8164754875 0.4654082921875 0.8165167875 0.45599518906250003 0.8182599546875 0.43672295468750005 0.8164754875 0.4256592640625 0.81290655625 0.4250066890625 0.812340990625 0.423787265625 0.8306323453125 0.4248228765625 0.8396939421875 0.4486419328125 0.8461665125 0.46702403124999997 0.8316679562499999 0.47375550312500003 0.8363282062499999 0.48022807343749996 0.8358104015625001 0.4861828375 0.8376227203125 0.491101990625 0.836587109375 0.5001635875 0.8404706515625 0.5066361578125 0.8350336921875
3 0.44207190937499996 0.5747312 0.42630799531249997 0.5732562140625 0.4246174640625 0.575671259375 0.42377505781249997 0.5763030640625 0.4268660890625 0.5889644046875 0.4323006546875 0.589436975 0.44542136406250005 0.5840851078125 0.4454178640625 0.58408019375 0.44207190937499996 0.5747312
1 0.5752801140625 0.6789610374999999 0.5744172859375001 0.6797504359375 0.5745904546875 0.6835601765625 0.5785443953125 0.6941465328125 0.6083348 0.7262285078125 0.6082562499999999 0.7269354671875 0.60857634375 0.726801696875 0.6054568796875001 0.7151037046875001 0.605716834375 0.71484375 0.6441902296875 0.71484375 0.6470497390625 0.7244620984375 0.6487054203125 0.7340327421875 0.6713249515624999 0.737560559375 0.6825912187500001 0.7363950828125 0.6841451859375 0.732121671875 0.6829797109375 0.7161935015625 0.6748213796875 0.63810661875 0.6717134437500001 0.635775665625 0.6585047171875 0.6369411421875 0.649573440625 0.638148071875 0.6352098421875 0.643733915625 0.621076134375 0.6515074546874999 0.6212781515625 0.6535725109375 0.627251921875 0.684934809375 0.6033568375 0.685830875 0.5752801140625 0.6789610374999999
5 0.5402080812500001 0.8198657203125 0.5363087515625 0.8136267921875 0.535430753125 0.810602578125 0.524236409375 0.8468588875 0.5128463484375 0.87723238125 0.5090496625 0.896215815625 0.5132260171875 0.9019108453125 0.521958396875 0.9068465390625 0.5417011671874999 0.9163382562500001 0.57701035625 0.9387387078125 0.586502071875 0.9410167203125 0.589539421875 0.9387387078125 0.60776351875 0.8867240984375 0.6087698328125 0.8827637656249999 0.593002815625 0.8962234140625001 0.5232369703125 0.8962234140625001 0.522596915625 0.8741415640625 0.5305975859375 0.85301979375 0.54307200625 0.8380189109374999 0.5420277687499999 0.8341632656250001 0.5402080812500001 0.8198657203125
6 0.37858250312499997 0.6436228171875 0.38862351093749997 0.6393629953125 0.42483199843749997 0.6308433515625 0.4315260046875 0.6265835296875 0.4333516421875 0.6189767046875 0.43122173124999996 0.6068057859375 0.42295462500000003 0.5729424484375001 0.384357375 0.569331009375 0.384099309375 0.539137246875 0.38422786875 0.53626070625 0.347242384375 0.5438212765625 0.342678290625 0.5505152828125001 0.34206974375 0.5590349265625 0.359717578125 0.6347989 0.36489021875 0.6417971796875 0.371584225 0.6442313625 0.37858250312499997 0.6436228171875
5 0.4269383234375 0.4932014359375 0.3936477640625 0.4908788390625 0.3877122375 0.491394971875 0.386163840625 0.49294336875000005 0.384099309375 0.539137246875 0.384357375 0.569331009375 0.44207190937499996 0.5747312 0.435211690625 0.5555629421875 0.43251005625000005 0.532749140625 0.43311041875 0.5138377000000001 0.4361122359375 0.49972916562499997 0.43756397812500003 0.49585785 0.4269383234375 0.4932014359375
0 0.6324303296875 0.4430855546875 0.619310015625 0.44002839375 0.62185401875 0.44927931406250005 0.6454741296875001 0.5613375171875 0.6462980875000001 0.5687531328125 0.64436043125 0.5759224625 0.6672867578125 0.56561719375 0.6823817765625 0.5644850671875 0.6867495890625 0.56937701875 0.6912592625 0.574427853125 0.696413365625 0.567269378125 0.7014563625 0.536065828125 0.693576678125 0.5045470921875 0.665209815625 0.46987648125000003 0.6324303296875 0.4430855546875
6 0.436112234375 0.49972916562499997 0.43311041875 0.5138377000000001 0.43251005625000005 0.532749140625 0.435211690625 0.5555629421875 0.4454178640625 0.58408019375 0.4610273078125 0.6059934515625 0.47633656875 0.618601078125 0.4886440140625 0.6243045281249999 0.5043259328125 0.6268706609375 0.5076213359375 0.6209531078125 0.510779596875 0.6213040265625 0.5156464578125 0.6259078140625001 0.527067259375 0.624004346875 0.5288242624999999 0.6232885312499999 0.5304768328125 0.6177298859375 0.5505011203125 0.5800371078125 0.5465992453124999 0.5717743109375 0.5348552625 0.5242521499999999 0.507157603125 0.5171703625 0.471611428125 0.5107074203125 0.47120647812499994 0.5106337937500001 0.44146509062500006 0.49952162656250004 0.440157778125 0.4913509171875 0.4407139 0.4874580578125 0.436112234375 0.49972916562499997
6 0.6918161625 0.5750515796875 0.6823817765625 0.5644850671875 0.6672867578125 0.56561719375 0.64436043125 0.5759224625 0.6435515625 0.5789152750000001 0.6402557328125 0.5822111046875 0.6295442875 0.5846829765625 0.6245486031249999 0.584827778125 0.6149741343749999 0.5891314546875 0.621076134375 0.6515074546874999 0.6352098421875 0.643733915625 0.67596639375 0.6278841453124999 0.69558991875 0.6131665015625 0.698986296875 0.60599636875 0.698986296875 0.5999583609375 0.6918161625 0.5750515796875
1 0.559748309375 0.69479153125 0.5600469984374999 0.6989731703125 0.5528784734375 0.6989731703125 0.552281096875 0.6900125140625 0.5495929 0.6900125140625 0.5483981453125 0.691804646875 0.5495929 0.6989731703125 0.5388401109375 0.6989731703125 0.5298794546875001 0.667013496875 0.52659388125 0.642521034375 0.5268048859375 0.63766793125 0.5237635640625 0.63358615625 0.5107795984375 0.6213040265625 0.507621334375 0.6209531078125 0.4749859609375 0.6795564140625 0.5410038046875 0.7550409671875 0.6082562499999999 0.7269354671875 0.6083348 0.7262285078125 0.5694210843749999 0.684321428125 0.561241753125 0.691804646875 0.559748309375 0.69479153125
3 0.657707909375 0.7860715218750001 0.65904361875 0.791208865625 0.6610873296875 0.799069290625 0.664115815625 0.80235015 0.67044930625 0.7906145640625 0.6784499765625001 0.779413625 0.6784499765625001 0.742610540625 0.673649575 0.738130165625 0.6698092531250001 0.738130165625 0.6518330031249999 0.7521116937500001 0.657707909375 0.7860715218750001
3 0.593002815625 0.8962234140625001 0.619245015625 0.8738215374999999 0.6335928875 0.8573969984375 0.6311924609374999 0.8557395624999999 0.6215741125 0.8557395624999999 0.61819469375 0.854439784375 0.570882815625 0.8611986249999999 0.5565852703124999 0.8661377765625 0.5487866078125 0.85911898125 0.5485783375 0.85834998125 0.54307200625 0.8380189093749999 0.5305975859375 0.85301979375 0.522596915625 0.8741415640625 0.52323696875 0.8962234140625001 0.593002815625 0.8962234140625001
6 0.4745536375 0.72118499375 0.46563130625 0.714047128125 0.44207635312500004 0.7094075171875 0.43672295468750005 0.7122626624999999 0.42637305156250005 0.7879240296875001 0.4217334390625 0.7914929625 0.42030586562499994 0.80826694375 0.4256592640625 0.81290655625 0.43672295468750005 0.8164754890625 0.45599518906250003 0.8182599546875 0.46563130625 0.8164754890625 0.4692002390625 0.7993446125 0.4674157734375 0.7907791750000001 0.4745536375 0.72118499375
4 0.5240338343750001 0.46176010781250004 0.5453965281250001 0.466838784375 0.603898815625 0.4772972953125 0.60422564375 0.49952162656250004 0.5989963890625 0.5328581265625 0.5967085890625 0.5367800671875 0.59115250625 0.5367800671875 0.5646794046875 0.531877640625 0.5348552625 0.5242521499999999 0.54659924375 0.5717743109375 0.550501121875 0.5800371078125 0.5558653578125 0.5699397171875 0.5642286390625 0.567550209375 0.5618391296875 0.5573947984375 0.563332571875 0.5526157828125 0.605746346875 0.540966928125 0.6096292984375 0.540966928125 0.6105253625 0.5436551265625 0.614581384375 0.5851166828125 0.6295442875 0.5846829765625 0.6402557328125 0.5822111046875 0.6435515625 0.5789152750000001 0.6462980875000001 0.568753134375 0.6454741296875001 0.5613375171875 0.62185401875 0.44927931406250005 0.618832840625 0.438293215625 0.6147130546875 0.4314269046875 0.6100439625 0.42785642187499995 0.6053748703124999 0.4267578125 0.6051002171875 0.4267578125 0.5921915531249999 0.43087759999999997 0.5641770015625001 0.43170155625 0.532866621875 0.43939182499999996 0.527648225 0.44323695937499996 0.5249017 0.4476314 0.5235284390625 0.453673753125 0.5240338343750001 0.46176010781250004
6 0.59115250625 0.5367800671875 0.5967085890625 0.5367800671875 0.5989963890625 0.5328581265625 0.60422564375 0.49952162656250004 0.603898815625 0.4772972953125 0.5453965281250001 0.466838784375 0.45878699687499996 0.44624859531250005 0.4466943453125 0.449516878125 0.44342606093750003 0.45343882031250005 0.44342606093750003 0.468472928125 0.440157778125 0.4913509171875 0.4414650921875 0.49952162656250004 0.47120647812499994 0.5106337937500001 0.507157603125 0.5171703625 0.5646794046875 0.531877640625 0.59115250625 0.5367800671875
1 0.525390625 0.756696565625 0.525390625 0.797249603125 0.5316295531249999 0.7975095578125 0.5363087515625 0.8136267921875 0.5402080812500001 0.8198657203125 0.5420277687499999 0.8341632656250001 0.5487866078125 0.85911898125 0.5565852687499999 0.8661377765625 0.570882815625 0.8611986249999999 0.61819469375 0.8544397859374999 0.6215741140625 0.8557395609375 0.6311924624999999 0.8557395609375 0.6530287125 0.8708169734375 0.66420679375 0.8697771515625 0.6621271515625 0.8653579109375 0.670705678125 0.85547960625 0.672525365625 0.8476809453125 0.682663625 0.8391024187499999 0.6831835359375 0.8354630437499999 0.685783090625 0.8318236671875001 0.685783090625 0.8289641578125 0.682663625 0.8284442484375001 0.675384875 0.8333834 0.672525365625 0.83364335625 0.67148554375 0.8320836234375 0.6675862140625 0.813886746875 0.6655065718750001 0.8107672828125001 0.66420679375 0.8024487109375 0.6610873296875 0.799069290625 0.657707909375 0.7860715218750001 0.6470497390625 0.7244620984375 0.6441902296875 0.71484375 0.605716834375 0.71484375 0.6054568796875001 0.7151037046875001 0.60857634375 0.726801696875 0.5389083046875001 0.7559167 0.529809865625 0.7577363859374999 0.525390625 0.756696565625
5 0.6033568375 0.685830875 0.627251921875 0.684934809375 0.6212781515625 0.6535725109375 0.6105253625 0.5436551265625 0.6096292984375 0.540966928125 0.605746346875 0.540966928125 0.563332571875 0.5526157828125 0.5618391296875 0.5573947984375 0.5642286390625 0.567550209375 0.5558653578125 0.5699397171875 0.53047683125 0.6177298859375 0.5271912578125 0.6287813625 0.52659388125 0.642521034375 0.5298794546875001 0.667013496875 0.5388401109375 0.6989731703125 0.5495929 0.6989731703125 0.5483981453125 0.691804646875 0.5495929 0.6900125140625 0.552281096875 0.6900125140625 0.5528784734375 0.6989731703125 0.5600469984374999 0.6989731703125 0.559748309375 0.69479153125 0.561241753125 0.691804646875 0.5752801140625 0.6789610374999999 0.6033568375 0.685830875