6 0.4656335421875 0.4411361734375 0.464788 0.4450820375 0.464928678125 0.445089853125 0.467280134375 0.4381423703125 0.4656335421875 0.4411361734375
1 0.7025826453125 0.4740223765625 0.699678928125 0.48948782812499997 0.7029095796875 0.48728152968750005 0.7075431765625 0.4780143359375 0.72276785 0.47073297031249994 0.72442270625 0.4664303453125 0.7290563031249999 0.4624586921875 0.7300492171874999 0.4591489796875 0.7260775625 0.4574941234375 0.7154864859375001 0.461465778125 0.7121767734375 0.46080383593749996 0.711183859375 0.4584870375 0.7121767734375 0.43498808437500003 0.7105219171875 0.4303544875 0.711183859375 0.4194324390625 0.708536090625 0.414467871875 0.708536090625 0.3972573703125 0.7141626 0.317824290625 0.712838715625 0.2943253375 0.7091980328124999 0.291015625 0.66716469375 0.291015625 0.665840809375 0.29366339375 0.665840809375 0.3092190390625 0.591037671875 0.320465665625 0.5893478671875 0.3790455765625 0.6017369046875001 0.38115435 0.620298825 0.3955913984375 0.6223612609375 0.405216096875 0.6175489109375001 0.4151845359375 0.620986303125 0.42343427812499995 0.6278610890625 0.429277846875 0.6302672640625 0.4368401109375 0.6290724453125 0.44042456406249997 0.6456770734374999 0.44673432343749997 0.7032482078125 0.4660356296875 0.7045793328125 0.4693634390625 0.7025826453125 0.4740223765625
3 0.5518240734375001 0.7491998171875001 0.5534550578124999 0.75875273125 0.5560483921875 0.749027734375 0.5560483921875 0.74276685625 0.5547187359375 0.7398120671874999 0.5549410375 0.7435170859375 0.55402861875 0.7483833171875001 0.5518240734375001 0.7491998171875001
1 0.437484615625 0.450923090625 0.438182296875 0.45476034218750006 0.445251353125 0.456225878125 0.45174981406250003 0.45554182968749996 0.45221032499999997 0.450245940625 0.457710153125 0.44818350625000003 0.45874137187499997 0.44474611406250003 0.46386041406249995 0.4450305046875 0.4423819421875 0.42293836249999994 0.42803976875 0.43867977187499996 0.437484615625 0.450923090625
5 0.56317736875 0.5679492921875 0.573780421875 0.5533243921875 0.6172894984374999 0.541624471875 0.622773834375 0.5441838296875 0.62789255 0.5657555578125 0.6267956828125001 0.5796492125 0.624236325 0.5833054359375 0.5873084546875 0.6012209390625001 0.5767054015624999 0.6023178062500001 0.5657367265625 0.5975647140625 0.5562305421875 0.6004896937499999 0.54507019375 0.6064186281249999 0.5531250296875 0.6069460296875 0.594194465625 0.6053032515625001 0.6363838546875 0.606230490625 0.6281754234375 0.539849253125 0.6293248859375 0.535634553125 0.6347985875 0.5348525953125 0.619720146875 0.5282656984375 0.5524983609375 0.5016432078124999 0.5508344562499999 0.49798261562499996 0.55528480625 0.4750536375 0.5340575890625 0.48083596249999994 0.5350706234375 0.48919349843750004 0.530012525 0.542664834375 0.530012525 0.5768781578125 0.5587899000000001 0.5701430281250001 0.56317736875 0.5679492921875
1 0.44692279687500003 0.48903349531250007 0.44799905625 0.46643205 0.45125069218749997 0.4573997296875 0.4516150671875 0.45709141249999996 0.45174981406250003 0.45554182968749996 0.445251353125 0.456225878125 0.4169594484375 0.450360484375 0.400398334375 0.4434600203125 0.39625805625 0.4448401140625 0.38418224375 0.4434600203125 0.38176708125 0.44518513593750003 0.374866615625 0.47727229531250004 0.3717614078125 0.4852078296875 0.3707325828125 0.49421004531249996 0.4135543046875 0.4980822234375 0.425617721875 0.49591699375 0.434030990625 0.49585856875 0.44692279687500003 0.48903349531250007
3 0.3940767390625 0.6814043390625 0.3943273765625 0.691429821875 0.3873324234375 0.7108249203125 0.386378565625 0.7248148265625 0.3898760421875 0.737850875 0.39464532812500003 0.7454817328125001 0.41713974531250003 0.7454817328125001 0.4192722921875 0.7321177750000001 0.4277400953125 0.7129969296875001 0.4362673828125 0.6998183953125 0.43756890468750004 0.6898400609374999 0.44215502031250004 0.6739415265625001 0.442298115625 0.67119588125 0.42066862812499994 0.6697539156250001 0.414172940625 0.6666607328125 0.404274753125 0.6672793687499999 0.3940434015625 0.6649182875 0.39385799375 0.6654848078125 0.39568094062500003 0.6680369328125 0.3966479625 0.6696486375 0.396970303125 0.6702933171875001 0.396970303125 0.6712603390625 0.39696339531249997 0.6712810625000001 0.40229775781250005 0.6806395921874999 0.3940767390625 0.6814043390625
3 0.5328021828125 0.38931405625000004 0.5516979828124999 0.3854082203125 0.5497292453125 0.37806646875 0.5328021828125 0.38931405625000004
5 0.349525403125 0.49344244687499994 0.3439576734375 0.49870085937499997 0.33313152968750004 0.5129295046875 0.324779934375 0.519734509375 0.309314015625 0.539221565625 0.3101246171875 0.5447336546875 0.3112276828125 0.54296875 0.39858200625 0.54296875 0.398904346875 0.5561847171875 0.399549028125 0.5606974874999999 0.4011607328125 0.5635985531250001 0.40150507968750004 0.5639429 0.414054359375 0.564243234375 0.4147642328125 0.5643852093749999 0.4024016203125 0.5210147328125 0.40306824218750004 0.51268195625 0.40573473125000004 0.5080156015624999 0.42806657187499997 0.4990162015625 0.434030990625 0.49585856875 0.425617721875 0.49591699375 0.4135543046875 0.4980822234375 0.3554024515625 0.4928238109375 0.349525403125 0.49344244687499994
5 0.4063181828125 0.5681113234375 0.40438413906250004 0.566821959375 0.40150507968750004 0.5639429 0.31125835 0.5617830765625 0.415177853125 0.5962003874999999 0.414054359375 0.564243234375 0.4085745671875 0.5677889828125 0.4063181828125 0.5681113234375
5 0.3881317984375 0.655618853125 0.3895564671875 0.6573996906249999 0.3904471359375 0.659849028125 0.3928755015625 0.6641093171875 0.3933368765625 0.66475524375 0.404274753125 0.6672793687499999 0.414172940625 0.6666607328125 0.42066862812499994 0.6697539156250001 0.442298115625 0.67119588125 0.44271357499999997 0.6632242671874999 0.465932396875 0.6595617734375 0.47046888437499995 0.647173675 0.4702213140625 0.644821753125 0.45739266875 0.63840743125 0.4487216421875 0.6282912328125 0.44786675468750003 0.6221645390625 0.4456437453125 0.6235539203125 0.4424203390625 0.6251656234375 0.43468416249999997 0.631934778125 0.42759266875 0.6367698875000001 0.42436926093749994 0.6393486125 0.416955425 0.6467624484375001 0.41373201875000004 0.6493411734375 0.411475634375 0.6515975593750001 0.41018627187499995 0.6525645796874999 0.4092192484375 0.6528869203125 0.408252228125 0.6528869203125 0.398904346875 0.6512752171875 0.3940692375 0.6509528765625 0.3879447640625 0.6509528765625 0.3869790015625 0.6509528765625 0.38697063125 0.6509741859375 0.3881317984375 0.655618853125
5 0.416955425 0.6467624484375001 0.42436926093749994 0.6393486125 0.42759266875 0.6367698875000001 0.43468416249999997 0.631934778125 0.4424203390625 0.6251656234375 0.4456437453125 0.6235539203125 0.44786675468750003 0.6221645390625 0.446553884375 0.6127556421875 0.44713363125 0.60869741875 0.446593665625 0.606605053125 0.4436635421875 0.60191685625 0.44254725937500006 0.5910330953125 0.44164555625 0.5877268515625 0.4343994828125 0.5923433015625 0.4283998828125 0.595009790625 0.42273359531250004 0.5923433015625 0.4147642328125 0.5643852093749999 0.414054359375 0.564243234375 0.4085745671875 0.5677889828125 0.4063181828125 0.5681113234375 0.40438413906250004 0.566821959375 0.4011607328125 0.5635985531250001 0.399549028125 0.5606974874999999 0.398904346875 0.5561847171875 0.39858200625 0.54296875 0.3112276828125 0.54296875 0.3096159796875 0.545547475 0.30897129843750004 0.5481262015625 0.30929363906249996 0.5555400359375 0.30897129843750004 0.55876344375 0.3080042765625 0.561019828125 0.3083266171875 0.5635985531250001 0.30897129843750004 0.564565575 0.31074321718750003 0.566928134375 0.3145375921875 0.5456619875000001 0.3407420359375 0.5513478562499999 0.3647215734375 0.558764209375 0.40081448750000004 0.5787883593750001 0.3929037125 0.6277362828124999 0.389689959375 0.64405225625 0.3877097375 0.649092821875 0.3881831109375 0.6509528765625 0.3940692375 0.6509528765625 0.398904346875 0.6512752171875 0.408252228125 0.6528869203125 0.4092192484375 0.6528869203125 0.41018627187499995 0.6525645796874999 0.411475634375 0.6515975593750001 0.41373201875000004 0.6493411734375 0.416955425 0.6467624484375001
5 0.3684297515625 0.683606134375 0.37040744375 0.683606134375 0.380467659375 0.6826703000000001 0.396571059375 0.6705927515625 0.3928755015625 0.6641093171875 0.3947263390625 0.6667004921874999 0.3904471359375 0.659849028125 0.3881831109375 0.6509528765625 0.3879447640625 0.6509528765625 0.3869790015625 0.6509528765625 0.3877097375 0.649092821875 0.3647215734375 0.558764209375 0.3407556765625 0.670207659375 0.34642790625000003 0.6719871828125 0.35260820000000004 0.6771786296875 0.36669926875000003 0.6806395921874999 0.3684297515625 0.683606134375
5 0.4959857078125 0.654821221875 0.44271357499999997 0.6632242671874999 0.441053965625 0.6950680078125 0.4523240390625 0.6845888171875 0.4646160109375 0.6791257171875 0.488380490625 0.6753015484375 0.498183409375 0.677357 0.49825626562499997 0.6729856812499999 0.4959857078125 0.654821221875
6 0.42806657187499997 0.4990162015625 0.40573473125000004 0.5080156015624999 0.40306824218750004 0.51268195625 0.4024016203125 0.5210147328125 0.42273359531250004 0.5923433015625 0.4283998828125 0.595009790625 0.4343994828125 0.5923433015625 0.4422411828125 0.5873473796875001 0.44692279687500003 0.48903349531250007 0.42806657187499997 0.4990162015625
6 0.52405183125 0.39112278749999996 0.49895886562499997 0.3997162703125 0.48177190156250005 0.4096847078125 0.4724909421875 0.4227468 0.464928678125 0.4450898515625 0.45874137187499997 0.4447461125 0.457710153125 0.44818350625000003 0.45221032499999997 0.450245940625 0.4516150671875 0.45709141249999996 0.455947496875 0.453425509375 0.4736508453125 0.451257753125 0.5029155640625 0.4566771453125 0.526038303125 0.4671546375 0.5314576953125 0.4722127359375 0.533625453125 0.47727083593749997 0.5340575890625 0.48083596249999994 0.55528480625 0.4750536375 0.5657854671875 0.420952409375 0.5658906859374999 0.42041030468749996 0.558218384375 0.40972388437499996 0.5516979828124999 0.3854082203125 0.52405183125 0.39112278749999996
5 0.2984688296875 0.625264165625 0.29525507812499996 0.63218609375 0.321459521875 0.6608626546874999 0.3338201078125 0.6680317953125 0.34642790625000003 0.6719871828125 0.35260820000000004 0.6771786296875 0.36669926875000003 0.6806395921874999 0.3684297515625 0.683606134375 0.37040744375 0.683606134375 0.40229775781250005 0.6806395921874999 0.3882066890625 0.6559184203124999 0.38697063125 0.6509741859375 0.389689959375 0.64405225625 0.3929037125 0.6277362828124999 0.40081448750000004 0.5787883593750001 0.3647215734375 0.558764209375 0.3407420359375 0.5513478562499999 0.3145375921875 0.5456619875000001 0.3039074890625 0.6052400140625 0.2984688296875 0.625264165625
5 0.7045793328125 0.4693634390625 0.7032482078125 0.4660356296875 0.6456770734374999 0.44673432343749997 0.624959440625 0.4388616234375 0.625804390625 0.4415501 0.623658803125 0.4508476453125 0.6243739984375 0.4558540171875 0.6401083078124999 0.4637211703125 0.644041884375 0.4780250875 0.6433266890625 0.48088587031249996 0.6283075765625 0.47730989218750003 0.6018453296875 0.484819446875 0.593620578125 0.48124346874999996 0.576813475 0.4565692125 0.572164703125 0.44441088281249996 0.5682311265625 0.42367020312500003 0.5658906859374999 0.420410303125 0.5508344562499999 0.49798261562499996 0.5524983609375 0.5016432078124999 0.619720146875 0.5282656984375 0.682948559375 0.5558865296875 0.687274715625 0.55555375 0.7025826453125 0.4740223765625 0.7045793328125 0.4693634390625
3 0.5069827578125 0.6039248078125 0.505409015625 0.5946397343750001 0.506505884375 0.5833054359375 0.5094308640625 0.5781867218750001 0.5244213859375 0.5781867218750001 0.530012525 0.5768781578125 0.530012525 0.542664834375 0.5350706234375 0.48919349843750004 0.533625453125 0.47727083593749997 0.531457696875 0.4722127359375 0.526038303125 0.4671546375 0.5029155640625 0.4566771453125 0.4736508453125 0.451257753125 0.4559474984375 0.453425509375 0.45125069218749997 0.4573997296875 0.44799905625 0.46643205 0.44221837031250005 0.5878264375 0.4436635421875 0.60191685625 0.44727647031249995 0.6076975421874999 0.446553884375 0.6127556421875 0.4487216421875 0.6282912328125 0.45739266875 0.63840743125 0.475457309375 0.6474397515625 0.4942445359375 0.6514139734375 0.49554254062499997 0.6512758875 0.4949707109375 0.6467012421875 0.4966134875 0.6319162453125 0.4952992671875 0.6056318078125 0.497927709375 0.60333191875 0.5069827578125 0.6039248078125
3 0.6267956828125001 0.5796492125 0.62789255 0.5657555578125 0.622773834375 0.5441838296875 0.6172894984374999 0.541624471875 0.573780421875 0.5533243921875 0.56317736875 0.5679492921875 0.5587899000000001 0.5701430281250001 0.5244213859375 0.5781867218750001 0.5094308640625 0.5781867218750001 0.506505884375 0.5833054359375 0.505409015625 0.5946397343750001 0.5069827578125 0.6039248078125 0.54507019375 0.6064186281249999 0.5562305421875 0.6004896937499999 0.5657367265625 0.5975647140625 0.5767054015624999 0.6023178062500001 0.5873084546875 0.6012209390625001 0.624236325 0.5833054359375 0.6267956828125001 0.5796492125
5 0.497927709375 0.60333191875 0.4952992671875 0.6056318078125 0.4966134875 0.6319162453125 0.4949707109375 0.6467012421875 0.49825626562499997 0.6729856812499999 0.498183409375 0.677357 0.505316096875 0.6788525625 0.518427534375 0.687320365625 0.526217828125 0.6944429203125 0.5289453703125 0.6946110562500001 0.5280359734375 0.6904278359375 0.533658709375 0.660908478125 0.543849915625 0.6370118546875 0.5533382812500001 0.62717206875 0.5642323296875 0.629632015625 0.6499790359375 0.6668826343750001 0.6549848640625 0.6691959328125 0.6559628953125001 0.6519581296875 0.6539915625 0.6066174734375 0.594194465625 0.6053032515625001 0.5531250296875 0.6069460296875 0.497927709375 0.60333191875
5 0.6401083078124999 0.4637211703125 0.6243739984375 0.4558540171875 0.623658803125 0.4508476453125 0.625804390625 0.4415501 0.6218708140625 0.429034171875 0.6143612578125001 0.42438539999999997 0.6018453296875 0.42223981093749996 0.5971965578125 0.4186638328125 0.5900445984375 0.420094225 0.588256609375 0.4168758421875 0.591474990625 0.3053052921875 0.588256609375 0.30351730312499997 0.561436765625 0.30673568281249997 0.5564303953125 0.299583725 0.5521392203125 0.29922612656249997 0.5313985406249999 0.3128148484375 0.5313985406249999 0.3174636203125 0.5410536828125 0.34571385625 0.558218384375 0.40972388437499996 0.5682311265625 0.42367020312500003 0.572164703125 0.44441088281249996 0.576813475 0.4565692125 0.593620578125 0.48124346874999996 0.6018453296875 0.484819446875 0.6283075765625 0.47730989218750003 0.6433266890625 0.48088587031249996 0.644041884375 0.4780250875 0.6401083078124999 0.4637211703125
6 0.5421920140625 0.717367409375 0.5369146 0.709451290625 0.5315501828125 0.7065931984375 0.5298764625 0.6988940828125 0.5279879578125 0.6960613234374999 0.518427534375 0.687320365625 0.505316096875 0.6788525625 0.488380490625 0.6753015484375 0.4646160109375 0.6791257171875 0.4523240390625 0.6845888171875 0.4367542078125 0.6990660281250001 0.4277400953125 0.7129969296875001 0.4192722921875 0.7321177750000001 0.41517496718749997 0.7577943406250001 0.41572127812500004 0.7831977484375 0.41981860156249995 0.801772284375 0.4730838140625 0.801772284375 0.550659815625 0.8001333546874999 0.553937675 0.7780078046875001 0.5536645203125 0.7599795796875 0.5498403515625 0.7375808734375 0.5421920140625 0.717367409375
3 0.5280359734375 0.6904278359375 0.5315501828125 0.7065931984375 0.5744235375 0.7294355593749999 0.684066865625 0.7800401734375 0.6970694421875 0.7810944359375 0.7048007015625 0.7786344890625 0.7128833828125 0.773363175 0.72166890625 0.76211770625 0.72483169375 0.716432984375 0.7128833828125 0.698159096875 0.6963666 0.6883193109375 0.6499790359375 0.6668826343750001 0.5642323296875 0.629632015625 0.5533382812500001 0.62717206875 0.543849915625 0.6370118546875 0.533658709375 0.660908478125 0.5280359734375 0.6904278359375