6 0.453272871875 0.45037562031249995 0.45333662812500003 0.45441055781250006 0.4534754578125 0.454386528125 0.45420380312499997 0.4470881453125 0.453272871875 0.45037562031249995
1 0.710474675 0.42137122031249996 0.7111192375 0.416806609375 0.7147406484375 0.41189441718750003 0.714963590625 0.408446175 0.7107214671875 0.4077271609375 0.7012952671875 0.41397949531249995 0.6979214781249999 0.41407904218749997 0.6964328453124999 0.4120449796875 0.692114196875 0.388924946875 0.689459421875 0.3847823703125 0.6876474734375 0.37399134843750004 0.68395078125 0.369749640625 0.6800792609374999 0.35298024375 0.6676930078125001 0.2743173390625 0.661116940625 0.25171847187499996 0.6568250453125 0.24931256249999997 0.61586901875 0.25876800625 0.6151746828125 0.2616457234375 0.6186739421875 0.27680267812500003 0.54831794375 0.3045880984375 0.5598490625 0.362046734375 0.572394940625 0.3613145328125 0.5937287484375 0.3712060359375 0.5979034109375 0.3801201078125 0.5954568124999999 0.3909156 0.6006618921875 0.39818065625 0.6086749953124999 0.4023279640625 0.6127206390625 0.40915513593749997 0.6123627703125 0.41291649531249996 0.629961209375 0.41532930781250005 0.6903986484375 0.4211852359375 0.6924442515625 0.424128315625 0.691546771875 0.4291170015625 0.6921964453125 0.44483926875 0.6948479875 0.4419627796875 0.6972781593749999 0.4318907703125 0.710474675 0.42137122031249996
3 0.607262275 0.7213566625000001 0.608312328125 0.7249167140624999 0.6085179578125001 0.7298634734375 0.6065535875 0.7311549625 0.6102917078125001 0.74009614375 0.6106309265625 0.730037025 0.6092225359375 0.7239366125 0.607262275 0.7213566625000001
1 0.44224294375 0.462271471875 0.4471378640625 0.45902470468749995 0.4473694078125 0.45544343906250007 0.45242122343749996 0.45456900781250004 0.4265235921875 0.437874690625 0.41609005468750004 0.4564389359375 0.428046978125 0.4662438296875 0.42958997187500003 0.46982578906250005 0.43680752187499994 0.46966357187499996 0.4429855515625 0.46753522031249994 0.44224294375 0.462271471875
5 0.6394064546875 0.5353006828125 0.6414630921875 0.5490849859375 0.6397918015624999 0.55322323125 0.6078405015625 0.5789865234375 0.5977559453125 0.582440446875 0.585999184375 0.580276590625 0.5773946203125 0.5852650296874999 0.5678540296875 0.5935525375 0.5758210609375001 0.592254478125 0.6154683453125 0.5814151921875 0.65678500625 0.5728281187500001 0.6338544265625 0.5099947234375 0.634026328125 0.5056294718750001 0.6391838359375 0.503636240625 0.6230101265625 0.5006100765625 0.5515224734374999 0.48979153125 0.549077759375 0.48659905625000005 0.54825615 0.4632566359375 0.528873725 0.4736658453125 0.5317408312499999 0.48158129531249994 0.5388408046875 0.5348199890625 0.546537128125 0.5681564265625 0.5730618671875 0.5551204171874999 0.5768434015625 0.551995940625 0.5838848125 0.5353607078125 0.6236468453125 0.51417324375 0.6295663484375 0.5154332968750001 0.6394064546875 0.5353006828125
1 0.4429855515625 0.46753522031249994 0.43680752187499994 0.46966357187499996 0.4079213109375 0.47031280156250005 0.390232390625 0.4673146359375 0.38650868125 0.46959071874999997 0.3744319171875 0.4709624625 0.372466721875 0.47318665781249997 0.3729611546875 0.5060036921875 0.371720640625 0.5144343578125 0.3727432421875 0.5234372828125 0.415338496875 0.5175774265624999 0.42660565781250004 0.5127540125000001 0.43479015312499997 0.5108045109375 0.44581623593749997 0.5012543390624999 0.441780690625 0.47899006093749996 0.44291715781249996 0.4694577796875 0.4432028375 0.4690753984375 0.4429855515625 0.46753522031249994
3 0.44620331718750006 0.7565272734375 0.45256693593749997 0.7628896968750001 0.4744848234375 0.757829553125 0.4735564765625 0.74432839375 0.4775059953125 0.7237927734375 0.4828502046875 0.7090337828125 0.48187373125 0.6990184125 0.4827659125 0.68249570625 0.4822877046875 0.6797882421875 0.4608882078125 0.683248809375 0.453863190625 0.6816961171875 0.4443578546875 0.6845255046875 0.43385760468749995 0.6845264906249999 0.4338043890625 0.6851201984374999 0.43615471718750004 0.6871968390625 0.4374595078125 0.688549703125 0.43791860937499993 0.68910535 0.43813614218749997 0.6900475859374999 0.438134071875 0.6900693328124999 0.4454369265625 0.6979880328125 0.4375986421875 0.70058250625 0.4400981 0.71029465625 0.43764537499999995 0.73076618125 0.4398630078125 0.7446120984375 0.44620331718750006 0.7565272734375
3 0.524595425 0.376715684375 0.5210256109375 0.3700049703125 0.5070625453125001 0.38477204375 0.524595425 0.376715684375
5 0.3230242171875 0.5811113328124999 0.32505399375 0.5862998015625001 0.3257317703125 0.5843319953125 0.41084720781249995 0.5646815484375 0.4141342328125 0.5774862796875 0.41577754375 0.5817383671874999 0.4180005390625 0.5842025234375 0.4184135203125 0.584460584375 0.43070872343750005 0.5819302468750001 0.43143234062499997 0.581908896875 0.40963034687500005 0.5424309843749999 0.408405415625 0.5341618203125 0.4099538625 0.529015234375 0.4296889140625 0.5152229171875 0.43479015312499997 0.5108045109375 0.42660565781250004 0.5127540125000001 0.415338496875 0.5175774265624999 0.3574941859375 0.5255351078125 0.351906928125 0.5274599359375001 0.347664784375 0.5338360421874999 0.3403168640625 0.5501353609375 0.3337101125 0.558644653125 0.3230242171875 0.5811113328124999
5 0.4389922171875 0.612815609375 0.43070872343750005 0.5819302468750001 0.42616699843749994 0.586617803125 0.42404095625 0.5874394578125 0.4218664375 0.58661820625 0.4184135203125 0.584460584375 0.32999395468750004 0.6026572140625001 0.4389922171875 0.612815609375
5 0.43313251093750005 0.684526559375 0.4443578546875 0.6845255046875 0.453863190625 0.6816961171875 0.4608882078125 0.683248809375 0.4822877046875 0.6797882421875 0.48089929375 0.67192748125 0.5026991359374999 0.663135759375 0.5043326390625 0.650044678125 0.5035623453125 0.647808728125 0.4896195890625 0.644444621875 0.47889515156250007 0.6365382578125 0.47668396875 0.6307608984375 0.4748304765625 0.6326147375 0.47205224062499995 0.6349102421875 0.4660370703125 0.6432461640625 0.46021499375 0.6495525890625 0.45765428906250005 0.6527903312500001 0.4520982203125 0.6616819015625001 0.449537515625 0.6649196421875 0.4478465390625 0.6676257734375 0.44680775468749995 0.6688580515625 0.4459380265625 0.6693896640625 0.44499579218749996 0.669607196875 0.43552494218750004 0.6701396171875 0.4307412453125 0.6709132015625 0.42477374062499995 0.6722909078125 0.42383273125 0.6725081562499999 0.42382936875 0.672530803125 0.42600559843749997 0.676795221875 0.4277943546875 0.6782099359375 0.4292131765625 0.680396140625 0.432537659375 0.684000975 0.43313251093750005 0.684526559375
5 0.47205224062499995 0.6349102421875 0.4748304765625 0.6326147375 0.47668396875 0.6307608984375 0.4732882046875 0.6218884828125 0.47294019218749994 0.61780385625 0.4719433859375 0.615886584375 0.46803374687500005 0.6119776796874999 0.4644977609375 0.601623978125 0.462875425 0.5986053109375 0.45685354218749996 0.6047334546875 0.4516075421875 0.6086812171875 0.44548665156249995 0.6073577078125 0.43143234062499997 0.581908896875 0.43070872343750005 0.5819302468750001 0.42616699843749994 0.586617803125 0.42404095625 0.5874394578125 0.4218664375 0.58661820625 0.4180005390625 0.5842025234375 0.41577754375 0.5817383671874999 0.4141342328125 0.5774862796875 0.41084720781249995 0.5646815484375 0.3257317703125 0.5843319953125 0.3247414625 0.5872071828125 0.32469339218750004 0.5898648375 0.32667522031249996 0.5970161453125 0.32708624999999997 0.6002294484374999 0.3266515890625 0.602645534375 0.32754575468749997 0.60508565625 0.3283914453125 0.605882871875 0.3306494109375 0.6077862828125 0.32956269374999997 0.5862116375 0.35637456093750003 0.5858570609375 0.381407821875 0.5876891109375 0.4210801296875 0.5990809046875001 0.4243829953125 0.6485538328125 0.42492190625 0.665174565625 0.42412631718749993 0.6705313953125 0.4250059796875 0.672237290625 0.4307412453125 0.6709132015625 0.43552494218750004 0.6701396171875 0.44499579218749996 0.669607196875 0.4459380265625 0.6693896640625 0.44680775468749995 0.6688580515625 0.4478465390625 0.6676257734375 0.449537515625 0.6649196421875 0.4520982203125 0.6616819015625001 0.45765428906250005 0.6527903312500001 0.46021499375 0.6495525890625 0.4660370703125 0.6432461640625 0.47205224062499995 0.6349102421875
5 0.432537659375 0.684000975 0.43492394687499997 0.686109390625 0.4292131765625 0.680396140625 0.4250059796875 0.672237290625 0.42477374062499995 0.6722909078125 0.42383273125 0.6725081562499999 0.42412631718749993 0.6705313953125 0.381407821875 0.5876891109375 0.383125490625 0.7016674265625 0.389052646875 0.7021253671875 0.3962423625 0.70579349375 0.41075082500000004 0.7059959515625 0.41310428125 0.7084971875 0.4150312859375 0.708052303125 0.42462314218749997 0.7048773984375 0.43759695625 0.6894869203125 0.432537659375 0.684000975
5 0.50581741875 0.6824944015625001 0.5281125656250001 0.6734224015625 0.5381266124999999 0.6732199953125 0.53721426875 0.668944325 0.530915790625 0.6517561828125 0.48089929375 0.67192748125 0.486445503125 0.7033284 0.4950694203125 0.690582575 0.50581741875 0.6824944015625001
6 0.44548665156249995 0.6073577078125 0.4516075421875 0.6086812171875 0.45685354218749996 0.6047334546875 0.4633704234375 0.598101578125 0.44581623593749997 0.5012543390624999 0.4296889140625 0.5152229171875 0.4099538625 0.529015234375 0.408405415625 0.5341618203125 0.40963034687500005 0.5424309843749999 0.44548665156249995 0.6073577078125
6 0.4534754578125 0.45438652656249995 0.4473694078125 0.45544343749999994 0.4471378640625 0.45902470468749995 0.44224294375 0.462271471875 0.4432028375 0.4690753984375 0.446599578125 0.46452886718749997 0.46336155312500005 0.458434284375 0.4930953171875 0.4571316484375 0.51798234375 0.46213911875 0.5244006625 0.46584847968750004 0.5276506859375 0.47028930156250004 0.528873725 0.4736658453125 0.54825615 0.4632566359375 0.5463175515625001 0.40817988437499997 0.5462981265625 0.40762800468749993 0.53641854375 0.39894136874999997 0.524595425 0.376715684375 0.498943340625 0.38850281875000003 0.47642661875 0.402520740625 0.461922565625 0.4160999125 0.45581780937499994 0.4309149859375 0.4534754578125 0.45438652656249995
5 0.389052646875 0.7021253671875 0.3962423625 0.70579349375 0.41075082500000004 0.7059959515625 0.41310428125 0.7084971875 0.4150312859375 0.708052303125 0.4454369265625 0.6979880328125 0.4261459578125 0.6770702640625 0.42382936875 0.672530803125 0.42492190625 0.665174565625 0.4243829953125 0.6485538328125 0.4210801296875 0.5990809046875001 0.381407821875 0.5876891109375 0.35637456093750003 0.5858570609375 0.32956269374999997 0.5862116375 0.3326071796875 0.6466539359375 0.3318123671875 0.667388303125 0.330238078125 0.674855759375 0.36222172656249996 0.6969026234375 0.37587821718750003 0.70110749375 0.389052646875 0.7021253671875
5 0.6094316656250001 0.4147483375 0.6094325625 0.42429023906249996 0.611255615625 0.42900741406250004 0.6283563796875 0.43313348281249997 0.6354068203125001 0.4461859296875 0.6353534921875 0.449134275 0.6199148984375 0.4490285140625 0.595820159375 0.46229830937500005 0.5870017875 0.46066415000000005 0.5650749484375 0.44040306874999996 0.5578102953124999 0.42960210156249995 0.5493118984375001 0.4102778671875 0.5462981250000001 0.40762800312499997 0.549077759375 0.48659905625000005 0.5515224734374999 0.48979153125 0.6230101265625 0.5006100765625 0.6908313328125 0.513299690625 0.6949717515625 0.512002265625 0.691546771875 0.4291170015625 0.6924442515625 0.424128315625 0.6903986484375 0.4211852359375 0.629961209375 0.41532930781250005 0.6080035953125 0.4123188375 0.6094316656250001 0.4147483375
3 0.541383653125 0.570689184375 0.546537128125 0.5681564265625 0.5388408046875 0.5348199890625 0.5317408312499999 0.48158129531249994 0.5276506859375 0.47028930156250004 0.5244006640625 0.46584847968750004 0.51798234375 0.46213911875 0.4930953171875 0.4571316484375 0.46336155312500005 0.458434284375 0.4465995796875 0.46452886718749997 0.44291715781249996 0.4694577796875 0.441780690625 0.47899006093749996 0.46345595937499995 0.598573490625 0.46803374687500005 0.6119776796874999 0.472854446875 0.616797475 0.4732882046875 0.6218884828125 0.47889515156250007 0.6365382578125 0.4896195890625 0.644444621875 0.5092530640625 0.649181784375 0.5284527812500001 0.648827940625 0.5296864546875 0.64840140625 0.5281002109374999 0.6440726421875 0.5263749828125001 0.629297040625 0.5191817328125 0.60398190625 0.521225446875 0.6011496921874999 0.5301817859375 0.5996904437499999 0.526559690625 0.5909973609375 0.525078784375 0.5797068171875 0.5267773375 0.57406131875 0.541383653125 0.570689184375
3 0.5838848125 0.5353607078125 0.5768434015625 0.551995940625 0.5730618671875 0.5551204171874999 0.541383653125 0.570689184375 0.5267773375 0.57406131875 0.525078784375 0.5797068171875 0.526559690625 0.5909973609375 0.5301817859375 0.5996904437499999 0.5678540296875 0.5935525375 0.5773946203125 0.5852650296874999 0.585999184375 0.580276590625 0.5977559453125 0.582440446875 0.6078405015625 0.5789865234375 0.6397918015624999 0.55322323125 0.6414630921875 0.5490849859375 0.6394064546875 0.5353006828125 0.6295663484375 0.5154332968750001 0.6236468453125 0.51417324375 0.5838848125 0.5353607078125
5 0.53721426875 0.668944325 0.5381266124999999 0.6732199953125 0.5454129187500001 0.673072721875 0.5600931515625 0.6783740640625 0.56928600625 0.6835616328125 0.5719814640625 0.6831118953125 0.57015435625 0.6792404609375 0.5689925703125 0.6492128421875 0.57354700625 0.623636165625 0.580578715625 0.6119141546875 0.5917469171875 0.6118604249999999 0.6836755078125 0.6288675015625 0.689073415625 0.62999544375 0.6861487171875 0.612979434375 0.6740284812499999 0.5692443093749999 0.6154683453125 0.5814151921875 0.5758210609375001 0.592254478125 0.521225446875 0.6011496921874999 0.5191817328125 0.60398190625 0.5263749828125001 0.629297040625 0.5281002109374999 0.6440726421875 0.53721426875 0.668944325
5 0.602783434375 0.40343805312500003 0.5944206015625 0.40059771250000004 0.5817428046875001 0.4013225859375 0.576408759375 0.3988840046875 0.5697618734375001 0.40188657812499995 0.56729573125 0.3991528921875 0.5453337125 0.289717909375 0.5417956078125 0.28869972499999996 0.5163871328125 0.2978687703125 0.5099002359375 0.2920263046875 0.5056386015625 0.292643175 0.4884863015625 0.31054925624999996 0.48953204687499996 0.31507888125 0.5052946484375 0.34043313125 0.53641854375 0.39894136874999997 0.5493118984375001 0.4102778671875 0.5578102953124999 0.42960210156249995 0.5650749484375 0.44040306874999996 0.5870017875 0.46066415000000005 0.595820159375 0.46229830937500005 0.6199148984375 0.4490285140625 0.6353534921875 0.449134275 0.6354068203125001 0.4461859296875 0.6283563796875 0.43313348281249997 0.611255615625 0.42900741406250004 0.6094325625 0.42429023906249996 0.6094316656250001 0.4147483375 0.602783434375 0.40343805312500003
6 0.5713748296875 0.6847403640625 0.5600931515625 0.6783740640625 0.5454129187500001 0.673072721875 0.5281125656250001 0.6734224015625 0.50581741875 0.6824944015625001 0.4950694203125 0.690582575 0.48315530625 0.7081911859375001 0.4775059953125 0.7237927734375 0.4735564765625 0.74432839375 0.4753401359375 0.7702685687499999 0.48158696875 0.7948979953124999 0.48975763906249997 0.8120747703125 0.5416576671875 0.8000927046875 0.616876721875 0.7810449765625 0.6150934046875001 0.7587491453124999 0.6107717828125 0.7412444296875 0.6020070140625 0.7202800515625001 0.5900076640624999 0.702305159375 0.5830847703125001 0.6957790890625 0.5772149109375 0.6942009812500001 0.5738521640625 0.6870756984375 0.5713748296875 0.6847403640625
3 0.7552510546875 0.729559025 0.7622307953125 0.725422971875 0.7689205296875 0.718468553125 0.7749512015625 0.7055349921875 0.7677560999999999 0.66030969375 0.75200329375 0.64519195 0.7336963640625 0.6393198250000001 0.6836755078125 0.6288675015625 0.5917469171875 0.6118604249999999 0.580578715625 0.6119141546875 0.57354700625 0.623636165625 0.5689925703125 0.6492128421875 0.57015435625 0.6792404609375 0.5772149109375 0.6942009812500001 0.6241278375 0.7068134875000001 0.7423445765625 0.7314567265624999 0.7552510546875 0.729559025