5 0.6293365875 0.7886415515625 0.6240958984375 0.7877992984375 0.5621539296875 0.7963011375 0.5574856109375 0.7946035671875 0.5519685078125 0.7869645015625 0.5507311359375 0.7694459296875 0.5104033078125 0.758667621875 0.5076958203124999 0.76162124375 0.5053714484375 0.7695241078125 0.497933459375 0.77091873125 0.489565721875 0.755577878125 0.4891029390625 0.7529747296875 0.48121456093750004 0.750866425 0.4743143984375 0.7460663109375 0.47029159062500003 0.751972134375 0.4615562265625 0.7611234671875 0.48734634843749997 0.821439071875 0.503153196875 0.83932576875 0.5206239234375001 0.8526368 0.5276954078125 0.8642839499999999 0.5480779234375001 0.8771790109375001 0.54932583125 0.88341855625 0.5742840124999999 0.8896581015624999 0.6034018921875 0.8896581015624999 0.59633040625 0.8497250109375001 0.5967463765625001 0.8414056171875 0.6050657703125 0.832254284375 0.6192087390625 0.8077120734375001 0.6293365875 0.7886415515625
1 0.3355222 0.49168407968750005 0.3707137328125 0.48898691875000005 0.364810103125 0.4811154109375 0.356279365625 0.47599696874999997 0.351729640625 0.4674662328125 0.34066464375 0.409375 0.3360392921875 0.409375 0.33138546562500004 0.4341954109375 0.3355222 0.47194311874999995 0.3355222 0.49168407968750005
1 0.5265692578125 0.65072329375 0.5526365578125 0.654927696875 0.55164905 0.6218461875 0.5456617109375 0.631825084375 0.5373410390625 0.6372090484374999 0.53599354375 0.6380809578125 0.5265692578125 0.65072329375
6 0.6151036546875 0.44190356406250003 0.621080334375 0.431088621875 0.6418333421875 0.4121144421875 0.6593775875000001 0.4066840796875 0.6190757265625 0.36031164531250004 0.605711621875 0.35101487656249997 0.5929285656250001 0.348690684375 0.5696866453125 0.35856850156250003 0.5615519734375 0.367284221875 0.561094875 0.3685640953125 0.5667041937499999 0.379315290625 0.5764162546875 0.4117535734375 0.58112335 0.4160327515625 0.5854351531249999 0.4189072859375 0.5878305984375001 0.4217818203125 0.5907051328125 0.4236981765625 0.5926214890625 0.4260936234375 0.6041196296875 0.43471722812499997 0.611305965625 0.44046629687500005 0.614659590625 0.44190356406250003 0.6151036546875 0.44190356406250003
6 0.5265692578125 0.65072329375 0.5126761984375 0.6693603234375 0.492771146875 0.68585308125 0.47912196875 0.68585308125 0.4760748 0.680710984375 0.4779906234375 0.745082659375 0.4739482640625 0.745811609375 0.48121456093750004 0.750866425 0.4891029390625 0.7529747296875 0.48584672656250005 0.7346585328125 0.48491697812499995 0.70955531875 0.489565721875 0.6928198421875 0.4951442140625 0.689565721875 0.5035119515625001 0.6956090875000001 0.5211771765625001 0.6951442140624999 0.54442089375 0.6839872296875 0.5446974625000001 0.6840218 0.5439050484375 0.672802903125 0.5451782265625 0.6689833703125 0.5530260499999999 0.6679756734375 0.5526365578125 0.654927696875 0.5265692578125 0.65072329375
6 0.5393072765625 0.7523237578125 0.6338828375000001 0.78839786875 0.5211771765625001 0.6951442140624999 0.5393072765625 0.7523237578125
5 0.7500074796875 0.8510736046874999 0.8208798359375 0.8744751125000001 0.8816792828125 0.7103857296875 0.74520365 0.8494874171875001 0.7486478812499999 0.8499179453125001 0.7500074796875 0.8510736046874999
3 0.54442089375 0.6839872296875 0.5211771765625001 0.6951442140624999 0.5035119515625001 0.6956090875000001 0.4951442140625 0.689565721875 0.489565721875 0.6928198421875 0.48491697812499995 0.70955531875 0.48584672656250005 0.7346585328125 0.489565721875 0.755577878125 0.497933459375 0.77091873125 0.5053714484375 0.7695241078125 0.5076958203124999 0.76162124375 0.5128094390625 0.7560427515625 0.5211771765625001 0.7537183796875 0.5323341609375001 0.755577878125 0.5393072765625 0.7523237578125 0.5448857671875 0.7583671234375 0.54994861875 0.7583671234375 0.5446974625000001 0.6840218 0.54442089375 0.6839872296875
1 0.5174044953125 0.449568990625 0.5202790296875001 0.44717354531250003 0.5274653671875 0.44046629687500005 0.5298608125000001 0.4375917625 0.533693525 0.4318426921875 0.5365680609375 0.42513544531249997 0.539921684375 0.4189072859375 0.5413589515624999 0.41794910781250005 0.5442334859375 0.41794910781250005 0.5485452890625 0.41794910781250005 0.552857090625 0.416511840625 0.561959784375 0.411241859375 0.56435523125 0.41028368125 0.56818794375 0.409325503125 0.571062478125 0.409325503125 0.5758533703125 0.411241859375 0.5764162546875 0.4117535734375 0.5667041937499999 0.379315290625 0.553055015625 0.353154365625 0.5303063859375 0.35201693437500003 0.43078112968750004 0.35486051406249997 0.42281910937499995 0.360547671875 0.364810103125 0.36623482812499997 0.36082909218750003 0.3679409765625 0.36253523906249996 0.37760914375 0.3466111984375 0.39353318437499996 0.340355325 0.407751078125 0.351729640625 0.4674662328125 0.356279365625 0.47599696874999997 0.364810103125 0.4811154109375 0.3707137328125 0.48898691875000005 0.4555550515625 0.48248448125000004 0.46410167343750003 0.48282634687500003 0.46710013593750005 0.480709784375 0.4709328484375 0.4783143390625 0.4771610078125 0.4735234484375 0.4910545921875 0.4663371109375 0.49536639375 0.46346257656249995 0.50255273125 0.4581925953125 0.5092599796874999 0.4534017046875 0.5174044953125 0.449568990625
1 0.5164463171875 0.557364046875 0.5140508703125 0.5549686015625 0.508780890625 0.5511358890625 0.5049481765625 0.5487404421875001 0.4972827515625 0.5429913734375 0.49297094843749995 0.5405959265625 0.485305521875 0.535325946875 0.4809937203125 0.5329305015625 0.47380738281249996 0.52718143125 0.471470696875 0.5260130875 0.4760748 0.680710984375 0.47912196875 0.68585308125 0.492771146875 0.68585308125 0.5126761984375 0.6693603234375 0.53599354375 0.6380809578125 0.5456617109375 0.631825084375 0.55164905 0.6218461875 0.5504424125 0.5814238515625 0.545191665625 0.577485790625 0.5404007734375 0.5750903453125 0.5365680609375 0.5722158109375 0.530818990625 0.56742491875 0.5241117421875 0.5621549390625 0.5183626734375 0.5588013140625 0.5164463171875 0.557364046875
1 0.7209363328125 0.846454003125 0.7065032343750001 0.8302889328124999 0.7030392921875 0.8164331593749999 0.703616615625 0.7950721734374999 0.7043159953125 0.792974034375 0.6338828375000001 0.78839786875 0.7119462234375 0.8629831843750001 0.74520365 0.8494874171875001 0.7209363328125 0.846454003125
5 0.8296837546875 0.4296491984375 0.7193155890625 0.4382381609375 0.7192665 0.438336340625 0.7253492578125 0.44989358125 0.769800328125 0.4435252328125 0.7753848703124999 0.45655583125000004 0.776005375 0.4813760171875 0.779728403125 0.48385803593750004 0.7828309265625 0.479514503125 0.7840719359375 0.4472482609375 0.7877949625 0.44228422343749996 0.8653580468750001 0.43607917656249995 0.8852141953125001 0.43794069062499996 0.879013690625 0.5602597265625 0.9469230906250001 0.5589130812499999 0.9456347468749999 0.47817683593750004 0.948211434375 0.4223485796875 0.9460641953125 0.41934244375 0.9361868875000001 0.41934244375 0.8717696703125 0.42320747656249996 0.8296837546875 0.4296491984375
5 0.5174044953125 0.449568990625 0.5092599796874999 0.4534017046875 0.50255273125 0.4581925953125 0.49536639375 0.46346257656249995 0.4910545921875 0.4663371109375 0.4771610078125 0.4735234484375 0.4709328484375 0.4783143390625 0.46710013593750005 0.480709784375 0.46410167343750003 0.48282634687500003 0.4683025359375 0.48299438125 0.4703421328125 0.48809337499999994 0.471470696875 0.5260130875 0.47380738281249996 0.52718143125 0.4809937203125 0.5329305015625 0.485305521875 0.535325946875 0.49297094843749995 0.5405959265625 0.4972827515625 0.5429913734375 0.5049481765625 0.5487404421875001 0.508780890625 0.5511358890625 0.5140508703125 0.5549686015625 0.5164463171875 0.557364046875 0.5183626734375 0.5588013140625 0.5241117421875 0.5621549390625 0.530818990625 0.56742491875 0.5365680609375 0.5722158109375 0.5404007734375 0.5750903453125 0.545191665625 0.577485790625 0.5504424125 0.5814238515625 0.5501416765625 0.5713491937499999 0.5501416765625 0.48261702656249994 0.5532442 0.474550465625 0.603695815625 0.467322440625 0.608628528125 0.453620459375 0.6151036546875 0.44190356406250003 0.614659590625 0.44190356406250003 0.611305965625 0.44046629687500005 0.6041196296875 0.43471722812499997 0.5926214890625 0.4260936234375 0.5907051328125 0.4236981765625 0.5878305984375001 0.4217818203125 0.5854351531249999 0.4189072859375 0.58112335 0.4160327515625 0.5758533703125 0.411241859375 0.571062478125 0.409325503125 0.56818794375 0.409325503125 0.56435523125 0.41028368125 0.561959784375 0.411241859375 0.552857090625 0.416511840625 0.5485452890625 0.41794910781250005 0.5442334859375 0.41794910781250005 0.5413589515624999 0.41794910781250005 0.539921684375 0.4189072859375 0.5365680609375 0.42513544531249997 0.533693525 0.4318426921875 0.5298608125000001 0.4375917625 0.5274653671875 0.44046629687500005 0.5202790296875001 0.44717354531250003 0.5174044953125 0.449568990625
6 0.7946205140625 0.7897668359375001 0.791517990625 0.785423303125 0.7884154671875 0.7575005921875 0.7828309265625 0.7916283484375 0.7791078984375 0.7978333953125001 0.7043159953125 0.792974034375 0.703616615625 0.7950721734374999 0.7030392921875 0.8164331593749999 0.7065032343750001 0.8302889328124999 0.7209363328125 0.846454003125 0.7486478812499999 0.8499179453125001 0.766100975 0.864753075 0.7739804875 0.8598116859375 0.81759513125 0.80826710625 0.844953409375 0.7880457703125 0.85396015625 0.7835423968749999 0.7946205140625 0.7897668359375001
6 0.603695815625 0.467322440625 0.7253492578125 0.44989358125 0.7135794578125 0.4275309625 0.6916405640625001 0.4091497265625 0.666736953125 0.40440618125 0.6418333421875 0.4121144421875 0.621080334375 0.431088621875 0.608628528125 0.453620459375 0.603695815625 0.467322440625
5 0.31584262343749997 0.49319236875000005 0.3183921203125 0.6716571484375 0.3229812140625 0.739983665625 0.327570309375 0.760379640625 0.4468867625 0.7506915515625 0.4779906234375 0.745082659375 0.4703421328125 0.48809337499999994 0.4683025359375 0.48299438125 0.4555550515625 0.48248448125000004 0.31584262343749997 0.49319236875000005
1 0.5501416765625 0.48261702656249994 0.5501416765625 0.5713491937499999 0.5530260499999999 0.6679756734375 0.6542471140624999 0.654978415625 0.6949887984374999 0.6460661734375 0.7586476828125 0.6392758921875 0.7684087109375 0.6388515 0.770955065625 0.6413978546875 0.770955065625 0.6969932796875 0.7764721703124999 0.7767790796875 0.627085990625 0.78738889375 0.6242803625 0.7877739796875 0.7791078984375 0.7978333953125001 0.7828309265625 0.7916283484375 0.7884154671875 0.7575005921875 0.791517990625 0.785423303125 0.7946205140625 0.7897668359375001 0.85396015625 0.7835423968749999 0.8592272937500001 0.7809088281250001 0.8735011765625 0.76822093125 0.8829321734375 0.7628505031249999 0.8783886437499999 0.5725902031250001 0.8852141953125001 0.43794069062499996 0.8653580468750001 0.43607917656249995 0.7877949625 0.44228422343749996 0.7840719359375 0.4472482609375 0.7828309265625 0.479514503125 0.779728403125 0.48385803593750004 0.776005375 0.4813760171875 0.7753848703124999 0.45655583125000004 0.769800328125 0.4435252328125 0.5532442 0.474550465625 0.5501416765625 0.48261702656249994
3 0.7945983187500001 0.88042951875 0.8453499062500001 0.8689311125 0.9278212343750001 0.8197655125000001 0.9313897062500001 0.8122320734375 0.9305967125000001 0.8023196546875001 0.9230632734374999 0.7793228421875 0.9119613640625 0.75751551875 0.9068069062499999 0.7519645640625 0.90204894375 0.7519645640625 0.8735011765625 0.76822093125 0.8592272937500001 0.7809088281250001 0.844953409375 0.7880457703125 0.81759513125 0.80826710625 0.7739804875 0.8598116859375 0.7505871765625 0.8744820671875001 0.7446397250000001 0.8836014921875 0.7462257125 0.89430690625 0.7505871765625 0.8998578609375001 0.758913609375 0.8994613640625 0.7672400421875001 0.8923244218749999 0.7945983187500001 0.88042951875
5 0.770955065625 0.6413978546875 0.7684087109375 0.6388515 0.7586476828125 0.6392758921875 0.6949887984374999 0.6460661734375 0.6542471140624999 0.654978415625 0.5451782265625 0.6689833703125 0.5439050484375 0.672802903125 0.5519685078125 0.7869645015625 0.5574856109375 0.7946035671875 0.5621539296875 0.7963011375 0.627085990625 0.78738889375 0.7764721703124999 0.7767790796875 0.770955065625 0.6969932796875 0.770955065625 0.6413978546875