5 0.596219828125 0.7753018265625 0.59225718125 0.7581925046875 0.5507397562499999 0.7538555578125 0.5485276515625 0.7571963609375 0.5474681765625 0.7653655390625 0.540339928125 0.76790655 0.5296753734374999 0.7540635703125 0.5288110671874999 0.7515648671874999 0.5206899953125 0.7507165328125 0.5131238828125 0.7470549390625 0.5100744765624999 0.7535173578125 0.50287824375 0.763922534375 0.537786284375 0.819461090625 0.5561966203125001 0.8346548374999999 0.5755345578125 0.8450689640625001 0.584340996875 0.8554664937500001 0.6064898015625 0.8650142671875001 0.608698425 0.8709817781250001 0.6343254093749999 0.8732401843750001 0.6630848 0.8686851437499999 0.6498534640625 0.8303499203125 0.6489628734374999 0.8220678796875 0.6557482578125 0.8117277749999999 0.6658778546875 0.785275271875 0.6728977265625 0.7648551953125 0.6675898015625 0.7648431359375001 0.607740421875 0.7829301625 0.60286401875 0.7819837781250001 0.596219828125 0.7753018265625
1 0.3484656921875 0.491061371875 0.328449453125 0.43541628593750004 0.323881046875 0.43613985 0.32316728437500003 0.46138269843749996 0.33315813125 0.4980185421875 0.3362462984375 0.517516459375 0.3705826359375 0.5093473359375 0.36352031406249996 0.5024962703125 0.354293903125 0.498775346875 0.3484656921875 0.491061371875
1 0.5583455328125 0.6296783515625 0.557151025 0.630750321875 0.5498204640625 0.6447112921875 0.5762245453125 0.6447861078125 0.5700741078125 0.6122663671875 0.5657215265625 0.6230590328125001 0.5583455328125 0.6296783515625
6 0.595757634375 0.34340389375 0.581103728125 0.3363121890625 0.5681144687499999 0.3360163234375 0.5467039265625 0.349408365625 0.5400328453125 0.3592893234375 0.539781590625 0.3606249453125 0.54700370625 0.370366284375 0.5616706609375 0.40088589687500004 0.566989215625 0.404376040625 0.5716976093749999 0.40654066875000006 0.5745132390625 0.40900508281250003 0.5776521671875 0.41044817031249997 0.5799196609374999 0.41251434062500003 0.59262526875 0.41923306875 0.6006224812500001 0.423787165625 0.60415965625 0.424682115625 0.604598253125 0.4246126484375 0.6088095203125 0.41299589843750006 0.6263388078125 0.3910088359375 0.642817559375 0.38290080625 0.595757634375 0.34340389375
6 0.504638784375 0.6822288578125 0.5166009703125 0.7455083109375 0.5127224125 0.74686065 0.5206899953125 0.7507165328125 0.5288110671874999 0.7515648671874999 0.522729659375 0.73398355625 0.51788435 0.7093348500000001 0.5198578546875 0.692078190625 0.5248586093750001 0.687991465625 0.5340687171875 0.692651425 0.55144373125 0.689428825 0.5726559421874999 0.6747730828125 0.5729345140625 0.6747639624999999 0.570396834375 0.66380715 0.5710568312500001 0.6598354734375 0.5786503953125 0.6576125125 0.5762245453125 0.6447861078125 0.5498204640625 0.6447112921875 0.539013925 0.6652922218749999 0.5219339734374999 0.6846957625 0.5084528390624999 0.686830965625 0.504638784375 0.6822288578125
6 0.677349884375 0.763903321875 0.55144373125 0.689428825 0.5782954703125001 0.7430682203125001 0.677349884375 0.763903321875
5 0.8003258390625 0.8067127765625 0.801849484375 0.8076415203125 0.8755100859375 0.8196680375 0.9098917562500001 0.6480877375 0.7968566640625 0.8068263453125001 0.8003258390625 0.8067127765625
3 0.5198578546875 0.692078190625 0.51788435 0.7093348500000001 0.522729659375 0.73398355625 0.5296753734374999 0.7540635703125 0.540339928125 0.76790655 0.5474681765625 0.7653655390625 0.5485276515625 0.7571963609375 0.55270564375 0.750886603125 0.56060675 0.7472818453125 0.5719172625 0.7473731124999999 0.5782954703125001 0.7430682203125001 0.584750671875 0.7481645140625 0.589751190625 0.747372509375 0.5729345140625 0.6747639624999999 0.5726559421874999 0.6747730828125 0.55144373125 0.689428825 0.5340687171875 0.692651425 0.5248586093750001 0.687991465625 0.5198578546875 0.692078190625
1 0.52261655 0.42741099374999997 0.5244064515625 0.42033664687499994 0.5267444875 0.41366054375 0.5280141671874999 0.412489325 0.5308533109375 0.4120396484375 0.535112028125 0.411365134375 0.53914590625 0.4092710484375 0.547312125 0.40264197343749997 0.5495281875 0.4013208625 0.5531638203125 0.39977491249999997 0.5560029640625 0.3993252359375 0.5610346578125001 0.4004685375 0.5616706609375 0.40088589687500004 0.54700370625 0.370366284375 0.5294301015625 0.3466626453125 0.5067836125 0.34909788750000004 0.4089285109375 0.36747563906249997 0.40195418437499997 0.3743383125 0.34554903124999997 0.3890300578125 0.34188393437500003 0.39133796875 0.3450815109375 0.4006202046875 0.33184458906250003 0.4188392625 0.3278899046875 0.4338607453125 0.3484656921875 0.491061371875 0.354293903125 0.498775346875 0.36352031406249996 0.5024962703125 0.3705826359375 0.5093473359375 0.4533622125 0.48965284843749995 0.461857090625 0.48865351874999996 0.4644875328125 0.48609395156249996 0.467898328125 0.4831284296875 0.47330034843749996 0.47742222500000003 0.4858986890625 0.4681509265625 0.48970772812499996 0.46463726875000005 0.495981184375 0.458307978125 0.5018563953124999 0.4525268265625 0.5093010687499999 0.44746721718750004 0.5117654828125 0.4446515875 0.5178141 0.43690272500000005 0.5197303765625 0.4336888515625 0.52261655 0.42741099374999997
1 0.5040415375 0.54288715 0.4994080890625 0.541195709375 0.49101263125 0.5371897484375 0.48637918437499994 0.535498309375 0.4783819703125 0.5309442109375 0.47589128281250004 0.5301557890625 0.504638784375 0.6822288578125 0.5084528390624999 0.686830965625 0.5219339734374999 0.6846957625 0.539013925 0.6652922218749999 0.557151025 0.630750321875 0.5657215265625 0.6230590328125001 0.5700741078125 0.6122663671875 0.5625588796875001 0.57253045625 0.5567567296875 0.5694622781249999 0.551650090625 0.5678457859375 0.5474148890625 0.5656062093750001 0.5409871390625 0.561773653125 0.5335380609375 0.5576178015625 0.5273351500000001 0.5552048171874999 0.52521755 0.5540850296875 0.5224768640625 0.55209380625 0.5166721984375 0.5491326875 0.5125119406249999 0.5473663015625 0.5040415375 0.54288715
1 0.7476317625 0.757404975 0.677349884375 0.763903321875 0.76611989375 0.825358565625 0.7968566640625 0.8068263453125001 0.7724135859375 0.8076265218750001 0.755629409375 0.7939183046875 0.75004059375 0.7807749984375 0.7472692140625 0.7595866890625 0.7476317625 0.757404975
5 0.7576440390625 0.40201446093750004 0.7651982609375 0.414011015625 0.7696938578125 0.43842855625 0.7737593234375 0.44029760781249994 0.7761441703124999 0.435522209375 0.7723223484374999 0.40345908125 0.7752229921875 0.39797375 0.8508604625 0.3797115578125 0.8707633546875 0.3784439671875 0.8837741015624999 0.5002270249999999 0.9506367625 0.48827358906249996 0.9367343484375 0.4087328828125 0.93054585 0.35318888125000003 0.9279547828125001 0.35055565781250003 0.91819908125 0.352100809375 0.855179571875 0.3659953296875 0.8146195109375001 0.37894143125 0.7069537703125001 0.404690034375 0.70692064375 0.404794684375 0.7147364640625 0.415258084375 0.7576440390625 0.40201446093750004
5 0.4858986890625 0.4681509265625 0.47330034843749996 0.47742222500000003 0.467898328125 0.4831284296875 0.4644875328125 0.48609395156249996 0.461857090625 0.48865351874999996 0.46603251874999996 0.48816232499999995 0.4688446640625 0.492879478125 0.47589128281250004 0.5301557890625 0.4783819703125 0.5309442109375 0.48637918437499994 0.535498309375 0.49101263125 0.5371897484375 0.4994080890625 0.541195709375 0.5040415375 0.54288715 0.5125119406249999 0.5473663015625 0.5166721984375 0.5491326875 0.5224768640625 0.55209380625 0.52521755 0.5540850296875 0.5273351500000001 0.5552048171874999 0.5335380609375 0.5576178015625 0.5409871390625 0.561773653125 0.5474148890625 0.5656062093750001 0.551650090625 0.5678457859375 0.5567567296875 0.5694622781249999 0.5625588796875001 0.57253045625 0.560685821875 0.5626268796875 0.546805053125 0.474987153125 0.548607490625 0.46653456406249993 0.5973072515625 0.45150315625 0.600035771875 0.43719822343750003 0.604598253125 0.4246126484375 0.60415965625 0.424682115625 0.6006224812500001 0.423787165625 0.59262526875 0.41923306875 0.5799196609374999 0.41251434062500003 0.5776521671875 0.41044817031249997 0.5745132390625 0.40900508281250003 0.5716976093749999 0.40654066875000006 0.566989215625 0.404376040625 0.5610346578125001 0.4004685375 0.5560029640625 0.3993252359375 0.5531638203125 0.39977491249999997 0.5495281875 0.4013208625 0.547312125 0.40264197343749997 0.53914590625 0.4092710484375 0.535112028125 0.411365134375 0.5308533109375 0.4120396484375 0.5280141671874999 0.412489325 0.5267444875 0.41366054375 0.5244064515625 0.42033664687499994 0.52261655 0.42741099374999997 0.5197303765625 0.4336888515625 0.5178141 0.43690272500000005 0.5117654828125 0.4446515875 0.5093010687499999 0.44746721718750004 0.5018563953124999 0.4525268265625 0.495981184375 0.458307978125 0.48970772812499996 0.46463726875000005 0.4858986890625 0.4681509265625
6 0.822263025 0.7505044765625 0.7476317625 0.757404975 0.7472692140625 0.7595866890625 0.75004059375 0.7807749984375 0.755629409375 0.7939183046875 0.7724135859375 0.8076265218750001 0.8003258390625 0.8067127765625 0.8198847828125 0.8186349953125 0.8268942812500001 0.812521815625 0.8619086078124999 0.7547890015625 0.885766746875 0.730536846875 0.893958121875 0.7246799515625 0.8363227671875 0.7401105234375 0.8325789625000001 0.7363058078125 0.8251465609374999 0.7092122125 0.8249695328125 0.743793415625 0.822263025 0.7505044765625
6 0.6497299765625 0.37949969375000003 0.6263388078125 0.3910088359375 0.6088095203125 0.41299589843750006 0.600035771875 0.43719822343750003 0.5973072515625 0.45150315625 0.7147364640625 0.415258084375 0.6996132859374999 0.3950119890625 0.6750690374999999 0.3802890546875 0.6497299765625 0.37949969375000003
5 0.48675747343750003 0.7559138640625 0.5166009703125 0.7455083109375 0.4688446640625 0.492879478125 0.46603251874999996 0.48816232499999995 0.4533622125 0.48965284843749995 0.3170449578125 0.5220847421875 0.347481109375 0.6979534953125001 0.362702325 0.7647209078125 0.3704255546875 0.78414788125 0.48675747343750003 0.7559138640625
1 0.7154379468750001 0.6137648875 0.7772508499999999 0.5970997625 0.7868253140625 0.595153634375 0.7897386562500001 0.5972703015625 0.798435696875 0.6521812546875 0.8163661265625001 0.7301216937499999 0.6704788796875001 0.76397003125 0.6677680328125 0.764789271875 0.822263025 0.7505044765625 0.8249695328125 0.743793415625 0.8251465609374999 0.7092122125 0.8325789625000001 0.7363058078125 0.8363227671875 0.7401105234375 0.893958121875 0.7246799515625 0.8987484312499999 0.7212548453125 0.9108617546875 0.7064902296875 0.9193365203124999 0.6997105875 0.8850856609375001 0.512503471875 0.8707633546875 0.3784439671875 0.8508604625 0.3797115578125 0.7752229921875 0.39797375 0.7723223484374999 0.40345908125 0.7761441703124999 0.435522209375 0.7737593234375 0.44029760781249994 0.7696938578125 0.43842855625 0.7651982609375 0.414011015625 0.7576440390625 0.40201446093750004 0.548607490625 0.46653456406249993 0.546805053125 0.474987153125 0.560685821875 0.5626268796875 0.5786503953125 0.6576125125 0.6765920421875 0.628940809375 0.7154379468750001 0.6137648875
3 0.972588565625 0.7312374312500001 0.96155038125 0.7097022374999999 0.9471737390625 0.6899001203124999 0.9412143796875 0.6852238421875 0.9365149953125 0.68596815 0.9108617546875 0.7064902296875 0.8987484312499999 0.7212548453125 0.885766746875 0.730536846875 0.8619086078124999 0.7547890015625 0.8268942812500001 0.812521815625 0.806083934375 0.8306711 0.8016362984375001 0.8406086374999999 0.8048774546875 0.850934146875 0.8100535828125001 0.8557344765625 0.8182154781250001 0.8540403203125001 0.825322934375 0.8456887046875 0.8504836125 0.8296604703125 0.8988116171874999 0.8103643296874999 0.9725763921875 0.7489026828124999 0.9749224406250001 0.7409037609375 0.972588565625 0.7312374312500001
5 0.6765920421875 0.628940809375 0.5710568312500001 0.6598354734375 0.570396834375 0.66380715 0.596219828125 0.7753018265625 0.60286401875 0.7819837781250001 0.607740421875 0.7829301625 0.6704788796875001 0.76397003125 0.8163661265625001 0.7301216937499999 0.798435696875 0.6521812546875 0.7897386562500001 0.5972703015625 0.7868253140625 0.595153634375 0.7772508499999999 0.5970997625 0.7154379468750001 0.6137648875 0.6765920421875 0.628940809375