7 0.8346901624999999 0.23580623906249998 0.8013112343750001 0.28515927812499997 0.8030824875 0.4208914859375 0.7788695265625 0.4194158109375 0.8192692218750001 0.44848361875 0.8200777078125 0.448819109375 0.820219965625 0.449167684375 0.8299062296875 0.456137003125 0.8406110015625 0.46033969218750004 0.8432866421874999 0.458919196875 0.8509262906249999 0.4322671296875 0.909000409375 0.287042453125 0.9041907171875 0.26962248906249997 0.892008865625 0.253897125 0.8674298484375 0.236481575 0.850062059375 0.23036897343749999 0.8411606453125 0.2314631890625 0.8346901624999999 0.23580623906249998
5 0.7027871734375 0.45326995156249994 0.6991914359375 0.4562898140625 0.691044728125 0.454513659375 0.6452031625 0.492793653125 0.6511113890625 0.4964999453125 0.648893128125 0.497239915625 0.7140098234375001 0.5757029593749999 0.7252562140625 0.5711902156249999 0.74374824375 0.57247390625 0.7508276625 0.5704591390625 0.7028386671875 0.45325677343750004 0.7027871734375 0.45326995156249994
5 0.63324256875 0.6952027375000001 0.625727103125 0.703760375 0.6159173625000001 0.7083417890625 0.6926400203124999 0.7208098234375 0.713597759375 0.7258876453124999 0.7173814562499999 0.7296232500000001 0.7151971406250001 0.7473408218750001 0.7386000359375 0.7288454734375 0.7350184671875 0.7262106312500001 0.7312881890625 0.714572809375 0.7331920625 0.7083595796875 0.763985109375 0.7005038640625 0.765059103125 0.687539571875 0.79100998125 0.696790859375 0.790920803125 0.6683776515625001 0.7140098234375001 0.5757029593749999 0.708930471875 0.5777411078125 0.643475325 0.5905072734375 0.6265176015625 0.5887661093750001 0.619484325 0.58560386875 0.6189509875 0.59033360625 0.6144761812499999 0.594810409375 0.6136862359374999 0.6008937249999999 0.6338089046875 0.6843963859375 0.63324256875 0.6952027375000001
5 0.570661225 0.478666178125 0.5408953546874999 0.47789892968750003 0.540616059375 0.4966707125 0.544794559375 0.49504765156249997 0.564997740625 0.4961064546875 0.5746429734375 0.49944468437499995 0.570661225 0.478666178125
3 0.5558866765625 0.76417965 0.5517154375 0.7635542046875 0.5177137296875001 0.7655990546875 0.49886301875 0.770624678125 0.4874735171875 0.7793214453124999 0.48059070468750004 0.795908003125 0.47348163281250005 0.8272432296875 0.44854969375 0.9691683796874999 0.5018662234375 0.9845363624999999 0.59182236875 0.9892507640625 0.60983814375 0.8440147921875001 0.5813613531249999 0.8361307984374999 0.5696867265625001 0.8310973203125 0.5596816 0.8195188828125 0.55466373125 0.7971477250000001 0.5561658390625001 0.768485809375 0.5568066125 0.7656803515624999 0.5558866765625 0.76417965
0 0.790920803125 0.6683776515625001 0.79100998125 0.696790859375 0.765059103125 0.687539571875 0.763985109375 0.7005038640625 0.7331920625 0.7083595796875 0.7312881890625 0.714572809375 0.7350184671875 0.7262106312500001 0.7386000359375 0.7288454734375 0.7446979421875 0.7240262875 0.8357676125 0.6792967140624999 0.9015884328125001 0.6469683093749999 0.8848515828125001 0.6377896890625 0.8584487031249999 0.6446917953125 0.8230921406249999 0.671432634375 0.8192927671874999 0.6690754390625 0.8134317765624999 0.6679791500000001 0.8104661656250001 0.6492792703125 0.8063234546875 0.6455110937499999 0.790920803125 0.6683776515625001
6 0.6586865390625001 0.54103985 0.6542581671875001 0.5244293828125 0.6706148234375 0.5156522546875 0.6716739828125 0.5093990734375 0.6511113890625 0.4964999453125 0.6240605671874999 0.50552359375 0.6080942265625 0.519497659375 0.61416471875 0.5288356249999999 0.62109321875 0.549457403125 0.6215916781249999 0.5669154062499999 0.619484325 0.58560386875 0.6265176015625 0.5887661093750001 0.643475325 0.5905072734375 0.708930471875 0.5777411078125 0.7252562140625 0.5711902156249999 0.715429953125 0.5705080890625001 0.6962875296875 0.5589071 0.677977978125 0.54060571875 0.6609626453125 0.5435677203125 0.6586865390625001 0.54103985
4 0.6144761812499999 0.594810409375 0.6189509875 0.59033360625 0.6215916781249999 0.5669154062499999 0.62109321875 0.549457403125 0.61416471875 0.5288356249999999 0.60718896875 0.5181051421875 0.58906014375 0.5044344890625 0.564997740625 0.4961064546875 0.544794559375 0.49504765156249997 0.540616059375 0.4966707125 0.5380540578125 0.668865015625 0.494344128125 0.667500865625 0.494448046875 0.677199665625 0.5377269890624999 0.6924317062500001 0.5506891046875 0.7006818203125 0.5855659703125 0.70192726875 0.5912779734375 0.7049134046875001 0.5922396203125 0.70449396875 0.6159173625000001 0.7083417890625 0.625727103125 0.703760375 0.63324256875 0.6952027375000001 0.6338089046875 0.6843963859375 0.6136862359374999 0.6008937249999999 0.6144761812499999 0.594810409375
1 0.7041729734375 0.39741171875000003 0.7049617578125 0.414911459375 0.8030824875 0.4208914859375 0.8012929265625001 0.28375621406249996 0.74521315 0.27996449375 0.7471908796875 0.334429459375 0.7438792984375 0.3976181984375 0.7075669734375001 0.386885978125 0.703804475 0.3892363203125 0.7023076125000001 0.39017137343749997 0.7041729734375 0.39741171875000003
3 0.8301783171875 0.5042642203125001 0.83354314375 0.5135931890625 0.8291460765625001 0.5239605265625 0.8149144671874999 0.5381479125 0.7809130625 0.561896984375 0.7585734875 0.568254715625 0.822221934375 0.592084275 0.8601664906250001 0.6116364671875 0.881490225 0.5084701093749999 0.83131085 0.4897680859375 0.8326034390625001 0.49475697187499995 0.8301783171875 0.5042642203125001
3 0.5377269890624999 0.6924317062500001 0.494448046875 0.677199665625 0.494515871875 0.683529696875 0.49251700625000006 0.7114036593749999 0.5453502703125 0.7469915406250001 0.5568066125 0.7656803515624999 0.5653471390625 0.7282879234374999 0.5750443453125 0.7119939140625 0.5912779734375 0.7049134046875001 0.5855659703125 0.70192726875 0.5506891046875 0.7006818203125 0.5377269890624999 0.6924317062500001
6 0.7908469328125001 0.4366894125 0.7574729 0.43927580781250003 0.7027871734375 0.45326995156249994 0.6801118578125 0.472313709375 0.676195190625 0.482706225 0.6706148234375 0.5156522546875 0.6542581671875001 0.5244293828125 0.6586865390625001 0.54103985 0.6609626453125 0.5435677203125 0.677977978125 0.54060571875 0.6962875296875 0.5589071 0.715429953125 0.5705080890625001 0.74374824375 0.57247390625 0.7809130625 0.561896984375 0.8149144671874999 0.5381479125 0.8291460765625001 0.5239605265625 0.83354314375 0.5135931890625 0.8301783171875 0.5042642203125001 0.8326034390625001 0.49475697187499995 0.8301994078125 0.4854783546875 0.8214243234374999 0.47827443125 0.8234928874999999 0.4571872828125 0.8200777078125 0.448819109375 0.7908469328125001 0.4366894125
6 0.5413988468750001 0.4440588140625 0.5420675609375001 0.3991138453125 0.4404752890625 0.35140460625 0.4377743609375 0.35332175 0.42246170781250003 0.4278158828125 0.4224332890625 0.428944725 0.5413988468750001 0.4440588140625
6 0.6752493078125 0.810495290625 0.6800278953125 0.8025099890625 0.6961716296875 0.7902757578124999 0.696066240625 0.7737987609375 0.6987077046875 0.7603724515625 0.7151971406250001 0.7473408218750001 0.7173814562499999 0.7296232500000001 0.713597759375 0.7258876453124999 0.6926400203124999 0.7208098234375 0.5922396203125 0.70449396875 0.5750443453125 0.7119939140625 0.5653471390625 0.7282879234374999 0.5561658390625001 0.768485809375 0.55466373125 0.7971477250000001 0.5596816 0.8195188828125 0.5696867265625001 0.8310973203125 0.5813613531249999 0.8361307984374999 0.6306112578125 0.8497659687500001 0.660016421875 0.8539600109375 0.6790948046875 0.8611501578125 0.6949459859375 0.8624230468749999 0.6974049531250001 0.857688115625 0.7034371890625 0.8254384734375 0.6852978296875001 0.8313690265625 0.6813527374999999 0.8142063437499999 0.6752493078125 0.810495290625
3 0.5265694812499999 0.47628775624999997 0.52858729375 0.49243104843749996 0.526219971875 0.5266731453125 0.5147959625 0.5260744390625 0.5082433375 0.5308859546875 0.498929375 0.5555996828125 0.48462185468749996 0.5663052453125 0.47675824687499996 0.56456735 0.493942721875 0.630037659375 0.494344128125 0.667500865625 0.5380540578125 0.668865015625 0.5424017765625 0.376650959375 0.5378569343749999 0.35874440937499996 0.5274617187499999 0.3478423 0.48886284375000005 0.34033613281249997 0.443935965625 0.3489481875 0.42874891875000004 0.35972809375 0.42389081875 0.3710493171875 0.4219680796875 0.4474235484375 0.4439225875 0.45763718124999997 0.4825546765625 0.46367119062500006 0.5265694812499999 0.47628775624999997
6 0.6752493078125 0.810495290625 0.6813527374999999 0.8142063437499999 0.6852978296875001 0.8313690265625 0.7133931687499999 0.822183428125 0.718682259375 0.822945071875 0.737889003125 0.86319251875 0.7562266640625 0.8830473046874999 0.8040057125000001 0.886520209375 0.8175818859374999 0.8770581500000001 0.8352276968749999 0.8731383765625 0.8735173109375 0.8543134796875 0.8852389859375001 0.8525055109374999 0.90468865625 0.8418979015625 0.91834284375 0.8401912125000001 0.9549298765625001 0.8261216375 0.968324703125 0.8016319656249999 0.9731012375000001 0.784441909375 0.9758925640625 0.758912075 0.97430425625 0.7060232281250001 0.985770678125 0.6998417859375 0.9877962531250001 0.6611915328125 0.9766589859374999 0.6610923093750001 0.963737015625 0.6395835265625001 0.9513022796874999 0.636509575 0.9225698421875 0.6393638687500001 0.90779748125 0.6439186875 0.7446979421875 0.7240262875 0.6987077046875 0.7603724515625 0.696066240625 0.7737987609375 0.6961716296875 0.7902757578124999 0.6800278953125 0.8025099890625 0.6752493078125 0.810495290625
1 0.493942721875 0.630037659375 0.47675824687499996 0.56456735 0.43026556875 0.5542922421875 0.39202506718749996 0.5517153734375 0.3897354078125 0.529830140625 0.3935517703125 0.522584146875 0.39532421875 0.5067697734375 0.33553578281249996 0.5063705374999999 0.327945846875 0.5116003453125 0.26978760625 0.51530549375 0.26630265937500003 0.5173738875 0.2675157140625 0.5264415875 0.25150991875 0.5419227375 0.2446012359375 0.555629615625 0.2538597265625 0.6152044109375 0.257908275 0.6238579546875 0.266091225 0.6287888671874999 0.272916446875 0.6381506890625 0.2810135453125 0.6554577765625 0.2835032546875 0.6938557921874999 0.28912257812500003 0.7262274890625 0.2973055296875 0.7311584015625 0.31651408281250004 0.772683646875 0.330578678125 0.79424278125 0.35252971718750004 0.8156524718749999 0.3635775734375 0.8196080125 0.3717923234375 0.834670234375 0.385822734375 0.8354055375 0.40575704375 0.820130271875 0.42985278125 0.789878634375 0.43974640625 0.7836440421875001 0.44889995625 0.7700548125 0.46239617656250004 0.7595069609375 0.46499398750000004 0.7528900125 0.4860189328125 0.7275422625 0.49242522343750006 0.7126835390624999 0.494515871875 0.683529696875 0.493942721875 0.630037659375
0 0.5511878171875 0.3085764828125 0.5486340671875001 0.347394875 0.5698645078125 0.4477058578125 0.5765456484375 0.45896262656250003 0.5900121015625001 0.45966837343750006 0.6095515125000001 0.43368551093749996 0.6389339953125 0.4180864015625 0.646596728125 0.43043333749999996 0.6694968875 0.43942393125 0.6968281453125 0.3935942640625 0.7075669734375001 0.386885978125 0.7438792984375 0.3976181984375 0.7471908796875 0.334429459375 0.7437897718750001 0.2407658671875 0.729343928125 0.24883796406249997 0.7122878453125 0.2868963203125 0.6997237562499999 0.298702578125 0.6432073468749999 0.26717571093750003 0.5851980125 0.2641355703125 0.585200215625 0.2740035828125 0.562738765625 0.2764619703125 0.5511878171875 0.3085764828125
1 0.40646040625 0.4402091 0.401082546875 0.4553920296875 0.3935517703125 0.522584146875 0.3897354078125 0.529830140625 0.39202506718749996 0.5517153734375 0.43026556875 0.5542922421875 0.48462185468749996 0.5663052453125 0.498929375 0.5555996828125 0.5082433375 0.5308859546875 0.5147959625 0.5260744390625 0.526219971875 0.5266731453125 0.52858729375 0.49243104843749996 0.5265694812499999 0.47628775624999997 0.4825546765625 0.46367119062500006 0.4439225875 0.45763718124999997 0.40646040625 0.4402091