7 0.7724474078125 0.171993509375 0.7500589625 0.22720793593750002 0.780011821875 0.359605803125 0.7560211640625 0.363196534375 0.801581565625 0.3832295703125 0.8024421359374999 0.3833896375 0.8026537593749999 0.3837010171875 0.81357735625 0.38850415312500003 0.8249219921875 0.3903893546875 0.8272438265625001 0.3884436046875 0.829175253125 0.3607855765625 0.8557864046875 0.20666012031249997 0.847460003125 0.190620815625 0.8322748656250001 0.1777718375 0.8046120625000001 0.16584712343750002 0.7863529203125 0.16347906406249998 0.7778735234374999 0.1664000765625 0.7724474078125 0.171993509375
5 0.6886400640625 0.412129290625 0.685750765625 0.415830759375 0.6774128015625 0.4157872109375 0.640531840625 0.46276169375 0.647081540625 0.4651586046875 0.6450656015625 0.46634360781249995 0.725072725 0.5295535250000001 0.735135103125 0.5228011390625 0.7534899312500001 0.52021206875 0.7599957546875 0.516769434375 0.6886876921875 0.41210569531249996 0.6886400640625 0.412129290625
5 0.6709158296875 0.6632344015625 0.6653438281249999 0.6731675874999999 0.656700984375 0.6796884453125001 0.73433931875 0.6759324859375 0.7558948171875 0.6765419875 0.7603725078125 0.6794092843749999 0.761919615625 0.6971938296875 0.7809657015625 0.6742369140625 0.7769145859375 0.6724043 0.7708461828125001 0.6617963609374999 0.7714166484375 0.6553230671875 0.7999035 0.6412367828125001 0.7982585953125 0.6283324968749999 0.8255658359375 0.6319861296875 0.8195711671874999 0.6042123609375001 0.725072725 0.5295535250000001 0.720528125 0.532603190625 0.6591575640625 0.558699275 0.6422084015625 0.56052186875 0.63467135 0.5588910312500001 0.6351330359375 0.5636283 0.6316867953124999 0.5689376375 0.6321789046874999 0.57505225625 0.6692230234375 0.6525464453125001 0.6709158296875 0.6632344015625
5 0.5646815578125 0.464441078125 0.535406621875 0.46987926875 0.539036303125 0.4882989125 0.5427860390625 0.485842559375 0.5627678703125001 0.48267774843750005 0.5728963890625 0.48393767343749994 0.5646815578125 0.464441078125
3 0.60959145625 0.7467871984375 0.60538133125 0.74704266875 0.572547790625 0.7561121859375 0.5551538984375 0.764947271875 0.5458214453125 0.7758220031249999 0.5425375781249999 0.793477121875 0.542098815625 0.825605659375 0.547219596875 0.9696130453125 0.602566215625 0.9735600703125 0.6915367828125001 0.9594685171874999 0.6789626140625 0.8136606093750001 0.649468934375 0.8118695578124999 0.637002909375 0.8093733656250001 0.624809125 0.8001281265625 0.6152496828125 0.7792891046875 0.61075981875 0.7509412156249999 0.610803303125 0.7480638390625 0.60959145625 0.7467871984375
0 0.8195711671874999 0.6042123609375001 0.8255658359375 0.6319861296875 0.7982585953125 0.6283324968749999 0.7999035 0.6412367828125001 0.7714166484375 0.6553230671875 0.7708461828125001 0.6617963609374999 0.7769145859375 0.6724043 0.7809657015625 0.6742369140625 0.7859283890625 0.6682552140625 0.86570816875 0.6055686390624999 0.9233691921875 0.56026176875 0.905089740625 0.5547635109375 0.8806988546875001 0.5670042578125 0.8516746515625 0.6005117875 0.8474682140625 0.5989960359375 0.84150736875 0.599142271875 0.834718640625 0.581467615625 0.829883009375 0.5786431000000001 0.8195711671874999 0.6042123609375001
6 0.663751521875 0.5071502437500001 0.6559664109375001 0.491823465625 0.6701407671874999 0.4798373984375 0.669876671875 0.473500653125 0.647081540625 0.4651586046875 0.6224979671875001 0.47960924687500006 0.6097859 0.49659753437500004 0.6176652093749999 0.50446931875 0.6287298140625001 0.52319994375 0.6328471046875 0.5401728125 0.63467135 0.5588910312500001 0.6422084015625 0.56052186875 0.6591575640625 0.558699275 0.720528125 0.532603190625 0.735135103125 0.5228011390625 0.725381746875 0.5241769125 0.7042456515625 0.5168093671875 0.6825311359375 0.5027146828125 0.6665034624999999 0.5091496453125 0.663751521875 0.5071502437500001
4 0.6316867953124999 0.5689376375 0.6351330359375 0.5636283 0.6328471046875 0.5401728125 0.6287298140625001 0.52319994375 0.6176652093749999 0.50446931875 0.608610903125 0.4954236609375 0.5880359484375 0.4858209390625 0.5627678703125001 0.48267774843750005 0.5427860390625 0.485842559375 0.539036303125 0.4882989125 0.572331496875 0.6572630265625 0.5292931109375 0.6650164921874999 0.531411253125 0.67448174375 0.576911365625 0.6803827296875 0.5913055234375 0.6857575828125 0.6256791890625 0.6797245078125 0.6318872234375 0.681457796875 0.63274065 0.680847590625 0.656700984375 0.6796884453125001 0.6653438281249999 0.6731675874999999 0.6709158296875 0.6632344015625 0.6692230234375 0.6525464453125001 0.6321789046874999 0.57505225625 0.6316867953124999 0.5689376375
1 0.6783820015625001 0.3572035703125 0.68279195 0.37415690156250003 0.780011821875 0.359605803125 0.7497493421875 0.22583933906250003 0.6941067000000001 0.2337901171875 0.7073651140624999 0.2866536984375 0.7172635765625001 0.34915012968750003 0.6795134093749999 0.346202190625 0.6763217953125 0.34928343906250003 0.67505205 0.350509275 0.6783820015625001 0.3572035703125
3 0.823849709375 0.4355231046875 0.8290806093749999 0.4439486265625 0.82693511875 0.4550036140625 0.8159642281249999 0.471839890625 0.7876435453124999 0.5021392765625 0.7671139890625 0.5130027359375 0.834326009375 0.52307830625 0.8755065156249999 0.53431411875 0.8749147828125 0.4289687390625 0.8219435781250001 0.421108278125 0.8242451687499999 0.4257194 0.823849709375 0.4355231046875
3 0.576911365625 0.6803827296875 0.531411253125 0.67448174375 0.53279368125 0.680659346875 0.53663381875 0.708339784375 0.5957116874999999 0.7321653312499999 0.610803303125 0.7480638390625 0.611382875 0.7097128500000001 0.6174804593750001 0.691758740625 0.6318872234375 0.681457796875 0.6256791890625 0.6797245078125 0.5913055234375 0.6857575828125 0.576911365625 0.6803827296875
6 0.77132821875 0.3776024234375 0.7392212312499999 0.38707115000000003 0.6886400640625 0.412129290625 0.670419678125 0.43547136093749994 0.6687493250000001 0.4464510953125 0.6701407671874999 0.4798373984375 0.6559664109375001 0.491823465625 0.663751521875 0.5071502437500001 0.6665034624999999 0.5091496453125 0.6825311359375 0.5027146828125 0.7042456515625 0.5168093671875 0.725381746875 0.5241769125 0.7534899312500001 0.52021206875 0.7876435453124999 0.5021392765625 0.8159642281249999 0.471839890625 0.82693511875 0.4550036140625 0.8290806093749999 0.4439486265625 0.823849709375 0.4355231046875 0.8242451687499999 0.4257194 0.8199645390624999 0.41714337031250004 0.80988343125 0.41192131249999997 0.807522528125 0.39086489062499996 0.8024421359374999 0.3833896375 0.77132821875 0.3776024234375
6 0.5288633546875 0.43667395937500003 0.5201728734375 0.3925721125 0.410881328125 0.36702765625 0.4086380171875 0.369464459375 0.40914818437499995 0.445514396875 0.409355084375 0.44662447812500006 0.5288633546875 0.43667395937500003
6 0.735975290625 0.76727384375 0.7389892171875 0.758469515625 0.7522365328125 0.7431461609375 0.7487076874999999 0.7270511374999999 0.748499940625 0.713369034375 0.761919615625 0.6971938296875 0.7603725078125 0.6794092843749999 0.7558948171875 0.6765419875 0.73433931875 0.6759324859375 0.63274065 0.680847590625 0.6174804593750001 0.691758740625 0.611382875 0.7097128500000001 0.61075981875 0.7509412156249999 0.6152496828125 0.7792891046875 0.624809125 0.8001281265625 0.637002909375 0.8093733656250001 0.649468934375 0.8118695578124999 0.700477521875 0.8149671359375 0.730112103125 0.81295585 0.7502684937499999 0.8160222562499999 0.7660379374999999 0.8139716828125 0.767458721875 0.8088289734374999 0.7666540609375 0.7760298921875 0.750144121875 0.7856022328125001 0.7427169171875 0.7696348265624999 0.735975290625 0.76727384375
3 0.521058821875 0.4712818203125 0.52638891875 0.486652815625 0.5311926609375 0.5206388343749999 0.5198938156249999 0.522428396875 0.5144847515625 0.5284971359374999 0.5105125953125 0.5546072921875 0.4987435390625 0.5680536125 0.490690440625 0.56798863125 0.5211114375 0.628455403125 0.5292931109375 0.6650164921874999 0.572331496875 0.6572630265625 0.5158294890625 0.37053060625 0.50766098125 0.3539602828125 0.49522624843749996 0.3454576984375 0.45591023281250004 0.3461407171875 0.41375566093750005 0.3639054 0.40114175625000004 0.37760730468750003 0.39874363281249997 0.3896911875 0.41274200624999996 0.46479621875 0.43634028750000003 0.47022206093749996 0.4753827140625 0.4680921484375 0.521058821875 0.4712818203125
6 1 0.5584153828125 0.9997358171874999 0.5584690812499999 0.9826242953125 0.5401169453125 0.9698221796875 0.5396954921875 0.9423110546875 0.5484612234374999 0.92880850625 0.5559878546875 0.7859283890625 0.6682552140625 0.748499940625 0.713369034375 0.7487076874999999 0.7270511374999999 0.7522365328125 0.7431461609375 0.7389892171875 0.758469515625 0.735975290625 0.76727384375 0.7427169171875 0.7696348265624999 0.750144121875 0.7856022328125001 0.7757157171875 0.7707760125 0.7810475828125 0.77042135 0.808202528125 0.8057959859375 0.830267509375 0.8214042828125001 0.877724528125 0.8148674734375 0.8890367578125 0.8027895375 0.9054819984375 0.79528665 0.9390209765625 0.768912265625 0.95011060625 0.76470673125 0.966929809375 0.750287109375 0.9799307781250001 0.74577885 1 0.7327286625 1 0.5584153828125
1 0.5211114375 0.628455403125 0.490690440625 0.56798863125 0.44307742499999997 0.5676044296875 0.40513680937499996 0.57303451875 0.3983469890625 0.552103578125 0.40057342812499996 0.544222459375 0.3990191515625 0.5283851562499999 0.3404542296875 0.540425359375 0.334117490625 0.5471189187500001 0.278000490625 0.5628348812499999 0.2750217421875 0.5655826359375 0.27809356875 0.5741999765625 0.2656562515625 0.5926706187499999 0.26174835937499996 0.6075143640625 0.28319082500000003 0.663862359375 0.2889500765625 0.6714850609374999 0.2979794046875 0.674606890625 0.306601909375 0.6823450906249999 0.31812041406249997 0.6975904953125001 0.32853911406249997 0.7346317828125 0.34076609687500004 0.76512775625 0.3497954234375 0.7682495859375 0.37721780781250003 0.8048737218750001 0.3954574546875 0.8230375453125 0.4213801359375 0.8394155046874999 0.4330089734375 0.8409876281249999 0.44417582343750006 0.8540127609375 0.4580525140625 0.851814909375 0.4743753046875 0.83272886875 0.4916548234375 0.7981285171875 0.5000360046875 0.789973165625 0.5061641671875 0.7747777625000001 0.5171724421875 0.7616543859375 0.51833774375 0.75464191875 0.53363315 0.7254767453125 0.5368101453125 0.709610778125 0.53279368125 0.680659346875 0.5211114375 0.628455403125
0 0.510270053125 0.3021170015625 0.5158429078125 0.340618071875 0.5574652375 0.4343229625 0.56634079375 0.44394465624999996 0.5796597046875 0.44183514687500003 0.5933699921875 0.4123576015625 0.6188671593749999 0.3909904078125 0.628929515625 0.4014743625 0.6531985015624999 0.4055072796875 0.67040398125 0.35499661250000003 0.6795134093749999 0.346202190625 0.7172635765625001 0.34915012968750003 0.7073651140624999 0.2866536984375 0.6845645734375 0.1957440109375 0.672112690625 0.2066431734375 0.6633421015625001 0.24741602187499998 0.653507225 0.26157650625 0.59167103125 0.2424889984375 0.5342972593749999 0.2515761109375 0.5363510890625001 0.2612280265625 0.5148916031249999 0.2683026890625 0.510270053125 0.3021170015625
1 0.3960732421875 0.46096364999999995 0.3939696125 0.47693291562500006 0.40057342812499996 0.544222459375 0.3983469890625 0.552103578125 0.40513680937499996 0.57303451875 0.44307742499999997 0.5676044296875 0.4987435390625 0.5680536125 0.5105125953125 0.5546072921875 0.5144847515625 0.5284971359374999 0.5198938156249999 0.522428396875 0.5311926609375 0.5206388343749999 0.52638891875 0.486652815625 0.521058821875 0.4712818203125 0.4753827140625 0.4680921484375 0.43634028750000003 0.47022206093749996 0.3960732421875 0.46096364999999995