3 0.7780990078125 0.6658516421875 0.75816845625 0.66491311875 0.739975346875 0.6560539875 0.7396377859375 0.6879596140625 0.7877528828125 0.6952976 0.7930550140625 0.6855078031249999 0.7840152484375 0.661135703125 0.7780990078125 0.6658516421875
3 0.6234400156250001 0.5900440171875 0.630634871875 0.59824706875 0.641409009375 0.6002486265625 0.6601157390625 0.6121551968750001 0.6842059640625 0.6182912609375 0.693122753125 0.616946490625 0.6606197984375 0.6035580859375 0.6525464359375001 0.5947182859375 0.641826159375 0.5748793203125 0.6379881609375 0.5566843828125 0.6381814890624999 0.5315290765625 0.6314682375 0.5404683593749999 0.6191235265625 0.5474367265625 0.6152666328125 0.5571955171874999 0.6153760359375 0.5719068140625 0.6234400156250001 0.5900440171875
6 0.8417692859375 0.671008278125 0.8394751359375 0.6710177421875 0.8282044078125 0.6641422859375 0.8235234296874999 0.655567225 0.8056697765624999 0.663306125 0.7895977125 0.6566858250000001 0.7840152484375 0.661135703125 0.7972217328125 0.6967416859375 0.8518590156249999 0.7050743640625 0.8542462093750001 0.7054384328125 0.8417692859375 0.671008278125
1 0.5169487390625 0.680389059375 0.5281316578124999 0.682082259375 0.5306761203125 0.68086555625 0.543549259375 0.6797393015625001 0.5561882703125 0.684922828125 0.557700009375 0.6865591890625 0.569368728125 0.6883259453125 0.5820263984375 0.6774179 0.5897198109375 0.6533321734374999 0.5952381296875 0.6479490640625001 0.6061395593750001 0.648084271875 0.606004840625 0.6154272578125 0.6030601375 0.6004394468750001 0.5608594124999999 0.5910640093749999 0.5241363437500001 0.5882875828125 0.48750121249999995 0.5740693796875 0.48337416875 0.5891314109375 0.480752790625 0.6525204328124999 0.477091871875 0.6604634421875 0.4810496609375 0.680807421875 0.5169487390625 0.680389059375
7 0.8017011765625 0.48957687656250004 0.8326226671875 0.49641772343749996 0.8449172468749999 0.5149958812500001 0.8546556046875 0.5107746640624999 0.8638644765624999 0.5133382125 0.8970026953125 0.542385746875 0.906493921875 0.5183708578124999 0.8951021375 0.5035644609375 0.8848377624999999 0.471539459375 0.8660458406249999 0.432358996875 0.8374792921875001 0.39183883750000004 0.8326872625 0.3922580859375 0.8170366421875 0.41908780468750007 0.8152613046875 0.4289005453125 0.8033900390625 0.43871861718750005 0.7915405 0.453802471875 0.7804587140625 0.48054042656249996 0.8017011765625 0.48957687656250004
3 0.688155484375 0.6956748359375 0.6343185453125 0.6923416703124999 0.6132196515625 0.69999245 0.613940378125 0.7009125468749999 0.6791892359375 0.7002925640625 0.688155484375 0.6956748359375
3 0.5797813171875 0.7089896296875 0.6667698453125 0.7683559015625 0.613940378125 0.7009125468749999 0.609648521875 0.7009533265625 0.5797813171875 0.7089896296875
3 0.5797813171875 0.7089896296875 0.5871343328124999 0.701972796875 0.57293559375 0.7030507390625 0.5794704203125 0.7101242734375 0.5797813171875 0.7089896296875
3 0.6085368484375 0.7654172953125 0.643006709375 0.7805895109375001 0.6837126625 0.782924021875 0.6667698453125 0.7683559015625 0.63034493125 0.758502940625 0.6044049171875 0.746547240625 0.6017242031250001 0.7461929484375001 0.6072118609375 0.75593039375 0.6085368484375 0.7654172953125
0 0.95537369375 0.69773085625 0.8736570671875 0.720171903125 0.8709987203124999 0.7401876265625 0.9508433171874999 0.71447898125 0.9622702828125 0.7080286609375 0.95537369375 0.69773085625
6 0.66662911875 0.30534508437499996 0.6694692015625 0.312596015625 0.6906715984375 0.3244008828125 0.6902675781250001 0.3161324375 0.6906110671875 0.31280034218749997 0.691527590625 0.3039093546875 0.698231728125 0.28468766875 0.7111485328125 0.267251840625 0.7158962984375 0.26477814375 0.688508328125 0.24784706562499997 0.68411395 0.25308408125000004 0.67409914375 0.2848401703125 0.6673296625 0.2982255296875 0.66662911875 0.30534508437499996
6 0.79019826875 0.34375897499999997 0.7860002234375 0.361332971875 0.7766648890625001 0.37426955156249997 0.7908183578125 0.383590525 0.79850708125 0.380712140625 0.8036621343749999 0.3740851515625 0.81186525 0.37204404687500003 0.8145850687499999 0.36783581875000004 0.8194501796875 0.35285250625 0.81447591875 0.3413768765625 0.8144540890625 0.3360850875 0.82194594375 0.3208719640625 0.82213209375 0.3129151296875 0.8089983765625 0.31406418125 0.78834408125 0.3031704140625 0.7914217140625001 0.3114755078125 0.792479059375 0.334211059375 0.79019826875 0.34375897499999997
6 0.698231728125 0.28468766875 0.691527590625 0.3039093546875 0.6902675781250001 0.3161324375 0.6914462734375 0.3402550109375 0.7012706796875 0.36734821093750003 0.71679930625 0.385090659375 0.7366451281249999 0.3936037078125 0.7528674734374999 0.39265031562499997 0.7702110875 0.38321300625 0.7860002234375 0.361332971875 0.792479059375 0.334211059375 0.7914217140625001 0.3114755078125 0.7810540671874999 0.283498078125 0.76896406875 0.26778418125000003 0.7489564468750001 0.25742177499999996 0.729416825 0.2577336328125 0.7111485328125 0.267251840625 0.698231728125 0.28468766875
6 0.838331328125 0.5388091265625 0.8494374828125 0.5737792359375 0.8589134656249999 0.5901164140625 0.8597518390625 0.5996990656250001 0.8564244078125001 0.610719065625 0.84487855625 0.6197758609374999 0.8287477125 0.62547868125 0.7895977125 0.6566858250000001 0.8056697765624999 0.663306125 0.8235234296874999 0.655567225 0.8282044078125 0.6641422859375 0.8394751359375 0.6710177421875 0.886627221875 0.6708232265625 0.91361320625 0.65835459375 0.9267507671875 0.6673128703125 0.9479548687499999 0.6721961953125 0.956529928125 0.6675152171875001 0.964276153125 0.6533606234375 0.9679406046875 0.618224734375 0.9610237187499999 0.5969299421875001 0.9377787296875001 0.58155596875 0.9235056593750001 0.5788739421875 0.9052205359375 0.5495891515625 0.8638644765624999 0.5133382125 0.8546556046875 0.5107746640624999 0.8449172468749999 0.5149958812500001 0.8326226671875 0.49641772343749996 0.8017011765625 0.48957687656250004 0.7392940984374999 0.46302918125000003 0.7302802453125 0.4626947171875 0.7245822328125 0.45533171093749997 0.6935841984375 0.441197578125 0.6762600296875 0.44215170937500003 0.663979090625 0.44940305937499997 0.652986746875 0.4649647265625 0.641422984375 0.4996686421875 0.6382602281249999 0.5212837515625 0.6379881609375 0.5566843828125 0.641826159375 0.5748793203125 0.6525464359375001 0.5947182859375 0.6606197984375 0.6035580859375 0.7151893281249999 0.626036009375 0.7170833375 0.6245191625000001 0.724223990625 0.6019002171875 0.7428639203125 0.5696921046875 0.7595005875 0.5575076984375 0.77410744375 0.5589119859375 0.7792648625 0.5504141046875 0.7898391296875 0.5425152 0.814002090625 0.536646103125 0.838331328125 0.5388091265625
6 0.75816845625 0.66491311875 0.7780990078125 0.6658516421875 0.8287477125 0.62547868125 0.84487855625 0.6197758609374999 0.8564244078125001 0.610719065625 0.8597518390625 0.5996990656250001 0.8589134656249999 0.5901164140625 0.8494374828125 0.5737792359375 0.838331328125 0.5388091265625 0.814002090625 0.536646103125 0.7898391296875 0.5425152 0.7792648625 0.5504141046875 0.77410744375 0.5589119859375 0.7595005875 0.5575076984375 0.7428639203125 0.5696921046875 0.724223990625 0.6019002171875 0.7170833375 0.6245191625000001 0.7065556453124999 0.6329504375 0.70662876875 0.6399178156249999 0.7116129156250001 0.6539657562500001 0.720942653125 0.6563681765625 0.73015269375 0.6512708468749999 0.75816845625 0.66491311875
3 0.8743136828125 0.7152279906250001 0.8715491375 0.7107281390625 0.8653067796875 0.70712526875 0.73194465 0.686786340625 0.704144275 0.6874404140625 0.6791892359375 0.7002925640625 0.5879869625 0.70115915 0.5797813171875 0.7089896296875 0.5794704203125 0.7101242734375 0.5844112796875 0.7154724375 0.6017242031250001 0.7461929484375001 0.6044049171875 0.746547240625 0.63034493125 0.758502940625 0.6667698453125 0.7683559015625 0.6930479625 0.7909508890625 0.7969701328125 0.8067529015625 0.841247659375 0.8182897078125 0.854930934375 0.8188707203125001 0.8610925 0.8147753640625 0.8743136828125 0.7152279906250001
3 0.566475040625 0.8609093015625 0.5934649875 0.8369285312500001 0.60754766875 0.8136839218749999 0.612472840625 0.7935989734375 0.6072118609375 0.75593039375 0.5844112796875 0.7154724375 0.5561882703125 0.684922828125 0.543549259375 0.6797393015625001 0.5306761203125 0.68086555625 0.5095475031250001 0.6909687703125 0.485034640625 0.7163051484375 0.46982057812500005 0.7490826859374999 0.46657762500000005 0.774916671875 0.47052702812499997 0.8020868140624999 0.48171759375 0.8266580296875 0.49303990000000003 0.8437491843749999 0.512539528125 0.864448803125 0.5406311500000001 0.8710319671875 0.552231615625 0.8688378171875 0.566475040625 0.8609093015625