6 0.6281136484375 0.3268080578125 0.617068534375 0.3242185828125 0.593372953125 0.327135740625 0.59988029375 0.3436288578125 0.6302207859375 0.3478929359375 0.6281136484375 0.3268080578125
6 0.3676774484375 0.6133359796875 0.3698138375 0.6114794406249999 0.343361540625 0.5751918109374999 0.3406462890625 0.5695474296875 0.34101830781250003 0.5638920781250001 0.3136836796875 0.5567099 0.3038075765625 0.5622530078125 0.2876122359375 0.563442453125 0.278427296875 0.579479346875 0.26270957500000003 0.577270365625 0.2604868171875 0.5869214375 0.27585321406249996 0.5947125640625 0.27838365781249996 0.6136955328125 0.283554775 0.6200538046874999 0.2905973234375 0.622343153125 0.30155035625000004 0.6368783171875 0.32383457187500003 0.6456655359375 0.3361135125 0.6367146578125 0.34388347656249996 0.6276079328125 0.3676774484375 0.6133359796875
6 0.884397353125 0.6436322046875 0.7997325859375 0.628311953125 0.793590015625 0.623468421875 0.700502775 0.654732540625 0.68997144375 0.6599344484375 0.68564805 0.6638538984375 0.6915629062499999 0.66541868125 0.7382985609375 0.677782671875 0.74874411875 0.6765475484375 0.766130459375 0.664394025 0.7759713484375 0.6636145515625 0.8456141171875 0.6912429984374999 0.8770444875000001 0.70658940625 0.8792355109375001 0.6540147625 0.884397353125 0.6436322046875
6 0.719485071875 0.761639425 0.71264173125 0.74878379375 0.6794600515625 0.7296615359375 0.6824223921875 0.7421756375 0.697206371875 0.823991803125 0.7058203390625 0.8260933484375 0.7762221953124999 0.8019474328125 0.729841784375 0.7879639515625 0.7217977046875 0.7798052390625 0.719485071875 0.761639425
1 0.6299329796875 0.38299874375 0.6480209453125 0.3688977640625 0.6694835375 0.362563084375 0.6379402125 0.3489778296875 0.59988029375 0.3436288578125 0.6094173359374999 0.36780086875 0.6024995078125001 0.41122722187500005 0.557260903125 0.44795236406249994 0.5574258734375 0.45704445781249997 0.5523534390625 0.4866888421875 0.54503780625 0.506503 0.537388334375 0.5190207453125 0.5313083015625 0.5176434515625 0.531258296875 0.52706945 0.5255266921875 0.5321223109375001 0.5162186765625 0.56635796875 0.531659453125 0.58762128125 0.538757540625 0.6120089765625 0.53703390625 0.6242732765625 0.5528151218749999 0.6300036312499999 0.5803168546874999 0.6257034703125 0.6142777984375 0.6257676609375 0.6042451828125001 0.5995826609375 0.5898864406250001 0.5621065296875 0.552376571875 0.5522838640625001 0.558442728125 0.540082365625 0.5924606421874999 0.492647109375 0.61702354375 0.4609886296875 0.6172691125 0.4349062984375 0.62215253125 0.40015896875 0.6299329796875 0.38299874375
3 0.5295702578125 0.5172497375 0.537388334375 0.5190207453125 0.54503780625 0.506503 0.5523534390625 0.4866888421875 0.5574258734375 0.45704445781249997 0.557260903125 0.44795236406249994 0.5459042968750001 0.45717176718749997 0.5295702578125 0.5172497375
3 0.7732821015625 0.34276279062500004 0.75864228125 0.3363539515625 0.70984945625 0.35622626875 0.6974430171875 0.36623278125000003 0.7035142234375 0.3713281 0.7171797921875 0.3963342296875 0.72679008125 0.42345479375000006 0.7273062640625 0.4259737375 0.7591525375 0.4023037890625 0.7875810796875 0.40629916093749996 0.7956388765625 0.3738777765625 0.7784454109375 0.354677625 0.7732821015625 0.34276279062500004
3 0.62004966875 0.5056928953125001 0.621263525 0.5047906906249999 0.616845075 0.479944071875 0.6168912390625 0.47504102968749995 0.61702354375 0.4609886296875 0.5924606421874999 0.492647109375 0.558442728125 0.540082365625 0.552376571875 0.5522838640625001 0.5898864406250001 0.5621065296875 0.5858341375 0.5515300765625 0.582835628125 0.5408978046875 0.58379905 0.5369488609374999 0.62004966875 0.5056928953125001
5 0.5459042968750001 0.45717176718749997 0.6024995078125001 0.41122722187500005 0.6094173359374999 0.36780086875 0.574877940625 0.2802593953125 0.5729304156249999 0.276727075 0.5325872859375 0.27105721875 0.4170081578125 0.3569621515625 0.4368310390625 0.3583185390625 0.455556809375 0.3653305515625 0.5362459515625 0.4020762734375 0.5481802874999999 0.41689436406249997 0.5518325640625 0.43142454218750004 0.5506855640625 0.43958586562499996 0.5459042968750001 0.45717176718749997
3 0.46471535781249995 0.648383275 0.388953615625 0.6377356562500001 0.3698138375 0.6114794406249999 0.3676774484375 0.6133359796875 0.34388347656249996 0.6276079328125 0.3361135125 0.6367146578125 0.303057996875 0.6608108640625 0.261075134375 0.6989504984375 0.2454934296875 0.7273568015625 0.24199423593749997 0.7588519265625 0.3410968640625 0.7727798921875 0.38284628125000003 0.7461969078124999 0.42295422968749996 0.7115023984375 0.4527120625 0.6646909734374999 0.46471535781249995 0.648383275
3 0.9483015265624999 0.7337875375 0.9093592312500001 0.7223676234374999 0.8456141171875 0.6912429984374999 0.7759713484375 0.6636145515625 0.766130459375 0.664394025 0.74874411875 0.6765475484375 0.7382985609375 0.677782671875 0.6423885828125 0.652409540625 0.6288623703125 0.6640243078125 0.6210532703125 0.692661465625 0.627589978125 0.7038521125 0.6481257406250001 0.711603896875 0.71264173125 0.74878379375 0.719485071875 0.761639425 0.7217977046875 0.7798052390625 0.729841784375 0.7879639515625 0.8003786609375 0.8092304953125 0.9104395671875001 0.8647051749999999 0.9483015265624999 0.7337875375
6 0.9313370593749999 0.5176191718750001 0.9348964953125 0.50797855625 0.9306522921875 0.4879821609375 0.953598140625 0.4502026328125 0.9545563640625 0.4371100890625 0.95145500625 0.43094243125 0.9413680031249999 0.42114756093750005 0.9338611796875 0.4055426125 0.925564409375 0.395558434375 0.9171858421874999 0.376744621875 0.911125690625 0.3728065734375 0.9067669687500001 0.35676224843750004 0.899084859375 0.345541734375 0.8945508515625 0.3338818453125 0.8871936015624999 0.3297615015625 0.883659878125 0.3235330765625 0.8786187171875 0.30607011875 0.868660253125 0.29849785 0.8343232875 0.32321287656250003 0.8225675796875 0.31274257968749997 0.816514440625 0.311891865625 0.813062515625 0.3144930796875 0.80975315 0.3254915609375 0.804085634375 0.33130865 0.8021411468749999 0.345144396875 0.79771930625 0.3828818625 0.8008557140624999 0.4044861953125 0.840895225 0.47095855625 0.85355071875 0.496987059375 0.858131471875 0.5020399140625 0.91023286875 0.5234713140625 0.9158536406250001 0.5242612624999999 0.922507421875 0.5177009703125 0.9313370593749999 0.5176191718750001
6 0.381559234375 0.4118744625 0.36935175 0.459626353125 0.3777207 0.451374990625 0.3957108109375 0.43986926249999997 0.41119333906250005 0.4420451890625 0.4235948546875 0.4578221828125 0.43539505 0.46123485156250005 0.4501088703125 0.48552336250000006 0.4772769015625 0.5127317046875 0.5162186765625 0.56635796875 0.5506855640625 0.43958586562499996 0.5518325640625 0.43142454218750004 0.5481802874999999 0.41689436406249997 0.5362459515625 0.4020762734375 0.455556809375 0.3653305515625 0.4368310390625 0.3583185390625 0.4125351359375 0.3566560828125 0.4024884609375 0.3626905859375 0.39502601249999997 0.37215447031250004 0.381559234375 0.4118744625
5 0.8292549062499999 0.542855028125 0.83619155 0.4993105640625 0.8015582140624999 0.41153099375 0.7996053937500001 0.4079890671875 0.7591525375 0.4023037890625 0.7273062640625 0.4259737375 0.7436685515625 0.5058210515625 0.7440092 0.5677564687500001 0.7899450609375 0.5701297390625 0.8017519015625 0.5651822359375 0.8292549062499999 0.542855028125
3 0.7243893796875 0.5667428125 0.7440092 0.5677564687500001 0.7436685515625 0.5058210515625 0.72679008125 0.42345479375000006 0.7171797921875 0.3963342296875 0.7035142234375 0.3713281 0.6919887 0.36165519062499996 0.6788268328125 0.3598054109375 0.6480209453125 0.3688977640625 0.6299329796875 0.38299874375 0.62215253125 0.40015896875 0.6172691125 0.4349062984375 0.616845075 0.479944071875 0.626441128125 0.533906309375 0.645892215625 0.5903273265625 0.6471358296874999 0.608218928125 0.6521956765625 0.6180568921875 0.66326018125 0.623370021875 0.7083378015624999 0.6082303296875 0.7235059671874999 0.5996246078125 0.728301446875 0.5960109546875 0.719079959375 0.59415719375 0.7163338921875 0.5826041359375 0.7186244312500001 0.573215509375 0.7243893796875 0.5667428125
3 0.41119333906250005 0.4420451890625 0.3957108109375 0.43986926249999997 0.3777207 0.451374990625 0.36007154375 0.4687761703125 0.337540503125 0.500110071875 0.329307946875 0.5170804078125 0.3276961484375 0.528548946875 0.3416753609375 0.553903721875 0.3406462890625 0.5695474296875 0.343361540625 0.5751918109374999 0.388953615625 0.6377356562500001 0.49389074375 0.6524836078125 0.526315715625 0.6506083578124999 0.536823384375 0.6257712234375 0.538757540625 0.6120089765625 0.531659453125 0.58762128125 0.4772769015625 0.5127317046875 0.4501088703125 0.48552336250000006 0.43539505 0.46123485156250005 0.4235948546875 0.4578221828125 0.41119333906250005 0.4420451890625
3 0.9154999390624999 0.585347690625 0.9103217828125001 0.58073573125 0.8962388421874999 0.577299921875 0.809033728125 0.56213088125 0.7899450609375 0.5701297390625 0.7243893796875 0.5667428125 0.7186244312500001 0.573215509375 0.7163338921875 0.5826041359375 0.719079959375 0.59415719375 0.7431614796875 0.5989982125 0.754737696875 0.60645146875 0.7787523015625 0.611768609375 0.7997325859375 0.628311953125 0.895850203125 0.6457046203125001 0.9042042296874999 0.6415379046874999 0.9109137046875 0.6317992625 0.918119896875 0.60125276875 0.9154999390624999 0.585347690625