6 0.5914651859375 0.309636484375 0.5684061984375 0.315823040625 0.577145609375 0.33125 0.607784275 0.33125 0.6027631953125 0.3106635765625 0.5914651859375 0.309636484375
6 0.322531434375 0.6631650796875 0.3458217265625 0.6687654171874999 0.35673544687500003 0.6581927515625 0.3631623828125 0.64809328125 0.384738521875 0.6306487421875 0.3865957390625 0.6285129421875 0.3553506125 0.596259909375 0.3518762390625 0.5910483484375 0.35145756562499997 0.5853962593750001 0.323389390625 0.5820882234375 0.3143808515625 0.5889518734375 0.2985086625 0.5923836984374999 0.2916450140625 0.6095428203125001 0.275772825 0.6095428203125001 0.27491486875 0.6194093171875 0.2912160359375 0.62498603125 0.29636377187499996 0.6434320890625 0.302369465625 0.649008803125 0.3096620921875 0.6502957375 0.322531434375 0.6631650796875
6 0.796056359375 0.623614478125 0.8688665062500001 0.641281646875 0.9021268046875001 0.6521044421875 0.8969795296875 0.59973651875 0.9006461640625 0.5887366140625 0.8146731812500001 0.5853485171874999 0.8079163015624999 0.581407003125 0.720086103125 0.6253221015625 0.7103812281249999 0.6319390625 0.706645390625 0.63642206875 0.7127204593750001 0.637148434375 0.760722021875 0.642887753125 0.7708940281250001 0.640210909375 0.786419721875 0.625755953125 0.796056359375 0.623614478125
6 0.7492007328125 0.794275175 0.8155569796875 0.7605662015625 0.767681815625 0.7531737125 0.758580546875 0.74621391875 0.753762228125 0.72854675 0.745196328125 0.7167686375 0.7096762671875 0.7024504734375 0.7143514046874999 0.7144305109375 0.7403781171875 0.7933929140625 0.7492007328125 0.794275175
1 0.590537496875 0.47985063281249996 0.6104553453125 0.44508175625 0.607068565625 0.4192190796875 0.607068565625 0.38413026875 0.6123850531249999 0.366054215625 0.6283345109375 0.3495731078125 0.6487066140625 0.34031306093749997 0.6155795640624999 0.33125 0.577145609375 0.33125 0.58995393125 0.353859471875 0.58914720625 0.397825978125 0.5494600125 0.4404897109375 0.550888753125 0.4494703609375 0.549991384375 0.47953219531249996 0.54550454375 0.5001716625 0.5396716500000001 0.5136321859375 0.5334591046875 0.5131144734374999 0.5347214328125001 0.5224556984375 0.5297488296874999 0.5282570703125 0.5252960812499999 0.5634549734375 0.5435458703125 0.5823624125 0.5539689921875001 0.60552490625 0.5539689921875001 0.617909734375 0.5703941375 0.6213879999999999 0.5970297578125 0.6133021875 0.6306691296875 0.608639303125 0.617089903125 0.5841054046874999 0.5976552296875 0.5489923390625 0.5591433546875 0.5444856312499999 0.5634523546875 0.53155863125 0.590537496875 0.47985063281249996
3 0.549991384375 0.47953219531249996 0.550888753125 0.4494703609375 0.5494600125 0.4404897109375 0.539497021875 0.45119992499999995 0.53168318125 0.5129664796875 0.5396716500000001 0.5136321859375 0.54550454375 0.5001716625 0.549991384375 0.47953219531249996
3 0.7430337984375 0.3671875 0.7717417234374999 0.3671875 0.77520891875 0.333960209375 0.755510634375 0.31733978125 0.7487393484375 0.3062594953125 0.7333500640625 0.30195049531249996 0.6877977796875 0.328420065625 0.6769047171875 0.3400558375 0.6836259703125 0.34425662031250004 0.7006387265625 0.3671175125 0.7139299421875 0.392636646875 0.7147916703125 0.39505923906249996 0.7430337984375 0.3671875
3 0.5976552296875 0.5489923390625 0.59217040625 0.5390827859375 0.5877213515624999 0.5289712984375 0.5881258109374999 0.524926703125 0.6196736515625 0.4889298078125 0.62075013125 0.487867446875 0.6129167015625 0.4638775640625 0.61228004375 0.4590158125 0.6104553453125 0.44508175625 0.590537496875 0.47985063281249996 0.5634523546875 0.53155863125 0.5591433546875 0.5444856312499999 0.5976552296875 0.5489923390625
5 0.522264859375 0.3979847984375 0.53614533125 0.41099774218749996 0.5417842734375 0.424878215625 0.5417842734375 0.4331197453125 0.539497021875 0.45119992499999995 0.58914720625 0.397825978125 0.58995393125 0.353859471875 0.5435672515625 0.27197689999999997 0.5411470765625 0.26875 0.500407471875 0.26875 0.39790880781250004 0.36990441875 0.417727546875 0.36848879375 0.4372469625 0.3728264421875 0.522264859375 0.3979847984375
3 0.380606921875 0.792240259375 0.41825039999999997 0.7601055828125001 0.45313947812500005 0.7201667703125 0.47609281875000004 0.669669421875 0.48570970625000004 0.6518498921875 0.409203409375 0.6518498921875 0.3865957390625 0.6285129421875 0.384738521875 0.6306487421875 0.3631623828125 0.64809328125 0.35673544687500003 0.6581927515625 0.3273551703125 0.68665489375 0.2910888921875 0.730266240625 0.279612221875 0.76056465 0.28053035625 0.792240259375 0.380606921875 0.792240259375
3 0.758580546875 0.74621391875 0.767681815625 0.7531737125 0.8404919640624999 0.76441645625 0.9572023484375001 0.8040337421875 0.9764756234374999 0.6691208203125 0.9363229671875001 0.6632317640625 0.8688665062500001 0.641281646875 0.796056359375 0.623614478125 0.786419721875 0.625755953125 0.7708940281250001 0.640210909375 0.760722021875 0.642887753125 0.662214175 0.631109640625 0.6504360625000001 0.644493859375 0.64668848125 0.6739391390625 0.6547190125 0.6841111453125001 0.6761337609375 0.6889294640625 0.745196328125 0.7167686375 0.753762228125 0.72854675 0.758580546875 0.74621391875
6 0.8549300625 0.45217779374999995 0.9095070859375 0.46614951250000003 0.915183096875 0.46614951250000003 0.9208591078125 0.4587270375 0.9295914312500001 0.45741718750000004 0.9317745125 0.44737501562500004 0.924788653125 0.428163903125 0.9422533 0.387558596875 0.94138006875 0.3744601109375 0.937450521875 0.3687841015625 0.9260985015625 0.36048839374999997 0.9164929453124999 0.346080059375 0.9068873890625 0.337347734375 0.8959719843749999 0.3198830875 0.8894227406249999 0.3168267734375 0.8828734984375 0.3015452078125 0.8737045578125 0.29150303437499997 0.86759193125 0.2805876296875 0.859732840625 0.2775313171875 0.855366678125 0.27185530625 0.8479442031250001 0.255263890625 0.8370287984375 0.2491512640625 0.8064656640625 0.2784045484375 0.793367178125 0.269672225 0.7872545515625 0.269672225 0.7841982390625 0.2727285390625 0.7824517734375 0.284080559375 0.7776489953125 0.2906298015625 0.7776489953125 0.3046015203125 0.778522228125 0.3425871296875 0.7846348546875 0.36354470625 0.83353586875 0.423797740625 0.8496906671875 0.44781163125 0.8549300625 0.45217779374999995
6 0.417727546875 0.36848879375 0.3934367203125 0.370223853125 0.384327659375 0.37759785468749996 0.378254953125 0.388008209375 0.3704471875 0.4292158625 0.365004284375 0.47820198906250005 0.3721434203125 0.4688661953125 0.388357165625 0.45496869999999995 0.40399184843749997 0.45496869999999995 0.41846840625 0.4688661953125 0.430628715625 0.4706033828125 0.44857964843750003 0.4926077515625 0.4792699515625 0.5157702453125 0.5252960812499999 0.5634549734375 0.5417842734375 0.4331197453125 0.5417842734375 0.424878215625 0.53614533125 0.41099774218749996 0.522264859375 0.3979847984375 0.4372469625 0.3728264421875 0.417727546875 0.36848879375
5 0.7421073203125 0.47185229375000004 0.751064396875 0.53313755 0.796883509375 0.5290946875 0.8078868859374999 0.5225521390625001 0.8320148875 0.49661453906249997 0.8328238062500001 0.45252845312499995 0.7863109640625 0.3704231765625 0.7838842078125 0.3671875 0.7430337984375 0.3671875 0.7147916703125 0.39505923906249996 0.7421073203125 0.47185229375000004
3 0.739441775 0.5633031625 0.7300520374999999 0.562750825 0.7257248187500001 0.5516923796875 0.7266864234375 0.542076340625 0.7314944421875 0.5348643109375 0.751064396875 0.53313755 0.7421073203125 0.47185229375000004 0.7139299421875 0.392636646875 0.7006387265625 0.3671175125 0.6836259703125 0.34425662031250004 0.670866403125 0.33628189062499997 0.6575751875 0.33628189062499997 0.6283345109375 0.3495731078125 0.6123850531249999 0.366054215625 0.607068565625 0.38413026875 0.607068565625 0.4192190796875 0.6129167015625 0.4638775640625 0.6299294578125 0.5159791312500001 0.6570435375 0.5691439953125 0.6607650781250001 0.5866884 0.6671448625 0.5957264265625 0.6788411328125 0.5994479671875 0.7213730234375 0.578182021875 0.7351958875 0.56754905 0.739441775 0.5633031625
3 0.4792699515625 0.5157702453125 0.44857964843750003 0.4926077515625 0.430628715625 0.4706033828125 0.41846840625 0.4688661953125 0.40399184843749997 0.45496869999999995 0.388357165625 0.45496869999999995 0.3721434203125 0.4688661953125 0.3570878 0.48855431562499996 0.3391368671875 0.5227189921875001 0.33334624375 0.540669925 0.33334624375 0.552251171875 0.35071811406250003 0.575413665625 0.3518762390625 0.5910483484375 0.3553506125 0.596259909375 0.409203409375 0.6518498921875 0.515171815625 0.6518498921875 0.5470202453125 0.6454802078124999 0.5539689921875001 0.6194224015625001 0.5539689921875001 0.60552490625 0.5435458703125 0.5823624125 0.4792699515625 0.5157702453125
3 0.9122759796875 0.5891949328125 0.9199688109374999 0.5839061109375 0.9252576328125001 0.5733284671875001 0.92814244375 0.542076340625 0.923334425 0.526690678125 0.9175648015625001 0.5228442624999999 0.9031407421875001 0.52140185625 0.8146731812500001 0.5185170453125 0.796883509375 0.5290946875 0.7314944421875 0.5348643109375 0.7266864234375 0.542076340625 0.7257248187500001 0.5516923796875 0.7300520374999999 0.562750825 0.7545729375 0.56419323125 0.7670737875 0.5699628546875 0.7915946875000001 0.5718860625 0.8146731812500001 0.5853485171874999 0.9122759796875 0.5891949328125