6 0.8837451953125001 0.7504755203125 0.89399049375 0.7637944078125 0.89399049375 0.77916235625 0.8975763484374999 0.783772740625 0.8837451953125001 0.8047756015624999 0.8661698875000001 0.8252546562499999 0.8071304250000001 0.8596360656250001 0.8022950734375 0.85344076875 0.7946110984375 0.848830384375 0.7617445375 0.8859838890624999 0.767423328125 0.8825766156249999 0.767770715625 0.88255704375 0.8511497312499999 0.8778596343749999 0.864121428125 0.89083133125 0.8647110515625 0.8796285015624999 0.8682487859375 0.8749115218749999 0.8971402921875 0.8760907671875 0.9030365171874999 0.8707841640625 0.91188085625 0.813001153125 0.9266214203124999 0.8012087015624999 0.930748778125 0.7935436078125 0.930748778125 0.7876473828125 0.9236733078125001 0.779392665625 0.9213148171875 0.7699587046875 0.900678028125 0.7540388953125 0.8860986546875 0.746749209375 0.8837451953125001 0.7504755203125
3 0.5965071421875 0.402010428125 0.59887734375 0.40885014999999997 0.60137699375 0.4062543609375 0.6805303687500001 0.3413201546875 0.6704900125 0.30138185 0.66150443125 0.2994901484375 0.652991775 0.301854775 0.574013240625 0.35103901249999997 0.5590026984375001 0.3587527625 0.5694561734375 0.3625160140625 0.578653503125 0.3706313046875 0.584063696875 0.3879439234375 0.5965071421875 0.402010428125
6 0.8090092828125 0.5939422015625 0.8121502515625 0.602824725 0.825859259375 0.588087540625 0.8335432328125 0.588087540625 0.8752611703125 0.642763321875 0.8905435984375 0.6240848 0.8949555124999999 0.6091945859375001 0.8944040234375 0.59540735 0.8844772140625 0.56507543125 0.8701384890625 0.5457733015625 0.8519393375 0.53805245 0.8497543078125 0.5386274578125 0.85023469375 0.539550553125 0.84165339375 0.5538527203125 0.8176257546875 0.5738757546875 0.8090444531250001 0.5938987874999999 0.8090092828125 0.5939422015625
6 0.4208113171875 0.6204692203125 0.42147463281249997 0.6330722390625 0.42923633906249997 0.6554949437500001 0.4382301796875 0.640708459375 0.44217572031249996 0.632817378125 0.43531182968750004 0.6257860749999999 0.4208113171875 0.6204692203125
2 0.4951151796875 0.9224615578125 0.5093855375 0.9445157484375001 0.540288996875 0.9671492671875 0.5590051765624999 0.9758544671875 0.5777213546875 0.9806423265624999 0.6412693109375 0.9810775859374999 0.6660791296874999 0.9767249859374999 0.7039467484374999 0.9562677671875001 0.7265802671875 0.9384221078125 0.7396380671875 0.9136122890625 0.743860046875 0.8887870484375 0.7341638390624999 0.8887870484375 0.7126743203125 0.8537670921875 0.67973098125 0.885588521875 0.674683915625 0.8872708781249999 0.6338868093750001 0.813247259375 0.6338868093750001 0.8103031390625001 0.6606278328124999 0.7846863609375 0.6041246250000001 0.7846863609375 0.595095646875 0.8091935906250001 0.5875428640625 0.8213942375000001 0.585799915625 0.8359188171874999 0.5811520484375 0.8446335656249999 0.5718563171875 0.8562532296875001 0.5282825765625 0.8783305921875 0.512015046875 0.8829784578125001 0.49865243281250005 0.8800735421875 0.4963285 0.8858833734375 0.4957475171875 0.92132335 0.4951151796875 0.9224615578125
5 0.3847797234375 0.9062177859375 0.4167338 0.953858409375 0.4928426015625 0.9265521984375 0.4957475171875 0.92132335 0.4963285 0.8858833734375 0.49865243281250005 0.8800735421875 0.512015046875 0.8829784578125001 0.5282825765625 0.8783305921875 0.5718563171875 0.8562532296875001 0.5811520484375 0.8446335656249999 0.585799915625 0.8359188171874999 0.5875428640625 0.8213942375000001 0.595095646875 0.8091935906250001 0.6041246250000001 0.7846863609375 0.5524706859374999 0.7846863609375 0.546875 0.7695780109375 0.546875 0.7190056 0.5363794046875 0.7108423593750001 0.526178034375 0.6904396171875 0.5212991171875 0.6620531953125 0.5212991171875 0.6606340421875 0.487804471875 0.6525023937500001 0.485598171875 0.6525023937500001 0.48529335468749996 0.6518927578125 0.4531881859375 0.644098440625 0.44217572031249996 0.632817378125 0.4382301796875 0.640708459375 0.40395217031249997 0.69706383125 0.3493397484375 0.6866061328125 0.3417869671875 0.7046166125 0.3441109 0.7115884109375 0.37374104375 0.737151671875 0.38710365625 0.7615529671875 0.3940754546875 0.7638769 0.39349447187500003 0.7679437828125 0.340625 0.7824683625 0.340625 0.788859178125 0.340625 0.833594884375 0.3696741609375 0.8690348609375 0.3847797234375 0.9062177859375
3 0.370782540625 0.5882893250000001 0.3716545578125 0.5978815171874999 0.3751426265625 0.6022416046875 0.390838940625 0.6057296734375 0.40915130624999996 0.6161938828125 0.43531182968750004 0.6257860749999999 0.4531881859375 0.644098440625 0.48529335468749996 0.6518927578125 0.48397511406250004 0.649256278125 0.45759751406250004 0.572929603125 0.4488280984375 0.576517090625 0.3816827578125 0.5712849859375 0.3751426265625 0.576517090625 0.370782540625 0.5882893250000001
1 0.729674234375 0.6046750140625 0.6946620296875 0.6515663609375 0.666034625 0.7795068828125 0.7969652140625 0.6088090984375001 0.7117897203125 0.5750199265625 0.7260918875 0.58932209375 0.729674234375 0.6046750140625
1 0.546875 0.7695780109375 0.5524706859374999 0.7846863609375 0.6606278328124999 0.7846863609375 0.666034625 0.7795068828125 0.6404193578124999 0.7412547515625 0.63734576875 0.7325462484374999 0.6428871875 0.7224413078125 0.6423849500000001 0.72237434375 0.6122243765625 0.7245920328125 0.5612175234375 0.72237434375 0.5483549265625001 0.720156653125 0.546875 0.7190056 0.546875 0.7695780109375
5 0.6338868093750001 0.813247259375 0.674683915625 0.8872708781249999 0.67973098125 0.885588521875 0.7126743203125 0.8537670921875 0.6788392265625001 0.7986284234375 0.666034625 0.7795068828125 0.6338868093750001 0.8103031390625001 0.6338868093750001 0.813247259375
5 0.7969652140625 0.6088090984375001 0.8090444531250001 0.5938987874999999 0.8176257546875 0.5738757546875 0.84165339375 0.5538527203125 0.85023469375 0.539550553125 0.8210582734375 0.4834860609375 0.7484032671875 0.3730733328125 0.7226593671875 0.3192971859375 0.715222240625 0.3187251 0.6969154671875 0.3278784875 0.60137699375 0.4062543609375 0.59887734375 0.40885014999999997 0.6154428203125 0.456653384375 0.619485021875 0.466239175 0.6289890890625001 0.4774247328125 0.6288253078125 0.4433579671875 0.63344765625 0.41716465625000004 0.6396107875 0.4043247984375 0.63909719375 0.3848082140625 0.6426923546875 0.38172664843750004 0.6550186171875 0.3822402421875 0.658613778125 0.38583540312500003 0.6606681546875001 0.40689277031250004 0.6709400421875 0.4433579671875 0.6709400421875 0.5253218937499999 0.6986317265624999 0.5538527203125 0.7117897203125 0.5750199265625 0.7260918875 0.58932209375 0.729674234375 0.6046750140625 0.7608016140625 0.562986559375 0.7674610578125 0.56759694375 0.7969652140625 0.6088090984375001
3 0.5694561734375 0.3625160140625 0.555930690625 0.3576468390625 0.518059334375 0.3603519359375 0.4807289984375 0.37495945937499997 0.4509729328125 0.3938951375 0.429873178125 0.41607693125 0.4212168671875 0.4360946484375 0.4212168671875 0.45178420937499997 0.4233809453125 0.462604596875 0.42825012031250004 0.4696378484375 0.43311929375 0.5020990109375 0.48397511406250004 0.649256278125 0.485598171875 0.6525023937500001 0.5212991171875 0.6525023937500001 0.5212991171875 0.620804175 0.527065109375 0.6021755859375 0.542145396875 0.591530678125 0.6441591015625 0.584877609375 0.6613906859375 0.5845259453125 0.6592653890625 0.5653982765625 0.6573897343749999 0.5594302843750001 0.6385836 0.5594302843750001 0.6319068734375 0.55634871875 0.6293389015625 0.5501855875 0.6290443 0.4889083203125 0.6154428203125 0.456653384375 0.5965071421875 0.402010428125 0.584063696875 0.3879439234375 0.578653503125 0.3706313046875 0.5694561734375 0.3625160140625
6 0.676980903125 0.6500776734375 0.670327834375 0.5875388375 0.66589245625 0.584434071875 0.6441591015625 0.584877609375 0.542145396875 0.591530678125 0.527065109375 0.6021755859375 0.5212991171875 0.620804175 0.5212991171875 0.6620531953125 0.526178034375 0.6904396171875 0.5363794046875 0.7108423593750001 0.5483549265625001 0.720156653125 0.5612175234375 0.72237434375 0.6122243765625 0.7245920328125 0.6423849500000001 0.72237434375 0.6428871875 0.7224413078125 0.646054271875 0.7166660359375 0.6779304546875 0.6739747203124999 0.676980903125 0.6500776734375
1 0.8837451953125001 0.8047756015624999 0.8975763484374999 0.783772740625 0.89399049375 0.77916235625 0.89399049375 0.7637944078125 0.8837451953125001 0.7504755203125 0.8898923734374999 0.7407424875 0.8898923734374999 0.7356198375 0.87811028125 0.7146169765625 0.9016744671874999 0.6895159953125 0.9037235265625 0.6849056109375 0.9011622031250001 0.676709371875 0.8335432328125 0.588087540625 0.825859259375 0.588087540625 0.8053686624999999 0.6101149328125001 0.7997337484375 0.61267625625 0.7674610578125 0.56759694375 0.7608016140625 0.562986559375 0.646054271875 0.7166660359375 0.63734576875 0.7325462484374999 0.6404193578124999 0.7412547515625 0.6788392265625001 0.7986284234375 0.7341638390624999 0.8887870484375 0.7592648203125 0.8887870484375 0.7946110984375 0.848830384375 0.8022950734375 0.85344076875 0.8186875499999999 0.8744436312499999 0.8248347296875 0.8734191015625001 0.8837451953125001 0.8047756015624999
6 0.6709400421875 0.4433579671875 0.6606681546875001 0.40689277031250004 0.658613778125 0.38583540312500003 0.6550186171875 0.3822402421875 0.6426923546875 0.38172664843750004 0.63909719375 0.3848082140625 0.6396107875 0.4043247984375 0.63344765625 0.41716465625000004 0.6288253078125 0.4433579671875 0.6293389015625 0.5501855875 0.6319068734375 0.55634871875 0.6385836 0.5594302843750001 0.659127371875 0.5594302843750001 0.66734488125 0.553267153125 0.6709400421875 0.5316961906250001 0.6709400421875 0.4433579671875