6 0.8053502375000001 0.883288109375 0.7836185984374999 0.899288703125 0.7183581796875 0.9195079296875001 0.715040396875 0.9123837 0.708590471875 0.9061629609375 0.668208559375 0.93497085625 0.674508271875 0.9329283609375001 0.674851159375 0.9329874359374999 0.7571498625 0.9471666187500001 0.7668711 0.9627238484375 0.7699657 0.9519407828125 0.7744738515625 0.9481405171875 0.8023595968749999 0.9557887125000001 0.8092984281250001 0.9519444796875 0.8309144375 0.8976319875 0.8479299265625 0.8894576796875 0.8536757703125 0.8829174953125 0.8550021328125 0.877172390625 0.8499649140625 0.86753760625 0.84978905 0.8578148921875 0.833262359375 0.8376608390625 0.8206964765625001 0.8272783421875 0.8175650984375 0.8303797359375 0.8245517124999999 0.8456619515625 0.8210946765625 0.8606360203125 0.8235515156250001 0.8659348828125 0.8053502375000001 0.883288109375
3 0.7107997265625 0.34482432812499997 0.7024699859375 0.3409597953125 0.6936435828125 0.3413488859375 0.6056252171875001 0.37150622968749997 0.589264178125 0.3756456390625 0.598603184375 0.38166395937500003 0.60573924375 0.3916402046875 0.6071162828125 0.40972613124999996 0.616076528125 0.42623127812500006 0.616847378125 0.43342887812499997 0.6198668890625 0.4314619171875 0.7115985859375 0.38599760625 0.7107997265625 0.34482432812499997
6 0.8335284906249999 0.723519703125 0.8526209843749999 0.708757709375 0.860269390625 0.6952415953125 0.862833490625 0.6816836671875001 0.8599843015624999 0.64989610625 0.8503551109374999 0.6278631781249999 0.834359215625 0.61624629375 0.832100840625 0.6163150390625 0.8323612625000001 0.6173225390625 0.8207826125000001 0.6293277703125 0.7928665984375 0.643432571875 0.7800010328125 0.66101204375 0.779956996875 0.6610464328125001 0.78101933125 0.6704078625000001 0.797692121875 0.6591322468749999 0.80517915625 0.6608607640625 0.8335284906249999 0.723519703125
6 0.41378034374999995 0.6164056453125 0.40867407343749995 0.6080105140625001 0.395741240625 0.5995680250000001 0.3935524921875 0.6119972421875 0.39607125625 0.6355912578125 0.40816082031249995 0.6232069250000001 0.41378034374999995 0.6164056453125
2 0.561367653125 1 0.5960816906249999 0.990451690625 0.6221495140625 0.978154846875 0.6404536390625 0.95691826875 0.6501518734375 0.9336790359375 0.640704178125 0.9314978640625 0.6276432109375001 0.8925413765625001 0.58838594375 0.9161365874999999 0.5830897859374999 0.91664048125 0.5599899984375 0.83533673125 0.56065228125 0.8324680687500001 0.5924704546874999 0.81352326875 0.5374154203125 0.8008128125 0.523104928125 0.8226608453124999 0.5130011734375 0.8328497828125 0.5080355765625 0.846610021875 0.5015464421875 0.8540558687500001 0.48987510468749995 0.8632866375000001 0.4424518296875 0.8749961984375 0.42555569374999996 0.8758655421875 0.41318902656249995 0.8700291453125001 0.409617728125 0.8751673 0.40107937656250003 0.9095682593750001 0.4002072046875 0.91053505 0.4091507 0.935234125 0.434170671875 0.9642393140625 0.4504489140625 0.976931625 0.46760836250000004 0.9858069953124999 0.5272192921875 1 0.561367653125 1
5 0.409617728125 0.8751673 0.41318902656249995 0.8700291453125001 0.42555569374999996 0.8758655421875 0.4424518296875 0.8749961984375 0.48987510468749995 0.8632866375000001 0.5015464421875 0.8540558687500001 0.5080355765625 0.846610021875 0.5130011734375 0.8328497828125 0.523104928125 0.8226608453124999 0.5374154203125 0.8008128125 0.48708536875 0.7891932046875 0.4850317390625 0.7732133250000001 0.49640805625000006 0.72393708125 0.4880177921875 0.71362206875 0.48266749999999997 0.6914474390625001 0.484299184375 0.6626910406250001 0.484618425 0.6613082609375 0.45381146875 0.6458503703125 0.45166171562499996 0.6453540609374999 0.4515018484375 0.64469148125 0.4219728734375 0.629874840625 0.41378034374999995 0.6164056453125 0.40816082031249995 0.6232069250000001 0.362084153125 0.6704070375 0.3112239140625 0.6479322468750001 0.299813234375 0.6637821140625 0.3005092921875 0.671097996875 0.323629534375 0.7026714046875 0.33116056718750003 0.7294532296875 0.3374309078125 0.7332859140625 0.335949965625 0.7371178703125 0.281168215625 0.7393771421875 0.27973059375 0.7456041625000001 0.26966725 0.7891932953125 0.2899996234375 0.8302595859374999 0.29635369218749996 0.869887528125 0.31677197968750004 0.923495228125 0.39707267812499997 0.9140096281250001 0.40107937656250003 0.9095682593750001 0.409617728125 0.8751673
3 0.38534181562500003 0.59277933125 0.40867407343749995 0.6080105140625001 0.4219728734375 0.629874840625 0.4515018484375 0.64469148125 0.4508104734375 0.641826034375 0.44227869531249997 0.5615219375 0.43292703125000004 0.5630447890625 0.3686795890625 0.5428423687499999 0.3611301125 0.5464691640625 0.3542335984375 0.556958871875 0.35292549218749997 0.566501378125 0.35534335625 0.5715343609375 0.3698527296875 0.5784639328125001 0.38534181562500003 0.59277933125
1 0.6894857515624999 0.6207394921875 0.7002040671875001 0.6378923828125 0.70024094375 0.6536576609375 0.6555778421875 0.691471153125 0.5989038 0.809692803125 0.76487729375 0.672822965625 0.6894857515624999 0.6207394921875
1 0.5825499078124999 0.766658890625 0.58151408125 0.757482178125 0.5891865921874999 0.748882775 0.588712290625 0.7487045484375 0.5588258578125 0.7440807453125 0.5096251796875 0.73044585 0.49759112187500004 0.72539154375 0.49640805625000006 0.72393708125 0.4850317390625 0.7732133250000001 0.48708536875 0.7891932046875 0.5924704546874999 0.81352326875 0.5989038 0.809692803125 0.5825499078124999 0.766658890625
5 0.607078809375 0.8312046687500001 0.5989038 0.809692803125 0.56065228125 0.8324680687500001 0.5599899984375 0.83533673125 0.5830897859374999 0.91664048125 0.58838594375 0.9161365874999999 0.6276432109375001 0.8925413765625001 0.607078809375 0.8312046687500001
5 0.8323612625000001 0.6173225390625 0.8165443984375 0.556131709375 0.7705889953125 0.43220503125 0.7576019109375001 0.374016046875 0.7504840890625 0.371785634375 0.7305874515624999 0.3765862921875 0.6198668890625 0.4314619171875 0.616847378125 0.43342887812499997 0.6222348953125 0.4837333390625 0.6240171609375 0.49398274375 0.6307614375 0.5070195671875 0.6382652078125 0.4737890875 0.6486613 0.44930691093749997 0.657554809375 0.43818254218749997 0.6614446546875 0.4190506328125 0.6656408734375 0.4168567828125 0.67753568125 0.42013001875 0.6802299640625 0.4244417703125 0.677494809375 0.44542157343750005 0.6793005453125 0.48326284218750004 0.6608626734375 0.5631260375 0.6814265828125 0.5971548953125 0.6894857515624999 0.6207394921875 0.7002040671875001 0.6378923828125 0.70024094375 0.6536576609375 0.7399483921875001 0.620039815625 0.74540004375 0.6260300859375 0.76487729375 0.672822965625 0.7800010328125 0.66101204375 0.7928665984375 0.643432571875 0.8207826125000001 0.6293277703125 0.8323612625000001 0.6173225390625
3 0.47609789375 0.3855859078125 0.45054910625 0.402452771875 0.43761165 0.4200101890625 0.43408226718750004 0.435297628125 0.43375682187500003 0.4463275015625 0.4369190625 0.4542758171875 0.4343612671875 0.487000328125 0.4508104734375 0.641826034375 0.45166171562499996 0.6453540609374999 0.48644764843750005 0.6533850265625001 0.49357819531249997 0.6224992312500001 0.5033869265625001 0.6056451578125001 0.5204752906250001 0.5986654046875 0.6213710046875 0.61513094375 0.638240053125 0.6186645562499999 0.640472015625 0.599549040625 0.639986940625 0.5933120765625 0.62166280625 0.5890816171875 0.6158504046875 0.5845770953125 0.614734653125 0.57799425625 0.6282319875 0.5182212500000001 0.6222348953125 0.4837333390625 0.616076528125 0.42623127812500006 0.6071162828125 0.40972613124999996 0.60573924375 0.3916402046875 0.598603184375 0.38166395937500003 0.586519684375 0.373877009375 0.5490104546875 0.3679935734375 0.5093509140625 0.3738292078125 0.47609789375 0.3855859078125
6 0.5204752906250001 0.5986654046875 0.5033869265625001 0.6056451578125001 0.49357819531249997 0.6224992312500001 0.484299184375 0.6626910406250001 0.48266749999999997 0.6914474390625001 0.4880177921875 0.71362206875 0.49759112187500004 0.72539154375 0.5096251796875 0.73044585 0.5588258578125 0.7440807453125 0.588712290625 0.7487045484375 0.5891865921874999 0.748882775 0.5935716578125 0.7439679625 0.6342343125000001 0.709541403125 0.6386847625 0.6860432328125 0.6462703890625 0.6236106484375 0.642647109375 0.619587715625 0.6213710046875 0.61513094375 0.5204752906250001 0.5986654046875
1 0.8175650984375 0.8303797359375 0.8257441812499999 0.8222789734375 0.8268965265625001 0.8172876171875 0.8201410234375001 0.7941726640625 0.8487477531250001 0.7750158078125 0.85178140625 0.770984525 0.8511294828124999 0.7624221828125 0.80517915625 0.6608607640625 0.797692121875 0.6591322468749999 0.7727716124999999 0.675985696875 0.76670495 0.67721379375 0.74540004375 0.6260300859375 0.7399483921875001 0.620039815625 0.5935716578125 0.7439679625 0.58151408125 0.757482178125 0.5825499078124999 0.766658890625 0.607078809375 0.8312046687500001 0.640704178125 0.9314978640625 0.6651618234375001 0.9371443562499999 0.708590471875 0.9061629609375 0.715040396875 0.9123837 0.72628811875 0.936535765625 0.732508215625 0.936920309375 0.8053502375000001 0.883288109375 0.8235515156250001 0.8659348828125 0.8210946765625 0.8606360203125 0.8245517124999999 0.8456619515625 0.8175650984375 0.8303797359375
6 0.6656408734375 0.4168567828125 0.6614446546875 0.4190506328125 0.657554809375 0.43818254218749997 0.6486613 0.44930691093749997 0.6382652078125 0.4737890875 0.614734653125 0.57799425625 0.6158504046875 0.5845770953125 0.62166280625 0.5890816171875 0.6416800421875 0.5937029593750001 0.651073340625 0.5895463265625 0.65942876875 0.5693369625 0.6793005453125 0.48326284218750004 0.677494809375 0.44542157343750005 0.6802299640625 0.4244417703125 0.67753568125 0.42013001875 0.6656408734375 0.4168567828125