3 0.8224591515625 0.6097655875 0.837172775 0.6132694890625 0.8158449265625001 0.5826375546875 0.80384753125 0.5654063984375 0.8032104656250001 0.56595241875 0.80303391875 0.567604540625 0.8048715968750001 0.5729250671874999 0.800396534375 0.5825519359375 0.8078928843750001 0.588838028125 0.8212072984375001 0.6066049734375001 0.8224591515625 0.6097655875
6 0.69480766875 0.3415058640625 0.690274678125 0.347857628125 0.7205293515625 0.35618769375000003 0.7336502687500001 0.344018565625 0.7287890921875 0.33687524999999996 0.704308103125 0.3251497015625 0.7016279765625 0.301833046875 0.69917824375 0.298596396875 0.69857649375 0.32246054062499996 0.69480766875 0.3415058640625
1 0.7902191515625 0.5770870609375 0.8007532765625 0.5680584328125 0.6314498734375 0.6017532125 0.6280713546875 0.6172001640625 0.6270069921875 0.616276109375 0.618369853125 0.6445091984375 0.626983828125 0.635892825 0.6296893078125 0.6413780703125 0.6270674953125 0.6531469359375001 0.7815453203125 0.8065607890625 0.8019999265625 0.5791026796875001 0.800396534375 0.5825519359375 0.796250909375 0.57907560625 0.7902191515625 0.5770870609375
1 0.6869550734375001 0.771733871875 0.609267171875 0.7504146203125 0.620997634375 0.6803934984375 0.6270674953125 0.6531469359375001 0.618369853125 0.6445091984375 0.5969891453125 0.675994646875 0.595713553125 0.6930015468749999 0.582809465625 0.7590125640625 0.629062903125 0.7750135921875 0.6298914875 0.774350903125 0.677508409375 0.7887438203125 0.69036874375 0.774906990625 0.6879938343750001 0.773286659375 0.6869550734375001 0.771733871875
5 0.4845663328125 0.35793159218750004 0.46823175156249996 0.35996696093749997 0.44891901718750005 0.3719228453125 0.35523860625000003 0.495498975 0.3461270765625 0.5123258546875 0.4010660625 0.5927047328125 0.48437040937500003 0.6165650546875 0.4955890546875 0.6348645671875001 0.5388184859375 0.6446276015625 0.5449271718750001 0.6230496296875 0.54489208125 0.6164541046875 0.5386024578125 0.6045625203125 0.5396268609375 0.5987528421875 0.548306284375 0.5936939203125 0.5607114875 0.59468323125 0.584330540625 0.6305965390625 0.5837675921875001 0.6671578765625 0.5839409515625 0.6673165703125 0.5973780078125001 0.67081013125 0.5969891453125 0.675994646875 0.618369853125 0.6445091984375 0.626983828125 0.635892825 0.624904846875 0.6316777828125 0.6280713546875 0.6172001640625 0.621169484375 0.6112081203125 0.603432925 0.5824702390625001 0.596045709375 0.58158963125 0.5665600625 0.57158280625 0.54932145 0.5577014609375001 0.542141384375 0.5648835265625001 0.531901484375 0.5642285546875 0.5225470203125 0.5585520140625 0.5118448234375 0.53768004375 0.5111900921875 0.5284012859375 0.5049988984375 0.526174465625 0.49863236093749996 0.5184233609375 0.5076205500000001 0.494416240625 0.5057627171875 0.48694404062499996 0.5051403999999999 0.4495745515625 0.511593575 0.42607569375 0.509428159375 0.42253146406250003 0.5106890843749999 0.4153804046875 0.521433834375 0.40177556093750005 0.5218638515625 0.40100710156249997 0.5265989921875 0.384391021875 0.5254416890625 0.380500259375 0.507492046875 0.36381736249999996 0.4845663328125 0.35793159218750004
3 0.8739669390625 0.8484911171875 0.8429263015625 0.8381990203124999 0.79246510625 0.811340390625 0.7815453203125 0.8065607890625 0.7759047046875 0.8124654031249999 0.7439836703125 0.8458804531249999 0.727965921875 0.857939709375 0.7101943890625 0.877131534375 0.6978715390625 0.8864411046875 0.752716990625 0.905088328125 0.8397933640625 0.9528595843750001 0.8739669390625 0.8484911171875
5 0.6437909234375 0.6462246265625 0.650524990625 0.648246203125 0.6660929296875 0.6556039874999999 0.66124091875 0.688903246875 0.662473471875 0.7030053515625 0.8037218656249999 0.7800113421875 0.6838743093749999 0.5972057109375 0.6769283328125 0.596549134375 0.6437909234375 0.6462246265625
5 0.6869550734375001 0.771733871875 0.67863834375 0.7593016296874999 0.668519475 0.73798634375 0.6637959546875 0.7181363796875 0.662473471875 0.7030053515625 0.620997634375 0.6803934984375 0.609267171875 0.7504146203125 0.6869550734375001 0.771733871875
5 0.810264528125 0.80557266875 0.8262228328125 0.8059219499999999 0.842373509375 0.7307208765625 0.828583909375 0.7273851328125 0.8203177109374999 0.7457353875 0.8032654453125 0.765448234375 0.8051641734375 0.7718316109375001 0.8037218656249999 0.7800113421875 0.7963080578125 0.7911071015625 0.788258253125 0.7995336671875 0.810264528125 0.80557266875
0 0.8794284593749999 0.48980752812499995 0.8861958234375 0.4514279015625 0.8703915109375 0.392213575 0.844032615625 0.3407615046875 0.8082443015624999 0.3130173203125 0.7883309609375 0.314317715625 0.7877314953125001 0.31027520468750003 0.7629528015625 0.3168416328125 0.7205293515625 0.35618769375000003 0.7384980015625 0.3611350296875 0.74416645625 0.353852865625 0.7613212109374999 0.34477947656249996 0.7791683359375 0.35138304531250003 0.79110153125 0.37192259375000003 0.8070754109375 0.3793480703125 0.8134198953125 0.3891083703125 0.8121067515625 0.39982285 0.797405415625 0.390072953125 0.8138271859374999 0.4030424359375 0.8371782171875 0.45505669531250004 0.8408427187499999 0.45977566718749996 0.8420316281250001 0.460459775 0.8692535343750001 0.4794701578125 0.877533596875 0.4886812984375 0.8794284593749999 0.48980752812499995
3 0.5556844609375 0.8658225609375 0.5491786875 0.8653808109375 0.567332134375 0.8759314578125 0.5786668875000001 0.8731132671875 0.5873893812500001 0.8577924328125001 0.597207796875 0.8191828718749999 0.5956266171875 0.8110767453125 0.5884810265625 0.80379576875 0.5755031203125001 0.796388275 0.5727690796875 0.81037429375 0.5629296984375001 0.850236415625 0.5556844609375 0.8658225609375
4 0.6997413265625 0.2762656140625 0.69179765625 0.2584400390625 0.683012309375 0.2523741 0.6626799328125 0.25823326562500004 0.6332371078125 0.278500284375 0.6314983765625 0.28036684218749997 0.6622439546875001 0.295389003125 0.6695874703125 0.303864753125 0.6548648499999999 0.3381081859375 0.690274678125 0.347857628125 0.69480766875 0.3415058640625 0.69857649375 0.32246054062499996 0.6997413265625 0.2762656140625
6 0.8536128234374999 0.617184521875 0.8576560765625001 0.6152527234375 0.8994868578125 0.5609852359375 0.9031334624999999 0.550106103125 0.9008310234374999 0.5370257796875 0.8891246421875 0.521950853125 0.8868255171874999 0.5312285203125 0.87540313125 0.5373962062500001 0.85403014375 0.5340581906249999 0.8487986328125 0.5417481140625 0.8365167703124999 0.5503479671875 0.832511915625 0.5461968500000001 0.8310612781250001 0.5373286828125 0.8292786640625 0.5370143609375 0.8292329859375001 0.537407134375 0.8165240421875 0.5545415671875 0.80384753125 0.5654063984375 0.837172775 0.6132694890625 0.8536128234374999 0.617184521875
3 0.624904846875 0.6316777828125 0.630044340625 0.64209788125 0.650524990625 0.648246203125 0.6660929296875 0.6556039874999999 0.6661329234375 0.655329503125 0.671437946875 0.6398177171875 0.6838083234375001 0.6163001890625 0.6937465359375 0.6036612578125 0.699574790625 0.598689815625 0.6393366312500001 0.592995734375 0.6314498734375 0.6017532125 0.624904846875 0.6316777828125
3 0.828583909375 0.7273851328125 0.864634309375 0.7361058234375 0.9015794234375001 0.7495970796875 0.9183914171875 0.654251521875 0.9196186796875001 0.63290315625 0.8224591515625 0.6097655875 0.83543320625 0.6425217703125 0.8387817312499999 0.6847441953125 0.833830721875 0.715737659375 0.8308298828125 0.72239926875 0.828583909375 0.7273851328125
5 0.368413540625 0.6877740218749999 0.3829356171875 0.653234565625 0.39640161093750004 0.634248325 0.4132676953125 0.6214828390625 0.4276660375 0.619524675 0.4955890546875 0.6348645671875001 0.48437040937500003 0.6165650546875 0.35378735625 0.579163 0.3321919453125 0.596321225 0.3245046671875 0.6093424890625 0.3175724015625 0.64526005 0.31556294218750003 0.6940262500000001 0.3054170984375 0.720990740625 0.306921446875 0.7260482453125 0.358404634375 0.7453287015625001 0.3612341625 0.7157384765625 0.368413540625 0.6877740218749999
5 0.5864855953125 0.350936271875 0.6391404859375001 0.333778771875 0.6548648499999999 0.3381081859375 0.6695874703125 0.303864753125 0.6622439546875001 0.295389003125 0.6215589859375 0.275510496875 0.5915586703125 0.27022063125 0.556662125 0.3634280140625 0.5613535859375001 0.3591254921875 0.5864855953125 0.350936271875
0 0.8080105640624999 0.43799920312499996 0.814792275 0.44486726406250005 0.8150558703125 0.44493774531249997 0.837318859375 0.4577480171875 0.8375590875000001 0.4559050828125 0.8138271859374999 0.4030424359375 0.7726818421874999 0.37054692031249997 0.6391404859375001 0.333778771875 0.5613535859375001 0.3591254921875 0.5283765765624999 0.3893685859375 0.515214790625 0.412889253125 0.5051403999999999 0.4495745515625 0.5057627171875 0.48694404062499996 0.512772453125 0.515137178125 0.5135806359374999 0.5115223375 0.5290698484374999 0.49872041562499997 0.5373717265625 0.48752767343750003 0.5473784375 0.4634036484375 0.5603069921875 0.44554781875 0.5662022890625 0.4397540828125 0.6278082984375 0.3792093890625 0.6374565453125001 0.3734317421875 0.6446115421874999 0.3752686609375 0.6576102265625 0.38964196875 0.6750752515625 0.42436299687499995 0.6795151828125 0.4365163265625 0.7574739515625 0.422427953125 0.7700127125 0.42342791562500004 0.8080105640624999 0.43799920312499996
6 0.7897870890625 0.514979265625 0.797646459375 0.5021546578125 0.7996841796874999 0.49304034375 0.8037616562500001 0.489453121875 0.8013990515625 0.45889320156249996 0.8037061046874999 0.44336709374999994 0.8055975609375 0.4424087515625 0.814792275 0.44486726406250005 0.8080105640624999 0.43799920312499996 0.7700127125 0.42342791562500004 0.7574739515625 0.422427953125 0.6795151828125 0.4365163265625 0.687879896875 0.459412871875 0.6844688671875 0.4754951015625 0.6109647734375 0.5312590375 0.610963534375 0.53222174375 0.62661145625 0.5361918546875 0.63106668125 0.5315281109375001 0.6547655390625 0.5550822203125 0.6828160765625 0.5745598078125 0.712873078125 0.5873465140625 0.7252047171875 0.5768277484375 0.7445850984375 0.5689375796875 0.76273495 0.5680260859375 0.7902191515625 0.5770870609375 0.8165240421875 0.5545415671875 0.8292329859375001 0.537407134375 0.8292786640625 0.5370143609375 0.8277202046875001 0.5367395625 0.8051457875000001 0.54998384375 0.778542309375 0.5616564546875 0.761860125 0.5488106984375001 0.772912271875 0.530089778125 0.7897870890625 0.514979265625
3 0.6446100421875001 0.8298465640625 0.6063253296875 0.8950334171875 0.5858376921875 0.921188128125 0.5697072125 0.93670035 0.60174740625 0.9463188640625001 0.64371641875 0.9165100921875 0.687299771875 0.8944277796875 0.7101943890625 0.877131534375 0.727965921875 0.857939709375 0.7439836703125 0.8458804531249999 0.7963080578125 0.7911071015625 0.8037218656249999 0.7800113421875 0.8051641734375 0.7718316109375001 0.8032654453125 0.765448234375 0.78868495625 0.7823036437499999 0.7713574859375 0.7931256734375001 0.755084753125 0.7979659781249999 0.7164383453125 0.7926935 0.69036874375 0.774906990625 0.6642202 0.803041009375 0.6446100421875001 0.8298465640625
5 0.8365167703124999 0.5503479671875 0.8487986328125 0.5417481140625 0.85403014375 0.5340581906249999 0.87540313125 0.5373962062500001 0.8868255171874999 0.5312285203125 0.894289421875 0.5011094203125 0.891955103125 0.497252865625 0.877533596875 0.4886812984375 0.8692535343750001 0.4794701578125 0.8420316281250001 0.460459775 0.8150558703125 0.44493774531249997 0.8055975609375 0.4424087515625 0.8037061046874999 0.44336709374999994 0.8013990515625 0.45889320156249996 0.8037616562500001 0.489453121875 0.7996841796874999 0.49304034375 0.797646459375 0.5021546578125 0.7897870890625 0.514979265625 0.772912271875 0.530089778125 0.761860125 0.5488106984375001 0.778542309375 0.5616564546875 0.8051457875000001 0.54998384375 0.8277202046875001 0.5367395625 0.8310612781250001 0.5373286828125 0.832511915625 0.5461968500000001 0.8365167703124999 0.5503479671875
3 0.6576102265625 0.38964196875 0.6446115421874999 0.3752686609375 0.6374565453125001 0.3734317421875 0.6278082984375 0.3792093890625 0.5603069921875 0.44554781875 0.5473784375 0.4634036484375 0.5373717265625 0.48752767343750003 0.5290698484374999 0.49872041562499997 0.5135806359374999 0.5115223375 0.5108582796875 0.5236989000000001 0.5118448234375 0.53768004375 0.5225470203125 0.5585520140625 0.531901484375 0.5642285546875 0.542141384375 0.5648835265625001 0.5568098406249999 0.5502109843749999 0.6007869484375 0.5389804515625001 0.6844688671875 0.4754951015625 0.687879896875 0.459412871875 0.6750752515625 0.42436299687499995 0.6576102265625 0.38964196875
3 0.5629296984375001 0.850236415625 0.5727690796875 0.81037429375 0.595713553125 0.6930015468749999 0.5973780078125001 0.67081013125 0.5839409515625 0.6673165703125 0.5786169546875 0.6624429484375 0.565693471875 0.66241268125 0.552543471875 0.6477272843749999 0.4276660375 0.619524675 0.4132676953125 0.6214828390625 0.39640161093750004 0.634248325 0.3829356171875 0.653234565625 0.368413540625 0.6877740218749999 0.3612341625 0.7157384765625 0.35790392187500003 0.7505649875 0.36114735 0.783177878125 0.3691353421875 0.8048227906250001 0.38600542187500003 0.820726259375 0.407331678125 0.827297265625 0.4297812109375 0.8402496859375 0.5003020515625 0.8611162531250001 0.5183559421874999 0.8575541687499999 0.5401312453125 0.8647664781250001 0.5556844609375 0.8658225609375 0.5629296984375001 0.850236415625
3 0.78868495625 0.7823036437499999 0.8203177109374999 0.7457353875 0.833830721875 0.715737659375 0.8387817312499999 0.6847441953125 0.83543320625 0.6425217703125 0.8212072984375001 0.6066049734375001 0.8078928843750001 0.588838028125 0.796250909375 0.57907560625 0.76273495 0.5680260859375 0.7445850984375 0.5689375796875 0.7252047171875 0.5768277484375 0.6937465359375 0.6036612578125 0.6838083234375001 0.6163001890625 0.671437946875 0.6398177171875 0.6661329234375 0.655329503125 0.66124091875 0.688903246875 0.6637959546875 0.7181363796875 0.668519475 0.73798634375 0.67863834375 0.7593016296874999 0.6879938343750001 0.773286659375 0.7164383453125 0.7926935 0.755084753125 0.7979659781249999 0.7713574859375 0.7931256734375001 0.78868495625 0.7823036437499999