3 0.8129032171875 0.5188767750000001 0.8101678296875001 0.529134475 0.8186418609375 0.534023340625 0.8348391968750001 0.5492083421875 0.8366208671875001 0.5521035578125 0.8517194031249999 0.5529992328125 0.82539639375 0.5265362078125 0.8105891062499999 0.5116501578125 0.810056534375 0.5122985078125 0.8101695578125 0.5139561875 0.8129032171875 0.5188767750000001
6 0.67084176875 0.292328340625 0.6641534640625 0.26983131718750003 0.661178909375 0.26706923125 0.6647302671875 0.2906753171875 0.664325884375 0.31008575 0.6609647328125 0.31712816093749996 0.6922062703125 0.32007800625 0.7030147046875 0.30581533125 0.69698695625 0.299624671875 0.67084176875 0.292328340625
1 0.8305017359375 0.7530136093750001 0.8111479046875001 0.5254591953125 0.8101678296875001 0.529134475 0.8054815265625 0.5264308390625 0.7991960984375 0.5255199078125 0.80800238125 0.5147992140625 0.6471221140625001 0.577381321875 0.6464772578125 0.5931802734375 0.6452686046875 0.59245508125 0.6416653078125 0.6217590703125 0.6486522 0.611777796875 0.6522690796874999 0.6167099078125 0.6517307406249999 0.6287552515625 0.8305017359375 0.7530136093750001
1 0.675558678125 0.7476274765625 0.7249514953125 0.753533140625 0.7352137125 0.73767335 0.732593515625 0.7364900343749999 0.731300896875 0.735141215625 0.6510912 0.7276362140625 0.6504844109375 0.656641896875 0.6517307406249999 0.6287552515625 0.6416653078125 0.6217590703125 0.6260768125 0.6564789046875 0.627773815625 0.6734489359375 0.6265284640625 0.74069786875 0.67485775625 0.7484239796875001 0.675558678125 0.7476274765625
5 0.5043417546875 0.3987144078125 0.5061196046875 0.381528515625 0.5043042609375 0.37789782656250004 0.483730359375 0.36458530312500004 0.460130884375 0.362769959375 0.44439789999999996 0.3676108765625 0.42745468750000004 0.3827387453125 0.3566562625 0.5207049078125 0.3506051140625 0.53885835 0.41866709999999996 0.6084760375 0.5048491671875001 0.6175082187500001 0.519075053125 0.6335816234375 0.563343065625 0.6356896234375 0.565611971875 0.6133787078124999 0.5644321125 0.6068894765625 0.556173090625 0.596270734375 0.556173090625 0.5903714328125 0.56384218125 0.5838822015625 0.5762307140625 0.582702340625 0.6057272218749999 0.6139686390625 0.6115216343750001 0.6500722828125001 0.6117199171875 0.6501984625 0.625559484375 0.651305628125 0.6260768125 0.6564789046875 0.6416653078125 0.6217590703125 0.6486522 0.611777796875 0.6458728687499999 0.6079878015625 0.6464772578125 0.5931802734375 0.638639734375 0.588477759375 0.6161823531249999 0.5632563921875 0.60875445 0.5636719390625 0.5779790890625 0.55893726875 0.5585918999999999 0.548260265625 0.5527680687500001 0.5565800249999999 0.54257 0.55771314375 0.5323719312499999 0.553747228125 0.5182079453124999 0.5350507671875 0.5159519203125 0.5260266671875 0.5094681015625 0.5249087671875 0.5018523218750001 0.5183809562499999 0.5065351671875 0.4931777765625 0.5034080249999999 0.4861417046875 0.49630601875 0.44944800625000003 0.49858062187499996 0.4251855671875 0.4958326546875 0.42207120312499996 0.4958326546875 0.41480982656250004 0.5040517109375 0.3995458640625 0.5043417546875 0.3987144078125
3 0.7724892671875 0.8349021859375 0.7619702187499999 0.8462101640625 0.8192205015624999 0.8550502812499999 0.9132693812499999 0.88697513125 0.9288003890625 0.7782580765625 0.8964441234375 0.773512490625 0.8420855953125 0.7558243984375 0.8305017359375 0.7530136093750001 0.825972140625 0.7598080015625001 0.8003385203125 0.7982584328125 0.7866581859374999 0.8129159343750001 0.7724892671875 0.8349021859375
5 0.69525664375 0.671708021875 0.8477311078125 0.7230165921875 0.697960440625 0.5637994984375 0.691005975 0.564359053125 0.66699805625 0.6190341140625 0.6739808609375 0.6198556203125001 0.690589953125 0.6243982781249999 0.6915940109375 0.658034190625 0.69525664375 0.671708021875
5 0.6991865109375001 0.686379528125 0.69525664375 0.671708021875 0.6504844109375 0.656641896875 0.6510912 0.7276362140625 0.731300896875 0.735141215625 0.7209516812500001 0.7243420328125 0.7072851796874999 0.7051076968750001 0.6991865109375001 0.686379528125
5 0.8477311078125 0.714710675 0.8477311078125 0.7230165921875 0.8423566906250001 0.7352311765625 0.8358924375000001 0.7449275578125001 0.85861305 0.7470534640625 0.8743895640625 0.7446263078124999 0.877236346875 0.667763171875 0.8630769953125 0.6668726453125 0.8581228671875 0.686379528125 0.8447527640624999 0.7087539875 0.8477311078125 0.714710675
0 0.8286796703125001 0.4012000484375 0.8299693109374999 0.40166731093749997 0.8600787734375 0.4156618484375 0.8698325421875 0.423295234375 0.8718941843750001 0.42407531406250004 0.8718941843750001 0.3851036203125 0.846047515625 0.3295332828125 0.8111545124999999 0.2834400578125 0.7710921765625 0.26233194531250004 0.7517071750000001 0.2670705015625 0.7504148421875 0.2631935015625 0.727152840625 0.2739629453125 0.6922062703125 0.32007800625 0.7107610328125 0.3218299578125 0.7150788359375 0.313674109375 0.73039739375 0.3017596734375 0.749120078125 0.3051637984375 0.7644386359374999 0.3233191265625 0.7814592578124999 0.327857959375 0.7894022140625 0.3363682703125 0.78996956875 0.34714799687500003 0.773798528125 0.3400990828125 0.7922229421875 0.3500199203125 0.8242514 0.3971891015625 0.8286796703125001 0.4012000484375
3 0.6398903828125 0.783815859375 0.6258233421875 0.7787744921875001 0.625559484375 0.7930227921874999 0.6227915703125 0.833987909375 0.6183629093749999 0.8505953890625 0.6118792640625 0.851290065625 0.6315890203125 0.8585281124999999 0.6422622 0.8537844765625 0.64819174375 0.8371817546875 0.651156515625 0.7974538109375 0.64819174375 0.789745403125 0.6398903828125 0.783815859375
4 0.6243998859375 0.3136756875 0.6609647328125 0.31712816093749996 0.664325884375 0.31008575 0.6647302671875 0.2906753171875 0.6578557390625 0.244979925 0.646937371875 0.2288045640625 0.6372321546874999 0.22435634062499998 0.6182261062500001 0.233657171875 0.5927499140625 0.25872898125 0.5913617234374999 0.260869109375 0.624248778125 0.2703241375 0.6329525265625 0.2773959328125 0.6243998859375 0.3136756875
6 0.830726878125 0.479668128125 0.8211863749999999 0.498749134375 0.8105891062499999 0.5116501578125 0.8517194031249999 0.5529992328125 0.868589528125 0.554000003125 0.8722359031250001 0.55139545 0.9040077296875 0.49068856875 0.9057097921875 0.4793414875 0.901170959375 0.4668596984375 0.8870246906249999 0.45404658593749997 0.8863715437499999 0.46358254218750006 0.8761936968749999 0.4716400046875 0.8545657734375001 0.47206408125 0.85074908125 0.4805456203125 0.8401471578124999 0.49114754375 0.8354823109374999 0.48775492812500004 0.832513771875 0.47927338906249994 0.8307036578125 0.47927338906249994 0.830726878125 0.479668128125
3 0.7088036796875 0.568442678125 0.7136801078125 0.562534696875 0.653368334375 0.5673873687500001 0.6471221140625001 0.577381321875 0.6458728687499999 0.6079878015625 0.6527437125 0.6173571328125 0.6739808609375 0.6198556203125001 0.690589953125 0.6243982781249999 0.6905816765624999 0.62412101875 0.6931125109375 0.607923684375 0.701211178125 0.582615346875 0.7088036796875 0.568442678125
3 0.8550858671875 0.5821091796875 0.8657153687499999 0.6231086859375 0.866221534375 0.6544910234375 0.8644230609375001 0.6615725171875 0.8630769953125 0.6668726453125 0.9000940406250001 0.6692007624999999 0.9388206078125 0.6760716046875 0.9388206078125 0.5792551875 0.9363221203125001 0.5580180390625 0.8366208671875001 0.5521035578125 0.8550858671875 0.5821091796875
5 0.3467478890625 0.7514223609374999 0.34910760937499996 0.756141803125 0.40315666875 0.766189384375 0.40080492031250003 0.736557359375 0.4030192515625 0.7077710609375 0.411322990625 0.6712346046875 0.4212874796875 0.6501984625 0.43568062812499997 0.6346981484375 0.4495201953125 0.6302694875 0.519075053125 0.6335816234375 0.5048491671875001 0.6175082187500001 0.369755165625 0.6033498953125 0.35146733124999996 0.6239974515625 0.346157959375 0.638155775 0.3455680296875 0.67473144375 0.3520572609375 0.7231057140625 0.3467478890625 0.7514223609374999
5 0.5807300390625 0.2578125 0.5502669203125 0.2578125 0.5320858234375 0.355663575 0.5359588859375 0.3506117546875 0.559287040625 0.33818281875 0.608162615625 0.31214255468749996 0.6243998859375 0.3136756875 0.6329525265625 0.2773959328125 0.624248778125 0.2703241375 0.5807300390625 0.2578125
0 0.6592812375 0.39511059375 0.6657641203125 0.4063083015625 0.7400920984375 0.3788965640625 0.752614009375 0.3777040015625 0.792564865625 0.3854556609375 0.8004361734375 0.39104174999999997 0.800708003125 0.3910653875 0.8248572484375 0.39981511406250003 0.8247738046875 0.3979584625 0.7922229421875 0.3500199203125 0.7460599015625 0.3251628984375 0.608162615625 0.31214255468749996 0.5359588859375 0.3506117546875 0.5087345296875 0.386121784375 0.49985702187500003 0.41157064062500004 0.49630601875 0.44944800625000003 0.5034080249999999 0.4861417046875 0.5152069546875 0.512689296875 0.5153751484375 0.508989034375 0.5284060140625 0.4936919296875 0.53463816875 0.48122762343750003 0.5403037625 0.45573245 0.549935271875 0.4359028703125 0.554734934375 0.429173446875 0.604891534375 0.3588507921875 0.613389925 0.3514855203125 0.6207551984374999 0.3520520796875 0.6360523015624999 0.36394982656249997 0.6592812375 0.39511059375
6 0.809189540625 0.49623646718750003 0.78501715625 0.512351390625 0.7663577703125 0.5025976203125 0.7739911562499999 0.482241928125 0.7879856937499999 0.46443069687499994 0.7934986937499999 0.45043615781249996 0.7939227718749999 0.441106465625 0.7973153875000001 0.43686569531249997 0.7896820015625 0.40718031093749996 0.789257925 0.3914894640625 0.7909542328125 0.3902172328125 0.8004361734375 0.39104174999999997 0.792564865625 0.3854556609375 0.752614009375 0.3777040015625 0.7400920984375 0.3788965640625 0.6657641203125 0.4063083015625 0.6779776984375 0.42740447968749995 0.6774111390625001 0.443834703125 0.61470704375 0.5115153125 0.6148729953125 0.5124636078125 0.6309725937499999 0.5136561703125 0.6345502828125 0.5082896375 0.6619792296875 0.52737064375 0.6929858640625 0.5416813984375 0.7248066203125 0.5490545015625 0.73512435 0.5365541734375 0.7528401859375 0.5254185062500001 0.7705560218749999 0.521369171875 0.7991960984375 0.5255199078125 0.8211863749999999 0.498749134375 0.830726878125 0.479668128125 0.8307036578125 0.47927338906249994 0.8291211562499999 0.47927338906249994 0.809189540625 0.49623646718750003
3 0.8029506921875 0.749144203125 0.763975853125 0.7506627031249999 0.7352137125 0.73767335 0.7143478453125 0.769920596875 0.6996903453125001 0.7997241828125 0.6733068421875 0.8705687718749999 0.657672175 0.8998837749999999 0.6444804234375 0.917961359375 0.6777040921874999 0.9218700265625 0.7138592625 0.8852262734374999 0.7529459328125 0.855911271875 0.7724892671875 0.8349021859375 0.7866581859374999 0.8129159343750001 0.8003385203125 0.7982584328125 0.8423566906250001 0.7352311765625 0.8477311078125 0.7230165921875 0.8477311078125 0.714710675 0.8447527640624999 0.7087539875 0.833320696875 0.7278852 0.8181356953125001 0.7415517031250001 0.8029506921875 0.749144203125
5 0.809189540625 0.49623646718750003 0.8291211562499999 0.47927338906249994 0.832513771875 0.47927338906249994 0.8354823109374999 0.48775492812500004 0.8401471578124999 0.49114754375 0.85074908125 0.4805456203125 0.8545657734375001 0.47206408125 0.8761936968749999 0.4716400046875 0.8863715437499999 0.46358254218750006 0.8884919281249999 0.4326249265625 0.8855233890624999 0.42923231093750003 0.8698325421875 0.423295234375 0.8600787734375 0.4156618484375 0.8299693109374999 0.40166731093749997 0.800708003125 0.3910653875 0.7909542328125 0.3902172328125 0.789257925 0.3914894640625 0.7896820015625 0.40718031093749996 0.7973153875000001 0.43686569531249997 0.7939227718749999 0.441106465625 0.7934986937499999 0.45043615781249996 0.7879856937499999 0.46443069687499994 0.7739911562499999 0.482241928125 0.7663577703125 0.5025976203125 0.78501715625 0.512351390625 0.809189540625 0.49623646718750003
3 0.606024653125 0.52088678125 0.6774111390625001 0.443834703125 0.6779776984375 0.42740447968749995 0.6592812375 0.39511059375 0.6360523015624999 0.36394982656249997 0.6207551984374999 0.3520520796875 0.613389925 0.3514855203125 0.604891534375 0.3588507921875 0.549935271875 0.4359028703125 0.5403037625 0.45573245 0.53463816875 0.48122762343750003 0.5284060140625 0.4936919296875 0.5153751484375 0.508989034375 0.5148085890625 0.521453340625 0.5182079453124999 0.5350507671875 0.5323719312499999 0.553747228125 0.54257 0.55771314375 0.5527680687500001 0.5565800249999999 0.5646658171875 0.5395832421875 0.606024653125 0.52088678125
3 0.5630046421875 0.8555776343750001 0.5801657046875001 0.8489346421875 0.6028625953125 0.8522561375000001 0.6183629093749999 0.8505953890625 0.6227915703125 0.833987909375 0.625559484375 0.7930227921874999 0.627773815625 0.6734489359375 0.625559484375 0.651305628125 0.6117199171875 0.6501984625 0.6056305078124999 0.646323384375 0.5928981062500001 0.6485377156250001 0.5773977921875 0.636358896875 0.4495201953125 0.6302694875 0.43568062812499997 0.6346981484375 0.4212874796875 0.6501984625 0.411322990625 0.6712346046875 0.4030192515625 0.7077710609375 0.40080492031250003 0.736557359375 0.40357283437499997 0.7714330671875 0.41243015625 0.8029872796875 0.4240553921875 0.8229162562500001 0.4434307859375 0.8356486578125001 0.4655740921875 0.8384165703124999 0.4899317296875 0.8472738937500001 0.5630046421875 0.8555776343750001
3 0.732593515625 0.7364900343749999 0.763975853125 0.7506627031249999 0.8029506921875 0.749144203125 0.8181356953125001 0.7415517031250001 0.833320696875 0.7278852 0.8581228671875 0.686379528125 0.866221534375 0.6544910234375 0.8657153687499999 0.6231086859375 0.8550858671875 0.5821091796875 0.8348391968750001 0.5492083421875 0.8186418609375 0.534023340625 0.8054815265625 0.5264308390625 0.7705560218749999 0.521369171875 0.7528401859375 0.5254185062500001 0.73512435 0.5365541734375 0.7088036796875 0.568442678125 0.701211178125 0.582615346875 0.6931125109375 0.607923684375 0.6905816765624999 0.62412101875 0.6915940109375 0.658034190625 0.6991865109375001 0.686379528125 0.7072851796874999 0.7051076968750001 0.7209516812500001 0.7243420328125 0.732593515625 0.7364900343749999