3 0.8394354359375 0.5284951515625 0.8545596718749999 0.5283354234375001 0.8264548171874999 0.5037730625 0.8106452000000001 0.48995617812500003 0.810159153125 0.4906400984375 0.810387534375 0.49228585625 0.813457778125 0.49700376718749995 0.8114445953124999 0.507427290625 0.8202390140625001 0.511713128125 0.8374561453125 0.525731271875 0.8394354359375 0.5284951515625
6 0.6506778468750001 0.2990855765625 0.6478161359375 0.3063452953125 0.6791873421875 0.30710865625 0.6889745328125 0.292126765625 0.6825296296875 0.2863716609375 0.6559391640625 0.2809168984375 0.6476978390625 0.2589412296875 0.64453785625 0.2563933671875 0.649727240625 0.27969421875 0.6506778468750001 0.2990855765625
1 0.80024745 0.504586878125 0.8082844437500001 0.49327800312500003 0.6521615796875 0.5669301046874999 0.6526203734375 0.5827355546875 0.6513640781250001 0.5820964390625 0.6498137015625 0.6115803984375 0.656087315625 0.6011360578125 0.66003943125 0.6058038546875 0.66034264375 0.617857409375 0.8473459875 0.7293426453125 0.8121659078125001 0.503692596875 0.8114445953124999 0.507427290625 0.8065811109375 0.505057140625 0.80024745 0.504586878125
1 0.74714008125 0.7184336890624999 0.6666022484374999 0.7165421140625 0.6610446249999999 0.6457630625 0.66034264375 0.617857409375 0.6498137015625 0.6115803984375 0.6366851125 0.64730305625 0.6395617515625001 0.664113371875 0.6430104812499999 0.7312853609375 0.6917609921875 0.7356213703125001 0.6924046453125 0.7347779140624999 0.742089103125 0.7372237234375 0.7512199984375 0.7206867109374999 0.748523640625 0.719689053125 0.74714008125 0.7184336890624999
5 0.4506553203125 0.3658853734375 0.4352983453125 0.3718119765625 0.419451671875 0.38808489375 0.35844974218750003 0.530653625 0.35367965468749996 0.5491849531249999 0.426432128125 0.6138852921875 0.5130343140625 0.6168837140625001 0.5283467703125 0.6319256171875 0.5726539953125 0.6309405015625 0.5733610437500001 0.6085256625000001 0.5717313921875 0.6021345421875 0.5627517625 0.5921177875 0.5623402484375 0.58623285625 0.5695379921875 0.5792244640625 0.58181404375 0.5771832953125 0.6134197265625 0.606315859375 0.6217184859375 0.6419273578125 0.6219250875 0.6420393984375 0.635808175 0.64217846875 0.6366851125 0.64730305625 0.6498137015625 0.6115803984375 0.656087315625 0.6011360578125 0.653050378125 0.597549171875 0.6526203734375 0.5827355546875 0.6444739109375 0.5785912125 0.6203118812499999 0.55499783125 0.6129310593749999 0.5559305109375 0.5819003921875 0.5533541546875 0.5618156390625 0.5440555421875 0.5565863515625 0.552761284375 0.5464921671875 0.554603025 0.5360422921875 0.5513581515625 0.520608609375 0.5336952625 0.517728590625 0.5248505171875 0.5111825859375 0.5241876296875 0.50313 0.5182069703125001 0.506043353125 0.49273852500000004 0.5024330171875 0.48593773125000006 0.49278868750000004 0.44982882812499997 0.4933652890625 0.425466821875 0.49040676875000005 0.4225517328125 0.48990024062500004 0.4153080453125 0.49703451562499995 0.3995079328125 0.49726585312499993 0.39865826875 0.4978405453125 0.3813902234375 0.49577635937500003 0.3778950109375 0.4743239390625 0.36605007968750003 0.4506553203125 0.3658853734375
3 0.9471661546875 0.7476686515625001 0.914557671875 0.745191684375 0.8590977000000001 0.7313385375 0.8473459875 0.7293426453125 0.8433013796875001 0.7364364546875 0.8204123671874999 0.776581334375 0.8077878125 0.7921574234375 0.7951870921874999 0.8150784906249999 0.7854824734375 0.8270926953125001 0.8432099515625 0.8319177 0.9392566984374999 0.8572042640624999 0.9471661546875 0.7476686515625001
5 0.6748946578125 0.6070949578125 0.6819177578125 0.6074273671875 0.6988032703125 0.6108003671875 0.7021512046875 0.6442843046875 0.7067587546875 0.657669334375 0.862440903125 0.6982168390625 0.701928646875 0.5498350640624999 0.6950301546875 0.550878375 0.6748946578125 0.6070949578125
5 0.74714008125 0.7184336890624999 0.7360627625 0.7083827375 0.7210878328125 0.69014858125 0.71170248125 0.67203096875 0.7067587546875 0.657669334375 0.6610446249999999 0.6457630625 0.6666022484374999 0.7165421140625 0.74714008125 0.7184336890624999
5 0.874973065625 0.721436071875 0.8905418390625 0.7179143140625001 0.8880199859375001 0.64103983125 0.8738330046874999 0.64113918125 0.8702516765625001 0.6609441281249999 0.85847490625 0.6841967359375001 0.8618615125 0.6899311546875 0.862440903125 0.6982168390625 0.857931625 0.7107765703125 0.852159503125 0.7209002546875001 0.874973065625 0.721436071875
0 0.86569203125 0.39831823593750004 0.862973503125 0.359441475 0.8333134046874999 0.3058094765625 0.7952900984375 0.2622625453125 0.753852925 0.2440004578125 0.7348456890625 0.2500797015625 0.7332860578125 0.24630229374999998 0.710831959375 0.2586681796875 0.6791873421875 0.30710865625 0.697819115625 0.307562025 0.701557478125 0.2991248484375 0.7160076109375 0.2861708671875 0.7349221484374999 0.288260671875 0.7514698421875 0.30530320624999996 0.768765615625 0.3086436828125 0.777282871875 0.316579190625 0.7786008 0.32729308281249997 0.7619774453125 0.3213893734375 0.7810490203125 0.330000821875 0.8162898140625 0.374820909375 0.8209870875 0.3785131859375 0.8223061812499999 0.3788893484375 0.8533185078125 0.3907494671875 0.8635809953125 0.39768386875 0.86569203125 0.39831823593750004
3 0.64253088125 0.8414847765625 0.6361114875 0.8426300375 0.6562781328125 0.8484755703125 0.6665944140625 0.8429989656249999 0.671351365625 0.8260230640625 0.671537634375 0.7861850828125 0.6680423734375001 0.7787022640625 0.6593476109374999 0.7733662390625 0.64496316875 0.76931841875 0.6456938640625001 0.7835504171875 0.645790275 0.824608825 0.64253088125 0.8414847765625
4 0.6396819093749999 0.23458968125 0.627661803125 0.21921534999999998 0.6176699343750001 0.2154549640625 0.5993589765625 0.2260589328125 0.5756937640625 0.2528467984375 0.57445824375 0.2550785484375 0.6079247359375 0.262216459375 0.6171005859375 0.2686638859375 0.6110995265625 0.3054518671875 0.6478161359375 0.3063452953125 0.6506778468750001 0.2990855765625 0.649727240625 0.27969421875 0.6396819093749999 0.23458968125
6 0.8714585125 0.5281569562499999 0.8749143203124999 0.5253043890625 0.9023740546875001 0.462529096875 0.9032804390625 0.4510909265625 0.8978819765624999 0.4389561546875 0.8828763703125 0.42716104843749997 0.8828900093750001 0.4367193375 0.8732990140625001 0.4454671421875 0.8517533578125001 0.4473988734375 0.8485376046875001 0.45612599062500003 0.8387010609375001 0.46744164218749995 0.8338109203125 0.46438269375 0.8302579703124999 0.45612889062499995 0.828452265625 0.45625515625 0.8285029640625 0.4566473140625 0.820316725 0.476347353125 0.8106452000000001 0.48995617812500003 0.8545596718749999 0.5283354234375001 0.8714585125 0.5281569562499999
3 0.653050378125 0.597549171875 0.66055805625 0.60641639375 0.6819177578125 0.6074273671875 0.6988032703125 0.6108003671875 0.6987756734375 0.6105243609375 0.700170475 0.594189940625 0.70648399375 0.5683783171875 0.7130693640625 0.553710546875 0.71752179375 0.5474767953125 0.6576954421875 0.5565247828125 0.6521615796875 0.5669301046874999 0.653050378125 0.597549171875
3 0.8738330046874999 0.64113918125 0.9109222796875001 0.6408794484375 0.9500337968749999 0.645032125 0.943280225 0.548451546875 0.9393063953125 0.5274404171875 0.8394354359375 0.5284951515625 0.8599485421875 0.5571396281250001 0.8734121328125 0.597297784375 0.8761061859374999 0.62856836875 0.8748060734375 0.6357580671874999 0.8738330046874999 0.64113918125
5 0.41774886875000006 0.7140299765625 0.423483725 0.67700328125 0.431956534375 0.65532329375 0.44523337500000004 0.6388567234375 0.45873030156250005 0.63347345 0.5283467703125 0.6319256171875 0.5130343140625 0.6168837140625001 0.377281759375 0.6121835609375 0.360478775 0.634056515625 0.3561699703125 0.6485507125 0.35813286718750004 0.6850784359375 0.367980709375 0.732882203125 0.364659540625 0.7615002359374999 0.367342725 0.7660435750000001 0.4219610078125 0.772296409375 0.41754796250000004 0.7429006171875 0.41774886875000006 0.7140299765625
5 0.547854825 0.3344413421875 0.5947948640625 0.30505512343749996 0.6110995265625 0.3054518671875 0.6171005859375 0.2686638859375 0.6079247359375 0.262216459375 0.5636392390625 0.2527710140625 0.5332503265625 0.2548960140625 0.5219392640625 0.35377697812500003 0.5254504953125 0.3484672921875 0.547854825 0.3344413421875
0 0.7838619828125 0.36532639218749996 0.7921037828124999 0.37034979843750004 0.7923765984375 0.3703544171875 0.81707736875 0.3773982640625 0.8168646140625 0.3755519546875 0.7810490203125 0.330000821875 0.7332644921875 0.308424521875 0.5947948640625 0.30505512343749996 0.5254504953125 0.3484672921875 0.500769509375 0.38578989531249996 0.49368885 0.41179602343750005 0.49278868750000004 0.44982882812499997 0.5024330171875 0.48593773125000006 0.516055071875 0.511597603125 0.5159647390625001 0.507894621875 0.5278967890625 0.49172579218749995 0.533244296875 0.478857115625 0.5371176359375001 0.4530288359375 0.5453424421874999 0.43257569843750004 0.5496609921875 0.4255278609375 0.594789953125 0.3518777609375 0.6027538671875 0.3439376125 0.6101407203125 0.3439890171875 0.6262305046875001 0.354790709375 0.651576521875 0.3842552015625 0.658824725 0.39497340937500003 0.731059496875 0.3624435875 0.7434677171875 0.3603804453125 0.7838619828125 0.36532639218749996
6 0.7848029859375 0.44442847499999993 0.789326346875 0.43008345937500003 0.7890985859375 0.42074691093750005 0.792187115625 0.41627981406250003 0.7825015765625001 0.3871992203125 0.7809839953125 0.371576178125 0.7825874234375 0.3701887171875 0.7921037828124999 0.37034979843750004 0.7838619828125 0.36532639218749996 0.7434677171875 0.3603804453125 0.731059496875 0.3624435875 0.658824725 0.39497340937500003 0.672480146875 0.415166221875 0.67306108125 0.43159594375 0.615230890625 0.503485703125 0.6154625874999999 0.5044201125 0.6316061578125 0.5044867187500001 0.63480078125 0.49888369062500004 0.6634939359375001 0.5160048703125 0.6954233078125001 0.5281178515625 0.727680871875 0.533253290625 0.7371014890625001 0.520063684375 0.7539973859375 0.5077193484375 0.7713875984375 0.502444084375 0.80024745 0.504586878125 0.820316725 0.476347353125 0.8285029640625 0.4566473140625 0.828452265625 0.45625515625 0.82687361875 0.456365546875 0.8081738390625001 0.4746776625 0.7851844578125 0.49243951093750005 0.7658901375 0.48401111406249997 0.7720849875 0.46317252968749995 0.7848029859375 0.44442847499999993
3 0.7201116125 0.7850643749999999 0.698734246875 0.8575768109374999 0.685182575 0.8879110234375001 0.6732839875 0.90686478125 0.7066993796875 0.9084463609375 0.7402103390625 0.8693698140624999 0.777156884375 0.8373996734375 0.7951870921874999 0.8150784906249999 0.8077878125 0.7921574234375 0.8204123671874999 0.776581334375 0.857931625 0.7107765703125 0.862440903125 0.6982168390625 0.8618615125 0.6899311546875 0.85847490625 0.6841967359375001 0.8484052125 0.70407880625 0.834210528125 0.7187712703125 0.819592140625 0.727404528125 0.7808181671875001 0.7316380765625 0.7512199984375 0.7206867109374999 0.7326544140625 0.7543109343750001 0.7201116125 0.7850643749999999
5 0.8387010609375001 0.46744164218749995 0.8485376046875001 0.45612599062500003 0.8517533578125001 0.4473988734375 0.8732990140625001 0.4454671421875 0.8828900093750001 0.4367193375 0.8828457343749999 0.405689221875 0.87964776875 0.4025119453125 0.8635809953125 0.39768386875 0.8533185078125 0.3907494671875 0.8223061812499999 0.3788893484375 0.7923765984375 0.3703544171875 0.7825874234375 0.3701887171875 0.7809839953125 0.371576178125 0.7825015765625001 0.3871992203125 0.792187115625 0.41627981406250003 0.7890985859375 0.42074691093750005 0.789326346875 0.43008345937500003 0.7848029859375 0.44442847499999993 0.7720849875 0.46317252968749995 0.7658901375 0.48401111406249997 0.7851844578125 0.49243951093750005 0.8081738390625001 0.4746776625 0.82687361875 0.456365546875 0.8302579703124999 0.45612889062499995 0.8338109203125 0.46438269375 0.8387010609375001 0.46744164218749995
3 0.6262305046875001 0.354790709375 0.6101407203125 0.3439890171875 0.6027538671875 0.3439376125 0.594789953125 0.3518777609375 0.5453424421874999 0.43257569843750004 0.5371176359375001 0.4530288359375 0.533244296875 0.478857115625 0.5278967890625 0.49172579218749995 0.5159647390625001 0.507894621875 0.5162690249999999 0.5203680859375 0.520608609375 0.5336952625 0.5360422921875 0.5513581515625 0.5464921671875 0.554603025 0.5565863515625 0.552761284375 0.56726948125 0.534975959375 0.6072233703125 0.5134399968750001 0.67306108125 0.43159594375 0.672480146875 0.415166221875 0.651576521875 0.3842552015625 0.6262305046875001 0.354790709375
3 0.645790275 0.824608825 0.6456938640625001 0.7835504171875 0.6395617515625001 0.664113371875 0.635808175 0.64217846875 0.6219250875 0.6420393984375 0.6155802 0.6385985359374999 0.6030332781250001 0.641695640625 0.5867211703125 0.6306277359375 0.45873030156250005 0.63347345 0.44523337500000004 0.6388567234375 0.431956534375 0.65532329375 0.423483725 0.67700328125 0.41774886875000006 0.7140299765625 0.41754796250000004 0.7429006171875 0.4227419390625 0.7774982890625 0.433778796875 0.80835778125 0.4467658890625 0.8274272765624999 0.466982253125 0.8387771031250001 0.48926469843750003 0.839993634375 0.5141808578125 0.8471302796875 0.5876550078125 0.8503164828124999 0.604310875 0.842492578125 0.6271841734375 0.8442227265625 0.64253088125 0.8414847765625 0.645790275 0.824608825
3 0.8484052125 0.70407880625 0.8702516765625001 0.6609441281249999 0.8761061859374999 0.62856836875 0.8734121328125 0.597297784375 0.8599485421875 0.5571396281250001 0.8374561453125 0.525731271875 0.8202390140625001 0.511713128125 0.8065811109375 0.505057140625 0.7713875984375 0.502444084375 0.7539973859375 0.5077193484375 0.7371014890625001 0.520063684375 0.7130693640625 0.553710546875 0.70648399375 0.5683783171875 0.700170475 0.594189940625 0.6987756734375 0.6105243609375 0.7021512046875 0.6442843046875 0.71170248125 0.67203096875 0.7210878328125 0.69014858125 0.7360627625 0.7083827375 0.748523640625 0.719689053125 0.7808181671875001 0.7316380765625 0.819592140625 0.727404528125 0.834210528125 0.7187712703125 0.8484052125 0.70407880625