6 0.44993923750000003 0.6503961359375 0.44963513749999995 0.6480189843749999 0.443293740625 0.646671078125 0.44419238125 0.6469395812500001 0.44993923750000003 0.6503961359375
3 0.5666067531250001 0.9097980421875 0.5846439796875 0.904322528125 0.6041011421875 0.89216674375 0.6318570859375 0.8602326343750001 0.6248071515625 0.8000554484375 0.6190732515625 0.7988366703125 0.613141096875 0.7949787609375 0.5389702515625 0.789961446875 0.539235978125 0.7905501703125 0.542398775 0.8027227640625 0.5406446734375 0.810975159375 0.5017402296875 0.8262814234375 0.498742825 0.8233243046875 0.473341465625 0.851402396875 0.4803978546875 0.866454640625 0.49103684999999997 0.88209835625 0.52303173125 0.904026928125 0.5666067531250001 0.9097980421875
6 0.44419238125 0.6469395812500001 0.43937890937499996 0.6455013765625 0.42778504999999994 0.6730709890625 0.4376474328125 0.6706291078125 0.455346271875 0.6536483 0.44419238125 0.6469395812500001
6 0.5233781937499999 0.570313009375 0.5263205 0.525959365625 0.527264421875 0.5117302593749999 0.501838384375 0.5153360296875 0.49715206093750003 0.508119725 0.472337634375 0.567127184375 0.4747257359375 0.5738148062499999 0.4754478796875 0.570417384375 0.48347344843749995 0.5742008640625 0.5016059687500001 0.5744192625 0.5233781937499999 0.570313009375
6 0.5341483078125 0.5351258140625 0.5456475375000001 0.5097846265625 0.5556904609375 0.4991380203125 0.57825496875 0.48448445781249994 0.619056090625 0.478152875 0.6222297265625001 0.47882745312499997 0.6241190890625 0.42062274843749997 0.6175388468749999 0.402734059375 0.5945378375 0.396012821875 0.56976126875 0.40051825937499996 0.5404483234375 0.4119990984375 0.534246446875 0.42106345 0.5314547000000001 0.4485641453125 0.5233781937499999 0.570313009375 0.5268064734375 0.5696664328125001 0.5341483078125 0.5351258140625
5 0.33021197343750003 0.6973072390625 0.3348989625 0.709446696875 0.339337346875 0.7113590796875 0.3480237140625 0.700124265625 0.3511806296875 0.697729346875 0.3314423875 0.6935338546875001 0.30916472968750003 0.683367809375 0.3097169546875 0.6807697984375001 0.34410657968749997 0.601046034375 0.316997790625 0.5952838828125 0.2517794875 0.6741590515625 0.250933628125 0.6781385078125 0.2509750109375 0.678042465625 0.25679280625 0.673465228125 0.290985328125 0.6744347390625001 0.2939973171875 0.6944544484375 0.2975489375 0.7005387296875 0.3041370859375 0.701454596875 0.3118672640625 0.692438975 0.3190174859375 0.692989828125 0.33021197343750003 0.6973072390625
5 0.36351226875 0.8727751874999999 0.351137275 0.8907519562499999 0.34806820312500003 0.8952103015624999 0.347295225 0.9012979812499999 0.36302742499999996 0.9228769140624999 0.3688526734375 0.9371400734374999 0.37480310625 0.9410098687499999 0.3793206953125 0.9393651203125 0.404177059375 0.92537155625 0.42187412812499997 0.908293240625 0.498742825 0.8233243046875 0.43686181093750004 0.7622750171875 0.415925603125 0.8502137046874999 0.40595169531249997 0.8834612578125001 0.387676409375 0.8805457000000001 0.36351226875 0.8727751874999999
5 0.7310252187499999 0.7779645390625001 0.7469466671875 0.771480178125 0.7526987609375 0.7737416203125 0.751536840625 0.779208028125 0.745088571875 0.785108984375 0.7426158703125 0.791854971875 0.71974920625 0.8041346578124999 0.7131017078124999 0.8183036375 0.692688575 0.83370183125 0.6948684484375 0.8429949484374999 0.6730772468749999 0.840440678125 0.637460259375 0.8027449499999999 0.6248071515625 0.8000554484375 0.6375119578125 0.9085017703125 0.774033371875 0.890510921875 0.7821965343749999 0.885700446875 0.754248803125 0.6280515656250001 0.7421718 0.6260795734375 0.7183387421874999 0.6310327796874999 0.7164573875 0.68033755 0.7176362296875001 0.7065580375 0.7222264046875 0.7142858890625 0.721331003125 0.7307163125 0.724039021875 0.7375247015624999 0.7240991718750001 0.7738953703125 0.72545318125 0.7772995625 0.7310252187499999 0.7779645390625001
6 0.2847577484375 0.521391590625 0.29252636249999997 0.51917904375 0.2863709375 0.5037033375 0.282787240625 0.500365721875 0.2785050734375 0.50031414375 0.26116015312499996 0.5112240109374999 0.24713700468750002 0.5267037593749999 0.24662309843750002 0.5351807843749999 0.25312775468750004 0.5490134703125 0.25567959375 0.5491265671875001 0.25804687187500003 0.5440486796874999 0.27022659375 0.5311822890625 0.2847577484375 0.521391590625
5 0.2509750109375 0.678042465625 0.2481064375 0.684700040625 0.24380690781249997 0.686693071875 0.20486919062500003 0.6784166046875 0.1938696640625 0.7119306437499999 0.1722223046875 0.8114941265625 0.1760695125 0.8161877750000001 0.2091200078125 0.827088771875 0.25435028437499996 0.8376717390625 0.387676409375 0.8805457000000001 0.40595169531249997 0.8834612578125001 0.415925603125 0.8502137046874999 0.43686181093750004 0.7622750171875 0.3895604875 0.7156094562499999 0.3803206171875 0.7039232421875 0.3511806296875 0.697729346875 0.3480237140625 0.700124265625 0.339337346875 0.7113590796875 0.3348989625 0.709446696875 0.33021197343750003 0.6973072390625 0.3190174859375 0.692989828125 0.3118672640625 0.692438975 0.3041370859375 0.701454596875 0.2975489375 0.7005387296875 0.2939973171875 0.6944544484375 0.290985328125 0.6744347390625001 0.25679280625 0.673465228125 0.2509750109375 0.678042465625
3 0.3803206171875 0.7039232421875 0.3709799015625 0.6921094828125 0.369584525 0.67973755 0.35427035625 0.65980695625 0.37795634843750003 0.6349407328125001 0.4164038625 0.675888921875 0.42778504999999994 0.6730709890625 0.504223103125 0.491305146875 0.506718134375 0.47445698125 0.5015421546875001 0.46303830625 0.4729062453125 0.44446075937499996 0.43341646562499997 0.436066946875 0.4179514203125 0.43983976562500005 0.4103582296875 0.4474581140625 0.3097169546875 0.6807697984375001 0.30916472968750003 0.683367809375 0.3314423875 0.6935338546875001 0.3803206171875 0.7039232421875
1 0.4708580609375 0.651891203125 0.47071464687500003 0.6509535 0.460804428125 0.6484115781249999 0.4376474328125 0.6706291078125 0.4164038625 0.675888921875 0.37795634843750003 0.6349407328125001 0.35427035625 0.65980695625 0.369584525 0.67973755 0.3709799015625 0.6921094828125 0.3895604875 0.7156094562499999 0.5017402296875 0.8262814234375 0.5406446734375 0.810975159375 0.542398775 0.8027227640625 0.539235978125 0.7905501703125 0.5389702515625 0.789961446875 0.519950534375 0.7886748531250001 0.49061154062499995 0.7923072265625 0.47855514218749995 0.7757208046875 0.47577494218750005 0.7252676124999999 0.477993703125 0.6985476109375 0.47755600468750004 0.6956857203125 0.47318683124999994 0.6836850234375 0.4708580609375 0.651891203125
1 0.47855514218749995 0.7757208046875 0.49061154062499995 0.7923072265625 0.519950534375 0.7886748531250001 0.613141096875 0.7949787609375 0.6190732515625 0.7988366703125 0.637460259375 0.8027449499999999 0.6730772468749999 0.840440678125 0.6948684484375 0.8429949484374999 0.692688575 0.83370183125 0.7131017078124999 0.8183036375 0.71974920625 0.8041346578124999 0.7426158703125 0.791854971875 0.745088571875 0.785108984375 0.751536840625 0.779208028125 0.7526987609375 0.7737416203125 0.7469466671875 0.771480178125 0.7310252187499999 0.7779645390625001 0.72545318125 0.7772995625 0.7240991718750001 0.7738953703125 0.724039021875 0.7375247015624999 0.721331003125 0.7307163125 0.7222264046875 0.7142858890625 0.7176362296875001 0.7065580375 0.7164573875 0.68033755 0.7211167078125 0.5582305109375 0.719558578125 0.53868158125 0.68465505625 0.5312626078125 0.689002665625 0.5569269546875 0.6871791734375 0.6021074546875 0.691604803125 0.6152737375 0.6929328171875 0.637784353125 0.6899277046875001 0.657151103125 0.68086088125 0.68412073125 0.6486311031249999 0.731173803125 0.627628275 0.7489378531249999 0.59867065625 0.7544525984375 0.5830257140625 0.7522385796875 0.5685442875 0.7419362484375001 0.5600578109375001 0.72957393125 0.554409540625 0.7117021 0.534552125 0.6874757703125 0.5262788031250001 0.666267425 0.5261810671875 0.6301256000000001 0.5188914859375 0.6069035203124999 0.5268064734375 0.5696664328125001 0.5016059687500001 0.5744192625 0.48347344843749995 0.5742008640625 0.4754478796875 0.570417384375 0.45896972968750005 0.6479409875 0.47079080781249993 0.650973034375 0.47318683124999994 0.6836850234375 0.4781059234375 0.69719616875 0.47577494218750005 0.7252676124999999 0.47855514218749995 0.7757208046875
5 0.5685442875 0.7419362484375001 0.5830257140625 0.7522385796875 0.59867065625 0.7544525984375 0.627628275 0.7489378531249999 0.6486311031249999 0.731173803125 0.68086088125 0.68412073125 0.6899277046875001 0.657151103125 0.6929328171875 0.637784353125 0.691604803125 0.6152737375 0.6871791734375 0.6021074546875 0.689002665625 0.5569269546875 0.6838269593749999 0.526374275 0.678145309375 0.5112738921875 0.6576098125 0.49023768125 0.6435136796875 0.483351496875 0.619056090625 0.478152875 0.57825496875 0.48448445781249994 0.5556904609375 0.4991380203125 0.5456475375000001 0.5097846265625 0.5341483078125 0.5351258140625 0.5188914859375 0.6069035203124999 0.5261810671875 0.6301256000000001 0.5262788031250001 0.666267425 0.534552125 0.6874757703125 0.554409540625 0.7117021 0.5600578109375001 0.72957393125 0.5685442875 0.7419362484375001