6 0.46323762031250004 0.654186915625 0.4627274953125 0.6518453140625 0.4562927515625 0.6510552265625 0.457211375 0.6512443859375 0.46323762031250004 0.654186915625
3 0.6020695468749999 0.9024334765625 0.6195609140625 0.89540675 0.6378845890625 0.8816014187500001 0.6627516734375 0.8473697390625 0.650483778125 0.7880359875 0.6446654734374999 0.7873215890624999 0.6384196531249999 0.78399538125 0.5640937625 0.785461575 0.5644097890625 0.7860248984375 0.5686214609375 0.797875515625 0.5675932796875001 0.8062493875 0.53017090625 0.824888153125 0.526927178125 0.822203528125 0.504069646875 0.85238865 0.5124110734375 0.866768609375 0.5243730234374999 0.881425546875 0.55815735625 0.9004821359375 0.6020695468749999 0.9024334765625
6 0.457211375 0.6512443859375 0.45229087031250004 0.6502311765625 0.44314397968749997 0.6787063484375 0.452756009375 0.675414196875 0.468907525 0.6569554515625 0.457211375 0.6512443859375
6 0.5294174140625 0.568007903125 0.52848285 0.5235666 0.5281830328125 0.5093093718749999 0.5031680125 0.5151174468749999 0.49787057968750004 0.5083370406250001 0.47829341718749996 0.5692826796875 0.48125529531250005 0.575736715625 0.4816785875 0.5722892828125 0.49000336874999995 0.5753588921875 0.5080859234374999 0.5739961046875 0.5294174140625 0.568007903125
6 0.5370797796875 0.532015928125 0.5463266203125 0.5057689484375001 0.5554034156250001 0.4942875578125 0.576604915625 0.47772312968749997 0.61669894375 0.4678595875 0.619919296875 0.4682549984375 0.6167285953125 0.41010711093749996 0.6086142921875 0.39286 0.5851150140625 0.3881690078125 0.5608253999999999 0.394816721875 0.5326246218749999 0.4088086640625 0.5272363546875 0.4183790515625 0.5268520750000001 0.44601841562500005 0.5294174140625 0.568007903125 0.5327762953125 0.5670649921875001 0.5370797796875 0.532015928125
5 0.348054528125 0.711354428125 0.353781703125 0.7230391921875 0.3583698734375 0.7245574671874999 0.3660440078125 0.7126083390625 0.36898017968749997 0.709947390625 0.3489513875 0.7074881640624999 0.3258724734375 0.6993024296875 0.326196165625 0.696666175 0.35350654375 0.6142485296875 0.32599870625 0.6108709921875 0.267903003125 0.6951301671875 0.2674071953125 0.6991682015625 0.2674400484375 0.69906891875 0.2728367734375 0.6940020437500001 0.30698368125000003 0.6919877921875 0.31172904218749997 0.7116688078125 0.3157974265625 0.7174203921875 0.322440328125 0.7177585796875 0.329355328125 0.7081035359375 0.3365263515625 0.7080291078125 0.348054528125 0.711354428125
5 0.39652114374999997 0.8832523546875001 0.3857600203125 0.90223926875 0.38309119687500004 0.9069481359375 0.3828517359375 0.91308001875 0.4004048 0.9332056874999999 0.407450996875 0.946906865625 0.4137160609375 0.9502433218749999 0.41807311093750005 0.9482110984375 0.44161526875 0.9321044078125 0.45775652187500004 0.9135486796875 0.526927178125 0.822203528125 0.4599608453125 0.7667798375 0.44676866718749997 0.856208603125 0.439730428125 0.8901989218749999 0.421270578125 0.8888872546875 0.39652114374999997 0.8832523546875001
5 0.754372303125 0.7567716250000001 0.7696680171875 0.74892429375 0.7755953203125 0.750675803125 0.7749142499999999 0.7562226765625 0.7690048203125001 0.76266318125 0.76712948125 0.769599009375 0.7454200765625 0.783824928125 0.7400327812499999 0.798519359375 0.72103936875 0.815638078125 0.7240208953125 0.8247058453125 0.7020899953125 0.8240605234375 0.6633231421875 0.7896124625 0.650483778125 0.7880359875 0.6725919593749999 0.894962340625 0.8070258625 0.8651413281250001 0.8147387 0.8596376921875001 0.7644417375 0.605405046875 0.752238821875 0.604493140625 0.7289281578125 0.611504684375 0.7313511546875 0.66078580625 0.7348107781250001 0.686803775 0.7400570109375 0.6941021593750001 0.7405970234375 0.7105481 0.7438881281249999 0.7170945609375 0.7471179625000001 0.7533215859375 0.7487635125 0.756594815625 0.754372303125 0.7567716250000001
6 0.2874412109375 0.5400697875 0.294987425 0.53718858125 0.287506628125 0.5223082453125001 0.283645675 0.51929566875 0.2793753078125 0.519617503125 0.263047246875 0.5319975640625 0.2504266109375 0.5486406046875001 0.25065348125 0.5571301640625 0.258338984375 0.5703432937499999 0.26089096875 0.570233553125 0.262806671875 0.564968665625 0.273818665625 0.5510897031249999 0.2874412109375 0.5400697875
5 0.2674400484375 0.69906891875 0.2651626375 0.705951171875 0.2610531734375 0.708311346875 0.22154228437499998 0.7034600203125 0.2135055546875 0.7378052 0.20061810000000002 0.8388765046875 0.20485974687500003 0.8432169875 0.23873455781250003 0.8511959625 0.2847150859375 0.8577965796875 0.421270578125 0.8888872546875 0.439730428125 0.8901989218749999 0.44676866718749997 0.856208603125 0.4599608453125 0.7667798375 0.4087723453125 0.7244144343750001 0.398549115625 0.7135779984374999 0.36898017968749997 0.709947390625 0.3660440078125 0.7126083390625 0.3583698734375 0.7245574671874999 0.353781703125 0.7230391921875 0.348054528125 0.711354428125 0.3365263515625 0.7080291078125 0.329355328125 0.7081035359375 0.322440328125 0.7177585796875 0.3157974265625 0.7174203921875 0.31172904218749997 0.7116688078125 0.30698368125000003 0.6919877921875 0.2728367734375 0.6940020437500001 0.2674400484375 0.69906891875
3 0.398549115625 0.7135779984374999 0.38821430625 0.7026232921875 0.3857459546875 0.6904200515625 0.3687529953125 0.6719000171875 0.390181621875 0.6450640484375 0.4320517 0.68250549375 0.44314397968749997 0.6787063484375 0.5034492265625 0.490970165625 0.5044663484374999 0.47396865468750005 0.4983148625 0.46304455000000005 0.46816878125 0.447033478125 0.428097703125 0.44211336875 0.4130203296875 0.4472196984375 0.4061200171875 0.45547084687500006 0.326196165625 0.696666175 0.3258724734375 0.6993024296875 0.3489513875 0.7074881640624999 0.398549115625 0.7135779984374999
1 0.48420714531250003 0.6538530984375 0.4839825515625 0.6529314625 0.4738885 0.651262946875 0.452756009375 0.675414196875 0.4320517 0.68250549375 0.390181621875 0.6450640484375 0.3687529953125 0.6719000171875 0.3857459546875 0.6904200515625 0.38821430625 0.7026232921875 0.4087723453125 0.7244144343750001 0.53017090625 0.824888153125 0.5675932796875001 0.8062493875 0.5686214609375 0.797875515625 0.5644097890625 0.7860248984375 0.5640937625 0.785461575 0.5450342874999999 0.7858375546875 0.5161235203125 0.7920131671874999 0.502667396875 0.7765406453125 0.49550049218750003 0.726521753125 0.4953820078125 0.699710053125 0.4946965453125 0.6968972015625 0.48929806718749996 0.6853229671875 0.48420714531250003 0.6538530984375
1 0.502667396875 0.7765406453125 0.5161235203125 0.7920131671874999 0.5450342874999999 0.7858375546875 0.6384196531249999 0.78399538125 0.6446654734374999 0.7873215890624999 0.6633231421875 0.7896124625 0.7020899953125 0.8240605234375 0.7240208953125 0.8247058453125 0.72103936875 0.815638078125 0.7400327812499999 0.798519359375 0.7454200765625 0.783824928125 0.76712948125 0.769599009375 0.7690048203125001 0.76266318125 0.7749142499999999 0.7562226765625 0.7755953203125 0.750675803125 0.7696680171875 0.74892429375 0.754372303125 0.7567716250000001 0.7487635125 0.756594815625 0.7471179625000001 0.7533215859375 0.7438881281249999 0.7170945609375 0.7405970234375 0.7105481 0.7400570109375 0.6941021593750001 0.7348107781250001 0.686803775 0.7313511546875 0.66078580625 0.725350415625 0.5387373359375001 0.7220944140625 0.5193985953125 0.6866771046875 0.5150498953125 0.6932449640625 0.5402376624999999 0.69536615 0.585405165625 0.70092245625 0.598135628125 0.704207346875 0.6204448390625 0.7029015937499999 0.63999980625 0.6962198296875 0.66765703125 0.6682136421875 0.7173400625 0.648838975 0.7368670328125 0.6204721906249999 0.744884615625 0.6046938171875 0.7440425687500001 0.5893695890624999 0.7350415796875 0.579837959375 0.72346595 0.57265355 0.70615440625 0.550760234375 0.683750953125 0.5406699640625 0.6633443781249999 0.5374226328125 0.627348603125 0.528136853125 0.60485021875 0.5327762953125 0.5670649921875001 0.5080859234374999 0.5739961046875 0.49000336874999995 0.5753588921875 0.4816785875 0.5722892828125 0.47201976874999996 0.6509540515625 0.48406012499999995 0.652944284375 0.48929806718749996 0.6853229671875 0.49537601562500005 0.698353971875 0.49550049218750003 0.726521753125 0.502667396875 0.7765406453125
5 0.5893695890624999 0.7350415796875 0.6046938171875 0.7440425687500001 0.6204721906249999 0.744884615625 0.648838975 0.7368670328125 0.6682136421875 0.7173400625 0.6962198296875 0.66765703125 0.7029015937499999 0.63999980625 0.704207346875 0.6204448390625 0.70092245625 0.598135628125 0.69536615 0.585405165625 0.6932449640625 0.5402376624999999 0.6854261109374999 0.5102523375 0.678449996875 0.4957046046875 0.6561592171874999 0.4765382296875 0.641516553125 0.4709068078125 0.61669894375 0.4678595875 0.576604915625 0.47772312968749997 0.5554034156250001 0.4942875578125 0.5463266203125 0.5057689484375001 0.5370797796875 0.532015928125 0.528136853125 0.60485021875 0.5374226328125 0.627348603125 0.5406699640625 0.6633443781249999 0.550760234375 0.683750953125 0.57265355 0.70615440625 0.579837959375 0.72346595 0.5893695890624999 0.7350415796875