6 0.4823023 0.6575178375 0.4815106078125 0.6552558578125 0.475027540625 0.6552558578125 0.47596236875000003 0.6553316546875 0.4823023 0.6575178375
3 0.5469846859375 0.8492660328125 0.5570164125 0.8625222421875 0.57067543125 0.875612134375 0.6065303546874999 0.8904094046875001 0.6503530390625001 0.8869946499999999 0.6668576859375 0.8778886375000001 0.6833623328125 0.861953115625 0.70387226875 0.8249460578125 0.6844648515625 0.7675496515625 0.678602853125 0.7675496515625 0.6719982250000001 0.7650094109375 0.5984050328125 0.7755227234375 0.5987873546875 0.7760433328125 0.6044118609375 0.78729234375 0.6044118609375 0.795729103125 0.5695399234375 0.8187895781250001 0.5659932000000001 0.816520275 0.5469846859375 0.8492660328125
6 0.4709550625 0.65492565625 0.46534660156249996 0.6843033046875 0.47448577187499996 0.6798642796875 0.48826734062500005 0.6595747484375 0.47596236875000003 0.6553316546875 0.4709550625 0.65492565625
6 0.490625 0.577456590625 0.490625 0.5739832687499999 0.4992618203125 0.5760154609375 0.517043509375 0.5724591234374999 0.5374862203124999 0.5639159015625 0.5311425890625 0.5199197515625 0.5291074874999999 0.5058053328125001 0.5049867515625001 0.5146186796875 0.49890248125000003 0.5085344093749999 0.48689865 0.5714116234375 0.490625 0.577456590625
6 0.5170862484375001 0.415668165625 0.5200732234375 0.4431483421875 0.5374862203124999 0.5639159015625 0.540705153125 0.562570675 0.540705153125 0.5272583984375 0.5466843671875 0.500080153125 0.554294275 0.48757815937500004 0.573319046875 0.4685533875 0.6119121562500001 0.453877134375 0.61515669375 0.453877134375 0.60490333125 0.396551521875 0.594747615625 0.380421853125 0.570851809375 0.37862966875000004 0.5475534 0.388187990625 0.5212680140625 0.40551244999999997 0.5170862484375001 0.415668165625
5 0.343667325 0.7382484203125 0.3503019265625 0.7377745203125 0.355988728125 0.7273487171874999 0.3630972296875 0.7264009171875 0.37494473125 0.72829651875 0.38205323281250003 0.7391962203125 0.386792234375 0.7401440203125 0.392952934375 0.7273487171874999 0.3955429328125 0.7243497734375001 0.3753637265625 0.7243497734375001 0.35145925 0.7190376671875 0.35145925 0.7163816140625 0.3685218765625 0.63125 0.3408074609375 0.63125 0.2934134046875 0.7219612046874999 0.2934134046875 0.7260295640625001 0.2934339140625 0.7259270171875001 0.29817291562500003 0.720240215625 0.33181982187500003 0.714079515625 0.3389283234375 0.7330355187500001 0.343667325 0.7382484203125
5 0.492771575 0.769670846875 0.4905763546875 0.8600407453125 0.4877329546875 0.8946354515625 0.46925085 0.8955832515625 0.443999171875 0.89300655 0.4356321828125 0.9131633890625 0.43355711875 0.9181624046874999 0.43406673281249997 0.9242777656250001 0.45394165937500003 0.9421142390625 0.4626050890625 0.9548545765625001 0.46923006562499997 0.9574026437500001 0.47330697343750006 0.9548545765625001 0.494710740625 0.9359988765624999 0.5084703046875 0.9156143359375 0.5659932000000001 0.816520275 0.492771575 0.769670846875
5 0.7644630078125 0.6796573046875001 0.76852739375 0.685753884375 0.7761481171875 0.7213172609375 0.7781803093749999 0.72436555 0.783768840625 0.723857503125 0.7979941921875 0.7142045859375 0.8040907703125001 0.7152206828125001 0.8040907703125001 0.7208092125000001 0.7990102890624999 0.7279218890625 0.7979941921875 0.7350345640625 0.7781803093749999 0.7518001562500001 0.774623971875 0.767041603125 0.7578583796875 0.7863474375 0.7619227656249999 0.7949842578124999 0.740076690625 0.79701645 0.6974006375 0.7675496515625 0.6844648515625 0.7675496515625 0.7194392859375001 0.8709846828125001 0.8492368718750001 0.8250025796875 0.8562214953125 0.8186000078125 0.7753162734375 0.5723920328125 0.7630931828125 0.572974084375 0.7408107640625 0.582774221875 0.749221559375 0.6313927203125 0.7558261875000001 0.6567951328125 0.7619227656249999 0.6633997609375 0.7644630078125 0.6796573046875001
6 0.26871297968749996 0.599270034375 0.27123256875 0.598850103125 0.2724923640625 0.59339099375 0.28173085625 0.578273459375 0.2939088703125 0.5656755140625 0.30104770625 0.5618961312499999 0.29180921249999997 0.548038390625 0.2876098984375 0.5455188015625 0.2834105828125 0.5463586640625 0.26871297968749996 0.5606363359375 0.25821469218750004 0.578693390625 0.2594744875 0.5870920203125001 0.26871297968749996 0.599270034375
5 0.343667325 0.7382484203125 0.3389283234375 0.7330355187500001 0.33181982187500003 0.714079515625 0.29817291562500003 0.720240215625 0.2934339140625 0.7259270171875001 0.2920122140625 0.7330355187500001 0.2882210140625 0.73587891875 0.2484134046875 0.73587891875 0.2446222046875 0.7709475265625 0.2441483046875 0.8728360468749999 0.24888730625000002 0.8766272484375 0.2834820125 0.8804184484375 0.329924221875 0.8813662499999999 0.46925085 0.8955832515625 0.4877329546875 0.8946354515625 0.4905763546875 0.8600407453125 0.492771575 0.769670846875 0.43680158281250003 0.7338595375 0.425333925 0.7243497734375001 0.3955429328125 0.7243497734375001 0.392952934375 0.7273487171874999 0.386792234375 0.7401440203125 0.38205323281250003 0.7391962203125 0.37494473125 0.72829651875 0.3630972296875 0.7264009171875 0.355988728125 0.7273487171874999 0.3503019265625 0.7377745203125 0.343667325 0.7382484203125
3 0.4013930453125 0.46724385156250003 0.35145925 0.7163816140625 0.35145925 0.7190376671875 0.3753637265625 0.7243497734375001 0.425333925 0.7243497734375001 0.4137411078125 0.7147362171875 0.40980395312500006 0.7029247546875 0.3906806328125 0.6866136875 0.4086790515625 0.65736625625 0.4548000015625 0.689425940625 0.46534660156249996 0.6843033046875 0.5023230562500001 0.4906171171875 0.501260634375 0.473618378125 0.49382368750000005 0.46352537656250004 0.46195105156249994 0.45130753281249997 0.421579046875 0.45130753281249997 0.40723636250000006 0.4582132703125 0.4013930453125 0.46724385156250003
1 0.5231400875000001 0.7253816468750001 0.5197549625 0.6987842359374999 0.518731809375 0.6960758874999999 0.5119630265625 0.6852458359375 0.5030748390625 0.654630965625 0.5027396000000001 0.6537435703125001 0.492517446875 0.6533176468749999 0.47448577187499996 0.6798642796875 0.4548000015625 0.689425940625 0.4086790515625 0.65736625625 0.3906806328125 0.6866136875 0.40980395312500006 0.7029247546875 0.4137411078125 0.7147362171875 0.43680158281250003 0.7338595375 0.5695399234375 0.8187895781250001 0.6044118609375 0.795729103125 0.6044118609375 0.78729234375 0.5987873546875 0.7760433328125 0.5984050328125 0.7755227234375 0.57953344375 0.7782186656250001 0.5515907906249999 0.7878715828125 0.5363493421875 0.7741542796875 0.5231400875000001 0.7253816468750001
1 0.5028181578125 0.65374684375 0.5119630265625 0.6852458359375 0.51958375 0.69743899375 0.5231400875000001 0.7253816468750001 0.5363493421875 0.7741542796875 0.5515907906249999 0.7878715828125 0.57953344375 0.7782186656250001 0.6719982250000001 0.7650094109375 0.678602853125 0.7675496515625 0.6974006375 0.7675496515625 0.740076690625 0.79701645 0.7619227656249999 0.7949842578124999 0.7578583796875 0.7863474375 0.774623971875 0.767041603125 0.7781803093749999 0.7518001562500001 0.7979941921875 0.7350345640625 0.7990102890624999 0.7279218890625 0.8040907703125001 0.7208092125000001 0.8040907703125001 0.7152206828125001 0.7979941921875 0.7142045859375 0.783768840625 0.723857503125 0.7781803093749999 0.72436555 0.7761481171875 0.7213172609375 0.76852739375 0.685753884375 0.7644630078125 0.6796573046875001 0.7619227656249999 0.6633997609375 0.7558261875000001 0.6567951328125 0.749221559375 0.6313927203125 0.72839158125 0.5109852859374999 0.72280305 0.4921875 0.6871197625 0.4921875 0.6967082828125 0.5163871 0.7043181921875 0.5609594234374999 0.7113845359375001 0.5729178515625 0.71736375 0.5946604468750001 0.7184508796875 0.6142287843750001 0.7151894890625 0.642494159375 0.69344689375 0.69521995625 0.67659638125 0.716962553125 0.6494181359375 0.728377415625 0.633654753125 0.7294645453124999 0.6173478046875001 0.7223982015625 0.6064765078125001 0.71207046875 0.597235903125 0.695763521875 0.5727754828125 0.676195184375 0.5602734890625001 0.6571704125 0.55266358125 0.62183869375 0.540705153125 0.6006396609375 0.540705153125 0.562570675 0.517043509375 0.5724591234374999 0.4992618203125 0.5760154609375 0.490625 0.5739832687499999 0.490625 0.6532387953125001 0.5028181578125 0.65374684375
5 0.5602734890625001 0.6571704125 0.5727754828125 0.676195184375 0.597235903125 0.695763521875 0.6064765078125001 0.71207046875 0.6173478046875001 0.7223982015625 0.633654753125 0.7294645453124999 0.6494181359375 0.728377415625 0.67659638125 0.716962553125 0.69344689375 0.69521995625 0.7151894890625 0.642494159375 0.7184508796875 0.6142287843750001 0.71736375 0.5946604468750001 0.7113845359375001 0.5729178515625 0.7043181921875 0.5609594234374999 0.6967082828125 0.5163871 0.6852934187499999 0.48757815937500004 0.67659638125 0.4739890375 0.652135959375 0.4576820890625 0.6369161421875 0.453877134375 0.6119121562500001 0.453877134375 0.573319046875 0.4685533875 0.554294275 0.48757815937500004 0.5466843671875 0.500080153125 0.540705153125 0.5272583984375 0.540705153125 0.6006396609375 0.55266358125 0.62183869375 0.5602734890625001 0.6571704125