0 0.36337203906250004 0.508855859375 0.36595551249999997 0.513741396875 0.36871697187499997 0.506904690625 0.379461090625 0.5097254812500001 0.3880489296875 0.5155620171875 0.384368675 0.5211341109375 0.3562039 0.5294573015624999 0.360766359375 0.534160446875 0.37886920625 0.55745849375 0.37884427187499997 0.559100640625 0.5213557875 0.48932136562500006 0.5198186687499999 0.4849020421875 0.519451596875 0.48433652499999996 0.4811334984375 0.46483847031250003 0.459580853125 0.47373484218749995 0.45418674843750007 0.45833234687499996 0.4446428328125 0.46913071562499997 0.4079521328125 0.4711531 0.36337203906250004 0.508855859375
0 0.35175668125000004 0.6457831796875 0.39709962656250003 0.635059375 0.37966262031250003 0.6643085906249999 0.3858958015625 0.666857446875 0.3898347296875 0.672775540625 0.39113427500000003 0.67272311875 0.4120868203125 0.6570171671875 0.4225348484375 0.6789605234375 0.42364293750000004 0.650553371875 0.43030747812500003 0.6084751171875 0.4423942046875 0.5716315453124999 0.45113449375 0.5306975296875 0.37856963125 0.5734545843750001 0.369012465625 0.596759015625 0.36828082812499996 0.5978701859375 0.3631432625 0.6268834937500001 0.3570202390625 0.6337473234375001 0.3448386 0.6329370296875 0.315811865625 0.6501618796875 0.32255195937500003 0.6747302687500001 0.35175668125000004 0.6457831796875
3 0.7709233671875 0.574958984375 0.7700448468750001 0.5855012875 0.81790839375 0.7453916484375 0.8235522921875 0.7522196921875001 0.8349467546874999 0.755211225 0.8393034406250001 0.7776597578125 0.84848540625 0.77713599375 0.8623632234375 0.76944379375 0.8727485125 0.7588247796875 0.8731991546875 0.7509839703125001 0.867436596875 0.737411778125 0.8715703250000001 0.7163079953125 0.8710657390625001 0.7095027203125001 0.8513282484375001 0.6517825484374999 0.8234814578125 0.5603380375 0.8165994703124999 0.5513358562499999 0.807520578125 0.5487110734375 0.7978496109375001 0.5523222609375 0.7753135921875 0.569720190625 0.7709233671875 0.574958984375
1 0.3669807953125 0.7715071515624999 0.3962793328125 0.8140575374999999 0.426512253125 0.8122936234375 0.43276386406249995 0.8053273703125001 0.43707150156249996 0.7929049578125 0.4547005015625 0.7643395015625 0.45733669531250004 0.758327353125 0.40889534687499995 0.747612896875 0.4174312765625 0.7088976328125 0.39912785624999997 0.686738115625 0.3858958015625 0.666857446875 0.378423353125 0.66380183125 0.373107571875 0.6737244484375 0.367954859375 0.6944374484375 0.364130728125 0.7008521265625001 0.3659527625 0.7100331671875 0.3606242375 0.746631140625 0.36556995468750003 0.756774946875 0.3669807953125 0.7715071515624999
5 0.687357984375 0.4091615375 0.6957242453125 0.420676709375 0.6965612234375 0.43326382499999994 0.6927725812500001 0.4536100515625 0.6912056640625 0.45781980000000005 0.6958085781250001 0.468660753125 0.7006334109375 0.4746774625 0.7026070828125001 0.471428790625 0.7072254265625 0.45895043125 0.7246702953125 0.432211465625 0.732818434375 0.41412758437499997 0.7417536453125 0.4049749171875 0.7441095078125 0.39566083750000003 0.7210830953125 0.368676440625 0.688334396875 0.3419134953125 0.6550921109375001 0.3071464765625 0.633282321875 0.289161328125 0.5830719609374999 0.37554195625000003 0.584279134375 0.375733153125 0.590077146875 0.381081546875 0.6224289 0.351701296875 0.633476928125 0.35345113281249996 0.639509303125 0.36439004375 0.645965625 0.369479584375 0.6511673515624999 0.388755046875 0.6537231265625 0.39344879062500004 0.687357984375 0.4091615375
3 0.687357984375 0.4091615375 0.6537231265625 0.39344879062500004 0.6549288890625 0.3956632046875 0.6629300578125 0.4003294421875 0.6676860437500001 0.41322192031249994 0.6759078781250001 0.4256922 0.68038730625 0.4433965578125 0.6869674156250001 0.44783772343750006 0.6912056640625 0.45781980000000005 0.6927725812500001 0.4536100515625 0.6965612234375 0.43326382499999994 0.6957242453125 0.420676709375 0.687357984375 0.4091615375
6 0.360766359375 0.534160446875 0.3014414125 0.473006175 0.291048203125 0.4640957546875 0.2752438140625 0.46068454843750006 0.2562647984375 0.46585090312500005 0.24211787343750002 0.45770800781250004 0.2350052140625 0.462483715625 0.23005895625 0.47078067656249994 0.22795446406250003 0.48406791718750003 0.23673835156249998 0.494539521875 0.23500249687500002 0.5169655203125 0.238046471875 0.5378784765625 0.2485057125 0.554971690625 0.26171868125 0.5661447921875 0.316895146875 0.624825934375 0.3254947171875 0.630728159375 0.3415797046875 0.6323677328125 0.3546647375 0.618549546875 0.369012465625 0.596759015625 0.37862850625 0.5733110234375001 0.37886920625 0.55745849375 0.360766359375 0.534160446875
6 0.590077146875 0.381081546875 0.584279134375 0.375733153125 0.5776475359375 0.3746828109375 0.5738065671875 0.377473440625 0.5699611906250001 0.389489165625 0.5636252828125 0.395769178125 0.5618984390625 0.4066720453125 0.5872790671875 0.383622625 0.590077146875 0.381081546875
6 0.6759078781250001 0.4256922 0.6676860437500001 0.41322192031249994 0.6629300578125 0.4003294421875 0.6549288890625 0.3956632046875 0.6511673515624999 0.388755046875 0.645965625 0.369479584375 0.639509303125 0.36439004375 0.6415101046875 0.3680182359375 0.69341870625 0.482139515625 0.7110764625 0.5209601687500001 0.721779203125 0.51114610625 0.7252643937500001 0.51169810625 0.7268252203125 0.5151532453125001 0.7268526578125 0.5148509484375 0.7235648046875001 0.5080178171874999 0.712674446875 0.4970671578125 0.7047291703125 0.479785 0.6958085781250001 0.468660753125 0.6869674156250001 0.44783772343750006 0.68038730625 0.4433965578125 0.6759078781250001 0.4256922
1 0.7320243234375 0.5266622890625 0.7252643937500001 0.51169810625 0.721779203125 0.51114610625 0.7110764625 0.5209601687500001 0.7296190015625 0.5617260187500001 0.7428903921875001 0.5639962859375001 0.7320243234375 0.5266622890625
5 0.42364293750000004 0.650553371875 0.4222130796875 0.6872094421875 0.40889534687499995 0.747612896875 0.5047914046875001 0.7688235828125001 0.500320040625 0.7138548890624999 0.487681565625 0.675974840625 0.48792859375 0.65970564375 0.49589306093749996 0.6153037859375 0.5071480859374999 0.594254753125 0.5131560390625001 0.588682990625 0.554456503125 0.5779841140624999 0.5647671515625 0.580549065625 0.5650096687499999 0.580717053125 0.5431350390625 0.5349193640625 0.455609678125 0.5237144484375 0.45207759062499997 0.526280659375 0.4423942046875 0.5716315453124999 0.43030747812500003 0.6084751171875 0.42364293750000004 0.650553371875
0 0.790453359375 0.7290220203125 0.7779081390625 0.6481611546875 0.7602766078125 0.6171993453125 0.7321924890625 0.6059906374999999 0.7078550171875 0.6087947625 0.6571165765625 0.655459053125 0.5987717421875 0.7938746937500001 0.5993008843750001 0.8367757625 0.6113493890624999 0.867416690625 0.6435913453125 0.8950587140625 0.6692756656250001 0.903633790625 0.70231128125 0.904922421875 0.7414300109374999 0.8891462078125001 0.76875626875 0.851783771875 0.7825166718750001 0.8111459484375001 0.790453359375 0.7290220203125
5 0.6086594796875 0.7035229984375 0.6131950734375 0.6748863843749999 0.612528771875 0.6673256171874999 0.6112055296875 0.664756803125 0.6045562343750001 0.663513484375 0.5650096687499999 0.580717053125 0.5647671515625 0.580549065625 0.554456503125 0.5779841140624999 0.5131560390625001 0.588682990625 0.5071480859374999 0.594254753125 0.49589306093749996 0.6153037859375 0.48792859375 0.65970564375 0.487681565625 0.675974840625 0.500320040625 0.7138548890624999 0.505695621875 0.779939590625 0.51286114375 0.8053040062499999 0.5220918906249999 0.8146872000000001 0.547735821875 0.82340831875 0.5880509625 0.8218724249999999 0.5892748531249999 0.814145084375 0.5833247640625 0.7987581687499999 0.560283846875 0.7000546187500001 0.5908911046875 0.6862642484375 0.6040419921875 0.7032576109375 0.6086594796875 0.7035229984375
5 0.6415101046875 0.3680182359375 0.633476928125 0.35345113281249996 0.6224289 0.351701296875 0.521782403125 0.44310343281250003 0.51282733125 0.453010265625 0.511205784375 0.46013942031250005 0.5213557875 0.48932136562500006 0.6045562343750001 0.663513484375 0.6217727234375 0.666732709375 0.6414670359375 0.66985198125 0.738294609375 0.5807993796875001 0.6415101046875 0.3680182359375
3 0.6885643890625001 0.8546253484375 0.706412990625 0.8565875578125001 0.724286475 0.8529329453125 0.7425188656249999 0.841552584375 0.755552296875 0.8384284828125 0.7637247140625 0.833237371875 0.7715211921875 0.824960153125 0.778231765625 0.81261965 0.7821024875 0.7963704265625 0.779537703125 0.774345890625 0.77494783125 0.762377403125 0.769334934375 0.75413818125 0.7603019109375 0.7483838281249999 0.7423524359375 0.72521969375 0.723530578125 0.7157531109375 0.7108770125 0.7137489828125 0.69733403125 0.7146305484375 0.6843215609375 0.7203521687500001 0.6685740375 0.735152659375 0.659775496875 0.749756659375 0.652839628125 0.768979340625 0.6502552203125 0.78802649375 0.6524859843749999 0.8121599578125 0.6577399749999999 0.828124928125 0.6657041312499999 0.8406278500000001 0.675113096875 0.849468309375 0.6885643890625001 0.8546253484375