0 0.3643226109375 0.518364971875 0.3672405890625 0.52305839375 0.3695184171875 0.5160457125 0.3804331328125 0.518110159375 0.3894071875 0.5233334203125 0.38612458906249997 0.5291486625 0.35860901875 0.539416253125 0.3634884375 0.54378968125 0.3831723765625 0.565768184375 0.383262053125 0.5674080703125 0.5205588624999999 0.4878576734375 0.5187172109375 0.48355633906250006 0.5183115843749999 0.48301780625 0.4787267125 0.46624018125 0.4578471484375 0.4766183203125 0.45139175781249996 0.46162961718749995 0.4426243484375 0.47306743124999995 0.4061640984375 0.4776443046875 0.3643226109375 0.518364971875
0 0.3622871140625 0.655768990625 0.406771553125 0.64190834375 0.39141734375000004 0.672302653125 0.397813140625 0.674410496875 0.4021553 0.680039409375 0.40344802343749997 0.6798964640625 0.4232539359375 0.6627671953125 0.43520720468749996 0.6839282812499999 0.43433101250000006 0.65551303125 0.43804408749999996 0.6130723812500001 0.44753129375 0.57547543125 0.45339487968750003 0.5340314375 0.38398936250000004 0.58174620625 0.3760811125 0.6056605453125 0.37542876875000003 0.60682004375 0.3723275828125 0.6361210546875 0.366698271875 0.6433952859375001 0.354489784375 0.6434367140624999 0.32673530156249997 0.66264440625 0.33517278125 0.6866827843750001 0.3622871140625 0.655768990625
3 0.7754922843750001 0.555877728125 0.7753513 0.566455634375 0.834251640625 0.72261771875 0.8403580921874999 0.7290354296875 0.8519334765625001 0.7312248375 0.8578454796875 0.7533147812500001 0.86696854375 0.7521517906249999 0.8802759734375 0.7435102625 0.8898952187500001 0.7321926734375 0.8897978171875 0.7243395296874999 0.8831025468749999 0.7112023749999999 0.88575408125 0.68986164375 0.8847760125 0.68310814375 0.8610602453125 0.62690539375 0.8269024421875001 0.5376261312499999 0.819409259375 0.5291259421875 0.8101693859375001 0.5271408640625 0.8007738796874999 0.5314178671875001 0.7795063765625 0.55034545 0.7754922843750001 0.555877728125
1 0.3862442046875 0.7801247234375001 0.4184395375 0.820527696875 0.44847576718750004 0.8166591390625 0.45422620937499997 0.8092737640625 0.457656809375 0.7965811265625 0.473250240625 0.7668555171875 0.4754606265625 0.7606741234375 0.4263898765625 0.7533648625 0.432204371875 0.714148471875 0.41239976875 0.693319715625 0.397813140625 0.674410496875 0.390145746875 0.6718835750000001 0.3855350796875 0.6821528328124999 0.381839784375 0.7031748125 0.3784724359375 0.709840621875 0.38093046875000003 0.7188722000000001 0.37816786874999997 0.755752721875 0.38380913437499997 0.765526821875 0.3862442046875 0.7801247234375001
5 0.6805650187500001 0.3963133828125 0.689714159375 0.40721690468749994 0.6914271296875001 0.4197149734375 0.6890669968750001 0.44027591875 0.6877975546874999 0.44458471718750003 0.6931454828125 0.45507817812500007 0.6983782671875 0.46074366875 0.700120515625 0.4573652328125 0.7038571625000001 0.4445951109375 0.7193943218750001 0.4167043875 0.7262611437500001 0.398096171875 0.73453613125 0.3883425109375 0.7362365375000001 0.378886784375 0.711383878125 0.3535743609375 0.6768480671875 0.32916104375 0.64126153125 0.2967975796875 0.618250290625 0.280377615625 0.574187846875 0.37005032187500003 0.5754054171874999 0.370156846875 0.5815623921874999 0.37508776093749996 0.611785875 0.34352233593750003 0.622929053125 0.3444972375 0.6297097921875 0.35498870625 0.6365054156250001 0.359615478125 0.643039059375 0.3784811328125 0.645916028125 0.3829851609375 0.6805650187500001 0.3963133828125
3 0.6805650187500001 0.3963133828125 0.645916028125 0.3829851609375 0.647273321875 0.3851100703125 0.6555805015625 0.3892068078125 0.6612242359375 0.40173612031249994 0.670295925 0.413602496875 0.675999434375 0.4309512578125 0.6828733171875 0.4349226 0.6877975546874999 0.44458471718750003 0.6890669968750001 0.44027591875 0.6914271296875001 0.4197149734375 0.689714159375 0.40721690468749994 0.6805650187500001 0.3963133828125
6 0.3634884375 0.54378968125 0.30004209843749996 0.486922678125 0.2890526453125 0.47875895625 0.2730488015625 0.4764585171875 0.2544764046875 0.4829361953125 0.23979592031250002 0.47579997656249995 0.233033725 0.4810602046875 0.22867828124999998 0.48968198906250004 0.2275057875 0.5030836640625 0.23699874062499998 0.5129170265624999 0.23683147343750002 0.535409484375 0.2413268453125 0.5560591609375 0.252952971875 0.5723811375000001 0.26691315000000004 0.58260533125 0.3260485984375 0.6372946140625 0.33503893906250004 0.642582584375 0.35119911406250004 0.6430961328125 0.363288365625 0.6283988421875 0.3760811125 0.6056605453125 0.3840380796875 0.5815988890625 0.3831723765625 0.565768184375 0.3634884375 0.54378968125
6 0.5815623921874999 0.37508776093749996 0.5754054171874999 0.370156846875 0.56871670625 0.369571659375 0.5650797578125 0.3726234234375 0.5620819218750001 0.3848781171875 0.5561995203125 0.391584803125 0.555237428125 0.402581571875 0.5789483843750001 0.377817834375 0.5815623921874999 0.37508776093749996
6 0.670295925 0.413602496875 0.6612242359375 0.40173612031249994 0.6555805015625 0.3892068078125 0.647273321875 0.3851100703125 0.643039059375 0.3784811328125 0.6365054156250001 0.359615478125 0.6297097921875 0.35498870625 0.6319588109375001 0.358468490625 0.6917016640625 0.46869081562500003 0.712024396875 0.5061851609375 0.7220164734375001 0.4956484203125 0.7255316796875 0.4959559609375 0.7273297234375 0.49929380468750006 0.7273360062500001 0.49899033125000003 0.72357950625 0.49240319374999997 0.711951796875 0.4822388828125 0.702820334375 0.4655530578125 0.6931454828125 0.45507817812500007 0.6828733171875 0.4349226 0.675999434375 0.4309512578125 0.670295925 0.413602496875
1 0.7333189921875001 0.5104121421875 0.7255316796875 0.4959559609375 0.7220164734375001 0.4956484203125 0.712024396875 0.5061851609375 0.73336545 0.5455582453125001 0.746762878125 0.546897215625 0.7333189921875001 0.5104121421875
5 0.43433101250000006 0.65551303125 0.4354616359375 0.6921795515625 0.4263898765625 0.7533648625 0.5235319171875 0.7678345109375 0.5152370234375 0.713311625 0.49998695781249997 0.676405465625 0.4990985015625 0.6601586671875 0.5039462515625 0.6153093968750001 0.513705553125 0.5935265281250001 0.519310203125 0.5875492453125 0.5597637468750001 0.5739954546875 0.5702282015625 0.5758349234375 0.5704818453125 0.5759855843749999 0.545465815625 0.5318253546875 0.45737204687500005 0.5267531937500001 0.4540275734375 0.5295595390625001 0.44753129375 0.57547543125 0.43804408749999996 0.6130723812500001 0.43433101250000006 0.65551303125
0 0.8057215984375 0.70820313125 0.7875663671875001 0.62841435 0.767818 0.598757875 0.7390204125000001 0.5895355203125 0.7149378328125 0.5940305109375 0.6675781234375 0.6441204640625 0.6190308015625 0.7862688624999999 0.6225512828124999 0.8290285140625 0.636707840625 0.8587543421875001 0.6707994671875 0.8840799453124999 0.6970193890624999 0.8908424859374999 0.7300644203125 0.8898235296875001 0.7679873671874999 0.8713569609375 0.7926407875 0.8321793546875 0.8035329203125 0.7906806453125 0.8057215984375 0.70820313125
5 0.6225918375 0.6954475234374999 0.62511879375 0.6665642796875 0.623926703125 0.659068409375 0.6224274921874999 0.6565981578125 0.615707665625 0.6558217 0.5704818453125 0.5759855843749999 0.5702282015625 0.5758349234375 0.5597637468750001 0.5739954546875 0.519310203125 0.5875492453125 0.513705553125 0.5935265281250001 0.5039462515625 0.6153093968750001 0.4990985015625 0.6601586671875 0.49998695781249997 0.676405465625 0.5152370234375 0.713311625 0.525209346875 0.778860365625 0.5341267453125 0.803663153125 0.5439895453125 0.8123795859375 0.5701793640624999 0.8192906296875 0.6102891609375 0.814946234375 0.6109710374999999 0.80715234375 0.6039621046875 0.7922179671875 0.574092103125 0.6953621078125 0.6036628359375 0.679470275 0.617967084375 0.6955048828125 0.6225918375 0.6954475234374999
5 0.6319588109375001 0.358468490625 0.622929053125 0.3444972375 0.611785875 0.34352233593750003 0.5177604390625 0.441722565625 0.509518246875 0.452229940625 0.5083979546874999 0.45945484375 0.5205588624999999 0.4878576734375 0.615707665625 0.6558217 0.6331067765625 0.6578321203125 0.6529707046875 0.6595699890625 0.7433504156249999 0.563979965625 0.6319588109375001 0.358468490625
3 0.71284246875 0.8406079125 0.73078446875 0.8413202859375 0.74835948125 0.8364277843749999 0.76575360625 0.8238033187499999 0.7785373625 0.8197776609374999 0.7863277578125001 0.8140291171875 0.793527853125 0.80522820625 0.79936125 0.79244965625 0.80208905625 0.7759700078125 0.797994165625 0.7541780328125001 0.7925805953125 0.7425588734375 0.78640663125 0.7347312578125 0.7769942078125001 0.729621034375 0.7574726078125 0.70776541875 0.7380362453125 0.6996348421875 0.725273703125 0.6985182640625001 0.71182520625 0.70034239375 0.699243553125 0.7069577796875001 0.6845668203125 0.7228207078125 0.6768084359375 0.7380028890625 0.6712303687500001 0.7576625671875 0.66998091875 0.7768436015625 0.6738897140625 0.8007626671875 0.680244565625 0.816322246875 0.68906148125 0.8282391609375 0.69906420625 0.8364017499999999 0.71284246875 0.8406079125