0 0.4559697046875 0.4803811578125 0.448232528125 0.466012115625 0.4404953515625 0.4781705359375 0.4045727453125 0.4859077125 0.3664395171875 0.5301201515625 0.36975545 0.5345413953125 0.371413415625 0.5273568734375 0.382466525 0.528462184375 0.39186166875 0.532883428125 0.38909839218750003 0.5389626390625 0.36258240625 0.5515892984375 0.367824428125 0.555520815625 0.389349015625 0.575700115625 0.3895812765625 0.5773259453125 0.51942235625 0.48611205625 0.5172128265625 0.48198759999999996 0.5167618078125 0.48148646875 0.47586530156249995 0.4682227375 0.4559697046875 0.4803811578125
0 0.3797032484375 0.654467634375 0.367544828125 0.6555729453125 0.3415700203125 0.6771265093750001 0.352070475 0.7003380390625 0.376387315625 0.6671787109375 0.41949444218750004 0.649493734375 0.4068477 0.6811105921875 0.41340286875 0.682652984375 0.418219096875 0.6878820328125 0.41949444218750004 0.6876269625 0.4377320734375 0.6688366765625 0.45148416718749995 0.6888754421875001 0.44813475625 0.6606446859374999 0.44813475625 0.6180419203125 0.4543090703125 0.5797611734375 0.4565382609375 0.5379638421874999 0.39155546874999997 0.59154613125 0.385761584375 0.6160587171875 0.3852127796875 0.617270659375 0.384677146875 0.6467304578124999 0.3797032484375 0.654467634375
3 0.820732303125 0.5011767578125 0.8113545796875 0.5000045421875 0.8023675921875 0.5050841421875 0.7828306656249999 0.525793284375 0.77931401875 0.5316543625000001 0.7800954953125 0.542204303125 0.8523821249999999 0.692638640625 0.8590246796875001 0.69849971875 0.8707468359374999 0.699671934375 0.8785616078125 0.721162553125 0.8875485937500001 0.7192088609375 0.9000522265625 0.709440396875 0.908648475 0.697327503125 0.907866996875 0.68951273125 0.9000522265625 0.6770090984375 0.9008337031250001 0.6555184796875 0.89927075 0.6488759234375 0.8707468359374999 0.59495400625 0.8289378125000001 0.5089915281249999 0.820732303125 0.5011767578125
1 0.39722369999999996 0.719633940625 0.4004595328125 0.72841691875 0.4009217953125 0.765397875 0.40739346249999997 0.7746431140625 0.41109155781249995 0.7889732359375 0.44668572968750003 0.8264164546874999 0.4762704953125 0.8199447875000001 0.48135537656249994 0.8120863328124999 0.48366668593749995 0.7991429984375 0.49661002187500003 0.768171446875 0.498273253125 0.7618209265625 0.44875218749999995 0.7588162781250001 0.45112662343750004 0.71924235 0.4295820375 0.7002189390625 0.41340286875 0.682652984375 0.405544415625 0.6808039359375 0.40184631875 0.6914359609375 0.399997271875 0.7127000125 0.39722369999999996 0.719633940625
5 0.616577640625 0.3442355640625 0.6237506546875 0.348252453125 0.6319036859375 0.3664768734375 0.6351622578125 0.3707130171875 0.6708410296875 0.3809706640625 0.680905659375 0.39103529375 0.683701390625 0.40333650781249997 0.68314224375 0.4240249125 0.68225316875 0.42842795312500004 0.6884953109375 0.43841538125 0.6942019625 0.44360324531249995 0.69564313125 0.44008581874999997 0.6982525703125 0.42703862031249995 0.71129976875 0.397899878125 0.7165186484375 0.3787639890625 0.723912059375 0.36832623125 0.7247818734375 0.3587582859375 0.6978176640625 0.3357082359375 0.6612855109375 0.3143978125 0.62301373125 0.285259071875 0.5986589609374999 0.270907153125 0.5625796796875 0.36407892343750003 0.5638019 0.36407892343750003 0.5703652031249999 0.368454459375 0.59772256875 0.334375 0.6089083125 0.334375 0.616577640625 0.3442355640625
3 0.68225316875 0.42842795312500004 0.68314224375 0.4240249125 0.683701390625 0.40333650781249997 0.680905659375 0.39103529375 0.6708410296875 0.3809706640625 0.6351622578125 0.3707130171875 0.6366995859375 0.3727115453125 0.6453322078125 0.376068675 0.6520464671874999 0.3880584265625 0.662117859375 0.399088996875 0.669311709375 0.41587464843750005 0.676505559375 0.4192317796875 0.68225316875 0.42842795312500004
6 0.37499929062500004 0.63982545 0.385761584375 0.6160587171875 0.3915911609375 0.5913951281250001 0.389349015625 0.575700115625 0.367824428125 0.555520815625 0.299663234375 0.5043999203125 0.28800408437499997 0.49722505781250004 0.27186064375 0.49632820000000005 0.2539234875 0.5043999203125 0.2386769046875 0.4985703453125 0.23239890000000002 0.5043999203125 0.22881146874999997 0.5133684984375 0.22881146874999997 0.526821365625 0.23912533281249998 0.53578994375 0.24091904843749998 0.5582113890625 0.247197053125 0.5783906890625 0.2602014921875 0.593637271875 0.2749996453125 0.60260585 0.33867655 0.6519330296875 0.34809355625 0.65641731875 0.364236996875 0.6555204609375 0.37499929062500004 0.63982545
6 0.5518121484375 0.3799053953125 0.5465366578124999 0.3870992453125 0.5465366578124999 0.39813801875 0.567999084375 0.37140196875 0.5703652031249999 0.368454459375 0.5638019 0.36407892343750003 0.5570876390625 0.36407892343750003 0.553730509375 0.3674360546875 0.5518121484375 0.3799053953125
6 0.6990462921875 0.44800718125000005 0.6884953109375 0.43841538125 0.676505559375 0.4192317796875 0.669311709375 0.41587464843750005 0.662117859375 0.399088996875 0.6520464671874999 0.3880584265625 0.6453322078125 0.376068675 0.6366995859375 0.3727115453125 0.6319036859375 0.3664768734375 0.6237506546875 0.348252453125 0.616577640625 0.3442355640625 0.619121384375 0.3475060921875 0.68824340625 0.45210205625000005 0.7117566531249999 0.48768248124999997 0.72079236875 0.47631496875 0.7243210015625 0.47631496875 0.7264031156249999 0.47948340156249997 0.726382925 0.479180534375 0.7220666140625001 0.47294586406250005 0.7095972734375 0.463833653125 0.6990462921875 0.44800718125000005
1 0.72079236875 0.47631496875 0.7117566531249999 0.48768248124999997 0.7364480875 0.52504574375 0.7499112328125 0.52521195625 0.7333386203125001 0.49003743125000004 0.7243210015625 0.47631496875 0.72079236875 0.47631496875
5 0.459865953125 0.5303666609375 0.45677879531250004 0.5334538171875 0.4543090703125 0.5797611734375 0.44813475625 0.6180419203125 0.44813475625 0.6606446859374999 0.45245677500000003 0.6970731390625 0.44875218749999995 0.7588162781250001 0.5467856875 0.764764378125 0.533770375 0.711171915625 0.51536175625 0.6757353265625 0.5130606796875 0.6596277859375 0.5139811109375 0.614526671875 0.5218047734375 0.5919761140625 0.5268671421875 0.5855330984375 0.56598545625 0.5685051265625 0.5765704109375 0.5694255578125 0.5768362203125 0.5695535390625001 0.5480665671875 0.5277416421875001 0.459865953125 0.5303666609375
0 0.763164315625 0.8682886984374999 0.7993334859375001 0.846587196875 0.8204785390625 0.8054099875 0.8277123734374999 0.76311988125 0.8227043343749999 0.6807654624999999 0.7976641390625 0.602862634375 0.7754061875 0.5750401953125001 0.745914403125 0.568362809375 0.722315228125 0.5749396296875 0.6795013640625001 0.628966646875 0.643527828125 0.7748053046875001 0.6507616625 0.8170954125 0.6674551265625001 0.8454743 0.7036242968749999 0.8677322500000001 0.7303338375 0.8721838406250001 0.763164315625 0.8682886984374999
5 0.629034971875 0.7820450953125 0.590837090625 0.68816114375 0.6189102328125 0.669752525 0.6345575578125 0.68447941875 0.6391597124999999 0.6840192046875 0.6391597124999999 0.65502563125 0.63731885 0.6476621828125 0.635610046875 0.6453319953125 0.62884811875 0.6451441640625 0.5768362203125 0.5695535390625001 0.5765704109375 0.5694255578125 0.56598545625 0.5685051265625 0.5268671421875 0.5855330984375 0.5218047734375 0.5919761140625 0.5139811109375 0.614526671875 0.5130606796875 0.6596277859375 0.51536175625 0.6757353265625 0.533770375 0.711171915625 0.5494177 0.775602078125 0.5604628703125 0.79953328125 0.5710478265625001 0.8073569453125 0.597740321875 0.8119590984375 0.63731885 0.8041354359374999 0.63731885 0.7963117734375 0.629034971875 0.7820450953125
5 0.62884811875 0.6451441640625 0.6463562406250001 0.6456305015625 0.6662960453125 0.6456305015625 0.748000615625 0.542527115625 0.619121384375 0.3475060921875 0.6089083125 0.334375 0.59772256875 0.334375 0.5126136421874999 0.4403964046875 0.5053185921875001 0.45158215 0.5048322546875 0.4588772 0.51942235625 0.48611205625 0.62884811875 0.6451441640625
3 0.6994412046875 0.7844626875 0.70712798125 0.799409196875 0.7169499734375 0.8105123187500001 0.7276260515625 0.8177720515625 0.741718475 0.8207613531250001 0.7596542875 0.8199072671875 0.7767360125 0.8135016203125 0.7929636515625 0.799409196875 0.8053479031249999 0.7942846796875 0.8126076359375001 0.7878790328124999 0.8190132828125 0.7784840828124999 0.8237107578125 0.7652457453125 0.8249918875000001 0.7485910625 0.8190132828125 0.72723890625 0.8126076359375001 0.716135784375 0.8057749453125 0.7088760515625 0.795952953125 0.7046056203125 0.7746007968749999 0.6845345921875 0.75452976875 0.6781289453125 0.741718475 0.6781289453125 0.7284801375 0.681118246875 0.7165229296875 0.6888050234375 0.7032845921875001 0.70588675 0.6968789453124999 0.7216873453125 0.6930355578125 0.7417583734375001 0.6934625999999999 0.7609753140625 0.6994412046875 0.7844626875