6 0.341778521875 0.5021072531249999 0.352385103125 0.49582187343750006 0.356313465625 0.486000965625 0.3559206296875 0.47382304062499997 0.348063903125 0.46046660624999997 0.3418899078125 0.4434881203125 0.3330920984375 0.501383384375 0.341778521875 0.5021072531249999
3 0.28987267031249997 0.40749965 0.2784689609375 0.41527490624999996 0.2660285515625 0.49199076406250003 0.26407415156249997 0.516225321875 0.265711596875 0.5153529125 0.33004619062499996 0.5214274234375 0.34326276093749997 0.4344538703125 0.34326276093749997 0.4230501609375 0.33704255625 0.41423820468750006 0.3137167875 0.4069813 0.28987267031249997 0.40749965
0 0.6415815125 0.8504819124999999 0.6110893265625 0.8348684437499999 0.6054726546875 0.8451249765625001 0.5881603078125 0.8556812859375 0.5932273359375 0.8810164281249999 0.5999833734375 0.891150484375 0.6415815125 0.8504819124999999
1 0.403882765625 0.23455450625 0.38770228906250004 0.214741678125 0.3235048609375 0.22513554687499998 0.32289345625 0.255094346875 0.334510134375 0.2985040359375 0.340624175 0.335799684375 0.35652068125 0.47703402656250005 0.36446116093750003 0.5246769046875001 0.37259294062500004 0.5254447125 0.40837296093750003 0.544710878125 0.40916763749999996 0.5458812203125001 0.414000334375 0.52137254375 0.4336852390625 0.48796785624999994 0.4818740390625 0.4430540234375 0.4791050671875 0.4393950234375 0.4722999234375 0.42498413125 0.46549477968749997 0.4025671875 0.46450784531249995 0.389342275 0.4451053359375 0.3679995140625 0.416838246875 0.336905715625 0.40724118750000005 0.308714353125 0.4030424734375 0.256530340625 0.401842840625 0.237336221875 0.403882765625 0.23455450625
3 0.4791050671875 0.4393950234375 0.4818740390625 0.4430540234375 0.4977651640625 0.428242878125 0.48881619374999996 0.41608145781249994 0.46450784531249995 0.389342275 0.46549477968749997 0.4025671875 0.4722999234375 0.42498413125 0.4791050671875 0.4393950234375
3 0.882648915625 0.4387539421875 0.7890875875 0.43559003125 0.7852236453125 0.44145749843750004 0.7852236453125 0.44171324375000004 0.7712898671875 0.467469621875 0.7653785671875 0.5113821375 0.7603808515625 0.523985071875 0.7770869671875 0.5269772109375 0.8296129609375 0.5285070953125001 0.8489914828125 0.53360670625 0.8877485265624999 0.5330967453125 0.8969278265625 0.5285070953125001 0.9035573203125 0.5203477171875 0.90865693125 0.49892935156249996 0.90865693125 0.4724113734375 0.9035573203125 0.4520129296875 0.8959079031250001 0.4428336296875 0.882648915625 0.4387539421875
6 0.53821575 0.521093559375 0.545777253125 0.5147800703125001 0.5659193140625 0.476327046875 0.566032371875 0.4761296921875 0.556859953125 0.46118204687500003 0.5200066390625 0.45386988125 0.512209028125 0.44787171875 0.4977651640625 0.428242878125 0.4336852390625 0.48796785624999994 0.414000334375 0.52137254375 0.40916763749999996 0.5458812203125001 0.4336024625 0.5818670531250001 0.43369688437500004 0.583967959375 0.4912812984375 0.5914464546875 0.4971488234375 0.5958470984375001 0.4863916953125 0.660878828125 0.476475809375 0.736392109375 0.5016876390625 0.75222279375 0.511231834375 0.7552053546875 0.5889433234375 0.6205947968750001 0.5829727359375 0.621163425 0.55172729375 0.606385175 0.5348378640625 0.5882290390625 0.5310377421875 0.5540279453125 0.53821575 0.521093559375
5 0.6610491046875 0.618827534375 0.6604450703125 0.6210171609375 0.6113681703125 0.6781773140625 0.5986659140625 0.7087782046875 0.5830767812500001 0.729563715625 0.579035153125 0.742843346875 0.5674876484375 0.749194475 0.56055914375 0.7705573609374999 0.5622912703125 0.7965392484375 0.55824964375 0.8086641296874999 0.5744161515624999 0.8196342609375 0.6050170421875001 0.8317591421874999 0.700861340625 0.8808360421874999 0.7620631203125 0.9183654359375 0.770146375 0.9195201859375001 0.7816938812500001 0.9195201859375001 0.8215327765625 0.78556911875 0.85617529375 0.6533501765625 0.8111400203124999 0.6325646671875 0.777074878125 0.61062440625 0.744642271875 0.5981274375 0.74426678125 0.599629403125 0.6952874375 0.606385175 0.6927540234375 0.6114520031249999 0.6771313015625 0.6160965953125 0.6610491046875 0.618827534375
6 0.499511459375 0.3694667359375 0.5093799203125 0.35147130625 0.568512803125 0.2722754796875 0.5661924890625001 0.26912648125 0.5571952453125 0.265527584375 0.54699836875 0.24513383281249998 0.5338024124999999 0.231937875 0.52480516875 0.21694246874999998 0.5140084765624999 0.2139433875 0.5074104968750001 0.20614577656250002 0.49601398906250005 0.1833527609375 0.4804187671875 0.176154965625 0.4408308953125 0.21874191875000001 0.42223659218750004 0.207345409375 0.41383916562499995 0.2079452265625 0.4096404515625 0.2121439390625 0.40844081875000005 0.22833897812499998 0.401842840625 0.237336221875 0.4030424734375 0.256530340625 0.40724118750000005 0.308714353125 0.416838246875 0.336905715625 0.48881619374999996 0.41608145781249994 0.512209028125 0.44787171875 0.5200066390625 0.45386988125 0.556859953125 0.46118204687500003 0.5465317734374999 0.44435094062499997 0.5029944453125 0.379335196875 0.499511459375 0.3694667359375
0 0.7556671453125 0.535871809375 0.7653785671875 0.5113821375 0.7712898671875 0.467469621875 0.7852236453125 0.44171324375000004 0.7852236453125 0.44145749843750004 0.7787308609375 0.4513169140625 0.7119736234375 0.5291036078125 0.7050076515625 0.530264603125 0.6864317234375 0.506464196875 0.6777242578125 0.5012397171874999 0.637669915625 0.5465185390625 0.622328590625 0.5465185390625 0.6268852515625001 0.5548724171875 0.6425079734375 0.5679617234375 0.653063865625 0.574295259375 0.6775535374999999 0.5785176171875 0.7142880453125 0.5747174953124999 0.7379332453125 0.5582503015625 0.7556671453125 0.535871809375
0 0.5840451109375 0.5321372453125 0.5412442562499999 0.527128634375 0.5446310296875 0.5169683171874999 0.545777253125 0.5147800703125001 0.53821575 0.521093559375 0.5310377421875 0.5540279453125 0.5348378640625 0.5882290390625 0.55172729375 0.606385175 0.5829727359375 0.621163425 0.6184405374999999 0.6177855390625 0.62857419375 0.618207775 0.63152984375 0.6198967171875001 0.6239296015625 0.6215856609375 0.632374315625 0.6236968390625 0.6771313015625 0.6160965953125 0.6927540234375 0.6114520031249999 0.6952874375 0.606385175 0.74426678125 0.599629403125 0.7468001953125001 0.5894957453125 0.7430000734375 0.58400668125 0.7239994671875001 0.583162209375 0.6475748015625 0.606385175 0.6327965515625 0.60765188125 0.6243518375 0.603851759375 0.5893062718750001 0.56922843125 0.5840451109375 0.5321372453125
0 0.18176616406249999 0.592417571875 0.17901385625 0.6217755375 0.1845184734375 0.650216065625 0.1936928390625 0.6708583859374999 0.21066541249999998 0.6892071140625 0.24195971875 0.706441659375 0.25120175625 0.6383866515625 0.2556024 0.5669984359375 0.26538160781250003 0.5621088328125 0.43369688437500004 0.583967959375 0.4336024625 0.5818670531250001 0.40837296093750003 0.544710878125 0.37259294062500004 0.5254447125 0.265711596875 0.5153529125 0.20974797500000003 0.5451695953125 0.1886469375 0.5726926890625 0.18176616406249999 0.592417571875
1 0.7944043 0.4275165078125 0.790340815625 0.42229202812500005 0.790340815625 0.40487709531249993 0.7787308609375 0.3897841546875 0.7856968328125 0.3787546984375 0.7856968328125 0.37294972187500003 0.7723453859375 0.34914931562499996 0.7990482812499999 0.3207049265625 0.801370271875 0.315480446875 0.7984677828125 0.306192484375 0.721842084375 0.2057663796875 0.7131346187500001 0.2057663796875 0.6899147109375 0.23072778125 0.6835292359375 0.23363026874999998 0.6469578796875 0.1825464703125 0.639411409375 0.177321990625 0.5093799203125 0.35147130625 0.499511459375 0.3694667359375 0.5029944453125 0.379335196875 0.5465317734374999 0.44435094062499997 0.566032371875 0.4761296921875 0.621075325 0.38004594062499997 0.642363609375 0.35730618125 0.6781666328125 0.336501721875 0.69026225 0.33988849375 0.6955843203125001 0.3485973375 0.711066709375 0.361660603125 0.7052608140625 0.4173004390625 0.693649021875 0.45165198906250004 0.6438150828125 0.5377727765625 0.6322032906249999 0.5377727765625 0.6016659703125 0.5341992609374999 0.609225528125 0.5465185390625 0.637669915625 0.5465185390625 0.6777242578125 0.5012397171874999 0.6864317234375 0.506464196875 0.7050076515625 0.530264603125 0.7119736234375 0.5291036078125 0.7787308609375 0.4513169140625 0.7944043 0.4275165078125
5 0.26538160781250003 0.5621088328125 0.2556024 0.5669984359375 0.25120175625 0.6383866515625 0.24044462812499998 0.71759823125 0.241911509375 0.7308001609375 0.2937413078125 0.74057936875 0.4511865484375 0.7601377828125 0.470256003125 0.76062674375 0.47367872499999997 0.7576929812500001 0.4863916953125 0.660878828125 0.4971488234375 0.5958470984375001 0.4912812984375 0.5914464546875 0.26538160781250003 0.5621088328125
3 0.6955843203125001 0.3485973375 0.69026225 0.33988849375 0.6781666328125 0.336501721875 0.642363609375 0.35730618125 0.621075325 0.38004594062499997 0.5659193140625 0.476327046875 0.5446310296875 0.5169683171874999 0.5412442562499999 0.527128634375 0.6322032906249999 0.5377727765625 0.6438150828125 0.5377727765625 0.693649021875 0.45165198906250004 0.7052608140625 0.4173004390625 0.711066709375 0.361660603125 0.6955843203125001 0.3485973375