6 0.3540143203125 0.44224492968750007 0.3499555015625 0.424640578125 0.33416761250000004 0.48103211718749994 0.342701071875 0.4828091984375 0.3539945875 0.47786328593749994 0.3590905359375 0.468594328125 0.36018474375 0.45645930156250003 0.3540143203125 0.44224492968750007
3 0.2655868984375 0.4866859 0.3287016546875 0.500555546875 0.3524191203125 0.41584097656249996 0.3538088828125 0.40452226874999997 0.34870895 0.39501794375 0.32644144218750004 0.384972434375 0.30271188437499996 0.382581053125 0.2904456109375 0.3889085921875 0.2687486203125 0.4635365171875 0.2638553375 0.48735225312499997 0.2655868984375 0.4866859
0 0.5460982109375 0.8895379437500001 0.551568859375 0.9004198156250001 0.597813184375 0.8651239187499999 0.5694510859374999 0.8459107687499999 0.5626263234375 0.85540635 0.5441565296875 0.8637741296874999 0.5460982109375 0.8895379437500001
1 0.3602998515625 0.279837815625 0.3618231234375 0.31760058125 0.360389003125 0.45971948124999995 0.3624640890625 0.5079749375 0.3704416828125 0.5097280375000001 0.40360705 0.5332110828125 0.4042531734375 0.5344695484375 0.4120367046875 0.5107325125 0.4356458890625 0.47997580624999997 0.488949115625 0.441269490625 0.486646703125 0.4373003125 0.48164852968750005 0.4221674984375 0.47762605 0.3990883078125 0.4782581828125 0.3858416953125 0.461601325 0.3622934484375 0.43733431562499997 0.327986528125 0.431244453125 0.29883571249999996 0.4334366671875 0.2465289765625 0.4345851515625 0.2273317296875 0.43694887656250003 0.224819353125 0.42330358281249997 0.2031823015625 0.3583179796875 0.2056749984375 0.3540600734375 0.235335978125 0.3602998515625 0.279837815625
3 0.4782581828125 0.3858416953125 0.47762605 0.3990883078125 0.48164852968750005 0.4221674984375 0.486646703125 0.4373003125 0.488949115625 0.441269490625 0.506526815625 0.4285053875 0.499126653125 0.41534401093750006 0.4782581828125 0.3858416953125
3 0.77323216875 0.500774015625 0.7620133421874999 0.5436388078125 0.7555169671875 0.555538734375 0.7717339078125 0.560544534375 0.8236819343749999 0.5684643234375 0.8422945265624999 0.5758875703124999 0.8808248296875 0.58010470625 0.8904950453125 0.5766679406249999 0.8980695015625001 0.5693773140625 0.9057413437499999 0.548740084375 0.908973071875 0.5224197671875 0.9063974187499999 0.501551884375 0.8999236937499999 0.49150877499999995 0.887260725 0.48584363281250004 0.7947823734374999 0.47130104843750004 0.7902321671875 0.476653884375 0.7902009999999999 0.4769077234375 0.77323216875 0.500774015625
6 0.561166846875 0.46840087500000005 0.525479359375 0.4566519234375 0.5184708640625 0.44974818125000005 0.506526815625 0.4285053875 0.4356458890625 0.47997580624999997 0.4120367046875 0.5107325125 0.4042531734375 0.5344695484375 0.42412029531249995 0.5731650046875 0.42395797812499997 0.5752617578125 0.4802017671875 0.589702284375 0.485489253125 0.5947851984375 0.4668869328125 0.6580212265625 0.4478422046875 0.7317632 0.4709368328125 0.750548434375 0.4800464046875 0.7546719093750001 0.5735835453125 0.630535365625 0.5675881625 0.6303721234374999 0.5383766343749999 0.6118961671875 0.5238257734375 0.5918170609375 0.524222040625 0.557407778125 0.5353602375000001 0.525593659375 0.5436347984375 0.5202487453125 0.56831296875 0.48453704531249997 0.5684492359375 0.48435493906250005 0.561166846875 0.46840087500000005
5 0.5544807609375 0.7379770953125 0.548850878125 0.7506651921875 0.5366154390625 0.7555616921875 0.527135096875 0.7759209703125001 0.5256879171875 0.8019202859375 0.520198765625 0.8134622406249999 0.534907846875 0.826320803125 0.5638029921875 0.8420846171875 0.6529519125000001 0.9024761874999999 0.7091238203125 0.9471844640624999 0.7170060953124999 0.9493157078125 0.728467528125 0.95072299375 0.7843339984375 0.82262551875 0.8348317312500001 0.6956139765625 0.7926652609375 0.6694949796875 0.7615278796875 0.6435667625 0.73086001875 0.627210403125 0.7303042843750001 0.6286554125 0.680866703125 0.6293917484375 0.67773468125 0.6341120625000001 0.6616623765625 0.6368181046875 0.6453672359375 0.6375687609375 0.6445008546875 0.639668453125 0.588823696875 0.6904215734375 0.5724868109375 0.719246353125 0.5544807609375 0.7379770953125
6 0.5853439203125 0.27424565312500004 0.5777084218749999 0.2527612265625 0.5662190093749999 0.23805544687500002 0.5591163109374999 0.2220753265625 0.548765590625 0.2177828140625 0.54316708125 0.20923923437499997 0.534633290625 0.185227228125 0.5200315046874999 0.17618250468750002 0.47554867031250003 0.21362747343750002 0.4584818515625 0.2000498375 0.45007391874999997 0.19962179375 0.4453948078125 0.20327751562500002 0.4422304375 0.21920564062499998 0.4345851515625 0.2273317296875 0.4334366671875 0.2465289765625 0.431244453125 0.29883571249999996 0.43733431562499997 0.327986528125 0.499126653125 0.41534401093750006 0.5184708640625 0.44974818125000005 0.525479359375 0.4566519234375 0.561166846875 0.46840087500000005 0.552966846875 0.4504365375 0.517677465625 0.3805995453125 0.5154231046875 0.37038017343749996 0.5274110984375 0.353721540625 0.5957547562500001 0.2823225140625 0.5938355046875 0.27891421250000004 0.5853439203125 0.27424565312500004
0 0.7902321671875 0.476653884375 0.78258621875 0.48564853750000003 0.7068467671875001 0.5547197609375 0.6997912281249999 0.5550231625000001 0.6842543015625 0.529136325 0.6762484453125001 0.522889615625 0.6309745609374999 0.5629495390625 0.6157475875 0.5610799015625 0.6192522031250001 0.5699268281250001 0.633163290625 0.5848225 0.6428686359375 0.5923952671875 0.666661190625 0.5995706921874999 0.7035850031249999 0.6002757062499999 0.7290608015625 0.58681288125 0.7493897671874999 0.5667624140624999 0.7620133421874999 0.5436388078125 0.77323216875 0.500774015625 0.7902009999999999 0.4769077234375 0.7902321671875 0.476653884375
0 0.5353602375000001 0.525593659375 0.524222040625 0.557407778125 0.5238257734375 0.5918170609375 0.5383766343749999 0.6118961671875 0.5675881625 0.6303721234374999 0.603203253125 0.6313418546875 0.6132099171875 0.632995925 0.61593770625 0.63503248125 0.6081882843749999 0.6357825984375001 0.616312765625 0.6389071921875 0.6616623765625 0.6368181046875 0.67773468125 0.6341120625000001 0.680866703125 0.6293917484375 0.7303042843750001 0.6286554125 0.7340537968749999 0.6189060359375 0.7309509484375 0.6129947671875 0.7121948859375 0.6098409984375001 0.633509709375 0.6235770406250001 0.6186872421875 0.6230332890625 0.6107685921875 0.618232340625 0.5802037734375001 0.579596109375 0.57950210625 0.542140221875 0.5376306796875 0.5319528328125 0.5422304390625 0.5222809921875 0.5436347984375 0.5202487453125 0.5353602375000001 0.525593659375
0 0.189763521875 0.6525357765625001 0.218724203125 0.673455675 0.2361911703125 0.607034259375 0.249259046875 0.5367144640625 0.2595612546875 0.53305309375 0.42395797812499997 0.5752617578125 0.42412029531249995 0.5731650046875 0.40360705 0.5332110828125 0.3704416828125 0.5097280375000001 0.2655868984375 0.4866859 0.20640668125 0.509460084375 0.18210870625 0.53420645625 0.1728753625 0.55294575625 0.1665657328125 0.5817494703125 0.1685632921875 0.6106488515625 0.17515360625 0.63225538125 0.189763521875 0.6525357765625001
1 0.7983433765625 0.414476128125 0.7990508265625 0.4087144203125 0.7886994390625001 0.3834642875 0.81866979375 0.3584861828125 0.8216111796875 0.353583625 0.8198622437499999 0.34401116875 0.7560465656249999 0.2349953015625 0.747404003125 0.23393412812499997 0.7213151437499999 0.2558796765625 0.714623540625 0.25798233593750003 0.68455033125 0.20282238125 0.677696815625 0.1967171609375 0.5274110984375 0.353721540625 0.5154231046875 0.37038017343749996 0.517677465625 0.3805995453125 0.552966846875 0.4504365375 0.5684492359375 0.48435493906250005 0.6347915703125 0.39569542968750004 0.6586924546875 0.375719559375 0.6967640328125 0.3594334640625 0.7083567484375 0.36426907656249996 0.7125778078125 0.37356160312500003 0.7263527812499999 0.388414325 0.713809371875 0.44293187031250003 0.6980977312500001 0.47561224687500003 0.6381397640625 0.5550178734375 0.6266145234375 0.5536027515625 0.5967403265625 0.5463343093749999 0.6027421937499999 0.559483040625 0.6309745609374999 0.5629495390625 0.6762484453125001 0.522889615625 0.6842543015625 0.529136325 0.6997912281249999 0.5550231625000001 0.7068467671875001 0.5547197609375 0.78258621875 0.48564853750000003 0.8010433703125001 0.463935646875 0.797646878125 0.45825489687500004 0.799769225 0.440969771875 0.7900851765625 0.42457443437500003 0.7983433765625 0.414476128125
5 0.2157077984375 0.6976267359375 0.2659594796875 0.713649515625 0.41984757500000003 0.7522498921875 0.4387153 0.755059190625 0.4424700453125 0.7525644203125 0.4668869328125 0.6580212265625 0.485489253125 0.5947851984375 0.4802017671875 0.589702284375 0.2595612546875 0.53305309375 0.249259046875 0.5367144640625 0.2361911703125 0.607034259375 0.2158607609375 0.6843444437499999 0.2157077984375 0.6976267359375
3 0.6347915703125 0.39569542968750004 0.56831296875 0.48453704531249997 0.5422304390625 0.5222809921875 0.5376306796875 0.5319528328125 0.6266145234375 0.5536027515625 0.6381397640625 0.5550178734375 0.6980977312500001 0.47561224687500003 0.713809371875 0.44293187031250003 0.7263527812499999 0.388414325 0.7125778078125 0.37356160312500003 0.7083567484375 0.36426907656249996 0.6967640328125 0.3594334640625 0.6586924546875 0.375719559375 0.6347915703125 0.39569542968750004