5 0.5857551156249999 0.55420283125 0.587610178125 0.556210665625 0.5883089499999999 0.5487571 0.5880518875 0.5480417953125001 0.5815968421875 0.5321975921875 0.5769022640625 0.52926348125 0.5672904765625 0.534217575 0.5857551156249999 0.55420283125
5 0.5108070359375 0.6784621375000001 0.5115448859375 0.6837444765625 0.540767934375 0.6685576953125001 0.5354135890625 0.6615498015625 0.5332010828125 0.658654021875 0.5349894328125 0.6624542640625 0.5159412421875 0.6642261875 0.5058613281250001 0.657266246875 0.5108070359375 0.6784621375000001
6 0.693595209375 0.529203040625 0.68488184375 0.506548290625 0.670940459375 0.497834925 0.6279545203125 0.5338501703125 0.6111086796875 0.5210705671875 0.6029762046875 0.520489675 0.5983290765625 0.523975021875 0.595424621875 0.5390781890625 0.5884539281250001 0.5472106640625001 0.587610178125 0.556210665625 0.59047365625 0.5593099593749999 0.6267127953125 0.5771224171875 0.626411465625 0.57794605 0.647915984375 0.5516627484375001 0.6496714124999999 0.5505574796875 0.66376705625 0.5416824453125 0.689011353125 0.5328762953124999 0.696530046875 0.5337683421875 0.693595209375 0.529203040625
6 0.6173391031250001 0.856058328125 0.5967479671875 0.864323784375 0.588236803125 0.8685210703124999 0.6060743921875 0.8641458125 0.6173391031250001 0.856058328125
1 0.3759592 0.6478358859375 0.4424517484375 0.63833695 0.4518551515625 0.6352024828125 0.4645785796875 0.6339301390625 0.48323960781249997 0.6339301390625 0.4938424640625 0.636474825 0.5010524078125 0.6436847671875 0.5048694359375 0.65301528125 0.5058613281250001 0.657266246875 0.5159412421875 0.6642261875 0.5349894328125 0.6624542640625 0.5332010828125 0.658654021875 0.501411365625 0.6170468921875 0.498954475 0.5980059875 0.4909695796875 0.5851073109375 0.4952691390625 0.5353552734375 0.492198025 0.5236850421875 0.4977260296875 0.515085925 0.5026398109375 0.48683168125 0.5093962609375 0.47331878125 0.5163205734375 0.47591539843749997 0.5057526765625 0.414827803125 0.500879884375 0.3984375 0.435318675 0.3984375 0.43487569375 0.39888048125000003 0.44019146718749996 0.4188146328125 0.3214725203125 0.46842852187500006 0.3059681796875 0.4715293890625 0.2984375 0.46975746406249996 0.2984375 0.5388625234375 0.30906904687500003 0.5393055046875 0.3170427078125 0.5667703359375 0.32368742500000003 0.5774018828124999 0.32678829375 0.601765846875 0.338305803125 0.6442920359375 0.3515952375 0.6562525265625 0.3759592 0.6478358859375
3 0.4645785796875 0.6339301390625 0.4518551515625 0.6352024828125 0.4264082953125 0.6436847671875 0.41368486718749997 0.6513188249999999 0.4068990390625 0.659801109375 0.4047784671875 0.6742209953125 0.405626696875 0.6988196234374999 0.40630015625000004 0.706199615625 0.443478309375 0.70100266875 0.5134026921875 0.697044684375 0.5108070359375 0.6784621375000001 0.5048694359375 0.65301528125 0.5010524078125 0.6436847671875 0.4938424640625 0.636474825 0.48323960781249997 0.6339301390625 0.4645785796875 0.6339301390625
3 0.7811831875 0.8105827015625 0.7697125671875 0.8118572140625 0.76804480625 0.8114452578125 0.767919453125 0.811589896875 0.7393953984375 0.8129063921874999 0.7321282703125 0.8025734437500001 0.7078879312499999 0.796585790625 0.7098580890624999 0.8143172046875 0.6941834890624999 0.8231341656250001 0.6979580140625 0.8442715062499999 0.710723578125 0.8902275375 0.72604225625 0.9142267984375 0.7510627609375 0.9372048124999999 0.760764590625 0.9627359421874999 0.81489058125 0.9627359421874999 0.811826846875 0.9218861359374999 0.830209259375 0.878993840625 0.83327299375 0.8427396390625 0.823571165625 0.784528665625 0.8071740234375 0.7090497609375 0.8008825890625 0.7355996140625 0.79826269375 0.7466555765625 0.8021483171874999 0.748836978125 0.7946881796875 0.7663902421875 0.7929372765625 0.7691288359375 0.78925510625 0.7846675953125 0.7811831875 0.8105827015625
6 0.7939915515625 0.7442577421875 0.777134915625 0.7347943671875 0.7769467828125001 0.73456625625 0.782356546875 0.7260245249999999 0.783969575 0.72097036875 0.7192513796875 0.7842641140625 0.7736242640625 0.8050074234375 0.7775737484375 0.7931589703124999 0.7776218890625 0.7930836718750001 0.7939915515625 0.7442577421875
1 0.777134915625 0.7347943671875 0.7769467828125001 0.73456625625 0.7712020890625 0.7436368265625 0.758286403125 0.761836203125 0.74654486875 0.77181650625 0.7265842609375001 0.7823838875 0.7192513796875 0.7842641140625 0.7393953984375 0.8129063921874999 0.767919453125 0.811589896875 0.7736242640625 0.8050074234375 0.7775737484375 0.7931589703124999 0.7946881796875 0.7663902421875 0.8021483171874999 0.748836978125 0.777134915625 0.7347943671875
6 0.47395499531249996 0.8171657874999999 0.483951721875 0.8097769015624999 0.492069721875 0.8092021765625 0.4782799984375 0.74823708125 0.47768468124999997 0.73514011875 0.4925675921875 0.72561505625 0.5676688624999999 0.6948181328125 0.5530913625 0.6898555796875 0.51732778125 0.6968225109375 0.443478309375 0.70100266875 0.40028333437499997 0.7070406765625 0.3812403890625 0.7181877671875 0.3631263671875 0.7474488781249999 0.3454768078125 0.7507001125 0.3385098765625 0.7567381203125 0.336652028125 0.775781065625 0.3431544984375 0.796217396875 0.34872804375 0.80086201875 0.3677709890625 0.8003975562500001 0.39006516874999997 0.8278008203124999 0.401212259375 0.8366256 0.4109659625 0.838947909375 0.43279568125 0.8375545234375 0.4502127296875 0.8420014296874999 0.46352362812500003 0.8336821171875 0.47395499531249996 0.8171657874999999
3 0.483951721875 0.9001820781250001 0.49959877031250005 0.9071363234375 0.5139419000000001 0.9053977609375 0.5224056421875 0.8993885046875001 0.5199521484375 0.9000427703125 0.512213034375 0.8982568203125 0.492069721875 0.8092021765625 0.483951721875 0.8097769015624999 0.47395499531249996 0.8171657874999999 0.46352362812500003 0.8336821171875 0.43222952968749995 0.8532409296875001 0.4204942421875 0.854110209375 0.403543271875 0.8632376562499999 0.40050078906250003 0.8706265406249999 0.39963150937499997 0.8823618281250001 0.40223935 0.895835675 0.4087589546875 0.9088748843750001 0.41484391875000004 0.914959846875 0.42136352187500004 0.9171330484375 0.4396184140625 0.9123520062500001 0.4474419390625 0.9062670421875 0.483951721875 0.9001820781250001
3 0.6812829 0.6607255656250001 0.6943798609375 0.7339494859375 0.7062861890625001 0.7821701171875 0.7068715578125 0.7874384265625001 0.7265842609375001 0.7823838875 0.74654486875 0.77181650625 0.758286403125 0.761836203125 0.7712020890625 0.7436368265625 0.782356546875 0.7260245249999999 0.7911626968750001 0.6984319203125 0.7946851578125 0.655575321875 0.7847048531249999 0.607435034375 0.7712020890625 0.579255353125 0.7576993265625 0.5592947453125 0.743022409375 0.5469661343750001 0.723648878125 0.53698583125 0.689011353125 0.5328762953124999 0.66376705625 0.5416824453125 0.647915984375 0.5516627484375001 0.626411465625 0.57794605 0.6174994546875 0.602305546875 0.6114880265625 0.612825546875 0.606233540625 0.62798271875 0.6032981562499999 0.6767100828125 0.6035500921875 0.678081728125 0.6729484703125 0.644652021875 0.6777110015625001 0.6482239203125 0.6812829 0.6607255656250001
5 0.7062861890625001 0.7821701171875 0.6943798609375 0.7339494859375 0.6812829 0.6607255656250001 0.6777110015625001 0.6482239203125 0.6729484703125 0.644652021875 0.575316575 0.6916820203125 0.4925675921875 0.72561505625 0.47768468124999997 0.73514011875 0.4782799984375 0.74823708125 0.512213034375 0.8982568203125 0.5199521484375 0.9000427703125 0.5467413875 0.892898971875 0.5532898671875001 0.8857551750000001 0.5967479671875 0.864323784375 0.6812829 0.8303907484374999 0.7098580890624999 0.8143172046875 0.7062861890625001 0.7821701171875
1 0.5953874375 0.6410015765625 0.6174994546875 0.602305546875 0.6267127953125 0.5771224171875 0.59047365625 0.5593099593749999 0.5382647281249999 0.5028014703125 0.5192238234375 0.4770041171875 0.5093962609375 0.47331878125 0.5026398109375 0.48683168125 0.4977260296875 0.515085925 0.492198025 0.5236850421875 0.4952691390625 0.5353552734375 0.4909695796875 0.5851073109375 0.498954475 0.5980059875 0.501411365625 0.6170468921875 0.543178509375 0.6717127109375001 0.583102984375 0.6674131515624999 0.5910878796875 0.6575855890625 0.5953874375 0.6410015765625