1 0.3848323859375 0.8385574640625 0.3846369515625 0.816346771875 0.42708852343750003 0.78111985625 0.4427011453125 0.763124846875 0.44575046093750004 0.7556737171875 0.44575976562499997 0.75157590625 0.43080476718750005 0.7326099640625 0.43043645937499997 0.7315588265625 0.395897409375 0.7379765484374999 0.3699886953125 0.732670915625 0.3577205125 0.7209748 0.35508514375 0.717324009375 0.353564084375 0.7179612265624999 0.32379135312499996 0.714224303125 0.3084176828125 0.710282696875 0.305758596875 0.7140432234375 0.28670229062499997 0.7190460484375001 0.284333346875 0.7228659359375 0.28044570625 0.7861774796875001 0.27624999687499996 0.8059453968750001 0.2815793703125 0.8604065078125 0.27610215 0.871055984375 0.277355940625 0.8923826578125 0.301113175 0.8960177046875 0.3111034125 0.9050745296875 0.330230571875 0.9047110203125 0.4954252875 0.951233496875 0.5238310765625 0.9507282781249999 0.5271796359375001 0.9456083968750001 0.5461650875 0.9359662562500001 0.5505826 0.9260468718749999 0.5511802234375 0.9137585421875001 0.5510239171875 0.9104142890625001 0.539081946875 0.907587384375 0.5221354328125 0.899435196875 0.494360153125 0.8951021625 0.4837665984375 0.9249975359375 0.47657102812499996 0.929630346875 0.466601528125 0.9274099281250001 0.45968430937500004 0.9211390015625 0.457428690625 0.9093842078125001 0.4640311625 0.8903707421875 0.40964881562500005 0.8818869203125 0.3996602046875 0.8774385796875 0.3943525921875 0.8688210812499999 0.3848323859375 0.8385574640625
6 0.7599657265624999 0.853433465625 0.7568437828125 0.8669158109374999 0.7582128359375 0.869228921875 0.7604429140625 0.8699011671875001 0.7599657265624999 0.853433465625
1 0.6146465375 0.5819403578125 0.6206265453124999 0.584817065625 0.6175403375 0.5963897859375 0.6385332703125 0.594825484375 0.6369275921875001 0.5816448375000001 0.6358731843750001 0.5764638921875 0.61457889375 0.5817804718749999 0.6146465375 0.5819403578125
3 0.5523837265625 0.53281341875 0.56083300625 0.5322352734375 0.5580036609375 0.5381168265625 0.56306595 0.557127309375 0.586500809375 0.56840074375 0.6039544203125 0.569354915625 0.613057353125 0.57818398125 0.61457889375 0.5817804718749999 0.6358731843750001 0.5764638921875 0.6197090875 0.49703988125 0.6298418484375 0.48910375000000006 0.7962464312499999 0.466810903125 0.7818443421875 0.3921673109375 0.7615400250000001 0.3779368328125 0.7364199859375 0.377196209375 0.563202665625 0.42106495937500005 0.5495058265625 0.432142103125 0.5249065046875 0.465496425 0.45005740312500003 0.501641875 0.4149986671875 0.5126705109375 0.4202700328125 0.5501782234375 0.42712088125000003 0.5502835312500001 0.438952484375 0.5082210265625 0.515004465625 0.534007140625 0.53165698125 0.5420179015625 0.5523837265625 0.53281341875
5 0.32652687343750003 0.59451089375 0.3372389203125 0.5672831781250001 0.3454819265625 0.5582961921875 0.3767607984375 0.546254740625 0.37304468125 0.544531646875 0.33083708437500003 0.517883578125 0.3051364328125 0.5056580875 0.2733314625 0.6142028609375 0.2635309296875 0.6603776828125001 0.28598295937499996 0.6736102984375 0.288977665625 0.673082115625 0.2857208953125 0.6662289218749999 0.28262939062500003 0.648210496875 0.2849531953125 0.62495756875 0.289760871875 0.611420775 0.30153405312500003 0.5997009421875 0.32652687343750003 0.59451089375
3 0.466601528125 0.9274099281250001 0.47657102812499996 0.929630346875 0.4837665984375 0.9249975359375 0.494360153125 0.8951021625 0.4640311625 0.8903707421875 0.457428690625 0.9093842078125001 0.45968430937500004 0.9211390015625 0.466601528125 0.9274099281250001
6 0.8536231890625 0.74035715625 0.870413271875 0.7534128499999999 0.8735712359375001 0.7795981515625 0.8714179609375 0.7939985468749999 0.85128206875 0.853534753125 0.8734396406249999 0.8525953046874999 0.8828898984375 0.8500410015625001 0.8854831921875 0.8423196078125 0.88158998125 0.779719775 0.871636 0.739429440625 0.8536231890625 0.74035715625
7 0.43720131406249996 0.550438484375 0.4791218 0.57418343125 0.47975490625 0.5758407328125 0.48881065625 0.570386246875 0.49418898593750005 0.5658532609375 0.438952484375 0.5082210265625 0.42712088125000003 0.5502835312500001 0.43720131406249996 0.550438484375
7 0.525750909375 0.5446407109375 0.5122367328124999 0.550642184375 0.49418898593750005 0.5658532609375 0.5623542296874999 0.6369749890625 0.5630377953125 0.5602858875 0.525750909375 0.5446407109375
7 0.525750909375 0.5446407109375 0.53165698125 0.5420179015625 0.515004465625 0.534007140625 0.438952484375 0.5082210265625 0.525750909375 0.5446407109375
7 0.5673233859375 0.5666092828125 0.5694329437500001 0.567467659375 0.581760125 0.5681415750000001 0.5647684734375 0.5610120609375 0.5673233859375 0.5666092828125
7 0.586500809375 0.56840074375 0.581760125 0.5681415750000001 0.6146465375 0.5819403578125 0.586500809375 0.56840074375
7 0.5377971515625 0.6330543296875 0.4986142765625 0.6543785484375 0.511135484375 0.654605740625 0.5467160203125 0.649605221875 0.5707333984375 0.6553327140625 0.57254310625 0.6273697125 0.5623542296874999 0.6369749890625 0.547881228125 0.63788588125 0.5390015531250001 0.6346412156250001 0.5377971515625 0.6330543296875
7 0.6175403375 0.5963897859375 0.6206265453124999 0.584817065625 0.6146465375 0.5819403578125 0.61642109375 0.5861349046875 0.6163976124999999 0.5964749375 0.6175403375 0.5963897859375
5 0.5219595953125 0.589302203125 0.528999625 0.5714654593749999 0.5432582984375001 0.56103786875 0.5509681046875 0.5599543265625 0.5673233859375 0.5666092828125 0.5631649624999999 0.5574991359375 0.5580036609375 0.5381168265625 0.56083300625 0.5322352734375 0.5523837265625 0.53281341875 0.5122367328124999 0.550642184375 0.48881065625 0.570386246875 0.47975490625 0.5758407328125 0.48094845781249995 0.5789651250000001 0.4888527640625 0.5996564265625 0.496251034375 0.652297853125 0.49634220781250005 0.654337325 0.4986142765625 0.6543785484375 0.5377971515625 0.6330543296875 0.5259067859375001 0.6173879234374999 0.5219595953125 0.589302203125
5 0.353564084375 0.7179612265624999 0.35508514375 0.717324009375 0.354672259375 0.7167520374999999 0.34452754531249996 0.70269850625 0.3146855484375 0.7052149890625 0.298424796875 0.692961634375 0.288977665625 0.673082115625 0.2626051203125 0.677733509375 0.224037515625 0.6764512703125 0.22708003593749998 0.68942879375 0.32379135312499996 0.714224303125 0.353564084375 0.7179612265624999
1 0.7505050359375 0.8438865515625 0.76107770625 0.8501541171874999 0.7965984359375 0.70374078125 0.6404805765625 0.6108104953125 0.6450553234374999 0.648363578125 0.6414947921875 0.6488178078125 0.6659424984375 0.6998061328125 0.6666038265625 0.6907387046875 0.6790790703125 0.6898100984375 0.687499565625 0.6936077890625 0.7031854656250001 0.6914032796875 0.6854440937499999 0.740478809375 0.7269078343750001 0.8269559093750001 0.7439455609375 0.8343656312500001 0.7505050359375 0.8438865515625
1 0.682350153125 0.7490371546875 0.6854440937499999 0.740478809375 0.6659424984375 0.6998061328125 0.6600092046875 0.7811570125 0.658040915625 0.874806759375 0.7492928984375 0.8874346046875001 0.7533343968749999 0.882071353125 0.7269078343750001 0.8269559093750001 0.7094654265625 0.819370190625 0.6820900015625 0.7991991281249999 0.679643340625 0.7817902343750001 0.682350153125 0.7490371546875
6 0.528999625 0.5714654593749999 0.5219595953125 0.589302203125 0.5259067859375001 0.6173879234374999 0.5390015531250001 0.6346412156250001 0.547881228125 0.63788588125 0.5623542296874999 0.6369749890625 0.5742553109374999 0.6257555796875 0.6074699859375 0.6143486296875 0.616376446875 0.6057963984375 0.61642109375 0.5861349046875 0.613057353125 0.57818398125 0.6039544203125 0.569354915625 0.5694329437500001 0.567467659375 0.5509681046875 0.5599543265625 0.5432582984375001 0.56103786875 0.528999625 0.5714654593749999
6 0.4106165953125 0.6722440359374999 0.45950493124999997 0.653668934375 0.49634220781250005 0.654337325 0.496251034375 0.652297853125 0.4888527640625 0.5996564265625 0.4791218 0.57418343125 0.43720131406249996 0.550438484375 0.41926884375 0.5501628328125 0.39352315312499997 0.5420383953125001 0.38208490624999997 0.544205115625 0.3454819265625 0.5582961921875 0.3372389203125 0.5672831781250001 0.32652687343750003 0.59451089375 0.30153405312500003 0.5997009421875 0.289760871875 0.611420775 0.2849531953125 0.62495756875 0.28262939062500003 0.648210496875 0.2857208953125 0.6662289218749999 0.298424796875 0.692961634375 0.3146855484375 0.7052149890625 0.34452754531249996 0.70269850625 0.3577205125 0.7209748 0.3699886953125 0.732670915625 0.395897409375 0.7379765484374999 0.43043645937499997 0.7315588265625 0.41712470625 0.6935675406249999 0.40796124375 0.6866623749999999 0.4071640125 0.67682576875 0.4106165953125 0.6722440359374999
5 0.763397946875 0.6804957375 0.7252177328125 0.6858616171875 0.7213584625 0.6888492312500001 0.7031854656250001 0.6914032796875 0.682350153125 0.7490371546875 0.679643340625 0.7817902343750001 0.6820900015625 0.7991991281249999 0.7094654265625 0.819370190625 0.7439455609375 0.8343656312500001 0.7505050359375 0.8438865515625 0.7903766703125 0.8675227828125 0.795768171875 0.876163571875 0.8097118984374999 0.8862131218749999 0.8363760171875001 0.8976077765625 0.8714179609375 0.7939985468749999 0.8735712359375001 0.7795981515625 0.870413271875 0.7534128499999999 0.8323102015625 0.7237845265625 0.7965984359375 0.70374078125 0.763397946875 0.6804957375
1 0.4071640125 0.67682576875 0.40796124375 0.6866623749999999 0.41712470625 0.6935675406249999 0.43080476718750005 0.7326099640625 0.44575976562499997 0.75157590625 0.44575046093750004 0.7556737171875 0.4427011453125 0.763124846875 0.42708852343750003 0.78111985625 0.3846369515625 0.816346771875 0.3848323859375 0.8385574640625 0.3943525921875 0.8688210812499999 0.3996602046875 0.8774385796875 0.40964881562500005 0.8818869203125 0.5221354328125 0.899435196875 0.539081946875 0.907587384375 0.563901465625 0.9134626640624999 0.641983221875 0.9235567187499999 0.6454885421875 0.9318422984374999 0.6514692984375 0.932757403125 0.6573445796875 0.9079378828125 0.6600092046875 0.7811570125 0.6666038265625 0.6907387046875 0.6547517453125 0.6916209234374999 0.6504516 0.6812570859375 0.64848505625 0.6765174921875 0.6450553234374999 0.648363578125 0.5775969515625 0.656969484375 0.5467160203125 0.649605221875 0.511135484375 0.654605740625 0.45950493124999997 0.653668934375 0.4106165953125 0.6722440359374999 0.4071640125 0.67682576875
5 0.9000373406250001 0.4529062671875 0.6298418484375 0.48910375000000006 0.6197090875 0.49703988125 0.6369275921875001 0.5816448375000001 0.64848505625 0.6765174921875 0.6547517453125 0.6916209234374999 0.717440565625 0.6869546265625 0.9061158015625 0.6604380515625 0.9284304734375001 0.6549339046875 0.9314241703125001 0.6509611328125 0.91568681875 0.53477170625 0.908736015625 0.4558277890625 0.9000373406250001 0.4529062671875