1 0.41005210156249994 0.8815657859374999 0.3573797203125 0.8655959687499999 0.3481074078125 0.8598007734375 0.344050771875 0.8505284625 0.338835096875 0.8192344125 0.3417326953125 0.7972126734375 0.3886737703125 0.7682367 0.4066388734375 0.7525896750000001 0.410695509375 0.7456354421875 0.4112750296875 0.7415788046875 0.3991051203125 0.7207161046875 0.3988866875 0.7196239390625 0.36379059375 0.7211722968750001 0.3388724234375 0.7123125015625 0.32835141874999996 0.6990228109375 0.3262497890625 0.6950407765625 0.3246548484375 0.6954601031250001 0.29569194374999996 0.6876159828125 0.281016453125 0.681573134375 0.27785988125 0.684926990625 0.258292771875 0.687229003125 0.25541525625 0.6906820234375 0.24275418593750003 0.7528363687499999 0.235848146875 0.771827975 0.233546134375 0.8265007796875 0.22664009687500003 0.836284334375 0.2249135859375 0.857577953125 0.24793371562500002 0.864483990625 0.2565662625 0.8748430484374999 0.27555786875 0.8771450625 0.43267024374999996 0.9462054468750001 0.46086990156249996 0.949658465625 0.4648984234375 0.945054440625 0.48504103593750003 0.9381484015625 0.49079606875000004 0.9289403500000001 0.49309808125 0.9168547828125 0.4934087265625 0.913521321875 0.481976403125 0.909059928125 0.4663293765625 0.8986285781250001 0.439427446875 0.8904721406249999 0.42477635625000004 0.9186022359375 0.41700605 0.92218853125 0.4074425953125 0.9186022359375 0.4014654375 0.9114296453125 0.40086772187499997 0.8994753281250001 0.41005210156249994 0.8815657859374999
6 0.7082473265625 0.8861741125 0.7032793859375001 0.8990907578125 0.7043131921875 0.9015718921874999 0.7064280093749999 0.9025479624999999 0.7082473265625 0.8861741125
1 0.6239879171875 0.6131827546874999 0.6242322578125 0.5999069125000001 0.623909159375 0.59462964375 0.602082178125 0.596930890625 0.6021269109375 0.597098634375 0.6076483625 0.6007796015625 0.602981578125 0.61181018125 0.6239879171875 0.6131827546874999
3 0.4208320203125 0.5396513625 0.4384024484375 0.49964484843749996 0.5101255640625 0.5357644031250001 0.5255011359374999 0.5460147859375 0.5473071859374999 0.5397844859375 0.5557546999999999 0.5403878796875 0.5521343359374999 0.545818425 0.5545016109375001 0.5653484343749999 0.5761394453124999 0.5797736578125 0.5932904046874999 0.5831476171875 0.6010759796875 0.5931576421875 0.602082178125 0.596930890625 0.623909159375 0.59462964375 0.6189560562499999 0.5137289734375 0.6300947015625 0.507280284375 0.7979824109375 0.50836343125 0.7941088625 0.4324418828125 0.7759826453125 0.4155240796875 0.751210146875 0.4112946296875 0.573573215625 0.43062926093750004 0.5584680328125 0.4396923703125 0.5294660859375 0.46929852656250004 0.45031493593749994 0.4946752296875 0.4140625 0.500717303125 0.4140625 0.5385936250000001 0.4208320203125 0.5396513625
5 0.2641179125 0.61651598125 0.269655284375 0.593812759375 0.2763001296875 0.5810768046875 0.28958982031249997 0.5711095375 0.315061728125 0.5694483265625 0.3294588921875 0.54397641875 0.3388724234375 0.5362240984375 0.3715227375 0.5286530109375 0.36808259374999996 0.5264295031249999 0.329994453125 0.494166609375 0.30624537812499997 0.47848325625 0.25964341874999997 0.5815452828125001 0.2435119703125 0.6259067640625 0.263903875 0.6421353203125 0.26694294531249996 0.642029059375 0.26467165000000004 0.63478930625 0.2641179125 0.61651598125
3 0.439427446875 0.8904721406249999 0.41005210156249994 0.8815657859374999 0.40086772187499997 0.8994753281250001 0.4014654375 0.9114296453125 0.4074425953125 0.9186022359375 0.41700605 0.92218853125 0.42477635625000004 0.9186022359375 0.439427446875 0.8904721406249999
6 0.8304473484375 0.8999224015625 0.834090015625 0.89263706875 0.8389469046875 0.8301046218750001 0.8346971265625 0.7888210640625 0.8167305015625 0.787232853125 0.8315401828125 0.8024982171874999 0.831023125 0.8288681890625 0.8268866578124999 0.8428287624999999 0.7986608875 0.8989831921875 0.8207335703125 0.901136625 0.8304473484375 0.8999224015625
7 0.479123678125 0.5681439968750001 0.4850805359375 0.5644036453125 0.4384024484375 0.49964484843749996 0.4208320203125 0.5396513625 0.4307927859375 0.5412077328125 0.469000646875 0.5705558 0.469396940625 0.572285084375 0.479123678125 0.5681439968750001
7 0.505069615625 0.5518523625 0.4850805359375 0.5644036453125 0.5426841687499999 0.6443199890625 0.5540341421874999 0.5684723546875 0.5192875171875 0.5477901046875 0.505069615625 0.5518523625
7 0.5192875171875 0.5477901046875 0.5255011359374999 0.5460147859375 0.5101255640625 0.5357644031250001 0.4384024484375 0.49964484843749996 0.5192875171875 0.5477901046875
7 0.5573979796875 0.5753306499999999 0.55936754375 0.5764742671875001 0.5714809671875 0.5788572359375 0.5556469140625 0.569432325 0.5573979796875 0.5753306499999999
7 0.6021269109375 0.597098634375 0.5761394453124999 0.5797736578125 0.5714809671875 0.5788572359375 0.6021269109375 0.597098634375
7 0.554110684375 0.6362262078125 0.5426841687499999 0.6443199890625 0.5282252453125 0.6432077640625 0.5198835578125001 0.6387588640625 0.518911728125 0.6370198015625 0.4771424203125 0.6526832921875 0.4895101546875 0.6546508875 0.5254403609375 0.6546508875 0.5484268906249999 0.6636652125 0.554110684375 0.6362262078125
7 0.6076483625 0.6007796015625 0.6021269109375 0.597098634375 0.6033004296875 0.6014993296875 0.6018381234375 0.6117354671874999 0.602981578125 0.61181018125 0.6076483625 0.6007796015625
5 0.47489820156249996 0.6523262578125 0.4771424203125 0.6526832921875 0.518911728125 0.6370198015625 0.509317421875 0.619851040625 0.509317421875 0.5914893046875 0.5187713328125 0.5748059296875 0.5343424828125001 0.56646424375 0.5421280578125 0.56646424375 0.5573979796875 0.5753306499999999 0.5545479125 0.565730421875 0.5521343359374999 0.545818425 0.5557546999999999 0.5403878796875 0.5473071859374999 0.5397844859375 0.505069615625 0.5518523625 0.479123678125 0.5681439968750001 0.469396940625 0.572285084375 0.4701440453125 0.5755451796875 0.4750917546875 0.59713518125 0.4750917546875 0.6502939453125001 0.47489820156249996 0.6523262578125
5 0.2401797078125 0.6429648375 0.20216589375 0.6363275046875 0.20337268125 0.64960216875 0.29569194374999996 0.6876159828125 0.3246548484375 0.6954601031250001 0.3262497890625 0.6950407765625 0.325920525 0.694416909375 0.3178304125 0.679088275 0.28792860937500003 0.6774270640625 0.27353144375 0.6630298984375 0.26694294531249996 0.642029059375 0.2401797078125 0.6429648375
1 0.6745698906250001 0.7178185078125 0.6501711828125 0.7639473156250001 0.679196115625 0.8553534640624999 0.695036796875 0.86506226875 0.7002073796875 0.875403434375 0.70980488125 0.8830814359374999 0.7653567234375 0.7430365140624999 0.6236915890625 0.6292832125000001 0.6229954359375001 0.6671075125 0.6194063390625 0.6670617921875001 0.63651991875 0.720956365625 0.6384367531249999 0.7120692203125001 0.650919825 0.71288586875 0.6587298359375 0.7178185078125 0.6745698906250001 0.7178185078125
1 0.679196115625 0.8553534640624999 0.6629791843749999 0.8454140546875 0.63867744375 0.8216293734375 0.63867744375 0.8040493921874999 0.6459162609375 0.7719917781250001 0.6501711828125 0.7639473156250001 0.63651991875 0.720956365625 0.6193225124999999 0.8006897890625 0.604339853125 0.893154209375 0.6929463218749999 0.9183589828125 0.697694909375 0.9136103953125 0.679196115625 0.8553534640624999
6 0.5932904046874999 0.5831476171875 0.55936754375 0.5764742671875001 0.5421280578125 0.56646424375 0.5343424828125001 0.56646424375 0.5187713328125 0.5748059296875 0.509317421875 0.5914893046875 0.509317421875 0.619851040625 0.5198835578125001 0.6387588640625 0.5282252453125 0.6432077640625 0.5426841687499999 0.6443199890625 0.55603086875 0.6348660765624999 0.5905098421874999 0.6281927281249999 0.6005198671875001 0.620963265625 0.6033004296875 0.6014993296875 0.6010759796875 0.5931576421875 0.5932904046874999 0.5831476171875
6 0.3988866875 0.7196239390625 0.3909918484375 0.68014974375 0.3828785765625 0.6720364703125 0.3834580953125 0.662184640625 0.38751473125 0.6581280031250001 0.43851244375 0.6465376140625 0.47489820156249996 0.6523262578125 0.4750917546875 0.6502939453125001 0.4750917546875 0.59713518125 0.469000646875 0.5705558 0.4307927859375 0.5412077328125 0.413073196875 0.538439046875 0.3887087640625 0.5268105671875001 0.37708028437499996 0.5273643046875 0.3388724234375 0.5362240984375 0.3294588921875 0.54397641875 0.315061728125 0.5694483265625 0.28958982031249997 0.5711095375 0.2763001296875 0.5810768046875 0.269655284375 0.593812759375 0.2641179125 0.61651598125 0.26467165000000004 0.63478930625 0.27353144375 0.6630298984375 0.28792860937500003 0.6774270640625 0.3178304125 0.679088275 0.32835141874999996 0.6990228109375 0.3388724234375 0.7123125015625 0.36379059375 0.7211722968750001 0.3988866875 0.7196239390625
5 0.831023125 0.8288681890625 0.8315401828125 0.8024982171874999 0.7979313953125 0.7678553124999999 0.7653567234375 0.7430365140624999 0.7357144250000001 0.715397075 0.6971589921875 0.715397075 0.692921484375 0.7178185078125 0.6745698906250001 0.7178185078125 0.6459162609375 0.7719917781250001 0.63867744375 0.8040493921874999 0.63867744375 0.8216293734375 0.6629791843749999 0.8454140546875 0.695036796875 0.86506226875 0.7002073796875 0.875403434375 0.736401459375 0.9043586984375 0.740537925 0.913665746875 0.752947325 0.9255580875 0.7777661218749999 0.940552778125 0.8268866578124999 0.8428287624999999 0.831023125 0.8288681890625
1 0.5254403609375 0.6546508875 0.4895101546875 0.6546508875 0.43851244375 0.6465376140625 0.38751473125 0.6581280031250001 0.3834580953125 0.662184640625 0.3828785765625 0.6720364703125 0.3909918484375 0.68014974375 0.3991051203125 0.7207161046875 0.4112750296875 0.7415788046875 0.410695509375 0.7456354421875 0.4066388734375 0.7525896750000001 0.3886737703125 0.7682367 0.3417326953125 0.7972126734375 0.338835096875 0.8192344125 0.344050771875 0.8505284625 0.3481074078125 0.8598007734375 0.3573797203125 0.8655959687499999 0.4663293765625 0.8986285781250001 0.481976403125 0.909059928125 0.5057367 0.9183322390624999 0.5816537484375 0.9391949390625 0.5839718265625 0.94788773125 0.5897670203125001 0.9496262890624999 0.5990393328125 0.9258659921874999 0.6193225124999999 0.8006897890625 0.6384367531249999 0.7120692203125001 0.626577234375 0.7112933625 0.6237613046875 0.7004319203125 0.6224735234375001 0.6954647625 0.6229954359375001 0.6671075125 0.554995853125 0.6662412765625 0.5254403609375 0.6546508875
5 0.9026983859375 0.713052096875 0.9062158515625001 0.7095346296875 0.906802096875 0.592285734375 0.9109058078125001 0.513142728125 0.9026983859375 0.5090390171875 0.6300947015625 0.507280284375 0.6189560562499999 0.5137289734375 0.6242322578125 0.5999069125000001 0.6224735234375001 0.6954647625 0.626577234375 0.7112933625 0.68930539375 0.715397075 0.87983485 0.715397075 0.9026983859375 0.713052096875