6 0.8808668671875 0.385384253125 0.8632792203124999 0.36486533125 0.84041528125 0.3619340578125 0.7888294890624999 0.36519898125 0.798870953125 0.435489234375 0.8059306640624999 0.5183640953124999 0.8764246640625 0.566089846875 0.8767431109375 0.5667267421875 0.881453121875 0.5219816390625 0.881453121875 0.385384253125 0.8808668671875 0.385384253125
2 0.571063921875 0.5422219765625 0.5861225906249999 0.48302582968749996 0.592873028125 0.4695249546875 0.6170960937500001 0.4854089328125 0.6159393703125 0.46617841406249994 0.6177836906249999 0.4445076671875 0.61401350625 0.42673394375000007 0.61401350625 0.41116155 0.610720725 0.4140427328125 0.5377034671875001 0.5094010921875001 0.5257155578125 0.529562575 0.5262604640624999 0.5475444359375 0.530619703125 0.553538390625 0.5426076109375 0.561167059375 0.5644552796875 0.5719370374999999 0.5658892640625 0.5675016937499999 0.5663905421875 0.5484531500000001 0.571063921875 0.5422219765625
6 0.6506562203125 0.32013695625 0.6351108265625001 0.3351271578125 0.6256725515625 0.350117359375 0.61401350625 0.38620488124999997 0.61401350625 0.42673394375000007 0.6177836906249999 0.4445076671875 0.618346365625 0.43789622812499995 0.6267708468750001 0.42826825 0.70439641875 0.3837388515625 0.736289096875 0.37110213124999997 0.75285456875 0.3674713421875 0.7511460875 0.3617764046875 0.731159153125 0.32957523125 0.7067306765625 0.3129194515625 0.6795262375 0.309033103125 0.6506562203125 0.32013695625
3 0.41632543125000004 0.574187046875 0.404473815625 0.5831779265625 0.397117640625 0.6068811578125 0.3963002875 0.6240455671875 0.399978375 0.6448880640625 0.4077432265625 0.657965709375 0.4183688140625 0.6620524734375001 0.4277281390625 0.65879705625 0.42651435 0.656976371875 0.42596666406250006 0.6394504484375 0.431443515625 0.6279490609375 0.44080625468749995 0.6254523296875 0.44084601562500003 0.625271596875 0.44288939843749997 0.6232282140625001 0.44633652812499996 0.623977590625 0.452704009375 0.6222795953125 0.4432830109375 0.6220179015625 0.43759777499999997 0.6140585703125 0.4350992953125 0.589073784375 0.43430719375000004 0.5864473390625 0.42817704687499997 0.5782738109375 0.41632543125000004 0.574187046875
3 0.5938365671875 0.5742084921874999 0.5658712765625 0.5681851984375 0.5658892640625 0.5675016937499999 0.560956571875 0.5827586250000001 0.5502052921875 0.6091296890625 0.5894639500000001 0.599533128125 0.5917339984375001 0.5934552546874999 0.59263519375 0.5781349312499999 0.5938365671875 0.5742084921874999
0 0.50525209375 0.6123529984375 0.5137799484375 0.6032566203124999 0.511505853125 0.583358290625 0.47853147968750004 0.578241578125 0.4637498640625 0.5486783453124999 0.4557905328125 0.514566925 0.44612562968749997 0.503764975 0.435892203125 0.5014908796875 0.41656239843750004 0.5179780671875001 0.398369640625 0.5543635828125 0.4029178296875 0.55493210625 0.41087716093750004 0.548109821875 0.41769944531250003 0.5503839171875 0.4341866328125 0.5799471484375001 0.43759777499999997 0.6140585703125 0.4432830109375 0.6220179015625 0.452704009375 0.6222795953125 0.45608934687499997 0.6213768390625 0.49219470000000004 0.6190581468749999 0.50525209375 0.6123529984375
1 0.5525319953125 0.6948397468749999 0.636343175 0.7912676624999999 0.6453551296875 0.7899158703125 0.652114096875 0.7759473390625 0.6597742578125 0.7741449484375 0.661869240625 0.7682360203124999 0.6201200625000001 0.6989380640625 0.5897245203125 0.6980527578125 0.5535969781250001 0.6915821531249999 0.5525319953125 0.6948397468749999
1 0.81894805 0.6117695203125 0.8134638781250001 0.6359730031249999 0.8139146703125 0.658737975 0.8077208921875 0.661318715625 0.7902005125 0.7386419921875 0.8102551734375 0.703241153125 0.8674015515625 0.6100023265625001 0.863190765625 0.5979715109375 0.8788308265625 0.5709021734374999 0.8764246640625 0.566089846875 0.8059306640624999 0.5183640953124999 0.81222066875 0.592203271875 0.8179097390625 0.5987906171875 0.8185373437499999 0.6066356796875 0.81894805 0.6117695203125
1 0.7184305265625001 0.6996958125 0.70857219375 0.7046249796875 0.6669481234375 0.7051726640625 0.6461360890625001 0.6996958125 0.6201200625000001 0.6989380640625 0.706790153125 0.8427986234375 0.7169086796874999 0.8427986234375 0.7208275359375 0.81683620625 0.7171934421875 0.798146584375 0.7156359734375 0.7566140906250001 0.7339545859375 0.6658797140625 0.7371595234375 0.6500052578125 0.731027284375 0.6477476171875 0.731027284375 0.667930075 0.7255504328125 0.69093285 0.7184305265625001 0.6996958125
3 0.6461360890625001 0.6996958125 0.6669481234375 0.7051726640625 0.70857219375 0.7046249796875 0.7184305265625001 0.6996958125 0.7255504328125 0.69093285 0.731027284375 0.667930075 0.731027284375 0.6477476171875 0.63339008125 0.6118015812500001 0.6281361750000001 0.600768378125 0.5897245203125 0.5994694328125 0.5157870265625 0.6175430421875 0.45608934687499997 0.6213768390625 0.431443515625 0.6279490609375 0.42596666406250006 0.6394504484375 0.42651435 0.656976371875 0.43199120156250004 0.6651916499999999 0.444587959375 0.6690254453125 0.4643046234375 0.6662870203125 0.503737953125 0.6706685015625 0.5530296156250001 0.6914805359375 0.5897245203125 0.6980527578125 0.6461360890625001 0.6996958125
6 0.7543415546875 0.6563309796875 0.7371595234375 0.6500052578125 0.7156359734375 0.7566140906250001 0.7171934421875 0.798146584375 0.7208275359375 0.81683620625 0.7166742859374999 0.8443514828125 0.7234233171875 0.8552537625 0.7338064390625 0.8604453234375 0.745227875 0.8562920734375 0.7535343734375 0.8267001734375 0.767551590625 0.8085297062500001 0.7800113390625001 0.7836102109375 0.8077208921875 0.661318715625 0.8066936859375 0.6617467171875 0.8059143796875 0.6616660999999999 0.7543415546875 0.6563309796875
6 0.5365475578125001 0.7166541484375 0.5276044328125 0.715028125 0.5117507109375 0.722345228125 0.5060596312500001 0.7284428125 0.504027103125 0.7345403984375001 0.49752301093750007 0.739418465625 0.49061241562499996 0.7520201421875 0.485327840625 0.77397145 0.487766875 0.7881991484374999 0.4914254265625 0.794296734375 0.5971169046875 0.9113703703124999 0.6174421890625 0.9207200015625 0.645084575 0.92641108125 0.647117103125 0.9304761375 0.6885806828125001 0.9304761375 0.6885806828125001 0.9186874734374999 0.674759490625 0.8987686953124999 0.6645968484375 0.8918580984375 0.6572797453125 0.8617766765624999 0.645084575 0.8333212796874999 0.54630369375 0.7231582390625 0.5365475578125001 0.7166541484375
1 0.5658712765625 0.5681851984375 0.599623465625 0.5754549 0.62562311875 0.58516905625 0.620753359375 0.54621098125 0.6170960937500001 0.4854089328125 0.592873028125 0.4695249546875 0.5861225906249999 0.48302582968749996 0.571063921875 0.5422219765625 0.5663905421875 0.5484531500000001 0.5658712765625 0.5681851984375
4 0.8139146703125 0.658737975 0.812711171875 0.5979613640625 0.798870953125 0.435489234375 0.7886412265625 0.363881146875 0.780216746875 0.361474153125 0.736289096875 0.37110213124999997 0.70439641875 0.3837388515625 0.6267708468750001 0.42826825 0.618346365625 0.43789622812499995 0.6159393703125 0.46617841406249994 0.620753359375 0.54621098125 0.6273725953125 0.5991648609375 0.63339008125 0.6118015812500001 0.7543415546875 0.6563309796875 0.8066936859375 0.6617467171875 0.8139146703125 0.658737975