1 0.5995467140625 0.81592979375 0.5787313296875001 0.8138990250000001 0.5734605390625 0.8130205593750001 0.57595735 0.8171329546875 0.5978305890625 0.8229503046875 0.5995467140625 0.81592979375
3 0.6490191390625 0.8693149546875001 0.6367117906249999 0.8620424296874999 0.625847025 0.8506344265625 0.6363223125 0.8845997546875 0.6373628078125 0.9028084015625 0.6415247843749999 0.9121728484375 0.652449971875 0.9173753187499999 0.6971912171875 0.9043691421875 0.71227838125 0.8965654375 0.7294465328124999 0.8845997546875 0.732568015625 0.8736745671874999 0.733014321875 0.8619813515624999 0.721744384375 0.8704338046875 0.7214378421875 0.8705517046875 0.7195142734375 0.8735744578125001 0.6962476843750001 0.890278675 0.6765605703124999 0.8932615703125 0.6598563515625 0.885506040625 0.6497145046874999 0.8705915609374999 0.6492432890625001 0.8693663984375 0.6490191390625 0.8693149546875001
6 0.4711559796875 0.8809833375 0.509949834375 0.8899721578124999 0.5388086765625 0.8809833375 0.5511091671874999 0.8734138046875 0.5728715734375001 0.846920440625 0.58044110625 0.8317813765625001 0.5799680109375001 0.823738746875 0.5734605390625 0.8130205593750001 0.5302889125 0.8058252890625001 0.4609047125 0.8286365312499999 0.4065827546875 0.842957775 0.40918043125 0.85780164375 0.4219540171875 0.8587478359375 0.4247925921875 0.8544899734375001 0.4465549984375 0.8696290390625 0.4711559796875 0.8809833375
3 0.603402190625 0.8163059374999999 0.6042651421875 0.8189667078125 0.6143347921875 0.8385465812499999 0.6367117906249999 0.8620424296874999 0.6490191390625 0.8693149546875001 0.6492432890625001 0.8693663984375 0.6407658171875 0.8473249718750001 0.6405808296875 0.846338375 0.6353966046874999 0.8186891703124999 0.6353578718749999 0.8167525421875 0.6350602750000001 0.8173477359374999 0.6258637125 0.81849730625 0.603402190625 0.8163059374999999
5 0.7155992140625 0.5607990203125001 0.6681379984375 0.57400561875 0.6744471390625 0.5837561078125 0.6853721703125 0.5842395171875 0.6945387765625 0.59825903125 0.6988524734375 0.6112001234375 0.7009187515625 0.6294522546875 0.704315834375 0.63593284375 0.726915703125 0.6364523796875 0.727783778125 0.6350987703125 0.74802228125 0.6153002359374999 0.7766201640625 0.5941818 0.793911025 0.579211859375 0.8025311109375 0.5717488328125 0.8006305843750001 0.5396877828125 0.78890211875 0.5355828203125 0.7343647578125 0.549656978125 0.7155992140625 0.5607990203125001
6 0.7710291828125 0.704959484375 0.803207821875 0.7339202593749999 0.8090430515625 0.7238706953125 0.8318997921875001 0.7238706953125 0.8369790671875 0.71625178125 0.83850285 0.69390296875 0.8349473578125 0.6786651421875 0.830376009375 0.674601721875 0.8162968671874999 0.6752721578124999 0.8043381109375 0.682615253125 0.794658828125 0.6843751234375001 0.794658828125 0.688774796875 0.7710291828125 0.704959484375
6 0.3539903328125 0.694918496875 0.3562894734375 0.7219334 0.3539903328125 0.7621683609375001 0.35743904375 0.7765379890624999 0.396875 0.787026275 0.396875 0.7625013421875 0.3927275515625 0.7543360515625 0.3866656953125 0.73475159375 0.383867915625 0.7081726875000001 0.38440799375 0.703950259375 0.3872643171875 0.6816190062499999 0.37985566406250004 0.6805488671875 0.3591633984375 0.688021075 0.3539903328125 0.694918496875
6 0.6258637125 0.81849730625 0.6350602750000001 0.8173477359374999 0.6353578718749999 0.8167525421875 0.634800025 0.788860209375 0.6381050828125 0.7629705890625 0.6363314671875 0.7613755671875 0.5778080890624999 0.7613755671875 0.5633522546874999 0.7843978203125 0.5458896046875 0.8006962937500001 0.5302889125 0.8058252890625001 0.5787313296875001 0.8138990250000001 0.6258637125 0.81849730625
6 0.35850531874999997 0.5883495984375 0.3590376984375 0.61283909375 0.363829121875 0.6197600375000001 0.38459195468749996 0.6256162203125 0.3960773046875 0.651550884375 0.39739051718749996 0.6484867203125 0.40625015312499996 0.6344978218749999 0.4176523109375 0.6215229546875001 0.4171875 0.5483153328125 0.42664566875 0.5385615968749999 0.4255852375 0.5388382296875001 0.3968367015625 0.5654572453125 0.37607386875 0.563327725 0.3664910234375 0.568119146875 0.35850531874999997 0.5883495984375
3 0.8901317593750001 0.609580659375 0.8580141375 0.5347861968750001 0.84965475625 0.5339062625000001 0.8421753093750001 0.5374260015625001 0.7766201640625 0.5941818 0.74802228125 0.6153002359374999 0.727783778125 0.6350987703125 0.7152031375 0.6547160437499999 0.7710291828125 0.704959484375 0.794658828125 0.688774796875 0.794658828125 0.6843751234375001 0.8043381109375 0.682615253125 0.8294162546875 0.66721639375 0.8826523140625 0.6271793578125 0.8901317593750001 0.616180171875 0.8901317593750001 0.609580659375
6 0.778575615625 0.8395694421875 0.7690303484375 0.8497112890625 0.7576953421875 0.8544839218750001 0.7487466546875 0.8544839218750001 0.736218490625 0.8473249718750001 0.7346482890625 0.84979243125 0.7721324796875 0.8835021718749999 0.8043369125 0.8944395265624999 0.8462634375 0.8986929421875001 0.8565931609374999 0.9138837125 0.9076341484375 0.91266845 0.9112799328125 0.8986929421875001 0.910064671875 0.8804640171875 0.8863670703125001 0.85312063125 0.8693534078124999 0.8440061703125 0.8541626390625 0.8002567515625 0.8316802984375 0.7595454890625 0.713231878125 0.6529419109375 0.7207601968749999 0.667303625 0.7233026812500001 0.6739140859375 0.7207601968749999 0.68001605 0.70838075 0.6953665640625 0.7085582921875 0.6969348515625 0.7085582921875 0.7109543671874999 0.7053230187499999 0.7185033359374999 0.7021807609375 0.720074465625 0.736218490625 0.75127571875 0.7493432343750001 0.74411676875 0.77022350625 0.75127571875 0.782155090625 0.7727525703125 0.7869277234375 0.7900533671875001 0.785734565625 0.8174960109375 0.778575615625 0.8395694421875
3 0.7195142734375 0.8735744578125001 0.736218490625 0.8473249718750001 0.7487466546875 0.8544839218750001 0.7576953421875 0.8544839218750001 0.7690303484375 0.8497112890625 0.778575615625 0.8395694421875 0.785734565625 0.8174960109375 0.7869277234375 0.7900533671875001 0.782155090625 0.7727525703125 0.77022350625 0.75127571875 0.7493432343750001 0.74411676875 0.736218490625 0.75127571875 0.7021807609375 0.720074465625 0.6988524734375 0.721738609375 0.6911354281250001 0.7167507625 0.6826229234375 0.72730626875 0.662791540625 0.7613755671875 0.638308703125 0.7613755671875 0.634800025 0.788860209375 0.6353966046874999 0.8186891703124999 0.6407658171875 0.8473249718750001 0.6497145046874999 0.8705915609374999 0.6598563515625 0.885506040625 0.6765605703124999 0.8932615703125 0.6962476843750001 0.890278675 0.7195142734375 0.8735744578125001
5 0.45939275 0.4893296828125 0.433459403125 0.5315349328125001 0.4171875 0.5483153328125 0.5519873453125 0.6036235750000001 0.537088834375 0.5707592140625 0.5392456828125 0.5648278796875 0.5575788953124999 0.5707592140625 0.6244411999999999 0.58154345625 0.6744471390625 0.5837561078125 0.6653340265625001 0.56967220625 0.55702416875 0.4359375 0.49905551406250004 0.4359375 0.45939275 0.4893296828125
3 0.5301732218749999 0.694756221875 0.5358241718750001 0.6951459437499999 0.534481721875 0.6736667375 0.524223196875 0.6438237546875001 0.51676245 0.6326326359375 0.5032398484375 0.6172448484374999 0.48925095 0.60745261875 0.46267204375000004 0.601857059375 0.44681795781250006 0.6037222453125 0.4323627640625 0.6102503984375 0.41977275468749997 0.619110034375 0.40625015312499996 0.6344978218749999 0.39739051718749996 0.6484867203125 0.388997178125 0.668071178125 0.383867915625 0.7081726875000001 0.3866656953125 0.73475159375 0.3927275515625 0.7543360515625 0.396875 0.7625013421875 0.396875 0.7349203156249999 0.47371065625000003 0.7052338125000001 0.5301732218749999 0.694756221875
5 0.6704565015624999 0.6941741343750001 0.669716446875 0.7029067875 0.6988524734375 0.721738609375 0.7053230187499999 0.7185033359374999 0.7085582921875 0.7109543671874999 0.7085582921875 0.6969348515625 0.6988524734375 0.6112001234375 0.6945387765625 0.59825903125 0.6853721703125 0.5842395171875 0.6244411999999999 0.58154345625 0.5575788953124999 0.5707592140625 0.5392456828125 0.5648278796875 0.537088834375 0.5707592140625 0.555422046875 0.6112001234375 0.5721376234375 0.6559547296875 0.5899316234375 0.6845329718750001 0.5904708359375 0.6910035171875 0.57914738125 0.6996309125 0.5772389265625 0.7075032828125 0.60991931875 0.7052338125000001 0.61271745625 0.7045342765625 0.6314509578124999 0.6931603671875 0.654637078125 0.6931603671875 0.655634471875 0.6938050234375 0.6657997953125 0.6912636921875001 0.6704565015624999 0.6941741343750001
3 0.5790686390625 0.7593680234375 0.6541580296875 0.7366665796875 0.6675460609375 0.72851734375 0.6704565015624999 0.6941741343750001 0.6657997953125 0.6912636921875001 0.60991931875 0.7052338125000001 0.5680089609375 0.708144253125 0.54705378125 0.6959203984375 0.5301732218749999 0.694756221875 0.47371065625000003 0.7052338125000001 0.396875 0.7349203156249999 0.396875 0.8455170921875 0.4609047125 0.8286365312499999 0.5458896046875 0.8006962937500001 0.5633522546874999 0.7843978203125 0.5790686390625 0.7593680234375