1 0.516795853125 0.8370246625 0.5201594171874999 0.8306278578124999 0.500453625 0.823621715625 0.4955519203125 0.8214942234375 0.4969796859375 0.826088496875 0.516795853125 0.8370246625
3 0.5358343734375 0.9240743406249999 0.53760725625 0.934167496875 0.546949328125 0.9418584734375001 0.5935080453125 0.9400625234375 0.61003494375 0.9361405375 0.6295878890625 0.9286836390625 0.6352596921875 0.91883813125 0.6385215859375 0.907600225 0.6255415796875 0.9130751593750001 0.625215621875 0.9131153984375 0.6226179203125 0.9155830093749999 0.5960013328125 0.9261623421875 0.5761773828125001 0.9242938890625 0.5618455828125 0.9127276156249999 0.55561313125 0.895802625 0.5554523062500001 0.8944998578125001 0.555247259375 0.8943957140625001 0.545064875 0.8843617984375 0.5372826859375001 0.8706642359375 0.53922985625 0.9061548500000001 0.5358343734375 0.9240743406249999
6 0.486779325 0.85424465 0.4977864828125 0.8413865171875001 0.499273128125 0.8334683359374999 0.4955519203125 0.8214942234375 0.45540336875 0.8040685218749999 0.3825616375 0.8094166156249999 0.32638865156249997 0.8101707859375 0.325318109375 0.8252021640624999 0.337483359375 0.829210459375 0.34126768749999997 0.8257657875 0.3587211859375 0.8457199609374999 0.379844559375 0.8626885046874999 0.415311478125 0.8807954015625 0.44548768125000004 0.8790551734375001 0.45925403124999997 0.8746862453125 0.486779325 0.85424465
3 0.555247259375 0.8943957140625001 0.5554523062500001 0.8944998578125001 0.5525589546874999 0.87106226875 0.5526181421875 0.8700602265624999 0.554276859375 0.8419781437499999 0.5547077890625001 0.8400896703124999 0.5542750421875 0.8405951890625 0.54507355 0.8394857625000001 0.523809371875 0.831925553125 0.524002990625 0.8347160546874999 0.5290367296875 0.856150390625 0.545064875 0.8843617984375 0.555247259375 0.8943957140625001
5 0.6649891328125 0.6424035078125 0.6660439609375 0.656003771875 0.663633271875 0.6742136140625 0.66536165 0.68132353125 0.6871645187500001 0.6872950375 0.6883342765625 0.6861916421875 0.7127613078125 0.671877346875 0.7456187234375 0.6583046718750001 0.766017528125 0.647962440625 0.7761870296875 0.6428064859375 0.782099228125 0.61123800625 0.771712228125 0.60441760625 0.7153900125 0.6048799203125 0.6944863812500001 0.6111512 0.6452400015624999 0.6124835984375 0.6490028765625 0.6234707765625 0.6594864406250001 0.6265828296875 0.6649891328125 0.6424035078125
6 0.7746533078125 0.7913507937500001 0.7815384953125 0.7700344734375 0.7817749796875 0.7543891234375 0.77832245 0.7493404953125 0.7644993265625 0.7465849640625 0.7511193406250001 0.750816853125 0.741301821875 0.7501828171875 0.7402374453125 0.7544518015625 0.7133942703125 0.7644392046874999 0.7376108218749999 0.8003244390625 0.7457039296875 0.791985059375 0.7678817265625 0.79751460625 0.7746533078125 0.7913507937500001
6 0.3305003125 0.753552171875 0.33643343125 0.7297557343750001 0.33438454218749997 0.7208296296875 0.3332406578125 0.70036041875 0.33695600312499996 0.673894175 0.3385015375 0.669927828125 0.346675434375 0.648950915625 0.339745740625 0.6461202484374999 0.3178604328125 0.6483645874999999 0.3111723921875 0.6538056484375 0.3068677421875 0.68057430625 0.2949031765625 0.7190579046875001 0.29477311875 0.7338350124999999 0.3305003125 0.753552171875
6 0.570384428125 0.7885698828125001 0.5690493671875 0.7865931625 0.512264384375 0.7724350765625 0.4926683625 0.7912762875 0.47178147031249995 0.802866028125 0.45540336875 0.8040685218749999 0.500453625 0.823621715625 0.54507355 0.8394857625000001 0.5542750421875 0.8405951890625 0.5547077890625001 0.8400896703124999 0.560914278125 0.8128909046875 0.570384428125 0.7885698828125001
6 0.362500775 0.621908 0.36451626875 0.61925255 0.37649695625 0.6078225203125001 0.39069932500000004 0.5979914953125001 0.40795884843749997 0.5268460046875 0.41949571093750004 0.519670134375 0.41839985625000004 0.5196820078125 0.3840655515625 0.538555425 0.364434640625 0.5314661765625 0.353977296875 0.533796971875 0.34133461249999997 0.5514945765625 0.335926634375 0.5753854234375 0.338901403125 0.5832599359375 0.357630753125 0.5939651484375 0.362500775 0.621908
3 0.7456187234375 0.6583046718750001 0.7127613078125 0.671877346875 0.6883342765625 0.6861916421875 0.6713814859375 0.7021826671875 0.7133942703125 0.7644392046874999 0.7402374453125 0.7544518015625 0.741301821875 0.7501828171875 0.7511193406250001 0.750816853125 0.7791778765624999 0.7419423562499999 0.840518434375 0.7159735609375 0.8504366515624999 0.7071105390625 0.8520332187499999 0.7007070609375 0.8389640453125 0.62036435625 0.8310658484375001 0.61748824375 0.8229570703125001 0.6190939890625 0.7456187234375 0.6583046718750001
6 0.6451762765625 0.8941543609375 0.643055784375 0.896168659375 0.671271409375 0.9379453234374999 0.699873246875 0.9563487500000001 0.73952538125 0.970618765625 0.7458732875 0.9878572906249999 0.7956921390625 0.999026059375 0.8026106093750001 0.986347678125 0.8058414218750001 0.9683662328124999 0.7894627046875 0.93610209375 0.7751594078124999 0.9231423937500001 0.7710038124999999 0.8770175390625001 0.7590382390625 0.8320766046875001 0.6698979828125 0.6999843421875 0.673728265625 0.7157407171875 0.6745960125 0.7227699015625 0.6706528515625 0.7280755296875 0.6549275015625 0.7399752078125 0.6547203671874999 0.7415398625 0.6513287390625 0.7551429390625 0.6463633062499999 0.7616849875 0.642934296875 0.762449265625 0.66841269375 0.8009581812500001 0.6828794828125 0.7971870453125 0.701407615625 0.8091847390625 0.707789059375 0.8329101484375 0.7082344828125 0.850851640625 0.700437790625 0.8771904703125 0.688151446875 0.8968763187500001 0.6764361796875 0.9044077015624999 0.6642832671875001 0.9062963796875 0.65560039375 0.9041314968749999 0.6451762765625 0.8941543609375
3 0.6764361796875 0.9044077015624999 0.688151446875 0.8968763187500001 0.700437790625 0.8771904703125 0.7082344828125 0.850851640625 0.707789059375 0.8329101484375 0.701407615625 0.8091847390625 0.6828794828125 0.7971870453125 0.66841269375 0.8009581812500001 0.642934296875 0.762449265625 0.6393022796875 0.7632587921875 0.6330211343750001 0.756552184375 0.622207878125 0.7647347843750001 0.5947234640625 0.792994434375 0.5709678703125001 0.7870714999999999 0.560914278125 0.8128909046875 0.554276859375 0.8419781437499999 0.5525589546874999 0.87106226875 0.55561313125 0.895802625 0.5618455828125 0.9127276156249999 0.5761773828125001 0.9242938890625 0.5960013328125 0.9261623421875 0.6226179203125 0.9155830093749999 0.6451762765625 0.8941543609375 0.65560039375 0.9041314968749999 0.6642832671875001 0.9062963796875 0.6764361796875 0.9044077015624999
5 0.518868934375 0.5776299640625 0.522396634375 0.5723966046875 0.538750353125 0.5825869578125 0.6010176171875 0.60922631875 0.6490028765625 0.6234707765625 0.6435676671875 0.6076005656250001 0.570828428125 0.451635825 0.514581690625 0.4376119375 0.46318034218750004 0.4798228546875 0.427806953125 0.5145005828125 0.40795884843749997 0.5268460046875 0.5253742875 0.6131223890624999 0.518868934375 0.5776299640625
3 0.4841777953125 0.6327480828125001 0.474779515625 0.614545965625 0.4635751015625 0.6016603859375 0.439139390625 0.58980101875 0.42330500937500004 0.5877753515624999 0.40769989375 0.5906125624999999 0.393340521875 0.5961632296875 0.37649695625 0.6078225203125001 0.36451626875 0.61925255 0.35163433906249997 0.6362247328125 0.33695600312499996 0.673894175 0.3332406578125 0.70036041875 0.33438454218749997 0.7208296296875 0.33643343125 0.7297557343750001 0.3431058859375 0.7029939828125 0.42484100937499997 0.6927775234375 0.482161153125 0.6962706921875 0.48754996406249995 0.6980159265625 0.49144368125 0.6768499765625 0.48870954843750003 0.645411696875 0.4841777953125 0.6327480828125001
5 0.6513287390625 0.7551429390625 0.6547203671874999 0.7415398625 0.6660439609375 0.656003771875 0.6649891328125 0.6424035078125 0.6594864406250001 0.6265828296875 0.6010176171875 0.60922631875 0.538750353125 0.5825869578125 0.522396634375 0.5723966046875 0.518868934375 0.5776299640625 0.52687403125 0.6213048109375 0.5322659640625 0.668773878125 0.542617703125 0.7008079828125 0.5415755328125 0.707216771875 0.5285012765625 0.7128485062500001 0.5247450125 0.7200253359375 0.5570036921875 0.7257293812500001 0.559887946875 0.7257275546875 0.5808165796875 0.71922354375 0.6033139734375 0.7248327734375 0.6041257843750001 0.725699571875 0.6146039578125 0.72569294375 0.618418240625 0.7296434921875 0.6155875484375 0.7379377140625001 0.6393022796875 0.7632587921875 0.6463633062499999 0.7616849875 0.6513287390625 0.7551429390625
3 0.6146039578125 0.72569294375 0.5570036921875 0.7257293812500001 0.5156341515625 0.7184143359374999 0.4982586484375 0.701484065625 0.482161153125 0.6962706921875 0.42484100937499997 0.6927775234375 0.3431058859375 0.7029939828125 0.316350103125 0.8103055625 0.3825616375 0.8094166156249999 0.47178147031249995 0.802866028125 0.4926683625 0.7912762875 0.513973159375 0.7707921203125 0.59232405 0.7669307734374999 0.607285878125 0.7622624625000001 0.618418240625 0.7296434921875 0.6146039578125 0.72569294375