1 0.7098606796875 0.6689905 0.71285014375 0.6775673234374999 0.7378496218749999 0.6744116234375 0.750394825 0.6708057546874999 0.7363739140625001 0.6665122796875 0.7208534546875 0.6658308453124999 0.7098606796875 0.6689905
3 0.529031109375 0.40868274062500004 0.5185147859375 0.4278629859375 0.5967771187500001 0.4102355078125 0.6089352078125 0.411325940625 0.6094172640625 0.4125662671875 0.6302426109375 0.40806215625000003 0.6601725640625 0.40701697968749995 0.6904892421875 0.41131046250000003 0.6816473796875 0.4016484828125 0.660996921875 0.396118753125 0.5530995859375001 0.3981818328125 0.529031109375 0.40868274062500004
5 0.32333716562500003 0.74351821875 0.3572190125 0.7493513203125 0.400054425 0.7522162265625 0.36811264375 0.6881716546875001 0.3461353046875 0.6484347984375 0.329652384375 0.6563321578125 0.3237721796875 0.6574252546875 0.31898569375 0.73946040625 0.32333716562500003 0.74351821875
3 0.5898981484375 0.8170681578125001 0.531996309375 0.8383709265625001 0.53320489375 0.8422619703124999 0.5783346203125 0.9163708187499999 0.658845915625 0.9192449234375 0.6573423843749999 0.9182867546875 0.6534270734375001 0.90642030625 0.6487267953125 0.872075315625 0.6347956390625 0.802543284375 0.60720269375 0.7981712421875 0.6050196375 0.8019334296875 0.5898981484375 0.8170681578125001
1 0.3461353046875 0.6484347984375 0.36811264375 0.6881716546875001 0.4292213734375 0.81069714375 0.44753131718750006 0.810057746875 0.455833640625 0.8022406109375 0.454458071875 0.762849471875 0.49291161875 0.7464280328124999 0.4927316765625 0.7442515953125 0.5007619171875 0.7384833937499999 0.5116858296875 0.737004365625 0.5274139625 0.700235775 0.530237309375 0.6966815343749999 0.515397028125 0.6925240546875 0.493170503125 0.6758784375 0.4788164984375 0.6579020390625 0.4777024265625 0.6556140546875 0.4408724265625 0.6601000499999999 0.41417522656249994 0.6620423375 0.40438054218749997 0.6563243703125 0.4025503421875 0.6472982734375 0.39136978437500003 0.6267618828125 0.3461353046875 0.6484347984375
3 0.55018435 0.7999965203125 0.551580809375 0.7900928625 0.54642903125 0.7890225796875 0.520151084375 0.7751232171875 0.5066971687499999 0.782727153125 0.5005531203125 0.7796490406250001 0.49368173593750003 0.7557427578125 0.49291161875 0.7464280328124999 0.454458071875 0.762849471875 0.4579150875 0.8618454546875001 0.5147009015624999 0.8447341109375 0.5898981484375 0.8170681578125001 0.6050196375 0.8019334296875 0.60720269375 0.7981712421875 0.5985857625000001 0.796805909375 0.5806552609375 0.798932453125 0.5783844140625 0.8055134718750001 0.55018435 0.7999965203125
5 0.5040432453125 0.4311224953125 0.48617479062499996 0.3695692328125 0.48016153125 0.3655090578125 0.36642919687500003 0.42552657656250004 0.3640614671875 0.4341495875 0.3682841234375 0.46335950625000005 0.354590546875 0.46864163124999997 0.33140065937499996 0.4924035703125 0.2744752546875 0.513073415625 0.2556552609375 0.524406034375 0.27162010937500003 0.5841645921875 0.2984961546875 0.665960484375 0.3054639546875 0.6667847046875 0.31904582812500004 0.6583038578125 0.329652384375 0.6563321578125 0.39136978437500003 0.6267618828125 0.3825846828125 0.6106254546875001 0.3766073109375 0.5840691625 0.3853788046875 0.51710279375 0.40837877031250003 0.45266955781249996 0.5040432453125 0.4311224953125
5 0.6391198874999999 0.5092519609374999 0.6495678781249999 0.577062171875 0.647860421875 0.5922200734375 0.6550145890625 0.5811095390625 0.658333353125 0.5842043375 0.6592410953125001 0.5948749421875 0.6640699296875 0.5952414312500001 0.7239909140624999 0.5642527234375 0.7330716828125 0.42587589374999996 0.7322759249999999 0.4184120703125 0.726856634375 0.41646085624999996 0.6601725640625 0.40701697968749995 0.6302426109375 0.40806215625000003 0.6094172640625 0.4125662671875 0.6377876640625 0.48556346093749997 0.6391198874999999 0.5092519609374999
3 0.8191069328125 0.5369692500000001 0.805941359375 0.5271702921875 0.7960475312499999 0.5253785625 0.7901152984375 0.5268680578125 0.78336445625 0.5416369734375001 0.77520001875 0.58936860625 0.77533961875 0.6056066859375 0.7776680578125 0.6110821750000001 0.78844555625 0.6136979390625 0.8091561875 0.6069904625 0.81661721875 0.600318225 0.8250906734375001 0.5859166015625 0.8376504171875 0.5906073593750001 0.8384947828125 0.6025463656250001 0.842823671875 0.6041049828125 0.8508593546875 0.5649267703125 0.851513971875 0.5469511703125 0.8493942515624999 0.5474526390625 0.8401265828125 0.56359178125 0.833827059375 0.5668038890625 0.8290861515625 0.56568710625 0.8245282109375 0.5453288578125 0.8191069328125 0.5369692500000001
1 0.597510278125 0.6099387328125 0.59904360625 0.6236114421875001 0.5980757953125 0.6409522484375 0.6208450421875 0.638178890625 0.640719065625 0.6272404609375 0.6464839265625 0.6044398921874999 0.6495678781249999 0.577062171875 0.6391198874999999 0.5092519609374999 0.6377876640625 0.48556346093749997 0.6089352078125 0.411325940625 0.5967771187500001 0.4102355078125 0.40837877031250003 0.45266955781249996 0.3853788046875 0.51710279375 0.3766073109375 0.5840691625 0.3825846828125 0.6106254546875001 0.4025503421875 0.6472982734375 0.40438054218749997 0.6563243703125 0.41417522656249994 0.6620423375 0.4408724265625 0.6601000499999999 0.4777024265625 0.6556140546875 0.469716978125 0.6392142171875 0.46206373906250003 0.6014703078125 0.46477885937499996 0.5733950531249999 0.4785118265625 0.5433512453125 0.49856055625 0.5278690078125 0.5248145703125 0.5237846 0.5510016281250001 0.5329008515625 0.559714465625 0.5405155875000001 0.589845321875 0.586977353125 0.597510278125 0.6099387328125
6 0.5248145703125 0.5237846 0.49856055625 0.5278690078125 0.4785118265625 0.5433512453125 0.46477885937499996 0.5733950531249999 0.46206373906250003 0.6014703078125 0.469716978125 0.6392142171875 0.4788164984375 0.6579020390625 0.493170503125 0.6758784375 0.515397028125 0.6925240546875 0.530237309375 0.6966815343749999 0.557902775 0.6618541718750001 0.58414765625 0.6433767828125 0.5980184546875 0.6419796453125 0.59904360625 0.6236114421875001 0.597510278125 0.6099387328125 0.589845321875 0.586977353125 0.559714465625 0.5405155875000001 0.5510016281250001 0.5329008515625 0.5248145703125 0.5237846
6 0.6218397437500001 0.717973228125 0.6241105890624999 0.7113922078125 0.6224312390625 0.6919456937499999 0.6283034093750001 0.6882397078125 0.71285014375 0.6775673234374999 0.7089774625 0.666456534375 0.701175159375 0.6316072 0.6930805359375001 0.6198167531250001 0.664349146875 0.6142347390625 0.617505784375 0.6400167796875 0.58414765625 0.6433767828125 0.557902775 0.6618541718750001 0.5274139625 0.700235775 0.5116858296875 0.737004365625 0.5007619171875 0.7384833937499999 0.4927316765625 0.7442515953125 0.49368173593750003 0.7557427578125 0.5005531203125 0.7796490406250001 0.5066971687499999 0.782727153125 0.520151084375 0.7751232171875 0.54642903125 0.7890225796875 0.551580809375 0.7900928625 0.563011775 0.7090246359375 0.59490038125 0.7199142359375 0.6218397437500001 0.717973228125
1 0.6573423843749999 0.9182867546875 0.6655266359375 0.923502409375 0.6921932421875 0.9280726453125 0.7020092671875 0.9227285406249999 0.71363785 0.92632351875 0.718993053125 0.922135453125 0.719021596875 0.9086308843750001 0.72492865625 0.9059239437500001 0.7477322828124999 0.9001263015625 0.768782028125 0.90139175625 0.8115491359375 0.8943968421875 0.8204453968750001 0.8340703046875 0.8121596437499999 0.7543384859375 0.794330621875 0.6734395281250001 0.7876449421875 0.6681715421875001 0.7715206515624999 0.6647335562500001 0.7378496218749999 0.6744116234375 0.6283034093750001 0.6882397078125 0.6224312390625 0.6919456937499999 0.6241105890624999 0.7113922078125 0.6218397437500001 0.717973228125 0.59490038125 0.7199142359375 0.563011775 0.7090246359375 0.55018435 0.7999965203125 0.5783844140625 0.8055134718750001 0.5806552609375 0.798932453125 0.5985857625000001 0.796805909375 0.6347956390625 0.802543284375 0.6487267953125 0.872075315625 0.6534270734375001 0.90642030625 0.6573423843749999 0.9182867546875