1 0.5559538109375 0.5249557265625 0.5589711640624999 0.525998953125 0.5603437328124999 0.52289134375 0.554321496875 0.521501 0.5559538109375 0.5249557265625
0 0.51566311875 0.5549515875 0.4084919203125 0.7315587156250001 0.6162475734374999 0.746200053125 0.51566311875 0.5549515875
6 0.6494628437500001 0.398633134375 0.6447793796875 0.4058716265625 0.6515067875 0.40581341875000004 0.69477113125 0.3933219375 0.7031020890625 0.3735265203125 0.6758815796875 0.379074315625 0.6494628437500001 0.398633134375
5 0.47107146093749996 0.497478303125 0.4362737984375 0.4597857625 0.43038958281250006 0.45743865625 0.42381876875 0.46234775156249996 0.41988298124999995 0.47083107812499997 0.3937427828125 0.5048356078125 0.357781371875 0.5578282546875 0.3561561734375 0.5648677640625 0.38053020000000004 0.60177781875 0.384418765625 0.588537 0.387160653125 0.584403253125 0.397387159375 0.58140161875 0.40113128906249995 0.562603121875 0.417930396875 0.54145599375 0.4277232671875 0.522266421875 0.43420709999999996 0.5225716421875 0.4694391140625 0.54817753125 0.47573035625 0.5449778515625 0.481753446875 0.5510020734375 0.513663984375 0.5552159999999999 0.5147700484375 0.5555682843749999 0.51566311875 0.5549515875 0.47107146093749996 0.497478303125
3 0.8846526265625 0.6455128609375 0.864474315625 0.6402130781250001 0.8639779437499999 0.6432284687500001 0.8172002015625001 0.7549032453125 0.8303374984375 0.7568048703125 0.8193570749999999 0.798154375 0.8684966140625001 0.81147234375 0.8759068953125 0.8096843921874999 0.8829344499999999 0.8019768296875001 0.9212323046875 0.671451696875 0.919657609375 0.6605918984375 0.9150161265625 0.655438453125 0.8846526265625 0.6455128609375
1 0.5822485093750001 0.42992592187499995 0.5701008015625 0.45189030468749997 0.568333265625 0.46976405000000004 0.571503040625 0.4976257421875 0.5750562984375 0.4895808671875 0.5842097546875 0.4785024875 0.5854075812499999 0.47914667031249997 0.5798852937500001 0.4490143125 0.583681775 0.44521854375 0.5858487343750001 0.453062684375 0.59202045625 0.4572524515625 0.5932351984374999 0.45443250625 0.5967325109375 0.456992021875 0.5966513140624999 0.46039618125 0.6114373921875 0.4704339359375 0.65742949375 0.43946730624999997 0.662291784375 0.44117388750000003 0.66591639375 0.45077117031249997 0.6633475718749999 0.4679883125 0.69477113125 0.3933219375 0.6515067875 0.40581341875000004 0.6367338828125 0.4059412390625 0.6249332734374999 0.400857909375 0.6167498265625 0.40309676406249995 0.6137354046875 0.398272678125 0.6033987984375 0.39706575625 0.58216425625 0.4098554515625 0.5822485093750001 0.42992592187499995
6 0.4714541296875 0.5496420046875 0.481753446875 0.5510020734375 0.47573035625 0.5449778515625 0.4694391140625 0.54817753125 0.4714541296875 0.5496420046875
6 0.41389921249999995 0.6615894390625 0.4164657375 0.658709434375 0.411925040625 0.6567968640624999 0.41389921249999995 0.6615894390625
1 0.6275561515625 0.7539258078125 0.6246945890625 0.7704577875 0.63449736875 0.7696657171875 0.6353343 0.7682964828125 0.6487153203125 0.7560386968749999 0.6532685796875 0.7570899 0.6554755203125 0.753762653125 0.6567381359375 0.73582954375 0.655024184375 0.7277777140625 0.6420354484375 0.7215067562499999 0.638984578125 0.719446009375 0.6323354328125 0.7435674437500001 0.6275561515625 0.7539258078125
1 0.6179175390625 0.7877268515625 0.61575659375 0.7970869328125 0.6156427437499999 0.797178175 0.6164597984375 0.8081951796875 0.61922855 0.8101196156249999 0.6214619359375 0.7909919203125 0.633286521875 0.77164668125 0.6246945890625 0.7704577875 0.6179175390625 0.7877268515625
1 0.7432429421875 0.7862399890625 0.8172002015625001 0.7549032453125 0.63449736875 0.7696657171875 0.633286521875 0.77164668125 0.742136828125 0.7867086640625 0.7422679046875 0.78551450625 0.7432429421875 0.7862399890625
1 0.7952911625 0.8072077609375 0.814839525 0.8151663375 0.8303374984375 0.7568048703125 0.8172002015625001 0.7549032453125 0.7952911625 0.8072077609375
1 0.7751854093749999 0.34063095625 0.7680129828125 0.3692258765625 0.7611530984375 0.3839844453125 0.8520705328125 0.4310013625 0.8541383453125 0.4320707078125 0.8589033734375 0.4316173484375 0.8640854062500001 0.4203860828125 0.867597453125 0.41634724062500006 0.8818950359375 0.37040374374999996 0.8797281828125 0.36248347812500004 0.8715584046875 0.35831425625 0.8477589249999999 0.33284276562500004 0.8134541499999999 0.315790565625 0.8009907437500001 0.3129131609375 0.792360621875 0.3280438390625 0.7751854093749999 0.34063095625
1 0.372186315625 0.6363597765625 0.374666275 0.6411032375 0.4164657375 0.658709434375 0.4430258796875 0.6289052203125001 0.44806613593750005 0.6169533671874999 0.4611028453125 0.6000047765625001 0.482802375 0.57764305625 0.5147700484375 0.5555682843749999 0.513663984375 0.5552159999999999 0.4714541296875 0.5496420046875 0.43420709999999996 0.5225716421875 0.4277232671875 0.522266421875 0.417930396875 0.54145599375 0.40113128906249995 0.562603121875 0.397387159375 0.58140161875 0.387160653125 0.584403253125 0.384418765625 0.588537 0.373275140625 0.6264817796875 0.372186315625 0.6363597765625
5 0.6627153984375 0.472225371875 0.6642461625 0.492107175 0.665584275 0.509486765625 0.6737211578125 0.5138963796875 0.6768722375 0.5146238640624999 0.6923983359375 0.5106159328125 0.7242171734375 0.5144577 0.7130006421874999 0.535183078125 0.7312213375 0.5450574046875001 0.754126340625 0.5601575328124999 0.7583176296875 0.5528767515624999 0.7787266578125001 0.52940644375 0.7833687328125001 0.52748005625 0.871691553125 0.5760530875 0.872916503125 0.58892789375 0.866166803125 0.6299314359375 0.89730560625 0.6465747796875 0.95714668125 0.49727750000000004 0.9638825984375 0.4501577140625 0.9628247562500001 0.4390393125 0.8857189906249999 0.3984540515625 0.8817101953125001 0.4001176375 0.8640854062500001 0.4203860828125 0.8589033734375 0.4316173484375 0.8541383453125 0.4320707078125 0.7130486625 0.35910778125 0.7051439375 0.3686748296875 0.6633475718749999 0.4679883125 0.6627153984375 0.472225371875
1 0.5976037328125 0.8507087265625 0.5926961656249999 0.8927392671875 0.618608921875 0.9238405171874999 0.6204629921875 0.914353896875 0.6166587828125001 0.8951899484375 0.6157929984375 0.871218684375 0.6126552921874999 0.8650085859375001 0.6169976187499999 0.842239709375 0.63041980625 0.8316242078125 0.6385995546875 0.8298555171875 0.6407701578125 0.82441379375 0.6438752078125 0.8228449421875 0.65743025 0.8195743828125 0.664774634375 0.8253842453125 0.6686475046875 0.8244497984375 0.697665834375 0.7621207765625 0.70157191875 0.7630225671875001 0.699234128125 0.7711685421875 0.701236990625 0.7743737921875 0.742136828125 0.7867086640625 0.7422679046875 0.78551450625 0.6824969249999999 0.74104155 0.655024184375 0.7277777140625 0.6567381359375 0.73582954375 0.6554755203125 0.753762653125 0.6532685796875 0.7570899 0.6487153203125 0.7560386968749999 0.6353343 0.7682964828125 0.6214619359375 0.7909919203125 0.619008153125 0.8120071890625 0.604330259375 0.8340370609375001 0.5976037328125 0.8507087265625
1 0.6657826765625 0.5120636375000001 0.6627153984375 0.472225371875 0.66591639375 0.45077117031249997 0.662291784375 0.44117388750000003 0.65742949375 0.43946730624999997 0.598649828125 0.4790438453125 0.596261471875 0.476740353125 0.5967325109375 0.456992021875 0.5932351984374999 0.45443250625 0.5907181171875 0.46027574375 0.5878177171875001 0.4601901640625 0.583681775 0.44521854375 0.5798852937500001 0.4490143125 0.5854075812499999 0.47914667031249997 0.6151575390625 0.495145996875 0.6496639484375 0.4680441421875 0.6529901031249999 0.476404459375 0.6524059249999999 0.5151779296875 0.707521571875 0.544818753125 0.7079208671874999 0.54456924375 0.7242171734375 0.5144577 0.6923983359375 0.5106159328125 0.6768722375 0.5146238640624999 0.6657826765625 0.5120636375000001
4 0.4569180015625 0.8157292999999999 0.4782390859375 0.8320564296875 0.5085565234375 0.8390557624999999 0.523091 0.837849403125 0.542082221875 0.8296886234375 0.5584500890624999 0.818071 0.6052610781250001 0.805498384375 0.61575659375 0.7970869328125 0.61863131875 0.7846351281249999 0.6135215875 0.7022467406249999 0.601574703125 0.6941770796875 0.5113690609375 0.6433705062499999 0.5117640765625 0.6338677953125 0.5197797109375 0.6147316796875 0.5496918421875 0.5470081140625 0.5180786015625001 0.5532836140625 0.482802375 0.57764305625 0.4611028453125 0.6000047765625001 0.44806613593750005 0.6169533671874999 0.4430258796875 0.6289052203125001 0.407623271875 0.6686319265625 0.40104242343749996 0.6773769125 0.397626315625 0.6897037312500001 0.39974832656250003 0.7101519859375001 0.4084919203125 0.7315587156250001 0.43672390156249996 0.7722908984375 0.4501307 0.8056087484375001 0.4569180015625 0.8157292999999999
1 0.769425675 1 0.7891242671875001 0.9679209609375 0.8146040984375 0.9011178765625001 0.814437471875 0.8978794140625 0.8078276921875001 0.8908677234375 0.834409153125 0.8252332515624999 0.8281663984375 0.8205920062500001 0.7952911625 0.8072077609375 0.7918372203125 0.8154535203125001 0.7526021593750001 0.7932037703125 0.7450561 0.787589078125 0.701236990625 0.7743737921875 0.699234128125 0.7711685421875 0.70157191875 0.7630225671875001 0.697665834375 0.7621207765625 0.6686475046875 0.8244497984375 0.664774634375 0.8253842453125 0.65743025 0.8195743828125 0.6438752078125 0.8228449421875 0.6407701578125 0.82441379375 0.6385995546875 0.8298555171875 0.63041980625 0.8316242078125 0.6169976187499999 0.842239709375 0.6126552921874999 0.8650085859375001 0.6157929984375 0.871218684375 0.6166587828125001 0.8951899484375 0.6204629921875 0.914353896875 0.6154192734375 0.9401608359375 0.6116460453125 0.9466039890625 0.61157794375 0.9607596671874999 0.613180009375 0.9657009515625001 0.6282363609375 0.973748403125 0.6217588765625 0.980024371875 0.608638403125 0.9774524124999999 0.601226475 0.9798555125 0.58859305 1 0.769425675 1
5 0.872916503125 0.58892789375 0.871691553125 0.5760530875 0.7833687328125001 0.52748005625 0.7787266578125001 0.52940644375 0.7583176296875 0.5528767515624999 0.7513098515625 0.5650501203125 0.7463613546875 0.5657065265625 0.5842097546875 0.4785024875 0.5750562984375 0.4895808671875 0.5197797109375 0.6147316796875 0.5117640765625 0.6338677953125 0.5113690609375 0.6433705062499999 0.601574703125 0.6941770796875 0.6420354484375 0.7215067562499999 0.6824969249999999 0.74104155 0.7526021593750001 0.7932037703125 0.7918372203125 0.8154535203125001 0.8639779437499999 0.6432284687500001 0.872916503125 0.58892789375