1 0.5601335359374999 0.51172924375 0.5633082296875 0.5120669765625 0.5639465593749999 0.508730253125 0.5577659125000001 0.508730253125 0.5601335359374999 0.51172924375
0 0.6686511171875 0.713739946875 0.5276230921875 0.550019746875 0.46292664375000003 0.7462087203125 0.6686511171875 0.713739946875
6 0.6264363078125 0.374145803125 0.6657818171875001 0.3522421171875 0.6694462531250001 0.3310799984375 0.6441713859375 0.3426088859375 0.6228295375 0.3676093359375 0.6198944171874999 0.37571585625 0.6264363078125 0.374145803125
5 0.49369407499999995 0.553799475 0.525734675 0.5507270890625 0.5268916375 0.550821534375 0.5276230921875 0.550019746875 0.47124563906250005 0.5040504390625 0.42886086093750003 0.4751517265625 0.4225994734375 0.47418843749999995 0.4173013765625 0.480449825 0.41537479531250004 0.48960108281250003 0.39755392343749996 0.5286143453125 0.374434953125 0.58833835 0.374434953125 0.5955630281250001 0.40648723125 0.6260441171875 0.407297596875 0.6122679234375 0.40903931875 0.6076233328125 0.4183285 0.6023981671875 0.41774792656250004 0.583239228125 0.42935940468749995 0.5588551234375 0.4345845703125 0.5379544625 0.44097088281249996 0.5367933140625001 0.48105997343749995 0.5538174484375 0.48647020156250004 0.5492845546875 0.49369407499999995 0.553799475
3 0.941049871875 0.708095675 0.9490043874999999 0.5723007499999999 0.9450271296875 0.5620735171875 0.939345334375 0.5580962609375 0.9075272765625 0.5552553625 0.8866739421875 0.55463054375 0.8868686078125 0.5576803109374999 0.866411134375 0.6770155718749999 0.8796394953125001 0.675913209375 0.8782421156250001 0.7186729875 0.9291181015625 0.7205956265625 0.93593625625 0.7171865484375 0.941049871875 0.708095675
1 0.5919590515625 0.379317390625 0.5879367046875 0.37529504375 0.577593528125 0.3764442859375 0.5597802796875 0.3936829140625 0.564377246875 0.4132200265625 0.5574817953125 0.4373541046875 0.5597802796875 0.45516735468749997 0.5691363296875 0.48160190937499997 0.5707888156250001 0.472963915625 0.5772155765625 0.46011039374999996 0.5785276125000001 0.46046861406249995 0.5663685546874999 0.432350790625 0.5692138703125 0.4277982859375 0.5730898390625 0.43495392187500004 0.580045871875 0.43764797031249997 0.5805951312500001 0.43462704218750003 0.5845785734375 0.43633423281250006 0.5852652265625 0.439669409375 0.6019303421875 0.446123753125 0.6397776921875 0.405604825 0.6448992609374999 0.40617388906249996 0.650589890625 0.414709834375 0.651959921875 0.4320635609375 0.6657818171875001 0.3522421171875 0.6264363078125 0.374145803125 0.612070784375 0.377593528125 0.5994291234375 0.37529504375 0.5919590515625 0.379317390625
6 0.4833527796875 0.5547911062499999 0.49369407499999995 0.553799475 0.48647020156250004 0.5492845546875 0.48105997343749995 0.5538174484375 0.4833527796875 0.5547911062499999
6 0.44945401562500004 0.672590725 0.452455684375 0.676816375 0.45430857031249994 0.6734328421875 0.44945401562500004 0.672590725
1 0.7022897609375 0.6870669328125001 0.6882232671875 0.6838785281249999 0.6847870234375 0.6825568953125 0.6837344375 0.70755583125 0.6814077734375 0.718723815625 0.6823384390625 0.7354757921874999 0.6917117968750001 0.732498878125 0.6922192671875 0.7309764671875 0.70249993125 0.7160227734375 0.707172959375 0.7160227734375 0.70857486875 0.71228435 0.7057710515625 0.6945268390625 0.7022897609375 0.6870669328125001
1 0.6859344640625 0.7753506812500001 0.6838078140625 0.7562108249999999 0.6909776046875 0.73470145 0.6823384390625 0.7354757921874999 0.679619778125 0.75382675625 0.679619778125 0.763433046875 0.679529371875 0.7635475609375 0.682803771875 0.774098403125 0.6859344640625 0.7753506812500001
1 0.6917117968750001 0.732498878125 0.6909776046875 0.73470145 0.80042629375 0.7248914046875 0.8002853828125 0.7236983671874999 0.8013986281250001 0.7241859203125001 0.866411134375 0.6770155718749999 0.6917117968750001 0.732498878125
1 0.856829578125 0.7329079875 0.8776672078125 0.7362651609374999 0.8796394953125001 0.675913209375 0.866411134375 0.6770155718749999 0.856829578125 0.7329079875
1 0.801243690625 0.2588982578125 0.763982234375 0.25 0.7511909890624999 0.25 0.74618571875 0.266684234375 0.732282190625 0.2828123265625 0.73172605 0.31228780624999997 0.7283619406249999 0.32821125156250003 0.827525671875 0.35357115625 0.8297810359375 0.3541479375 0.834321953125 0.3526342984375 0.8368446859375 0.3405251859375 0.8393581781250001 0.3357998203125 0.8429542765625 0.28781759687499997 0.8390612875000001 0.2805877625 0.8301630296875 0.2783631984375 0.801243690625 0.2588982578125
1 0.4183285 0.6023981671875 0.40903931875 0.6076233328125 0.407297596875 0.6122679234375 0.4049753 0.6517469499999999 0.40613644843749996 0.6616167078124999 0.40961989218749995 0.665680725 0.45430857031249994 0.6734328421875 0.47348348749999997 0.6384177765625 0.47570598124999997 0.6256384374999999 0.48459595625 0.6061916171874999 0.5007090359374999 0.5795216937500001 0.5268916375 0.550821534375 0.525734675 0.5507270890625 0.4833527796875 0.5547911062499999 0.44097088281249996 0.5367933140625001 0.4345845703125 0.5379544625 0.42935940468749995 0.5588551234375 0.41774792656250004 0.583239228125 0.4183285 0.6023981671875
5 0.8297810359375 0.3541479375 0.6758943859375 0.31479331875 0.6703443765625 0.325893340625 0.651959921875 0.4320635609375 0.65229708125 0.43633423281250006 0.6582610453125 0.4553621203125 0.66347441875 0.4719952625 0.6723947015625 0.47446145937499995 0.6756286671875 0.47446145937499995 0.6898552437500001 0.4670636390625 0.7217227765625001 0.4636492609375 0.7154559203125 0.48636661875 0.7354308609375 0.491889103125 0.7611456000000001 0.5014497109375 0.7635916468749999 0.49341270000000004 0.778197921875 0.465952903125 0.782287678125 0.4630316484375 0.8792733453125001 0.49049144531250005 0.8833631015625001 0.5027607171875 0.8860101859375 0.54423169375 0.9200948406249999 0.5534437624999999 0.9448176125 0.39451165 0.9407812421875 0.3470842890625 0.9372494171874999 0.33648881406250003 0.8529901703125 0.3142887734375 0.8494583453125 0.3168115046875 0.8368446859375 0.3405251859375 0.834321953125 0.3526342984375 0.8297810359375 0.3541479375
1 0.6922192671875 0.7309764671875 0.6838078140625 0.7562108249999999 0.6861443281249999 0.77723945625 0.6767982703125 0.8020065109375001 0.673994453125 0.819764021875 0.67866748125 0.8618212843749999 0.7109123546875 0.886296309375 0.7105848796875 0.87663575625 0.702567221875 0.8588187390625001 0.696331265625 0.8356566171875001 0.6918770109375 0.8303115125 0.6909861609375 0.807149390625 0.7016763703125 0.793786628125 0.709248603125 0.790223225 0.710139453125 0.78443269375 0.71281200625 0.7822055671875 0.7252839171875001 0.7759696109374999 0.7337469999999999 0.779978440625 0.7373104046875001 0.7781967375 0.7515640171875 0.7109375 0.755572846875 0.7109375 0.7551274203125 0.7194005828125001 0.7577999734375 0.7220731359375 0.80042629375 0.7248914046875 0.8002853828125 0.7236983671874999 0.7320420921874999 0.6938107953125 0.7022897609375 0.6870669328125001 0.7057710515625 0.6945268390625 0.70857486875 0.71228435 0.707172959375 0.7160227734375 0.70249993125 0.7160227734375 0.6922192671875 0.7309764671875
1 0.7126177671875 0.49665491875 0.7217227765625001 0.4636492609375 0.6898552437500001 0.4670636390625 0.6756286671875 0.47446145937499995 0.6642474046875 0.47446145937499995 0.65229708125 0.43633423281250006 0.650589890625 0.414709834375 0.6448992609374999 0.40617388906249996 0.6397776921875 0.405604825 0.5914073296875 0.4573895671875 0.5885620140625 0.45568237656250005 0.5845785734375 0.43633423281250006 0.5805951312500001 0.43462704218750003 0.5794570046875 0.44088673749999996 0.576611690625 0.44145580000000006 0.5692138703125 0.4277982859375 0.5663685546874999 0.432350790625 0.5785276125000001 0.46046861406249995 0.6111141453125 0.4693655953125 0.6386395671875 0.43519610625 0.643761134375 0.44259392656249996 0.6519140625000001 0.480505046875 0.7122848328125 0.4969878546875 0.7126177671875 0.49665491875
4 0.44959168125 0.7273175234375 0.46292664375000003 0.7462087203125 0.4995977890625 0.779546125 0.5201558562499999 0.8089941671875 0.5290458296875 0.8173285187499999 0.5534932609375 0.8284409859374999 0.584608171875 0.8284409859374999 0.5984987578125 0.823996 0.6151674609375 0.811772284375 0.6285024234375001 0.7967704515625 0.6712854265625 0.773989890625 0.679619778125 0.763433046875 0.679619778125 0.7506537078125 0.6561076546875 0.67152636875 0.6426516890625 0.666350996875 0.54332901875 0.637138446875 0.541576265625 0.62779043125 0.5450817703124999 0.6073416468749999 0.55899276875 0.5346250671874999 0.529601453125 0.5478511578124999 0.5007090359374999 0.5795216937500001 0.48459595625 0.6061916171874999 0.47570598124999997 0.6256384374999999 0.47348348749999997 0.6384177765625 0.4479248109375 0.68509014375 0.44347982343750003 0.695091365625 0.44292420000000005 0.7078707046875 0.44959168125 0.7273175234375
1 0.710139453125 0.78443269375 0.709248603125 0.790223225 0.7016763703125 0.793786628125 0.6909861609375 0.807149390625 0.6918770109375 0.8303115125 0.696331265625 0.8356566171875001 0.702567221875 0.8588187390625001 0.7105848796875 0.87663575625 0.7114757296875001 0.9029158546874999 0.709248603125 0.9100426625000001 0.71236658125 0.92385085 0.7150391328125 0.9283051046875 0.7315198734374999 0.9327593578125001 0.72662019375 0.940331590625 0.71325743125 0.940777015625 0.70657605 0.9447858453125001 0.6985583921875 0.9679479671875001 0.7849709234375 0.994228065625 0.8018970890625001 0.9501309499999999 0.862474946875 0.959484884375 0.8651475 0.9559214796875001 0.8869733453125 0.8908893687500001 0.8967727046875 0.820066728125 0.8958818531249999 0.8169487500000001 0.8878641953124999 0.8116036453125 0.8989998312499999 0.741671853125 0.891873025 0.7385538765625 0.856829578125 0.7329079875 0.8553190531249999 0.7417193765625 0.8120844796875 0.7288658546875 0.8034687937499999 0.7250925609375 0.7577999734375 0.7220731359375 0.7551274203125 0.7194005828125001 0.755572846875 0.7109375 0.7515640171875 0.7109375 0.7373104046875001 0.7781967375 0.7337469999999999 0.779978440625 0.7252839171875001 0.7759696109374999 0.71281200625 0.7822055671875 0.710139453125 0.78443269375
5 0.7320420921874999 0.6938107953125 0.8120844796875 0.7288658546875 0.8553190531249999 0.7417193765625 0.8868686078125 0.5576803109374999 0.8833631015625001 0.5027607171875 0.8792733453125001 0.49049144531250005 0.782287678125 0.4630316484375 0.778197921875 0.465952903125 0.7635916468749999 0.49341270000000004 0.7595018890625 0.5068504734375 0.75482788125 0.5086032265625 0.5772155765625 0.46011039374999996 0.5707888156250001 0.472963915625 0.5450817703124999 0.6073416468749999 0.541576265625 0.62779043125 0.54332901875 0.637138446875 0.6426516890625 0.666350996875 0.6882232671875 0.6838785281249999 0.7320420921874999 0.6938107953125