6 0.6836423625 0.8664826375000001 0.6817966875 0.8485845171875 0.6606200796875 0.8472815890625001 0.623865240625 0.8384195 0.5825433171875 0.817814053125 0.5393902203125001 0.8344103031250001 0.5255273703125 0.7861127156250001 0.424544290625 0.7891615625 0.4068959953125 0.7994325328125 0.4029553609375 0.8069398781249999 0.4096872421875 0.830965678125 0.41432719375 0.8687550546875 0.4196213421875 0.8810714703125001 0.471491621875 0.8855079781249999 0.5308975499999999 0.8809151921874999 0.6285408796875 0.8797314765625 0.67291325 0.8759040421875 0.6812984640625 0.873793928125 0.6836423625 0.8664826375000001
1 0.88868968125 0.620927 0.8991351562500001 0.621798309375 0.9141101703125001 0.491159228125 0.9004410765624999 0.4850837125 0.82251365625 0.46172502499999996 0.807109628125 0.4636164015625 0.7861774875 0.45477479374999996 0.7783779656250001 0.44678342656250003 0.7685372687500001 0.4455085921875 0.777506340625 0.4594146765625 0.783696409375 0.480011225 0.7999374593749999 0.4731355671875 0.8150287578125001 0.47677428437499997 0.8219257234375 0.483249703125 0.8297715515625 0.502422575 0.8301622578125001 0.5075032390625001 0.8390506562500001 0.5118982109375 0.8438267375 0.543877353125 0.8485627093750001 0.5533610437500001 0.8611936734375 0.610820728125 0.88868968125 0.620927
1 0.704198065625 0.9008368687500001 0.7112208296875 0.904053253125 0.7383429734375 0.900723071875 0.7482470671875 0.9066446796875001 0.9604393734375 0.8867087484375 0.9616378093750001 0.8840124296875 0.9290130890625001 0.676437115625 0.9251272359374999 0.6738552343750001 0.9101210484375001 0.676207596875 0.8680126796875 0.685416671875 0.863738421875 0.7359614750000001 0.8416999625000001 0.7743341703125 0.817764275 0.8017939671875001 0.765819071875 0.8371512390625 0.748106028125 0.8426698828125 0.6999274953125 0.849700046875 0.6976241109375 0.8495583281249999 0.6976521421874999 0.8516768718750001 0.704198065625 0.9008368687500001
6 0.501240684375 0.697401584375 0.48151286875 0.7074629875 0.47557666249999997 0.72278441875 0.46749846249999993 0.726398434375 0.46233030937499997 0.7400957390625 0.455908334375 0.739421371875 0.45570591406250005 0.743464934375 0.4602994171875 0.755408828125 0.46542453906250003 0.75894884375 0.47987250625 0.7535267171875 0.48052110781249996 0.750320103125 0.5040033546875 0.7505638218749999 0.5139813890625 0.74588699375 0.5060061250000001 0.7181015015625001 0.501240684375 0.697401584375
2 0.5796482640625 0.6123250953125 0.508422425 0.6198795734375 0.5437385406249999 0.6247759890625 0.521468175 0.6320058390625001 0.6824430296874999 0.78163491875 0.69908120625 0.7771752625 0.70054575625 0.7760944171874999 0.5832770468749999 0.6119402125 0.57955084375 0.6131498875 0.5796482640625 0.6123250953125
2 0.8438267375 0.543877353125 0.8482099968749999 0.573226284375 0.844980340625 0.6132667234375 0.8131876968749999 0.7214392234375 0.79044585 0.7244506390625001 0.7810467859375 0.73454058125 0.7643490296875 0.72968988125 0.755960278125 0.7325601359375 0.7451464671875 0.7306674734375 0.7339270421874999 0.7329651687500001 0.7323593765624999 0.7321422953125001 0.7127318687499999 0.7347413171875 0.7124226250000001 0.735053425 0.7197818765624999 0.7618980921875 0.70054575625 0.7760944171874999 0.748106028125 0.8426698828125 0.765819071875 0.8371512390625 0.817764275 0.8017939671875001 0.8416999625000001 0.7743341703125 0.863738421875 0.7359614750000001 0.8687386453125001 0.6768318265625 0.8644049062500001 0.650613909375 0.8637120421875 0.6222770718749999 0.8485627093750001 0.5533610437500001 0.8438267375 0.543877353125
3 0.7640721578125 0.619884996875 0.7676224515625 0.6388992484375 0.766509659375 0.6390358828125 0.7690167765625 0.6407619859375 0.800235021875 0.6622551640625 0.8082577453124999 0.6713914578125 0.8075578218749999 0.680678634375 0.7912088671874999 0.7236315375 0.79044585 0.7244506390625001 0.8131876968749999 0.7214392234375 0.844980340625 0.6132667234375 0.8482099968749999 0.573226284375 0.8390506562500001 0.5118982109375 0.8301622578125001 0.5075032390625001 0.830794221875 0.51572115 0.8282732953125 0.534946521875 0.8175254484375 0.5541391499999999 0.809070696875 0.560847409375 0.8097501671874999 0.5680236125 0.795920009375 0.59272038125 0.76635785625 0.6000262671875001 0.7615915984375 0.611790878125 0.761045228125 0.6120144609375 0.7640721578125 0.619884996875
6 0.5139187546875 0.448804428125 0.512531678125 0.4672092765625 0.52113230625 0.4865079921875 0.584039109375 0.49136053906250005 0.5891393828125 0.49482485 0.575806803125 0.5385360828125 0.57702098125 0.5542409765625 0.616550490625 0.5990169453124999 0.6391731234375 0.5902304093749999 0.6414483046874999 0.5717969453125 0.6659702828125 0.5729265812500001 0.6991908109375 0.584949778125 0.73842206875 0.6196981015625 0.766509659375 0.6390358828125 0.7676224515625 0.6388992484375 0.7640721578125 0.619884996875 0.761045228125 0.6120144609375 0.755086596875 0.6144528218749999 0.71844469375 0.582231059375 0.7058011390625001 0.5811038171875 0.6935046953125 0.5704098640625 0.6823580046875 0.5492015359375 0.6782772015625 0.5259052484375 0.6807088625 0.491161746875 0.5837263734375 0.38370606406249996 0.5735575468749999 0.3800920953125 0.559186575 0.3818566296875 0.5330072953125 0.4112072109375 0.5222601390625 0.4325847875 0.5213460328124999 0.43999083906249997 0.5139187546875 0.448804428125
3 0.755086596875 0.6144528218749999 0.7615915984375 0.611790878125 0.76635785625 0.6000262671875001 0.8013194312499999 0.5913859875 0.8101541234375 0.5722899890625001 0.809070696875 0.560847409375 0.807781746875 0.5618701015625 0.791403734375 0.5626606921875 0.772431753125 0.5472946953125 0.7552623781250001 0.5664881046875 0.7230755140625 0.5826439203125 0.71844469375 0.582231059375 0.755086596875 0.6144528218749999
6 0.81177629375 0.2998029515625 0.8167519046875 0.299690959375 0.819872471875 0.3013006984375 0.81777949375 0.296099421875 0.812835828125 0.2910807421875 0.8081463328125 0.291656540625 0.7957685859375 0.30016325625 0.81177629375 0.2998029515625
1 0.575806803125 0.5385360828125 0.5891393828125 0.49482485 0.584039109375 0.49136053906250005 0.519734390625 0.48640015937500003 0.4764268625 0.48587401718749995 0.44202640625 0.5245753296875 0.44210655781249997 0.55378368125 0.46234514375 0.60915071875 0.46585973437500006 0.6139784546875 0.5437385406249999 0.6247759890625 0.57955084375 0.6131498875 0.5807744375 0.6027905234375 0.575806803125 0.5385360828125
3 0.7999374593749999 0.4731355671875 0.783696409375 0.480011225 0.777506340625 0.4594146765625 0.766201375 0.44188691249999995 0.74774605625 0.430728796875 0.7295753203124999 0.4268579984375 0.713186653125 0.43253140312499994 0.6972301843750001 0.44669437968750003 0.68137871875 0.48159086718750005 0.6782772015625 0.5259052484375 0.6823580046875 0.5492015359375 0.6935046953125 0.5704098640625 0.7058011390625001 0.5811038171875 0.7230755140625 0.5826439203125 0.7552623781250001 0.5664881046875 0.772431753125 0.5472946953125 0.791403734375 0.5626606921875 0.807781746875 0.5618701015625 0.8177901140625 0.5539291562499999 0.8282732953125 0.534946521875 0.830794221875 0.51572115 0.8297715515625 0.502422575 0.8219257234375 0.483249703125 0.8150287578125001 0.47677428437499997 0.7999374593749999 0.4731355671875
5 0.6489902203125 0.749374903125 0.6452295703125001 0.7337344890625 0.6421774609375 0.678901821875 0.6391419968750001 0.5904825984375 0.6391731234375 0.5902304093749999 0.5832770468749999 0.6119402125 0.4886391234375 0.6426634578125 0.5060061250000001 0.7181015015625001 0.5393902203125001 0.8344103031250001 0.6632130875 0.78678926875 0.69908120625 0.7771752625 0.7197818765624999 0.7618980921875 0.7124226250000001 0.735053425 0.69207851875 0.7555858718749999 0.6489902203125 0.749374903125
6 0.8733041203124999 0.3885067125 0.8691369999999999 0.366691028125 0.847493953125 0.31973214375 0.8400593359374999 0.3117140625 0.8167519046875 0.299690959375 0.79201211875 0.30024780624999997 0.7720742671874999 0.31162680468750004 0.75546330625 0.3379783703125 0.7491770359375 0.3635583859375 0.7511142609375 0.3995404359375 0.756816440625 0.417694496875 0.7680153890625 0.436165965625 0.7861774875 0.45477479374999996 0.807109628125 0.4636164015625 0.8364372734375 0.46001542031250003 0.856932596875 0.44509483281250006 0.8672919421874999 0.42844180468750004 0.8729693859375001 0.40194421875 0.8733041203124999 0.3885067125
5 0.73842206875 0.6196981015625 0.6991908109375 0.584949778125 0.6659702828125 0.5729265812500001 0.6414483046874999 0.5717969453125 0.6391419968750001 0.5904825984375 0.6421774609375 0.678901821875 0.6452295703125001 0.7337344890625 0.6489902203125 0.749374903125 0.69207851875 0.7555858718749999 0.7211414 0.7262539343750001 0.7339270421874999 0.7329651687500001 0.7451464671875 0.7306674734375 0.755960278125 0.7325601359375 0.7643490296875 0.72968988125 0.7810467859375 0.73454058125 0.7912088671874999 0.7236315375 0.8075578218749999 0.680678634375 0.8082577453124999 0.6713914578125 0.800235021875 0.6622551640625 0.73842206875 0.6196981015625
6 0.3523912953125 0.685111196875 0.3478725796875 0.69353235625 0.3420659296875 0.7178443171875 0.344448475 0.7485543781249999 0.3586837796875 0.75143375625 0.36702473125 0.7666050046875 0.39254441406249996 0.767173384375 0.4336513875 0.7514833999999999 0.4501423015625 0.7388158859375 0.46233030937499997 0.7400957390625 0.47734230312500003 0.7003090171874999 0.4742396234375 0.686345490625 0.4776389046875 0.668807271875 0.4746400875 0.6594582484375 0.4658750171875 0.6559072109375 0.463044115625 0.64792574375 0.4641479734375 0.6380729734374999 0.45942152968750005 0.6372651328125001 0.44704137031249996 0.6457261046875 0.44502580625 0.65569081875 0.439995265625 0.6637120984375 0.43842747343750005 0.677323634375 0.44404946562500003 0.6854251234375 0.4438653921875 0.6914631531250001 0.4103480828125 0.701131265625 0.4082852109375 0.6805619125 0.41867404218750004 0.67095726875 0.41766655156250004 0.662751915625 0.413068209375 0.6554501890625 0.40936541406250004 0.655442109375 0.40319928125000004 0.6617519203125 0.3875404453125 0.6585846046875 0.3523912953125 0.685111196875