6 0.484245359375 0.881841371875 0.5813051296875 0.8925662078125001 0.6258132015625 0.8941749343750001 0.634393071875 0.89310245 0.637610521875 0.88613130625 0.6379598359374999 0.8681416640625 0.6170998625 0.8642676687499999 0.58169900625 0.8509923484374999 0.5431962625 0.825504615625 0.49834224687499995 0.8367181203125 0.49046872500000005 0.787091078125 0.389866796875 0.7778104578125 0.37109833281250004 0.785854084375 0.36627215625 0.792825228125 0.37002585 0.817492353125 0.37002585 0.8555655218749999 0.3737795421875 0.8684353265625001 0.42472251562499996 0.8791601625000001 0.484245359375 0.881841371875
1 0.8350733968749999 0.5531294046874999 0.8359166015625 0.5854522375 0.8394615 0.5954424078125 0.844995740625 0.6540131234375 0.8710551531249999 0.667394984375 0.8813165828124999 0.6695327828125001 0.9121008749999999 0.5416924609375 0.8992740875 0.5339963875 0.824774234375 0.5013148484375 0.8092545250000001 0.5013148484375 0.7895559296875 0.4899881578125 0.7827884468749999 0.481105834375 0.7731764640625001 0.4786412234375 0.7803839578125 0.493536709375 0.7840177984375 0.5147341140624999 0.800975721875 0.5098889921875001 0.815511084375 0.515339753125 0.8215674859375 0.522607434375 0.827018246875 0.542593559375 0.8267868640625 0.54768396875 0.8350733968749999 0.5531294046874999
1 0.7044957296875001 0.8703521921874999 0.6558195515625 0.87145846875 0.6535506062499999 0.87103709375 0.65332024375 0.8731432625 0.653826278125 0.922734575 0.6604047171875 0.9267828453125 0.68773054375 0.9267828453125 0.6968391515625 0.93386731875 0.9098793875 0.939939725 0.9113974890625001 0.9374095562500001 0.9043130156249999 0.7274055234375 0.900770778125 0.7243693203125 0.8855897640625001 0.7248753546875 0.8426729609375 0.7288840671875 0.8322706999999999 0.7785312171875 0.8057200578125 0.813932075 0.778616275 0.8382701640624999 0.722749296875 0.8670333609374999 0.7044957296875001 0.8703521921874999
6 0.45015995468750003 0.746080375 0.473437465625 0.7491840437499999 0.4839110875 0.7457580921875 0.47938146875000004 0.71720776875 0.47717423437499995 0.696081384375 0.456367290625 0.703663575 0.44860812031249997 0.7181473609375 0.44014969531250003 0.720749953125 0.43335078281249995 0.733715321875 0.4270588609375 0.7322633390625 0.42636516406249997 0.7362520921875 0.4294688328125 0.748666765625 0.43412433437500003 0.7528049890624999 0.4491253984375 0.7491840437499999 0.45015995468750003 0.746080375
2 0.6638181171875 0.7993711359375 0.6654034734375001 0.79847683125 0.5690142328125 0.621254746875 0.56516838125 0.62200129375 0.5653655921875 0.6211945234375 0.49375 0.6200124453125 0.5282061515625001 0.629176315625 0.5052206890625001 0.6336382 0.6467604640625 0.8017698671875 0.6638181171875 0.7993711359375
2 0.8444397453124999 0.7204516859375001 0.84333346875 0.6939010421875 0.8460991609375 0.6656909843750001 0.8394615 0.5954424078125 0.8359166015625 0.5854522375 0.836690453125 0.615116590625 0.82860516875 0.654464978125 0.783866590625 0.757956628125 0.760927259375 0.7581740625 0.7503685984375 0.7670433390625 0.7343864578125 0.7601938500000001 0.7257104375 0.7620203796875 0.7152078890625 0.7588239515625 0.7037920734374999 0.7597372171875 0.7023363765624999 0.7587294265625 0.682538428125 0.7589170843749999 0.682193453125 0.759189178125 0.6862263078125 0.7867306171874999 0.6654034734375001 0.79847683125 0.7044957296875001 0.8703521921874999 0.722749296875 0.8670333609374999 0.778616275 0.8382701640624999 0.8057200578125 0.813932075 0.8322706999999999 0.7785312171875 0.8444397453124999 0.7204516859375001
3 0.7824144953125 0.6280928343750001 0.7521823296875 0.63174154375 0.746017853125 0.6428376015625 0.7454483078125 0.6429929328124999 0.7474934984375 0.6511736921875 0.7487000734375 0.6704788875000001 0.747578925 0.6704788875000001 0.7498569953125 0.672497665625 0.7782231859375 0.6976351843749999 0.785072675 0.7076811015625 0.7832461453125 0.7168137531250001 0.7617844125000001 0.7574540546875 0.760927259375 0.7581740625 0.783866590625 0.757956628125 0.82860516875 0.654464978125 0.836690453125 0.615116590625 0.8350733968749999 0.5531294046874999 0.8267868640625 0.54768396875 0.8264126062500001 0.5559176421875 0.8215674859375 0.5746924859375 0.8085607593749999 0.5924322234375 0.799351496875 0.5980601046875 0.79915134375 0.605265625 0.7824144953125 0.6280928343750001
6 0.5731434625 0.38995028125000003 0.5435823828124999 0.41589163593749995 0.5303100625 0.43580011875 0.5285002000000001 0.443039565625 0.5200541765625 0.45088230156250003 0.516434453125 0.4689809203125 0.5226190515625 0.489183940625 0.5844655796875 0.5016667265625 0.58910564375 0.5057267828125 0.570545384375 0.547487365625 0.569836565625 0.56322316875 0.6036146109375 0.6124828203125 0.6271394265625 0.6065187828124999 0.6316441234375 0.58849999375 0.6558456515625 0.5926096875 0.6873533000000001 0.608591828125 0.7220573781249999 0.64786223125 0.747578925 0.6704788875000001 0.7487000734375 0.6704788875000001 0.7474934984375 0.6511736921875 0.7454483078125 0.6429929328124999 0.7392369296875 0.64468694375 0.7067949953125 0.6082398328124999 0.694383059375 0.60558013125 0.6834815375 0.5934673296875 0.6750025765625 0.5710586453125 0.6737912953125 0.5474386796874999 0.6804389984375 0.513250496875 0.5972749546875 0.3947765796875 0.5876223578124999 0.38995028125000003 0.5731434625 0.38995028125000003
3 0.7646373140625 0.580143246875 0.7452568296875001 0.5971011703125 0.7113409828124999 0.609213971875 0.7067949953125 0.6082398328124999 0.7392369296875 0.64468694375 0.746017853125 0.6428376015625 0.7521823296875 0.63174154375 0.7879362921874999 0.6274264109375001 0.7990323484374999 0.6095494296874999 0.799351496875 0.5980601046875 0.7979475203125 0.598918090625 0.7815952375 0.5977068109375 0.7646373140625 0.580143246875
6 0.8402600437500001 0.33634684375 0.8359648500000001 0.3307630921875 0.8312401375 0.3307630921875 0.81791794375 0.3376979328125 0.83385024375 0.3392911625 0.8388024156249999 0.3397863796875 0.8417035437499999 0.3417644203125 0.8402600437500001 0.33634684375
1 0.45222373125 0.608968225 0.5282061515625001 0.629176315625 0.56516838125 0.62200129375 0.56764534375 0.611868265625 0.570545384375 0.547487365625 0.58910564375 0.5057267828125 0.5844655796875 0.5016667265625 0.521244696875 0.48890654843750003 0.47832409687500005 0.48310646718749994 0.43946355312499996 0.5173269453125 0.4359835046875 0.54632735 0.449323690625 0.603748153125 0.45222373125 0.608968225
3 0.8264126062500001 0.5559176421875 0.827018246875 0.542593559375 0.8215674859375 0.522607434375 0.815511084375 0.515339753125 0.800975721875 0.5098889921875001 0.7840177984375 0.5147341140624999 0.7803839578125 0.493536709375 0.7712993546875 0.474761865625 0.7543414312500001 0.4614377828125 0.7367778687500001 0.45538138124999994 0.7198199453125 0.459015221875 0.70225638125 0.47112802499999995 0.6822702578125 0.503832590625 0.6737912953125 0.5474386796874999 0.6750025765625 0.5710586453125 0.6834815375 0.5934673296875 0.694383059375 0.60558013125 0.7113409828124999 0.609213971875 0.7452568296875001 0.5971011703125 0.7646373140625 0.580143246875 0.7815952375 0.5977068109375 0.7979475203125 0.598918090625 0.8088490437500001 0.5922560484375 0.8215674859375 0.5746924859375 0.8264126062500001 0.5559176421875
5 0.6638181171875 0.7993711359375 0.6862263078125 0.7867306171874999 0.682193453125 0.759189178125 0.6594987125 0.77708925625 0.6174885140625 0.765673440625 0.6156619828125 0.7496913000000001 0.61931504375 0.6948953890625 0.6270777984375 0.6067652984375 0.6271394265625 0.6065187828124999 0.5690142328125 0.621254746875 0.471337503125 0.6402155234375 0.47938146875000004 0.71720776875 0.49834224687499995 0.8367181203125 0.6270457015625001 0.8045422562500001 0.6638181171875 0.7993711359375
6 0.8388024156249999 0.5013148484375 0.8609633328124999 0.48900322812499997 0.8732749546875 0.47373681718749994 0.882139321875 0.44812864531249996 0.88410918125 0.43483209531250006 0.8826317859374999 0.4126711765625 0.8668729109375001 0.3634246921875 0.86047086875 0.354560325 0.8388024156249999 0.3397863796875 0.8141791734374999 0.3373240546875 0.7930031843750001 0.346188421875 0.773304590625 0.3703192 0.7639477578125 0.39494244218749996 0.761485434375 0.4308923765625 0.7649326875 0.449606040625 0.7737970546875 0.469304634375 0.7895559296875 0.4899881578125 0.8092545250000001 0.5013148484375 0.8388024156249999 0.5013148484375
5 0.7617844125000001 0.7574540546875 0.7832461453125 0.7168137531250001 0.785072675 0.7076811015625 0.7782231859375 0.6976351843749999 0.7220573781249999 0.64786223125 0.6873533000000001 0.608591828125 0.6558456515625 0.5926096875 0.6316441234375 0.58849999375 0.6270777984375 0.6067652984375 0.61931504375 0.6948953890625 0.6156619828125 0.7496913000000001 0.6174885140625 0.765673440625 0.6594987125 0.77708925625 0.6919196265625 0.7515178296875 0.7037920734374999 0.7597372171875 0.7152078890625 0.7588239515625 0.7257104375 0.7620203796875 0.7343864578125 0.7601938500000001 0.7503685984375 0.7670433390625 0.7617844125000001 0.7574540546875
6 0.3947715734375 0.6436971671875 0.3910973625 0.643237890625 0.38420821875 0.64874920625 0.3690521 0.6436971671875 0.33093216875000003 0.6657424296875 0.325420853125 0.6735501265625 0.31669460312500003 0.6969732171875 0.31531677343750003 0.7277447296874999 0.3290950625 0.7323374921875 0.33552493125 0.7484121625 0.3607851265625 0.7520863734375001 0.4034978234375 0.7415230187499999 0.4214095984375 0.7309596640625 0.43335078281249995 0.733715321875 0.4530996625 0.696054665625 0.45172183437499996 0.6818171000000001 0.45723315 0.6648238765625 0.45539604375 0.655179075 0.4471290703125 0.6505863125 0.44529196562499995 0.6423193390625 0.44758834687500004 0.6326745359375 0.44299558437500003 0.6312967078125 0.42967657187499997 0.6381858515625 0.4264616375 0.6478306546875 0.4204910453125 0.655179075 0.4172761109375 0.6684980875 0.42186887500000003 0.6772243375 0.42095032187500003 0.683194928125 0.3865046 0.68870624375 0.3869638765625 0.6680388109375001 0.3984457828125 0.6597718375 0.3984457828125 0.6515048640625001 0.3947715734375 0.6436971671875