3 0.6391030843750001 0.417990490625 0.64148596875 0.40607606562500004 0.649031771875 0.391381609375 0.6605490484375001 0.3862186921875 0.6684919984375 0.3750985625 0.67524350625 0.3723185296875 0.680093328125 0.374978109375 0.6745121671875001 0.35544405 0.6655844375 0.341060484375 0.65219284375 0.3306448 0.6416033765625 0.3309389515625 0.6183850125 0.34462978125 0.6130100296875 0.353460109375 0.612301240625 0.3606897671875 0.6171103890625 0.3686353171875 0.6208123890625 0.38270291875 0.62407725 0.390000840625 0.62407725 0.4066037640625 0.6348333687500001 0.41694618749999995 0.6391062703125 0.4181386234375 0.6391030843750001 0.417990490625
6 0.838066390625 0.8126698796875 0.833685184375 0.8317410140625 0.8368039812499999 0.82948855 0.8388088843749999 0.8154542296875 0.838066390625 0.8126698796875
7 0.6534826703125 0.5816973796875 0.6984994265625 0.5997040828125 0.70271900625 0.593091309375 0.7061139468750001 0.58777088125 0.6836021531250001 0.578599409375 0.6633733140625 0.5774434765625001 0.6541258453125 0.5809112765625 0.6534826703125 0.5816973796875
6 0.7244210296875 0.6210254390625 0.7274065140625 0.6112669171875 0.63540078125 0.779373146875 0.743540221875 0.6091110953125 0.7324689281250001 0.610590465625 0.7338491234375 0.6138730921875 0.7244210296875 0.6210254390625
6 0.5979356109375 0.772993140625 0.5634733765625 0.8323608531250001 0.576748690625 0.8252806859374999 0.5949382015625 0.82432334375 0.63514659375 0.8104418750000001 0.64663470625 0.8104418750000001 0.6515005265625 0.8086313359374999 0.63540078125 0.779373146875 0.624374090625 0.7532573 0.6232133859375 0.7294628609375 0.6261151468749999 0.71785581875 0.6286935984375 0.7152931859375 0.5960484593750001 0.7024736328125 0.59805623125 0.734974425 0.577282965625 0.74921895 0.5979356109375 0.7677497468750001 0.5979356109375 0.772993140625
6 0.6208123890625 0.38270291875 0.6171103890625 0.3686353171875 0.6067376328125 0.35149771875 0.5925776125 0.3598472484375 0.5984005 0.360044634375 0.6136842796875001 0.366769496875 0.6208123890625 0.38270291875
3 0.44456733281250005 0.784945103125 0.4182363234375 0.8676188078125 0.41114517812500007 0.939859853125 0.39962206718750004 0.976645171875 0.40183805 0.985509103125 0.4067132125 0.98994106875 0.4146907515625 0.9917138546875 0.4195659140625 0.9877250859375 0.426657059375 0.9651220593750001 0.43507779375 0.9478373921875001 0.46610155625000005 0.9008585531250001 0.47673827500000004 0.8747099546875001 0.4867272296875 0.84035769375 0.47995927031249996 0.8385355515624999 0.47165723281250005 0.8311074109375 0.4694724859375 0.813629434375 0.46204434531249994 0.8013948515625 0.45199450937499996 0.795714509375 0.44456733281250005 0.784945103125
5 0.48397532656250003 0.37597038125000004 0.48179538437499997 0.374880409375 0.46381085625 0.371065509375 0.4409214578125 0.367250609375 0.427296815625 0.36507066718750003 0.4060423734375 0.36125576718749997 0.37824810468750003 0.3574408671875 0.36625841875 0.355260925 0.3537237484375 0.35253599687500004 0.33737417812500003 0.350356053125 0.33355927812499997 0.34981106875 0.331924321875 0.350356053125 0.33083435 0.3509010390625 0.329744378125 0.35253599687500004 0.325929478125 0.3677955953125 0.32320455 0.3743354234375 0.320479621875 0.3857801234375 0.316664721875 0.3950448796875 0.31393979375000003 0.4064895796875 0.307399965625 0.42937897812500003 0.3041300515625 0.4375537625 0.30163315156250003 0.4468279609375 0.324515175 0.433406775 0.38707365781249997 0.4129044140625 0.4848316078125 0.3808660953125 0.4850652984375 0.37978528125 0.4850652984375 0.3776053375 0.48397532656250003 0.37597038125000004
1 0.717902503125 0.6074653140625 0.723275184375 0.5974525875000001 0.729607496875 0.6037848984374999 0.7338491234375 0.6138730921875 0.7375427593749999 0.6110710234375001 0.745172925 0.6120883796875 0.736515471875 0.5963012578125 0.7327491390625 0.5823658296875001 0.730758825 0.575001665625 0.723275184375 0.5675180265625 0.7186698671875 0.568093690625 0.6984994265625 0.5997040828125 0.717902503125 0.6074653140625
1 0.7700287875 0.6276091578125 0.7875903421875 0.6586795999999999 0.80271690625 0.6532920578125 0.8084735515625001 0.6446570875 0.8113518750000001 0.6095415453124999 0.7796903203125 0.61932784375 0.77401255625 0.6241944984375001 0.7700287875 0.6276091578125
1 0.5954226593749999 0.5584733765625 0.590452934375 0.5697380859375001 0.575511303125 0.589953234375 0.5827752453125 0.5900685343750001 0.58857148125 0.5916493265625 0.5896253421875 0.5984994234375 0.5960484593750001 0.7024736328125 0.6286935984375 0.7152931859375 0.720712546875 0.6238387703125 0.7244210296875 0.6210254390625 0.7274065140625 0.6112669171875 0.5954226593749999 0.5584733765625
3 0.31294909843749996 0.8710466562500001 0.32568219374999996 0.8761398953124999 0.3373966421875 0.8583135609375001 0.3455458234375 0.8547482937499999 0.3587882421875 0.8409965500000001 0.370824215625 0.8193317984374999 0.37047769062499997 0.8124012953124999 0.387935603125 0.7783583671875001 0.39554796875 0.7510230531250001 0.389347671875 0.7386224609375 0.38970284374999997 0.7311638765625 0.3812087046875 0.7196853125 0.3615459828125 0.7008964875 0.3615459828125 0.6965269937499999 0.3628742140625 0.6939847875 0.339413434375 0.6939847875 0.31915925624999997 0.689187746875 0.315961228125 0.678527653125 0.299438084375 0.6620045078125 0.297306065625 0.646547371875 0.298486025 0.6164583859375 0.2915022125 0.60641915625 0.2830565171875 0.5798755437499999 0.272203190625 0.573092215625 0.255904828125 0.5710549203124999 0.242662409375 0.5746201859375 0.22483607499999997 0.5858253109375 0.207009740625 0.6026329968749999 0.1927486734375 0.62300595 0.180015578125 0.652037409375 0.176959634375 0.6678264484375 0.176959634375 0.6866714296875001 0.180015578125 0.7029697921875 0.18510881562499998 0.7197774781249999 0.20038853125 0.7477902890625 0.2212708078125 0.774275128125 0.2579421234375 0.8328473687500001 0.272203190625 0.8511830265624999 0.2839176390625 0.8608601796875 0.305309240625 0.8572949124999999 0.31294909843749996 0.8710466562500001
5 0.75626159375 0.57009798125 0.7606302171875 0.5808209625 0.765793134375 0.58002666875 0.7705589046875 0.56612650625 0.779693296875 0.55222634375 0.7828704765625 0.5371347390625 0.7967706390625 0.5291917890625 0.798359228125 0.520057396875 0.796373490625 0.512114446875 0.808287915625 0.496228546875 0.80987650625 0.49027133437500003 0.80590503125 0.4855055640625 0.787636246875 0.4747825828125 0.782473328125 0.46683963281249996 0.779693296875 0.4525423234375 0.7709560515625 0.445790815625 0.7602330687500001 0.43189065312499997 0.7550701515625 0.42911062031249997 0.7419642843750001 0.40607606562500004 0.7209154671875 0.3941616421875 0.7133696656249999 0.3830415125 0.7026466828125 0.3743042671875 0.6947037328125 0.3723185296875 0.687555078125 0.3790700375 0.67524350625 0.3723185296875 0.6684919984375 0.3750985625 0.6605490484375001 0.3862186921875 0.649031771875 0.391381609375 0.64148596875 0.40607606562500004 0.6391030843750001 0.417990490625 0.6398973796874999 0.4549252078125 0.6434717062499999 0.468428221875 0.651017509375 0.4787540578125 0.66134334375 0.5005971687499999 0.68715793125 0.5291917890625 0.7272698281250001 0.5490491640624999 0.7364042203125 0.55818355625 0.7467300546875 0.5629493265625001 0.7491129390625 0.56811224375 0.75626159375 0.57009798125
6 0.297306065625 0.646547371875 0.299438084375 0.6620045078125 0.315961228125 0.678527653125 0.31915925624999997 0.689187746875 0.339413434375 0.6939847875 0.3628742140625 0.6939847875 0.3924372671875 0.6374017375000001 0.38870704843750004 0.637598065625 0.3703665140625 0.6473796843749999 0.31106544999999997 0.6345413093750001 0.298486025 0.6164583859375 0.297306065625 0.646547371875
6 0.26093465312499997 0.4706991953125 0.2548211421875 0.48720567812500004 0.25237573750000003 0.5073802656249999 0.2328125 0.5189959375 0.2328125 0.5568997109375 0.2682708671875 0.5501748484375 0.27438437968749996 0.552620253125 0.2915022125 0.60641915625 0.31106544999999997 0.6345413093750001 0.3703665140625 0.6473796843749999 0.38870704843750004 0.637598065625 0.3924372671875 0.6374017375000001 0.4021822765625 0.61875 0.44150772343750005 0.61875 0.4470601125 0.6242500078125001 0.44906472031250005 0.623557940625 0.44893489531249997 0.61957664375 0.4621081578125 0.6021879359375 0.46359924374999995 0.6016486078125001 0.4691148921875 0.5911222625 0.47871674375 0.5789017249999999 0.48569990937499996 0.5762830375 0.499229790625 0.5815204125 0.50813638125 0.59019261875 0.5163820015625 0.5890146734374999 0.575511303125 0.589953234375 0.590452934375 0.5697380859375001 0.599623203125 0.5489521453124999 0.6081821187500001 0.517161884375 0.61490698125 0.4511359578125 0.62407725 0.448079203125 0.62407725 0.390000840625 0.6136842796875001 0.366769496875 0.5984005 0.360044634375 0.5925776125 0.3598472484375 0.5561383828124999 0.381333828125 0.5482771718749999 0.38381631562499996 0.5383472203124999 0.3912637796875 0.5329684968749999 0.3912637796875 0.52305510625 0.36833906562499996 0.324515175 0.433406775 0.26093465312499997 0.4706991953125
5 0.44150772343750005 0.61875 0.4021822765625 0.61875 0.3615459828125 0.6965269937499999 0.3615459828125 0.7008964875 0.3812087046875 0.7196853125 0.3973758328125 0.7415327828125 0.39804296093749997 0.7420637625000001 0.40713930625000005 0.709399615625 0.4492436640625 0.629045525 0.449154953125 0.6263250859375 0.44150772343750005 0.61875
5 0.47995927031249996 0.8385355515624999 0.49131995625 0.8415941968749999 0.48170706875 0.864752515625 0.48214401875 0.8699959078124999 0.4991850453125 0.8852891375 0.506613184375 0.896212871875 0.5122935265625 0.89839761875 0.5157891218749999 0.896212871875 0.5341409968749999 0.88004574375 0.5459386312500001 0.86256776875 0.5979356109375 0.772993140625 0.5979356109375 0.7677497468750001 0.577282965625 0.74921895 0.5427285265624999 0.772913421875 0.5379861515625 0.772913421875 0.5358784296875 0.7623748124999999 0.532716846875 0.759740159375 0.5221782375 0.7808173796875 0.5090049734375001 0.795044503125 0.5163820015625 0.8234987515625001 0.5079511125 0.82876805625 0.501627946875 0.8192833078125 0.47475449062499997 0.795044503125 0.46474281093750003 0.7802904500000001 0.45609665 0.7366993859375001 0.44772895 0.749989259375 0.4295908296875 0.7693782859375 0.44325552031250004 0.7830429765625 0.45199450937499996 0.795714509375 0.46204434531249994 0.8013948515625 0.4694724859375 0.813629434375 0.47165723281250005 0.8311074109375 0.47995927031249996 0.8385355515624999
5 0.7129488640625 0.2981704859375 0.7129488640625 0.28368930625 0.7055014015625 0.2638294046875 0.6856414984375 0.2203858671875 0.657920384375 0.149221215625 0.652955409375 0.146738728125 0.5689645703124999 0.20052596406249998 0.5677233265625 0.20755967968750003 0.5731020499999999 0.2299020703125 0.56275835 0.2348670453125 0.5466221796874999 0.2547269484375 0.5040061390624999 0.27458685156249996 0.49035245468750005 0.284516803125 0.5064886265624999 0.3300290796875 0.5329684968749999 0.3912637796875 0.5383472203124999 0.3912637796875 0.5482771718749999 0.38381631562499996 0.5561383828124999 0.381333828125 0.6761252953125 0.310582925 0.7021914171875 0.299825478125 0.7129488640625 0.2981704859375
6 0.6697870499999999 0.7946242359375 0.6720315546875 0.78564621875 0.6748371859375 0.7766682 0.67876506875 0.7620789203125 0.682131825 0.753662028125 0.6888653390624999 0.73009473125 0.6916709703125 0.7183110828125 0.695598853125 0.7087719375 0.6984044828125 0.6969882890625 0.7012101140625 0.690254775 0.705137996875 0.67454324375 0.7062602484375 0.672859865625 0.7073825015625 0.6722987390624999 0.7090658796875 0.6717376125000001 0.7129937625 0.6722987390624999 0.729827546875 0.67454324375 0.7427334484375 0.6773488750000001 0.7550782234375 0.6795933796875 0.78369565625 0.6835212625 0.803656271875 0.6871039359375 0.768881775 0.625579828125 0.7549533234375 0.6133924328125 0.7375427593749999 0.6110710234375001 0.720712546875 0.6238387703125 0.6261151468749999 0.71785581875 0.6232133859375 0.7294628609375 0.624374090625 0.7532573 0.63540078125 0.779373146875 0.6601188015624999 0.82429339375 0.66024790625 0.8238027953125 0.6636146625 0.8142636515625 0.6658591671874999 0.8052856328125 0.6697870499999999 0.7946242359375
5 0.8005294390625 0.9539840578125001 0.8033350703125001 0.9534229312500001 0.8050184484375 0.9517395531249999 0.8067018265625 0.9494950484375 0.8083852046875 0.9438837875000001 0.8111908359375001 0.9298556343750001 0.8252189890625001 0.8720596421875 0.8297079984375 0.849053471875 0.8392471421875 0.8075301375 0.8482251609375 0.7727403171875 0.8588865578125 0.7295336046875 0.8605699359375001 0.7233612171875 0.8650589453125 0.70259955 0.8650589453125 0.7003550453125 0.8639366921875 0.6986716671875 0.8616921874999999 0.697549415625 0.8431750250000001 0.6936215328124999 0.819607728125 0.6896936499999999 0.805579575 0.6874491453125 0.78369565625 0.6835212625 0.7550782234375 0.6795933796875 0.7427334484375 0.6773488750000001 0.729827546875 0.67454324375 0.7129937625 0.6722987390624999 0.7090658796875 0.6717376125000001 0.7073825015625 0.6722987390624999 0.7062602484375 0.672859865625 0.705137996875 0.67454324375 0.7012101140625 0.690254775 0.6984044828125 0.6969882890625 0.695598853125 0.7087719375 0.6916709703125 0.7183110828125 0.6888653390624999 0.73009473125 0.682131825 0.753662028125 0.67876506875 0.7620789203125 0.6748371859375 0.7766682 0.6720315546875 0.78564621875 0.6697870499999999 0.7946242359375 0.6658591671874999 0.8052856328125 0.6636146625 0.8142636515625 0.66024790625 0.8238027953125 0.657442275 0.8344641921875 0.6535143921875 0.8451255874999999 0.6512698875 0.8563481109375 0.6473420046875 0.86644838125 0.644536375 0.8787931562500001 0.6406084921875 0.8905768046875 0.6378028609374999 0.90011595 0.6338749781249999 0.911338471875 0.6327527265625 0.9186331109375001 0.6333138515625001 0.920877615625 0.6344361046875 0.9214387421874999 0.6361194828125 0.9219998687500001 0.64790313125 0.9242443734375 0.6535143921875 0.9259277515625 0.6854985828125 0.9309778859375 0.7012101140625 0.93434464375 0.7326331781250001 0.9399559046875 0.7432945734375 0.9427615359375 0.773595384375 0.948372796875 0.7814511515625 0.9506173015625 0.7876235390625 0.9517395531249999 0.8005294390625 0.9539840578125001
3 0.37091413906250004 0.8211302500000001 0.3752786171875 0.8263676234374999 0.38226178125 0.8289863109375 0.387935603125 0.8263676234374999 0.39884679843750004 0.8054181296875 0.4097579921875 0.7905789046875 0.44772895 0.749989259375 0.45609665 0.7366993859375001 0.452096478125 0.7165318578125001 0.4510198984375 0.6835167140625 0.4492436640625 0.629045525 0.40713930625000005 0.709399615625 0.387935603125 0.7783583671875001 0.37047769062499997 0.8124012953124999 0.37091413906250004 0.8211302500000001
5 0.532716846875 0.759740159375 0.5358784296875 0.7623748124999999 0.5379861515625 0.772913421875 0.5427285265624999 0.772913421875 0.59805623125 0.734974425 0.5896253421875 0.5984994234375 0.58857148125 0.5916493265625 0.5827752453125 0.5900685343750001 0.5163820015625 0.5890146734374999 0.4868738921875 0.5932301171875001 0.4621081578125 0.6021879359375 0.44893489531249997 0.61957664375 0.452096478125 0.7165318578125001 0.46474281093750003 0.7802904500000001 0.47475449062499997 0.795044503125 0.501627946875 0.8192833078125 0.5079511125 0.82876805625 0.5163820015625 0.8234987515625001 0.5090049734375001 0.795044503125 0.5221782375 0.7808173796875 0.532716846875 0.759740159375