3 0.6727483546874999 0.381054934375 0.679592771875 0.3785122203125 0.684346821875 0.3813394359375 0.6794507890625 0.36162249687500003 0.6710304765624999 0.3469361203125 0.65801054375 0.33605942031249997 0.6474172609375 0.335983825 0.6237352375 0.34885600625 0.6180553546875001 0.3574933703125 0.6170946875000001 0.3646938875 0.621623609375 0.372802434375 0.624832403125 0.3869906640625 0.62784058125 0.3943980828125 0.627261146875 0.4109908921875 0.63764976875 0.4217023984375 0.6418784515625 0.42304322968749997 0.6418804375 0.4228950765625 0.644677678125 0.4110710703125 0.6527317125 0.3966489109375 0.66442215625 0.3918910859375 0.6727483546874999 0.381054934375
6 0.8269484281249999 0.8242777562500001 0.8219043171875 0.8431843718750001 0.825099825 0.8410421234375001 0.827593296875 0.8270863234375 0.8269484281249999 0.8242777562500001
7 0.680747228125 0.5849591515625 0.660571053125 0.5830979468749999 0.6512081937499999 0.5862409015625001 0.650537975 0.5870040796875 0.6948988843749999 0.6065708765625 0.6993466749999999 0.6001093921875 0.702925228125 0.5949106859375 0.680747228125 0.5849591515625
6 0.7284677625 0.6186361453125 0.7297325546875 0.6219649406250001 0.7200605921875 0.6287838953125 0.723384825 0.6191355093750001 0.6255683171875 0.7839283796875 0.7395839421875 0.617544059375 0.7284677625 0.6186361453125
6 0.6242300015625 0.8149693109375 0.635711115625 0.8153702390625 0.6406371578125001 0.81373061875 0.6255683171875 0.7839283796875 0.6154597734375 0.757443615625 0.6151301890624999 0.7336231640624999 0.6184352625 0.7221244625 0.621101578125 0.7196533765625001 0.588923721875 0.705702334375 0.589796009375 0.7382533984374999 0.5685382703124999 0.75176426875 0.5885316203125 0.7710045437499999 0.588348628125 0.77624474375 0.551835484375 0.8343735765625 0.5653498046875 0.827761025 0.583561646875 0.8274390703125001 0.6242300015625 0.8149693109375
6 0.6032249281250001 0.36356401875 0.618264703125 0.37081818125 0.624832403125 0.3869906640625 0.621623609375 0.372802434375 0.611855265625 0.355313271875 0.5974124765625 0.3631635375 0.6032249281250001 0.36356401875
3 0.384953825 0.9817875421875 0.38967134375 0.9863869484375 0.397582153125 0.9884370656250001 0.4025935515625 0.9846208671875001 0.41046921249999996 0.9622790875 0.41948804375000004 0.9452988296875 0.45213244374999995 0.899431321875 0.46367525625 0.8736698687500001 0.474857003125 0.83968714375 0.4681567578125 0.8376299140624999 0.46011901718750003 0.8299165609375001 0.4585455734375 0.812372984375 0.45154893749999997 0.7998866171875 0.441703465625 0.793859 0.43465666093750005 0.78283695 0.40545642031250007 0.864541353125 0.39584841875 0.9364909140625001 0.3830485375 0.9728516734375001 0.384953825 0.9817875421875
5 0.4320500703125 0.3626155578125 0.4109417140625 0.3580612125 0.3832975140625 0.35327863125 0.3713912109375 0.3506815828125 0.358959275 0.3475208609375 0.34269574375 0.344771653125 0.3389021875 0.34409386249999996 0.3372492078125 0.34458145625 0.3361408796875 0.3450880703125 0.3349945125 0.3466839921875 0.330649384375 0.3618011578125 0.32769787968749997 0.368241903125 0.324575196875 0.3795845328125 0.3204392859375 0.38871050625 0.317316603125 0.40005313593749997 0.30998193125 0.4227003546875 0.3064287125 0.43075604062500006 0.30360966875 0.43993744843749993 0.3269461453125 0.42732300937499995 0.3901820421875 0.4090163984375 0.48899856093749994 0.3804092984375 0.48926982968750005 0.3793373 0.4893459078125 0.3771586828125 0.488313659375 0.375486684375 0.486173084375 0.374321296875 0.46833264999999996 0.3698810703125 0.445590334375 0.36526966562499996 0.4320500703125 0.3626155578125
1 0.73352173125 0.619293484375 0.74111174375 0.6205765109375 0.733010528125 0.6044968640625 0.7297328281250001 0.5904384828125 0.7280007328125 0.58300934375 0.7207828265625 0.5752690874999999 0.7161602234375 0.575683678125 0.6948988843749999 0.6065708765625 0.714019278125 0.6150045375000001 0.719738125 0.6051854140625 0.7258455859375 0.6117348609375 0.7297325546875 0.6219649406250001 0.73352173125 0.619293484375
1 0.8073392625 0.6203408390625 0.775355459375 0.6290162031250001 0.769511309375 0.6336817421875 0.7654107984375 0.636955290625 0.7818773125 0.6686196953125 0.797182684375 0.66376334375 0.803237178125 0.6553345375 0.8073392625 0.6203408390625
1 0.5853190109375 0.594684596875 0.5861331640625 0.6015672999999999 0.588923721875 0.705702334375 0.621101578125 0.7196533765625001 0.7162561843749999 0.6314660875 0.7200605921875 0.6287838953125 0.723384825 0.6191355093750001 0.5933238390625 0.561767959375 0.587964009375 0.572852365625 0.57232598125 0.59253374375 0.579581475 0.59290248125 0.5853190109375 0.594684596875
3 0.34697365625 0.8358606046875 0.3597583875 0.8146291 0.35965394375000004 0.8076907249999999 0.378289303125 0.7742778078125 0.3868510203125 0.7472248140625 0.381087275 0.7346153875 0.38170253125000003 0.7271737421875 0.3736141625 0.7154057296875 0.35461913906250003 0.69594213125 0.3547716328125 0.6915753 0.3561877765625 0.689080996875 0.3327412875 0.6882622265625 0.31266686250000003 0.6827612484375 0.30984281406249997 0.6719960390625 0.2939063859375 0.654906309375 0.2923151125 0.6393841828125 0.2945444421875 0.60935470625 0.2879152484375 0.5990778609375 0.28040105625 0.5722556671875 0.2697910765625 0.5650976953125 0.25357374374999997 0.5624928375 0.24021496562500003 0.5655937765625 0.2220084375 0.5761699453125 0.20360638281250001 0.5923452625000001 0.188642996875 0.6122081015624999 0.174904475 0.640777496875 0.1712993625 0.6564502671875 0.1706416828125 0.67528376875 0.1731269609375 0.691678853125 0.177630515625 0.7086540515624999 0.191923290625 0.737183053125 0.2118685375 0.7643805390625 0.24647337343750003 0.8241969093750001 0.26008584687499997 0.8430191015625 0.27145543125 0.8530991875 0.292958428125 0.8502826484374999 0.30011370312499996 0.8642926421875 0.31266129062500003 0.8698271578125001 0.3249907328125 0.8524205109375 0.3332593765625 0.8491418171875 0.34697365625 0.8358606046875
5 0.7777002421875 0.561955684375 0.7814021765625 0.5469841546875001 0.795571075 0.5395311515625 0.7974774828125 0.530457765625 0.7957701593750001 0.522450353125 0.8082317375000001 0.5069899375 0.8100272640625 0.5010917953125 0.80622453125 0.496190325 0.7883411015624999 0.4848363046875 0.7834585328125 0.47671801093750005 0.7811791640625 0.46233238906249996 0.772682865625 0.45528006875000004 0.7624515234375 0.441014146875 0.7573887734375 0.4380556234375 0.745094784375 0.41457771406250005 0.724474596875 0.4019359546875 0.7173214796875 0.39055925468749997 0.706909953125 0.3814531046875 0.6990411437499999 0.379191371875 0.69166121875 0.3856892828125 0.679592771875 0.3785122203125 0.6727483546874999 0.381054934375 0.66442215625 0.3918910859375 0.6527317125 0.3966489109375 0.644677678125 0.4110710703125 0.6418804375 0.4228950765625 0.6413852453125 0.45983501406249994 0.644486146875 0.47345454531250003 0.6516669859374999 0.4840374359375 0.6612242171875 0.50622760625 0.686025140625 0.5357057234375 0.7254195906249999 0.5569508875 0.7342296328125 0.5663985 0.7443828531250001 0.571521734375 0.746584103125 0.5767646671875 0.7536591015624999 0.5789986796875 0.7576508375000001 0.5898675921875001 0.7628383296875 0.589253965625 0.7680863062500001 0.57552859375 0.7777002421875 0.561955684375
6 0.3327412875 0.6882622265625 0.3561877765625 0.689080996875 0.387707540625 0.6335641515625 0.3839727421875 0.6336301765625 0.36530200625 0.6427657609375 0.30648512031249997 0.6278656296875 0.2945444421875 0.60935470625 0.2923151125 0.6393841828125 0.2939063859375 0.654906309375 0.30984281406249997 0.6719960390625 0.31266686250000003 0.6827612484375 0.3327412875 0.6882622265625
6 0.23098949218749998 0.547540340625 0.26666095312500004 0.542057053125 0.2726853984375 0.5447143265625 0.2879152484375 0.5990778609375 0.30648512031249997 0.6278656296875 0.36530200625 0.6427657609375 0.3839727421875 0.6336301765625 0.387707540625 0.6335641515625 0.39809755 0.615263871875 0.437399040625 0.616636309375 0.4427561 0.6223267421875 0.44478363906249996 0.6217050562499999 0.4447928375 0.6177216546875 0.4585649328125 0.6008032796875 0.4600739328125 0.60031631875 0.46595358593749997 0.589988878125 0.475976078125 0.5781108859375 0.48304638125 0.5757375015624999 0.4963852390625 0.581443871875 0.5049837484374999 0.59042163125 0.5132654546875 0.589532171875 0.57232598125 0.59253374375 0.587964009375 0.572852365625 0.5978541093749999 0.552399125 0.6075172765625 0.52092693125 0.6165423140625 0.4551759203125 0.6258136750000001 0.45244106562499997 0.62784058125 0.3943980828125 0.618264703125 0.37081818125 0.6032249281250001 0.36356401875 0.5974124765625 0.3631635375 0.5602455749999999 0.3833653171875 0.5523025140625 0.385571940625 0.5421187 0.3926683171875 0.536743253125 0.392480603125 0.5276359625 0.36922388125 0.3269461453125 0.42732300937499995 0.26210286875 0.462373784375 0.2554170140625 0.47865685312500006 0.252269015625 0.4987338078125 0.2323123140625 0.50965965625 0.23098949218749998 0.547540340625
5 0.3736141625 0.7154057296875 0.3890089765625 0.737804115625 0.3896571671875 0.7383580546874999 0.3998879328125 0.7060312640624999 0.444770959375 0.62719554375 0.4447772453125 0.624473665625 0.437399040625 0.616636309375 0.39809755 0.615263871875 0.3547716328125 0.6915753 0.35461913906250003 0.69594213125 0.3736141625 0.7154057296875
5 0.48573914531250006 0.8850259875 0.4927815265625 0.89620230625 0.4983821609375 0.8985839640625001 0.5019518734374999 0.8965225421874999 0.5208567937499999 0.881005734375 0.5332572140625 0.8639501375 0.588348628125 0.77624474375 0.5885316203125 0.7710045437499999 0.5685382703124999 0.75176426875 0.5331779562500001 0.774238375 0.5284384703125 0.7740728671875 0.526699825 0.7634671203125001 0.523632115625 0.760723734375 0.5123643421875 0.781420321875 0.49870258281249996 0.7951790390625 0.505082078125 0.8238734078125001 0.49647242968749994 0.82884526875 0.49048412812500003 0.8191456234375 0.4644729640625 0.7939837140625 0.45498229375 0.778889246875 0.4478627046875 0.735022990625 0.4390362921875 0.7480127390625 0.4202325546875 0.76675694375 0.4334120296875 0.7808902 0.441703465625 0.793859 0.45154893749999997 0.7998866171875 0.4585455734375 0.812372984375 0.46011901718750003 0.8299165609375001 0.4681567578125 0.8376299140624999 0.479403778125 0.841083178125 0.4689885328125 0.8638919046875 0.469242225 0.8691473515625001 0.48573914531250006 0.8850259875
5 0.6700661859375 0.1549462421875 0.6651908734374999 0.1522919921875 0.5793740515625 0.20311522499999998 0.577888090625 0.2101013359375 0.5824838 0.23261783125000002 0.5719731265625 0.23721879218750003 0.555153684375 0.256503453125 0.5118705046875001 0.2748639796875 0.49787858749999997 0.28431137500000003 0.5124165734374999 0.330359071875 0.536743253125 0.392480603125 0.5421187 0.3926683171875 0.5523025140625 0.385571940625 0.5602455749999999 0.3833653171875 0.682628565625 0.316844996875 0.7090542375 0.3070037984375 0.7198628890625 0.30572524375 0.720368275 0.291252884375 0.71361845 0.27114516875 0.695286803125 0.22703499531250002 0.6700661859375 0.1549462421875
6 0.6731681984375 0.7598638125 0.680720096875 0.73654586875 0.6839352625 0.7248673140624999 0.6881936640624999 0.7154710609375 0.6914088281249999 0.70379250625 0.694447746875 0.697161009375 0.6989215609375 0.6815961296874999 0.700101878125 0.6799529421875 0.70124303125 0.679431325 0.702944965625 0.6789292890625 0.7068508734375001 0.6796271546875 0.7235960703125001 0.6824577828125 0.7363961953125 0.6857121140625 0.74865511875 0.688386078125 0.7771180375 0.6933103015625 0.7969414593749999 0.6975874078125 0.76433530625 0.6348871671875 0.7508406734374999 0.6222211 0.73352173125 0.619293484375 0.7162561843749999 0.6314660875 0.6184352625 0.7221244625 0.6151301890624999 0.7336231640624999 0.6154597734375 0.757443615625 0.6255683171875 0.7839283796875 0.6487035859375 0.8296839078125 0.6488497328125 0.8291981140625 0.6525473500000001 0.8197822796875001 0.655103815625 0.8108880624999999 0.6594013828125 0.800370240625 0.6619578484375 0.7914760249999999 0.6650750984375 0.782601390625 0.669509746875 0.7681580796875 0.6731681984375 0.7598638125
5 0.7927060234375001 0.9543758734375001 0.795999521875 0.94045418125 0.8120361796875001 0.8831829718750001 0.817325359375 0.86034748125 0.8283078343750001 0.819182353125 0.83849453125 0.7847270546875 0.8506573265625 0.7419187390624999 0.8525550921875 0.7358088609375 0.8577659390625 0.7152165046875 0.8578442703125001 0.7129733671875 0.85678145 0.7112518484375 0.8545774796875 0.7100519484375 0.836208678125 0.70548021875 0.81279281875 0.7007322421875 0.79885154375 0.6979995296875 0.7771180375 0.6933103015625 0.74865511875 0.688386078125 0.7363961953125 0.6857121140625 0.7235960703125001 0.6824577828125 0.7068508734375001 0.6796271546875 0.702944965625 0.6789292890625 0.70124303125 0.679431325 0.700101878125 0.6799529421875 0.6989215609375 0.6815961296874999 0.694447746875 0.697161009375 0.6914088281249999 0.70379250625 0.6881936640624999 0.7154710609375 0.6839352625 0.7248673140624999 0.680720096875 0.73654586875 0.6731681984375 0.7598638125 0.669509746875 0.7681580796875 0.6650750984375 0.782601390625 0.6619578484375 0.7914760249999999 0.6594013828125 0.800370240625 0.655103815625 0.8108880624999999 0.6525473500000001 0.8197822796875001 0.6488497328125 0.8291981140625 0.6456737328125 0.8397551015625 0.641376165625 0.850272921875 0.63874136875 0.8614102765625 0.6344633843749999 0.8713673125 0.6312286375 0.883606653125 0.626891903125 0.8952460421874999 0.6237550703125 0.9046814609375 0.61943791875 0.915760065625 0.618061771875 0.9230110937499999 0.6185442234375 0.9252738140625001 0.619646209375 0.925873765625 0.6213089796875 0.9264933 0.6330071171875 0.9291476796874999 0.6385562109375 0.9310258625 0.6703446703125 0.9371891531250001 0.6859291328125 0.9411021843749999 0.717137225 0.9478066765625 0.7276942109375 0.950982675 0.7577807328125 0.9576480015625 0.7655533828125 0.9601653015625 0.7716828437500001 0.9615022828124999 0.78450255 0.9641958296875 0.7873260546874999 0.9637329593749999 0.78906715625 0.96210935625 0.790827840625 0.9599249671875001 0.7927060234375001 0.9543758734375001
3 0.3882494796875 0.80170188125 0.3996719078125 0.787252490625 0.4390362921875 0.7480127390625 0.4478627046875 0.735022990625 0.44456880625000006 0.71472814375 0.44464509531249996 0.6816955390625 0.444770959375 0.62719554375 0.3998879328125 0.7060312640624999 0.378289303125 0.7742778078125 0.35965394375000004 0.8076907249999999 0.359785490625 0.8164295953125 0.363964528125 0.8218160953125 0.370852046875 0.824676896875 0.3766138046875 0.82225781875 0.3882494796875 0.80170188125
5 0.589796009375 0.7382533984374999 0.5861331640625 0.6015672999999999 0.5853190109375 0.594684596875 0.579581475 0.59290248125 0.5132654546875 0.589532171875 0.48362820468749995 0.5927152296875 0.4585649328125 0.6008032796875 0.4447928375 0.6177216546875 0.44456880625000006 0.71472814375 0.45498229375 0.778889246875 0.4644729640625 0.7939837140625 0.49048412812500003 0.8191456234375 0.49647242968749994 0.82884526875 0.505082078125 0.8238734078125001 0.49870258281249996 0.7951790390625 0.5123643421875 0.781420321875 0.523632115625 0.760723734375 0.526699825 0.7634671203125001 0.5284384703125 0.7740728671875 0.5331779562500001 0.774238375 0.589796009375 0.7382533984374999