5 0.2664900703125 0.660330753125 0.2663746578125 0.6592401812500001 0.2343070296875 0.6564346265625 0.225725809375 0.6998916703125 0.22155962499999998 0.745089171875 0.2253508171875 0.74527441875 0.264304784375 0.7277278953125 0.2778339484375 0.7099526625 0.29036679374999996 0.7035653765625 0.3035024625 0.7041311828125 0.29198334843749996 0.698503596875 0.28363910937500003 0.6855294328125 0.28144879375 0.6699338874999999 0.2685332640625 0.6640642609375 0.2664900703125 0.660330753125
5 0.3099305296875 0.8157210031250001 0.294483809375 0.81618210625 0.277438921875 0.8057103484375 0.2353283453125 0.808013165625 0.225852903125 0.81367010625 0.21509705625 0.8151993375 0.2139811203125 0.8273057265625001 0.21949481718750002 0.832567334375 0.26235899375 0.8410966859375 0.3203560046875 0.8473655718750001 0.4636723296875 0.87477291875 0.46452860625000003 0.8719741703125001 0.451367221875 0.8526726375000001 0.447227134375 0.8353412734375001 0.4464119765625 0.8369417218749999 0.43156198437500004 0.8517395000000001 0.42745372187499997 0.8523344749999999 0.36957553593750003 0.821674640625 0.36913945625 0.8195911296875 0.36971487187499996 0.814887728125 0.3520348328125 0.810460621875 0.3506862515625 0.8116684109375001 0.3420195703125 0.8194302859375 0.32356145468749997 0.8264305609375 0.3169506828125 0.8246214578125001 0.3099305296875 0.8157210031250001
1 0.5975718015625 0.8194550890625001 0.5957645874999999 0.82786706875 0.5977913171875 0.8414351515625 0.6529897109375 0.9331327953124999 0.68084968125 0.9343314984375001 0.6826063437500001 0.9324142312499999 0.68554661875 0.9345335875 0.582971359375 0.754456765625 0.5155904578125 0.927221059375 0.5238601171874999 0.9167651375 0.600705303125 0.80922114375 0.6028063828125 0.8156470062500001 0.5975718015625 0.8194550890625001
5 0.5948800015625 0.4663352984375 0.5888278109375 0.4652938578125 0.5467752781249999 0.47212444062500003 0.597409303125 0.48811728125 0.5944101796875 0.47755692187500004 0.5948800015625 0.4663352984375
5 0.5649133765625 0.5621051671874999 0.53573626875 0.5534153390625 0.5270118140625 0.55081693125 0.5297474109375 0.5830634234375001 0.5312603796875 0.582267909375 0.533149825 0.5724618218749999 0.556413821875 0.5682020453125001 0.5649133765625 0.5621051671874999
6 0.6578654562499999 0.914580946875 0.6342151578124999 0.884337225 0.6125686015625 0.8455033843749999 0.6028063828125 0.8156470062500001 0.5975718015625 0.8194550890625001 0.5957645874999999 0.82786706875 0.5977913171875 0.8414351515625 0.6590549171875 0.9432085421874999 0.6690615828124999 0.9451552734374999 0.677154528125 0.9383644859375 0.6826063437500001 0.9324142312499999 0.6578654562499999 0.914580946875
3 0.44661285937499995 0.46992694999999995 0.4562920046875 0.47162837343749997 0.46725928124999994 0.47814284375 0.48238013750000003 0.49094249375 0.5088533546875 0.50374401875 0.526006825 0.53897038125 0.5270118140625 0.55081693125 0.5649133765625 0.5621051671874999 0.5778689124999999 0.5528119296875 0.5819358359375 0.5362425734375 0.6054907890625 0.519276940625 0.6068334859375 0.511067834375 0.6062935171875 0.498351171875 0.602637634375 0.48976865937499997 0.47720615468750005 0.45015091875 0.4528388921875 0.45793425781249997 0.3763815640625 0.44408413125 0.3696509046875 0.45175793906250006 0.3664804734375 0.469107584375 0.3705395375 0.47937790312499995 0.40229754218749997 0.49181704374999996 0.4040111265625 0.48799230312499997 0.40919517499999997 0.4824635875 0.44661285937499995 0.46992694999999995
0 0.798846878125 0.9051147859374999 0.8028130046875 0.897514475 0.796076246875 0.9001769953125001 0.784807775 0.88975115625 0.78065874375 0.9065409093750001 0.7679679125 0.9239195421874999 0.7689090578125 0.925833471875 0.77598345 0.927050809375 0.798846878125 0.9051147859374999
6 0.8252767109375 0.7551993484375 0.81002444375 0.7612273890625 0.80187058125 0.76092304375 0.7957310328125 0.7562956578125 0.7913927203125 0.7497807375 0.78857650625 0.7352184921875 0.789570875 0.723852803125 0.79359950625 0.7152067234375 0.802499146875 0.7069868015624999 0.81632058125 0.7032877281250001 0.8245657109375 0.697873715625 0.83848338125 0.679049153125 0.8538777015625 0.6713974421875 0.8548926328125 0.6714578984374999 0.8526652218749999 0.6691326203125 0.8404431375 0.6516501203125 0.8327115640624999 0.648755696875 0.82445734375 0.6569055484375 0.816428825 0.6726163484375001 0.8154108656249999 0.679181290625 0.8034202718750001 0.6945454546875001 0.7693746515625 0.7541144656250001 0.7693698609374999 0.7541216562499999 0.769037940625 0.760268571875 0.776346784375 0.7840737843750001 0.7758809140625 0.796555065625 0.784028546875 0.8179292546875001 0.7855050171875 0.8869296406249999 0.784807775 0.88975115625 0.796076246875 0.9001769953125001 0.8043470312500001 0.8969081937500001 0.820783834375 0.8712866203124999 0.898724984375 0.73083034375 0.8987851328125 0.7292188875 0.8749609390625 0.7530017640625 0.8650211125 0.7590855578125 0.8501950031250001 0.7602425890625 0.8335371140625 0.7542859421875 0.8252767109375 0.7551993484375
5 0.5520264390625 0.5713491921875 0.7653425234375 0.7107735953125001 0.764218553125 0.5755130265624999 0.5520264390625 0.5713491921875
5 0.68554661875 0.9345335875 0.7060200515624999 0.9438380046875 0.711689903125 0.9505950703125 0.7520773921874999 0.9541285187499999 0.760030396875 0.9347890546875 0.78065874375 0.9065409093750001 0.7855050171875 0.8869296406249999 0.784028546875 0.8179292546875001 0.7758809140625 0.796555065625 0.776346784375 0.7840737843750001 0.769037940625 0.760268571875 0.7700474171875 0.7415738328125 0.766404684375 0.733115809375 0.7653425234375 0.7107735953125001 0.70415446875 0.748634178125 0.667239690625 0.7756377875 0.5891435484375 0.7560081578125 0.5900549390625 0.760931096875 0.591294859375 0.7620643734375 0.6141105984374999 0.79046058125 0.600705303125 0.80922114375 0.6125686015625 0.8455033843749999 0.6342151578124999 0.884337225 0.6578654562499999 0.914580946875 0.68554661875 0.9345335875
5 0.74397614375 0.51068415625 0.7207019015625 0.5051926984375 0.6354060125000001 0.497730275 0.5819358359375 0.5362425734375 0.5778689124999999 0.5528119296875 0.612431115625 0.52801985 0.702485709375 0.5537442765625 0.6955859703125 0.6326086515625 0.7268517671875 0.6347945875 0.7408579609375 0.639873446875 0.745841475 0.6489797703125 0.7484528484374999 0.6631770890625 0.749080609375 0.6945415078125 0.7439779140625 0.71432583125 0.7356783390625 0.7266051953125 0.7277371765625 0.7292822250000001 0.612323890625 0.72159329375 0.5943931078125 0.7179972875 0.5926544453125 0.718899778125 0.5656501078125 0.7386252843750001 0.582971359375 0.754456765625 0.667239690625 0.7756377875 0.70415446875 0.748634178125 0.77264780625 0.7062533953125001 0.791721315625 0.6906459765624999 0.7988470203125 0.6783122953125 0.7966877796875 0.67337245 0.79818251875 0.666160865625 0.790268934375 0.6529433203125 0.79129755 0.6461228578125 0.789122184375 0.6364306656250001 0.780152975 0.61059556875 0.764218553125 0.5755130265624999 0.7573763312499999 0.545113078125 0.74397614375 0.51068415625
0 0.504725984375 0.5822645843750001 0.5004482984374999 0.582317640625 0.4872175203125 0.56748635625 0.45986593750000004 0.582185578125 0.463224546875 0.5930761328124999 0.4639351875 0.5930809109374999 0.48389146250000004 0.5952218328125001 0.49381214531250006 0.5991076140625 0.49965213437499995 0.59322785625 0.524934734375 0.585593909375 0.5297474109375 0.5830634234375001 0.526006825 0.53897038125 0.5088533546875 0.50374401875 0.48238013750000003 0.49094249375 0.4970973515625 0.5034004671875 0.502567821875 0.514134375 0.5018525359375 0.5418465796875 0.504505359375 0.5462176390625 0.5059606734375001 0.5486155609375001 0.507063303125 0.5555488984375 0.504725984375 0.5822645843750001
0 0.3905002703125 0.5496239984375 0.391349178125 0.5417702531249999 0.3652797796875 0.593144834375 0.37590816875 0.5924890453125 0.40289982812499997 0.592670528125 0.398472803125 0.5819568359375 0.39132205 0.564651546875 0.3905002703125 0.5496239984375
5 0.482241409375 0.9461240828124999 0.4953411859375 0.9472701656250001 0.5083998875 0.9363126125000001 0.5238601171874999 0.9167651375 0.6141105984374999 0.79046058125 0.591294859375 0.7620643734375 0.5656501078125 0.7386252843750001 0.5249444249999999 0.7683590328125 0.45798714062499996 0.8046856437500001 0.45834536718749996 0.8070626046875 0.4571526203125 0.8158539546875 0.447227134375 0.8353412734375001 0.451367221875 0.8526726375000001 0.46452860625000003 0.8719741703125001 0.45682595625 0.8971503609375 0.4564167125 0.9081145953125 0.482241409375 0.9461240828124999
6 0.702485709375 0.5537442765625 0.612431115625 0.52801985 0.5520264390625 0.5713491921875 0.524934734375 0.585593909375 0.49965213437499995 0.59322785625 0.49381214531250006 0.5991076140625 0.49687557968749996 0.6003075171875001 0.4993254921875 0.6084213015625 0.49948736250000003 0.6246293234375 0.498747809375 0.6505618515625 0.5484290265625 0.6480856937499999 0.5937695187500001 0.630858353125 0.6172166109375 0.6271294921874999 0.6955859703125 0.6326086515625 0.702485709375 0.5537442765625
6 0.3730601453125 0.779151865625 0.3648968171875 0.7869192734375 0.3114914359375 0.8156744093749999 0.3099305296875 0.8157210031250001 0.3169506828125 0.8246214578125001 0.32356145468749997 0.8264305609375 0.3420195703125 0.8194302859375 0.3520348328125 0.810460621875 0.36971487187499996 0.814887728125 0.3706264375 0.8074366843749999 0.3734639546875 0.7992128375 0.3797381265625 0.79044245 0.4072206953125 0.771666621875 0.42674239687500004 0.771256525 0.4444512515625 0.7770418984374999 0.450699315625 0.78309539375 0.45646925156249996 0.7946139249999999 0.45798714062499996 0.8046856437500001 0.5249444249999999 0.7683590328125 0.5926544453125 0.718899778125 0.5943931078125 0.7179972875 0.5867614390625 0.7164667625 0.5619337921875001 0.6974356640625 0.5438762984375 0.689112253125 0.49787314374999997 0.68123215 0.4977682671875 0.6849096671875 0.48704820781249997 0.7171494484375 0.4800565 0.7248321718749999 0.467136175 0.7280464828125 0.37858480625 0.7199042703125 0.3719073765625 0.7187287687499999 0.37773850000000003 0.7256780296875001 0.38259708593749997 0.73857605 0.383172790625 0.7491036953125 0.37984941562499996 0.76427939375 0.3730601453125 0.779151865625
3 0.383172790625 0.7491036953125 0.38259708593749997 0.73857605 0.37773850000000003 0.7256780296875001 0.3719073765625 0.7187287687499999 0.3116800296875 0.7081262765624999 0.3035024625 0.7041311828125 0.29036679374999996 0.7035653765625 0.2778339484375 0.7099526625 0.264304784375 0.7277278953125 0.2253508171875 0.74527441875 0.21243416874999999 0.7446432781250001 0.19176268125 0.752813115625 0.18710856874999998 0.7603886203125 0.1844102765625 0.774122253125 0.18554305625 0.789687815625 0.1911753078125 0.8051481125000001 0.19745732968750002 0.8131814875 0.2041292140625 0.8167587093750001 0.225852903125 0.81367010625 0.2353283453125 0.808013165625 0.277438921875 0.8057103484375 0.294483809375 0.81618210625 0.3114914359375 0.8156744093749999 0.3648968171875 0.7869192734375 0.3730601453125 0.779151865625 0.37984941562499996 0.76427939375 0.383172790625 0.7491036953125
5 0.44661285937499995 0.46992694999999995 0.40919517499999997 0.4824635875 0.4040111265625 0.48799230312499997 0.3949842171875 0.508140465625 0.3905002703125 0.5496239984375 0.39132205 0.564651546875 0.40289982812499997 0.592670528125 0.463224546875 0.5930761328124999 0.45986593750000004 0.582185578125 0.4872175203125 0.56748635625 0.5004482984374999 0.582317640625 0.504725984375 0.5822645843750001 0.507063303125 0.5555488984375 0.5059606734375001 0.5486155609375001 0.5018525359375 0.5418465796875 0.502567821875 0.514134375 0.4970973515625 0.5034004671875 0.46725928124999994 0.47814284375 0.4562920046875 0.47162837343749997 0.44661285937499995 0.46992694999999995
6 0.4977682671875 0.6849096671875 0.49787314374999997 0.68123215 0.49214789999999997 0.6802514453125 0.4850670109375 0.6675898328125001 0.4870686078125 0.6557228359375 0.492308903125 0.650882771875 0.498747809375 0.6505618515625 0.49948736250000003 0.6246293234375 0.4993254921875 0.6084213015625 0.49687557968749996 0.6003075171875001 0.48389146250000004 0.5952218328125001 0.4639351875 0.5930809109374999 0.37590816875 0.5924890453125 0.3520812140625 0.59395920625 0.2843976453125 0.60462649375 0.278836653125 0.6140142749999999 0.2793071609375 0.6266945500000001 0.2772934640625 0.6316530140625 0.273221825 0.6285319859375 0.26476031093749997 0.643985559375 0.2664900703125 0.660330753125 0.2685332640625 0.6640642609375 0.28144879375 0.6699338874999999 0.28363910937500003 0.6855294328125 0.29198334843749996 0.698503596875 0.3116800296875 0.7081262765624999 0.37858480625 0.7199042703125 0.467136175 0.7280464828125 0.4800565 0.7248321718749999 0.48704820781249997 0.7171494484375 0.4977682671875 0.6849096671875
3 0.7408579609375 0.639873446875 0.7268517671875 0.6347945875 0.6172166109375 0.6271294921874999 0.5937695187500001 0.630858353125 0.5484290265625 0.6480856937499999 0.492308903125 0.650882771875 0.4870686078125 0.6557228359375 0.4850670109375 0.6675898328125001 0.49214789999999997 0.6802514453125 0.5438762984375 0.689112253125 0.5619337921875001 0.6974356640625 0.5867614390625 0.7164667625 0.612323890625 0.72159329375 0.7277371765625 0.7292822250000001 0.7356783390625 0.7266051953125 0.7439779140625 0.71432583125 0.749080609375 0.6945415078125 0.7484528484374999 0.6631770890625 0.745841475 0.6489797703125 0.7408579609375 0.639873446875
3 0.4444512515625 0.7770418984374999 0.42674239687500004 0.771256525 0.4072206953125 0.771666621875 0.3797381265625 0.79044245 0.3734639546875 0.7992128375 0.3706264375 0.8074366843749999 0.36913945625 0.8195911296875 0.3730229859375 0.8381459046874999 0.3788664828125 0.848823659375 0.390779290625 0.8579143890625 0.4058764484375 0.859658821875 0.41697459062500003 0.8538521078124999 0.43156198437500004 0.8517395000000001 0.4464119765625 0.8369417218749999 0.4571526203125 0.8158539546875 0.45834536718749996 0.8070626046875 0.45646925156249996 0.7946139249999999 0.450699315625 0.78309539375 0.4444512515625 0.7770418984374999
3 0.8650211125 0.7590855578125 0.8749609390625 0.7530017640625 0.9009545625 0.7270532203125 0.9055666765625 0.7164130671875 0.907621471875 0.70227698125 0.8968136890625 0.6808801984375 0.89141495 0.6771356734375 0.8779131328125 0.677181490625 0.8685262453125 0.6722699999999999 0.8538777015625 0.6713974421875 0.83848338125 0.679049153125 0.8245657109375 0.697873715625 0.81632058125 0.7032877281250001 0.802499146875 0.7069868015624999 0.79359950625 0.7152067234375 0.789570875 0.723852803125 0.78857650625 0.7352184921875 0.7913927203125 0.7497807375 0.7957310328125 0.7562956578125 0.80187058125 0.76092304375 0.81002444375 0.7612273890625 0.8252767109375 0.7551993484375 0.8335371140625 0.7542859421875 0.8501950031250001 0.7602425890625 0.8650211125 0.7590855578125