5 0.25841902499999997 0.6478900609375 0.25836084531250003 0.6467949421875 0.226483996875 0.64231494375 0.2156401703125 0.6852633234375001 0.209114240625 0.7301808421875 0.21289054218749998 0.7305642515625 0.252709440625 0.71508046875 0.26715034531250004 0.69803765625 0.2800003 0.6923150421875001 0.2930883546875 0.6935675406249999 0.281879553125 0.6873448046874999 0.2742257640625 0.6739517171875 0.2728546578125 0.6582629140625 0.260264021875 0.6517253828125 0.25841902499999997 0.6478900609375
5 0.293667453125 0.8053408515625 0.27821776875 0.804992903125 0.261744290625 0.7936434359375 0.21957090468749998 0.7937392 0.20981238750000003 0.79889248125 0.198991246875 0.7998566984375 0.1972432421875 0.81188809375 0.202474009375 0.81743105625 0.2448330515625 0.82819205625 0.3024224921875 0.8374876796875 0.4441080171875 0.8723580625 0.44510959375 0.8696079624999999 0.43297641093749994 0.84964406875 0.42974905156250004 0.83211978125 0.42885125 0.833675375 0.41324715312500004 0.847675684375 0.40911338124999996 0.848054834375 0.35291912812500004 0.8144079078124999 0.3525926875 0.8123044296874999 0.35341347343749996 0.8076375890625 0.3359893609375 0.8022912468750001 0.33457941562500004 0.8034268015625001 0.3255183875 0.8107244609375 0.3067192015625 0.81674911875 0.300212171875 0.814596515625 0.293667453125 0.8053408515625
1 0.58071909375 0.8241238 0.5784741078125 0.83242966875 0.5797879625 0.846085228125 0.630111625 0.940546065625 0.6578706796875 0.943201203125 0.659725275 0.9413785000000001 0.6625506015625 0.943648834375 0.5695404125 0.7584504265625001 0.49321006875 0.9274515093750001 0.502015615625 0.9174427171874999 0.58438390625 0.8140678749999999 0.586145803125 0.82059489375 0.58071909375 0.8241238
5 0.596511846875 0.4713470703125 0.5905224546875 0.4699903109375 0.54817006875 0.474610671875 0.5978977000000001 0.493231575 0.595455375 0.48252872656249995 0.596511846875 0.4713470703125
5 0.5615740812500001 0.5654173578125 0.53289175 0.5552124265625 0.52431524375 0.552160978125 0.5253594390625 0.5845064468750001 0.52691196875 0.5837912046875 0.5293120359375 0.5740974421875 0.5527670890625 0.5710610484374999 0.5615740812500001 0.5654173578125
6 0.6359516171874999 0.9222748171875 0.6139165640625001 0.8908347828125001 0.5943320812499999 0.85092126875 0.586145803125 0.82059489375 0.58071909375 0.8241238 0.5784741078125 0.83242966875 0.5797879625 0.846085228125 0.6356411953125 0.95092543125 0.6455322625 0.953393203125 0.6539695203125 0.947035275 0.659725275 0.9413785000000001 0.6359516171874999 0.9222748171875
3 0.44825992656249997 0.467174096875 0.45783676093750003 0.46937975625000006 0.46844806562499997 0.47645928125000003 0.48287831875 0.4900327546875 0.508645275 0.5042022375 0.52393163125 0.540278065625 0.52431524375 0.552160978125 0.5615740812500001 0.5654173578125 0.5749982328125001 0.556814896875 0.57992675625 0.5404810953125 0.604337340625 0.5247714828125 0.6061078296875 0.5166438984374999 0.6062341375 0.5039164046875 0.603032440625 0.49515431875000004 0.4798462921875 0.44902629687499995 0.45510507499999997 0.45552368593750003 0.3794773890625 0.43769107187499995 0.3723543375 0.445002109375 0.3682802421875 0.46216205 0.3717962359375 0.47263072812500007 0.402859703125 0.48671490625 0.40477110937500005 0.482985090625 0.41023740468750003 0.4777352640625 0.44825992656249997 0.467174096875
0 0.77723525 0.9202000265624999 0.7815937109375 0.9128177031250001 0.7747268390625 0.9151239999999999 0.76401945625 0.9041227031249999 0.7589974046875 0.920672303125 0.7454144375 0.93736293125 0.7462541265625 0.9393234937500001 0.7532551109375001 0.9409094093749999 0.77723525 0.9202000265624999
6 0.8114748281249999 0.771873275 0.79592798125 0.7770948125 0.7878012203125 0.77636414375 0.781912265625 0.7714217796875 0.7779208640624999 0.7646887375 0.7758706375 0.7499990609375 0.777458478125 0.7387009890625 0.7819340890625 0.7302776015625 0.7912517296875 0.7225347156249999 0.8052478171875 0.71956406875 0.8137649953125001 0.71458899375 0.82864879375 0.6965186250000001 0.844422475 0.6896830765625 0.8454328515625 0.6897965671875 0.8433301890625 0.6873579015625 0.83203981875 0.66925970625 0.8244703234375 0.665964609375 0.815800884375 0.6736713 0.806961128125 0.6889403890625 0.8056009828124999 0.6954430578124999 0.7928227234375 0.7101586265625001 0.7557061593750001 0.767864190625 0.7557009984375 0.7678711203125 0.755047828125 0.7739922406249999 0.7611007875 0.7981473453125 0.7599823359375 0.8105871390624999 0.7670001640625 0.8323584484375001 0.764863409375 0.9013415453125001 0.76401945625 0.9041227031249999 0.7747268390625 0.9151239999999999 0.7831573656249999 0.9122925375 0.8009125703125 0.8875663140625001 0.8860978203125001 0.7513816515625 0.886242221875 0.749775553125 0.8612059796875 0.7722789734375 0.8509613734375 0.77783421875 0.8360950296875 0.778213725 0.8197717140625 0.7713934359375 0.8114748281249999 0.771873275
5 0.5482210109375 0.5739742640625 0.7539478421875 0.7243716921875001 0.7599044046875 0.5892376687499999 0.5482210109375 0.5739742640625
5 0.6625506015625 0.943648834375 0.682509021875 0.9540119953125 0.687817465625 0.9610565390625 0.7279646796875 0.9666988625 0.7369189328125 0.9478021312499999 0.7589974046875 0.920672303125 0.764863409375 0.9013415453125001 0.7670001640625 0.8323584484375001 0.7599823359375 0.8105871390624999 0.7611007875 0.7981473453125 0.755047828125 0.7739922406249999 0.7570343281249999 0.7553759531249999 0.7538392468749999 0.7467388765625 0.7539478421875 0.7243716921875001 0.6908621734375 0.758978053125 0.652584728125 0.784012684375 0.5756229484375 0.7603227203125 0.57627544375 0.7652866109375001 0.577454353125 0.766483228125 0.5987526812499999 0.7960346015625 0.58438390625 0.8140678749999999 0.5943320812499999 0.85092126875 0.6139165640625001 0.8908347828125001 0.6359516171874999 0.9222748171875 0.6625506015625 0.943648834375
5 0.7430826171875 0.5234382390625 0.720127671875 0.5167362265625 0.6353392328125 0.5048199890625 0.57992675625 0.5404810953125 0.5749982328125001 0.556814896875 0.6108105859374999 0.533865640625 0.6993954515625 0.5642679046875 0.6883777265625 0.6426630953125 0.7194862703125 0.646482359375 0.7332074640624999 0.6522872859375 0.737707559375 0.661641946875 0.7395723234375 0.675956478125 0.7385577375000001 0.7073107671875001 0.732426603125 0.726800921875 0.7234957515625 0.7386290921875001 0.7154253671874999 0.7408868453124999 0.6005726578125 0.7271681859375 0.58285465 0.7226386828125 0.5810711375000001 0.7234489421875 0.5530714546875 0.74173411875 0.5695404125 0.7584504265625001 0.652584728125 0.784012684375 0.6908621734375 0.758978053125 0.7614796828125 0.7202400156250001 0.7813438828125 0.7056522171874999 0.789105315625 0.6937083703125 0.7872075671875 0.6886622874999999 0.78907768125 0.681538815625 0.781866696875 0.66792521875 0.7832508578125 0.6611679374999999 0.7815857234375 0.651375178125 0.773980909375 0.6251060749999999 0.7599044046875 0.5892376687499999 0.7546625687499999 0.5585212890625 0.7430826171875 0.5234382390625
0 0.5004141109375 0.5823991828125 0.49613951093750003 0.5822282890625 0.48370307500000004 0.5667248859375 0.455619678125 0.5799724921875 0.4584037171875 0.591023896875 0.459113134375 0.5910658609375 0.4789300140625 0.594248278125 0.4886337328125 0.59864794375 0.4947734421875 0.593081884375 0.5204209234375 0.5867815890625 0.5253594390625 0.5845064468750001 0.52393163125 0.540278065625 0.508645275 0.5042022375 0.48287831875 0.4900327546875 0.4969233625 0.50324389375 0.5018245671875 0.51424939375 0.4996599171875 0.541886184375 0.502080340625 0.546390090625 0.5034081625 0.5488608937499999 0.50414641875 0.5558424359374999 0.5004141109375 0.5823991828125
0 0.388053215625 0.5438252171875 0.3893119953125 0.5360266640625 0.360589584375 0.5859664718750001 0.3712377296875 0.5858678281249999 0.3981829 0.5874616968749999 0.39432265312500003 0.5765309937499999 0.3880873890625 0.5588751796875 0.388053215625 0.5438252171875
5 0.4589174171875 0.9445832734374999 0.47193925937500003 0.9464133734375 0.48555353749999997 0.9361542765624999 0.502015615625 0.9174427171874999 0.5987526812499999 0.7960346015625 0.577454353125 0.766483228125 0.5530714546875 0.74173411875 0.5108654125000001 0.7692967453125 0.442098703125 0.8020692984375 0.4423320390625 0.8044617515624999 0.440680821875 0.813178628125 0.42974905156250004 0.83211978125 0.43297641093749994 0.84964406875 0.44510959375 0.8696079624999999 0.43609988125 0.8943465249999999 0.4351173734375 0.9052743156249999 0.4589174171875 0.9445832734374999
6 0.6993954515625 0.5642679046875 0.6108105859374999 0.533865640625 0.5482210109375 0.5739742640625 0.5204209234375 0.5867815890625 0.4947734421875 0.593081884375 0.4886337328125 0.59864794375 0.49163017187499997 0.6000065296875 0.493652084375 0.6082374125000001 0.49296547031250004 0.62443169375 0.490869728125 0.6502899765625 0.54061245 0.6504173265625 0.5867924140625 0.6355865328125 0.610402525 0.633089909375 0.6883777265625 0.6426630953125 0.6993954515625 0.5642679046875
6 0.3586244328125 0.772125778125 0.35006577656250004 0.77945530625 0.295228659375 0.8053760125 0.293667453125 0.8053408515625 0.300212171875 0.814596515625 0.3067192015625 0.81674911875 0.3255183875 0.8107244609375 0.3359893609375 0.8022912468750001 0.35341347343749996 0.8076375890625 0.354713746875 0.8002444640625 0.357977778125 0.7921803921875 0.364702359375 0.7837503890625 0.39312991406250003 0.7664386171875 0.412646325 0.7670507703125 0.4300281265625 0.773755025 0.43595081249999995 0.7801272234375001 0.4411100078125 0.79193194375 0.442098703125 0.8020692984375 0.5108654125000001 0.7692967453125 0.5810711375000001 0.7234489421875 0.58285465 0.7226386828125 0.5753135390625 0.7207108437499999 0.5515159296875 0.70040645 0.533918796875 0.6911493906249999 0.4883911 0.6808724671874999 0.4880939015625 0.68453945625 0.4757012328125 0.716174009375 0.468317025 0.723480284375 0.45524618281249996 0.72601399375 0.36724230156250004 0.7132485187500001 0.36063554375 0.7117251578125 0.36609497968750004 0.7189700734375 0.3702718765625 0.732104696875 0.37029581718750004 0.74264804375 0.3661827640625 0.7576290125 0.3586244328125 0.772125778125
3 0.37029581718750004 0.74264804375 0.3702718765625 0.732104696875 0.36609497968750004 0.7189700734375 0.36063554375 0.7117251578125 0.301045628125 0.6979851421875 0.2930883546875 0.6935675406249999 0.2800003 0.6923150421875001 0.26715034531250004 0.69803765625 0.252709440625 0.71508046875 0.21289054218749998 0.7305642515625 0.2000246265625 0.7292579703125 0.17895389374999998 0.7363347484375 0.1739096875 0.7436562953125 0.17049633125000002 0.7572298890625 0.1708129203125 0.772833403125 0.17562832343749998 0.78856728125 0.1814813015625 0.7969184234375 0.187956825 0.800839921875 0.20981238750000003 0.79889248125 0.21957090468749998 0.7937392 0.261744290625 0.7936434359375 0.27821776875 0.804992903125 0.295228659375 0.8053760125 0.35006577656250004 0.77945530625 0.3586244328125 0.772125778125 0.3661827640625 0.7576290125 0.37029581718750004 0.74264804375
5 0.44825992656249997 0.467174096875 0.41023740468750003 0.4777352640625 0.40477110937500005 0.482985090625 0.3947020984375 0.5026332078125 0.388053215625 0.5438252171875 0.3880873890625 0.5588751796875 0.3981829 0.5874616968749999 0.4584037171875 0.591023896875 0.455619678125 0.5799724921875 0.48370307500000004 0.5667248859375 0.49613951093750003 0.5822282890625 0.5004141109375 0.5823991828125 0.50414641875 0.5558424359374999 0.5034081625 0.5488608937499999 0.4996599171875 0.541886184375 0.5018245671875 0.51424939375 0.4969233625 0.50324389375 0.46844806562499997 0.47645928125000003 0.45783676093750003 0.46937975625000006 0.44825992656249997 0.467174096875
6 0.4880939015625 0.68453945625 0.4883911 0.6808724671874999 0.48272502968750003 0.67959346875 0.4763165015625 0.666578625 0.4789364265625 0.654832646875 0.48442284999999996 0.6502734718750001 0.490869728125 0.6502899765625 0.49296547031250004 0.62443169375 0.493652084375 0.6082374125000001 0.49163017187499997 0.6000065296875 0.4789300140625 0.594248278125 0.459113134375 0.5910658609375 0.3712377296875 0.5858678281249999 0.34736648593749997 0.5860889671875 0.27921739218749997 0.5931993515625 0.273172703125 0.6022832265625 0.27297893281249996 0.6149707484375 0.2707084890625 0.6198170281250001 0.266805771875 0.616487184375 0.2575470765625 0.6314767375 0.25841902499999997 0.6478900609375 0.260264021875 0.6517253828125 0.2728546578125 0.6582629140625 0.2742257640625 0.6739517171875 0.281879553125 0.6873448046874999 0.301045628125 0.6979851421875 0.36724230156250004 0.7132485187500001 0.45524618281249996 0.72601399375 0.468317025 0.723480284375 0.4757012328125 0.716174009375 0.4880939015625 0.68453945625
3 0.7332074640624999 0.6522872859375 0.7194862703125 0.646482359375 0.610402525 0.633089909375 0.5867924140625 0.6355865328125 0.54061245 0.6504173265625 0.48442284999999996 0.6502734718750001 0.4789364265625 0.654832646875 0.4763165015625 0.666578625 0.48272502968750003 0.67959346875 0.533918796875 0.6911493906249999 0.5515159296875 0.70040645 0.5753135390625 0.7207108437499999 0.6005726578125 0.7271681859375 0.7154253671874999 0.7408868453124999 0.7234957515625 0.7386290921875001 0.732426603125 0.726800921875 0.7385577375000001 0.7073107671875001 0.7395723234375 0.675956478125 0.737707559375 0.661641946875 0.7332074640624999 0.6522872859375
3 0.4300281265625 0.773755025 0.412646325 0.7670507703125 0.39312991406250003 0.7664386171875 0.364702359375 0.7837503890625 0.357977778125 0.7921803921875 0.354713746875 0.8002444640625 0.3525926875 0.8123044296874999 0.3554998140625 0.8310370234375 0.360776471875 0.8420059703125 0.3721971828125 0.8517077093750001 0.387182353125 0.8542398765625 0.3985691859375 0.8490219515625 0.41324715312500004 0.847675684375 0.42885125 0.833675375 0.440680821875 0.813178628125 0.4423320390625 0.8044617515624999 0.4411100078125 0.79193194375 0.43595081249999995 0.7801272234375001 0.4300281265625 0.773755025
3 0.8509613734375 0.77783421875 0.8612059796875 0.7722789734375 0.8885220203124999 0.7477263921875 0.8936846765625001 0.7373422015625 0.89647648125 0.723333028125 0.88680333125 0.7013999328125 0.8816079640625001 0.6973779906249999 0.868122253125 0.696717115625 0.8590052765625 0.691321084375 0.844422475 0.6896830765625 0.82864879375 0.6965186250000001 0.8137649953125001 0.71458899375 0.8052478171875 0.71956406875 0.7912517296875 0.7225347156249999 0.7819340890625 0.7302776015625 0.777458478125 0.7387009890625 0.7758706375 0.7499990609375 0.7779208640624999 0.7646887375 0.781912265625 0.7714217796875 0.7878012203125 0.77636414375 0.79592798125 0.7770948125 0.8114748281249999 0.771873275 0.8197717140625 0.7713934359375 0.8360950296875 0.778213725 0.8509613734375 0.77783421875