5 0.31007564374999996 0.7158780765625 0.30063238281250004 0.7036805312500001 0.2970911609375 0.68833523125 0.2837132078125 0.6836136015625 0.28135239218749997 0.680072378125 0.28114236875 0.6789960140625 0.24895224843750002 0.6789960140625 0.2441912125 0.7230355921875 0.24398010312500001 0.7684242109375 0.2477730140625 0.7682783296875 0.2850494703125 0.7474035140625 0.2969779375 0.7285167765625 0.308906403125 0.7210614859375 0.3220414 0.7204802906250001 0.31007564374999996 0.7158780765625
5 0.3784181265625 0.82349596875 0.3704609171875 0.8319836593750001 0.3526831546875 0.8405660265625 0.345939865625 0.839339975 0.3381707 0.8310852359374999 0.322822946875 0.8328908546875 0.30493024687500003 0.8239445046875 0.2631806171875 0.8299087374999999 0.25423426718750003 0.836369990625 0.24365262968749998 0.8388308359375 0.24359608281249998 0.8509884171875 0.24954737656249998 0.8557494531250001 0.292991825 0.8605104890625 0.351314509375 0.861700746875 0.49647417968749996 0.8765129593750001 0.4970832703125 0.8736502312500001 0.48228972968750006 0.8555692374999999 0.47665486875 0.83866465625 0.4759823015625 0.8403300609375 0.46247852968750003 0.8563657906250001 0.45843775468750003 0.8573165609375 0.3981076328125 0.8318178125 0.397491621875 0.8297802375 0.3976549203125 0.8250445828125 0.3796563109375 0.8221752390624999 0.3784181265625 0.82349596875
1 0.5527659 0.92423655625 0.560092796875 0.9130996734375 0.6272724875 0.79926741875 0.6299256234375 0.8054857078125 0.62504285625 0.8097355234375 0.623975671875 0.8182730015624999 0.6271772265625 0.8316128125000001 0.69015755 0.9181506625000001 0.7180159781250001 0.916916646875 0.7195988546875001 0.9148535734375001 0.7227126546875 0.9167086031249999 0.604832996875 0.74625705 0.5527659 0.92423655625
5 0.5854649546874999 0.457684071875 0.5441677687500001 0.46815378125 0.596002984375 0.47967271875 0.592094878125 0.46941393593749997 0.5915848828125 0.458194065625 0.5854649546874999 0.457684071875
5 0.5368736671875001 0.580154684375 0.5383115453125 0.5792303328124999 0.53933914375 0.569296884375 0.56214335 0.563025728125 0.5700791828125 0.5562112640625 0.540255734375 0.55009745625 0.5313380140625 0.5482693234375 0.5368736671875001 0.580154684375
6 0.697077834375 0.9276594499999999 0.707216090625 0.9287266359374999 0.714686384375 0.9212563421875 0.7195988546875001 0.9148535734375001 0.693397840625 0.899244459375 0.667201625 0.871177084375 0.6422528484375001 0.8343776390625001 0.6299256234375 0.8054857078125 0.62504285625 0.8097355234375 0.623975671875 0.8182730015624999 0.6271772265625 0.8316128125000001 0.697077834375 0.9276594499999999
3 0.3692348390625 0.49073960000000005 0.40195613750000003 0.5003635125 0.40332985312499997 0.49640397812500003 0.408012315625 0.49044448125000006 0.444194975 0.4746943828125 0.4539855765625 0.4755457390625 0.46547889218750005 0.4810795578125 0.48165777343749994 0.49251263281249996 0.5091459781250001 0.5029581515625 0.529304353125 0.53655544375 0.5313380140625 0.5482693234375 0.5700791828125 0.5562112640625 0.5821754609375 0.5458242421875 0.58478279375 0.52896348125 0.6067694609375 0.5100094578125 0.607391578125 0.501714565625 0.6057453328125 0.48909335625 0.6013553468749999 0.48086213281249995 0.47294825781250005 0.4523272234375 0.4493520828125 0.46220469218750004 0.37197857968750003 0.45507096406249997 0.36594234999999997 0.46330218749999996 0.3642961046875 0.48086213281249995 0.3692348390625 0.49073960000000005
0 0.8150231281250001 0.8805328765624999 0.8038952359374999 0.8989514578125 0.8049996109374999 0.9007760781249999 0.8121531796875001 0.901372209375 0.83301775625 0.8775269796874999 0.8363063796875 0.8696099203125 0.8298273109375 0.87284945625 0.8176930468749999 0.8634454015624999 0.8150231281250001 0.8805328765624999
6 0.8955846562499999 0.7193590171875 0.886212890625 0.7262859734375 0.8715440421875 0.72873078125 0.8544303843750001 0.7242486328125 0.8462810234375 0.7258785046875 0.8316121750000001 0.7332129296875001 0.8234628140625 0.7336203984375 0.8169433250000001 0.7295457171875 0.812053709375 0.723433696875 0.807979028125 0.7091723156249999 0.807979028125 0.6977632109374999 0.8112387734375 0.6887989140624999 0.819388134375 0.6798346171875 0.8328345781250001 0.6749450015625 0.840576471875 0.66883298125 0.8528005125 0.648867046875 0.8674693609374999 0.63990275 0.8684856999999999 0.63987451875 0.866064103125 0.6377522203125 0.852364828125 0.6214014718749999 0.8444104093749999 0.6191919125 0.8368979046874999 0.6280301546875 0.8302692234375 0.6443809015624999 0.8298273109375 0.6510095828125 0.8192214203124999 0.66736033125 0.790497134375 0.7296699359375001 0.7904929890625 0.7296775156249999 0.7906980703125 0.7358299703125 0.8000538625000001 0.7589075890625 0.8006775812500001 0.771381978125 0.8106570921875 0.79196471875 0.818141725 0.8605738546874999 0.8176930468749999 0.8634454015624999 0.8298273109375 0.87284945625 0.837781728125 0.8688722468750001 0.8519229156250001 0.8419156093750001 0.91732590625 0.6952007921875001 0.9172453781250001 0.6935902265625 0.8955846562499999 0.7193590171875
5 0.769794515625 0.5521975125 0.5580469546875 0.566543284375 0.78270294375 0.6868454140625 0.769794515625 0.5521975125
5 0.6272724875 0.79926741875 0.6422528484375001 0.8343776390625001 0.667201625 0.871177084375 0.693397840625 0.899244459375 0.7227126546875 0.9167086031249999 0.7439191140625 0.9241932359374999 0.7501563078125 0.9304304296874999 0.7906980703125 0.9304304296874999 0.7969352656249999 0.9104714093749999 0.8150231281250001 0.8805328765624999 0.818141725 0.8605738546874999 0.8106570921875 0.79196471875 0.8006775812500001 0.771381978125 0.8000538625000001 0.7589075890625 0.7906980703125 0.7358299703125 0.7900743515624999 0.7171183875 0.785708315625 0.7090100359375 0.78270294375 0.6868454140625 0.7250474953125 0.729894815625 0.690626709375 0.760013003125 0.6111169109375 0.747264596875 0.612453896875 0.7520893703125 0.6137878703124999 0.75311026875 0.63899168125 0.7794098968750001 0.6272724875 0.79926741875
5 0.799912703125 0.610712846875 0.788725946875 0.585757778125 0.769794515625 0.5521975125 0.7603288 0.5225095843750001 0.7439789265625001 0.489379578125 0.7203146375 0.4859375 0.6346929328125 0.4859375 0.58478279375 0.52896348125 0.5821754609375 0.5458242421875 0.614445371875 0.518114209375 0.7063993125 0.5358919703125 0.7063993125 0.6150575953125 0.73773665 0.61451021875 0.7521321984375 0.61834903125 0.7578904171875 0.6269863609375 0.76172923125 0.6409020578125 0.7650881921875 0.6720924125 0.76172923125 0.6922461796875 0.75453145625 0.7052021734375 0.7468538312499999 0.708561134375 0.6312095921875 0.7109603921875001 0.6130336296875 0.708940840625 0.611380240625 0.70999143125 0.5861978531250001 0.731995459375 0.604832996875 0.74625705 0.690626709375 0.760013003125 0.7250474953125 0.729894815625 0.7895864671874999 0.6817057171875 0.8072271203125 0.6644953234375001 0.8132507578125001 0.6515875296875 0.8106691984375001 0.646854671875 0.8115297171875 0.6395402546875 0.8024942625 0.6270627203125 0.8029245218750001 0.6201785625 0.799912703125 0.610712846875
0 0.5054926562500001 0.54152588125 0.5085163484375 0.5456490984375 0.5101751171875 0.5479110578124999 0.51187783125 0.5547219109375 0.51187783125 0.581539646875 0.507621046875 0.581965325 0.493147984375 0.5683436171875 0.4671816046875 0.5853707515625 0.4714766078125 0.5959271421875 0.4721849609375 0.595869965625 0.49225189062499997 0.5962634359375001 0.5024734890625 0.5992697875 0.5077788015625 0.5929034140625 0.5322998515624999 0.58309499375 0.5368736671875001 0.580154684375 0.529304353125 0.53655544375 0.5091459781250001 0.5029581515625 0.48165777343749994 0.49251263281249996 0.4974047671875 0.503640509375 0.5037899421875001 0.5138567890625 0.5054926562500001 0.54152588125
0 0.3844413265625 0.6029524125 0.4113460921875 0.6007807265625 0.40600215312500004 0.59049364375 0.39737035625 0.5738774359375001 0.395241965625 0.5589786937500001 0.3954031453125 0.5510808484374999 0.3739105375 0.60453203125 0.3844413265625 0.6029524125
5 0.48228972968750006 0.8555692374999999 0.4970832703125 0.8736502312500001 0.49160418124999994 0.89940195 0.492152090625 0.9103601296875 0.5211912625 0.945974209375 0.534341078125 0.945974209375 0.5463950734374999 0.9339202125 0.560092796875 0.9130996734375 0.63899168125 0.7794098968750001 0.6137878703124999 0.75311026875 0.5861978531250001 0.731995459375 0.548238534375 0.7651637953125 0.48470211562500004 0.807187884375 0.4852661453125 0.8095245796875 0.48484415312499995 0.8183864296875001 0.47665486875 0.83866465625 0.48228972968750006 0.8555692374999999
6 0.5611512578125 0.643301315625 0.6048177546875 0.6221878453125 0.6278506312500001 0.616429625 0.7063993125 0.6150575953125 0.7063993125 0.5358919703125 0.614445371875 0.518114209375 0.5580469546875 0.566543284375 0.5322998515624999 0.58309499375 0.5077788015625 0.5929034140625 0.5024734890625 0.5992697875 0.5056298453125 0.600198128125 0.5087775984375 0.6080675125 0.510351475 0.62419975 0.5118749046875 0.650098053125 0.5611512578125 0.643301315625
6 0.397872878125 0.7354750484375 0.40383711250000004 0.747900534375 0.4053281703125 0.7583379421875 0.4033400921875 0.77374554375 0.397872878125 0.7891531453125 0.3904175875 0.7976024765624999 0.33972160625000003 0.8309027765625 0.3381707 0.8310852359374999 0.345939865625 0.839339975 0.3526831546875 0.8405660265625 0.3704609171875 0.8319836593750001 0.3796563109375 0.8221752390624999 0.3976549203125 0.8250445828125 0.397913615625 0.8175424437500001 0.40002357968749996 0.8091025859375 0.4055094875 0.7998187421875 0.4312510546875 0.778719096875 0.450662728125 0.7766091328125 0.4688084234375 0.7808290625 0.47556030937499993 0.78631496875 0.48231219531249997 0.797286784375 0.48470211562500004 0.807187884375 0.548238534375 0.7651637953125 0.611380240625 0.70999143125 0.6130336296875 0.708940840625 0.60529760625 0.7080812828124999 0.5789057671875 0.6912864765625 0.5601915546875 0.684568553125 0.513676659375 0.680727875 0.5138926984375 0.6844005390625 0.5060233140625 0.717451953125 0.49972780625 0.7257148078125 0.48713679218749995 0.7300429687500001 0.3982127484375 0.7296495000000001 0.3914582765625 0.7290604468749999 0.397872878125 0.7354750484375
3 0.33972160625000003 0.8309027765625 0.3904175875 0.7976024765624999 0.397872878125 0.7891531453125 0.4033400921875 0.77374554375 0.4053281703125 0.7583379421875 0.40383711250000004 0.747900534375 0.397872878125 0.7354750484375 0.3914582765625 0.7290604468749999 0.33053604375 0.7237474609375 0.3220414 0.7204802906250001 0.308906403125 0.7210614859375 0.2969779375 0.7285167765625 0.2850494703125 0.7474035140625 0.2477730140625 0.7682783296875 0.23485050937500002 0.7687753500000001 0.21496973281249998 0.7787157375 0.210993578125 0.7866680484375 0.20950251875 0.8005845921875 0.2119876171875 0.81599219375 0.2189458890625 0.8309027765625 0.22590416093750001 0.8383580687500001 0.23286243281250002 0.841340184375 0.25423426718750003 0.836369990625 0.2631806171875 0.8299087374999999 0.30493024687500003 0.8239445046875 0.322822946875 0.8328908546875 0.33972160625000003 0.8309027765625
5 0.5037899421875001 0.5138567890625 0.4974047671875 0.503640509375 0.46547889218750005 0.4810795578125 0.4539855765625 0.4755457390625 0.444194975 0.4746943828125 0.408012315625 0.49044448125000006 0.40332985312499997 0.49640397812500003 0.396093321875 0.5172622171875 0.395241965625 0.5589786937500001 0.39737035625 0.5738774359375001 0.4113460921875 0.6007807265625 0.4714766078125 0.5959271421875 0.4671816046875 0.5853707515625 0.493147984375 0.5683436171875 0.507621046875 0.581965325 0.51187783125 0.581539646875 0.51187783125 0.5547219109375 0.5101751171875 0.5479110578124999 0.5054926562500001 0.54152588125 0.5037899421875001 0.5138567890625
6 0.3982127484375 0.7296495000000001 0.48713679218749995 0.7300429687500001 0.49972780625 0.7257148078125 0.5060233140625 0.717451953125 0.5138926984375 0.6844005390625 0.513676659375 0.680727875 0.5078877281249999 0.6802498890625001 0.4997302515625 0.6682535984375 0.5006899546875 0.656257309375 0.5054884703125 0.6509789406250001 0.5118749046875 0.650098053125 0.510351475 0.62419975 0.5087775984375 0.6080675125 0.5056298453125 0.600198128125 0.49225189062499997 0.5962634359375001 0.4721849609375 0.595869965625 0.3844413265625 0.6029524125 0.3608331734375 0.606493634375 0.29433687656249996 0.6230193421875 0.2896152453125 0.632856071875 0.291189121875 0.6454470875 0.2896152453125 0.6505621875 0.285287084375 0.647807903125 0.2782046375 0.6639401406250001 0.28135239218749997 0.680072378125 0.2837132078125 0.6836136015625 0.2970911609375 0.68833523125 0.30063238281250004 0.7036805312500001 0.31007564374999996 0.7158780765625 0.33053604375 0.7237474609375 0.3982127484375 0.7296495000000001
3 0.76172923125 0.6922461796875 0.7650881921875 0.6720924125 0.76172923125 0.6409020578125 0.7578904171875 0.6269863609375 0.7521321984375 0.61834903125 0.73773665 0.61451021875 0.6278506312500001 0.616429625 0.6048177546875 0.6221878453125 0.5611512578125 0.643301315625 0.5054884703125 0.6509789406250001 0.5006899546875 0.656257309375 0.4997302515625 0.6682535984375 0.5078877281249999 0.6802498890625001 0.5601915546875 0.684568553125 0.5789057671875 0.6912864765625 0.60529760625 0.7080812828124999 0.6312095921875 0.7109603921875001 0.7468538312499999 0.708561134375 0.75453145625 0.7052021734375 0.76172923125 0.6922461796875
3 0.48484415312499995 0.8183864296875001 0.4852661453125 0.8095245796875 0.48231219531249997 0.797286784375 0.47556030937499993 0.78631496875 0.4688084234375 0.7808290625 0.450662728125 0.7766091328125 0.4312510546875 0.778719096875 0.4055094875 0.7998187421875 0.40002357968749996 0.8091025859375 0.397913615625 0.8175424437500001 0.397491621875 0.8297802375 0.4029775296875 0.8479259328125 0.4097294171875 0.8580537625 0.422389203125 0.866071628125 0.4375809484375 0.8664936203125 0.44813077031250004 0.8597417343749999 0.46247852968750003 0.8563657906250001 0.4759823015625 0.8403300609375 0.48484415312499995 0.8183864296875001
3 0.8316121750000001 0.7332129296875001 0.8462810234375 0.7258785046875 0.8544303843750001 0.7242486328125 0.8715440421875 0.72873078125 0.886212890625 0.7262859734375 0.8955846562499999 0.7193590171875 0.9192178015625 0.691243721875 0.9228850140624999 0.6802420859375 0.9236999499999999 0.6659807046874999 0.911068440625 0.645607303125 0.9053638890625001 0.6423475578125 0.89191744375 0.6435699625 0.8821382109375 0.6394952828125 0.8674693609374999 0.63990275 0.8528005125 0.648867046875 0.840576471875 0.66883298125 0.8328345781250001 0.6749450015625 0.819388134375 0.6798346171875 0.8112387734375 0.6887989140624999 0.807979028125 0.6977632109374999 0.807979028125 0.7091723156249999 0.812053709375 0.723433696875 0.8169433250000001 0.7295457171875 0.8234628140625 0.7336203984375 0.8316121750000001 0.7332129296875001