1 0.865586028125 0.631955840625 0.853527209375 0.6466561125 0.8442318453125001 0.65051875 0.804933984375 0.6518972453125 0.8076934187499999 0.6613799265625 0.8072407531250001 0.6640251890625 0.8133367437500001 0.66941395 0.8193030875 0.678951953125 0.8219320375000001 0.6891651671875 0.8537882078125 0.69644050625 0.865727240625 0.6960431671875 0.8676765734374999 0.6916614171875 0.8676222109375 0.674817575 0.8661109390625 0.6307574375 0.865586028125 0.631955840625
0 0.553210128125 0.4427041015625 0.583156234375 0.4424508125 0.6227288093750001 0.447247215625 0.624545690625 0.42126459687500006 0.6240981453125001 0.4151523640625 0.598169784375 0.3699267890625 0.5742472328125 0.34721904531250003 0.5450923578125 0.33533420625 0.511782765625 0.33166231874999996 0.4417314765625 0.347798771875 0.407817740625 0.36556710625 0.384944915625 0.38545015 0.415571415625 0.414329278125 0.484786753125 0.4138669390625 0.49600930312499997 0.41510405781250004 0.49676689375 0.41206732500000004 0.502834046875 0.4014049796875 0.5035653875 0.3846044859375 0.5068396875000001 0.38217266250000004 0.517400175 0.3833545890625 0.52027330625 0.38665974531249997 0.5207733046875 0.40487673593749995 0.52740843125 0.43682665781249996 0.5272361437499999 0.4392904875 0.5317663671874999 0.43885728281249997 0.553210128125 0.4427041015625
3 0.680337359375 0.8005293765625 0.6822251953125 0.7953271703125 0.6498580203125 0.772080671875 0.6494624546875001 0.7777375281250001 0.6460226812500001 0.786840990625 0.6384961015624999 0.7942570765625 0.626365859375 0.7988998203125 0.624486984375 0.8012267234375001 0.567353146875 0.9257673234375 0.5452077109375 0.9774266 0.54331061875 0.9874572374999999 0.6164872296875 0.9925742453125 0.668412703125 0.9938138656250001 0.7074122859374999 0.9112836296875001 0.7010545875 0.88503711875 0.68106198125 0.8128998109375001 0.680337359375 0.8005293765625
6 0.46032319531250004 0.741909425 0.4653184171875 0.751876565625 0.4781576796875 0.7916070515625 0.478301353125 0.786792765625 0.48244340625 0.7810088109375 0.510351946875 0.7694115734375 0.5203234265625001 0.7537568578125 0.535874021875 0.7384922703125001 0.58896656875 0.7141728796875 0.5994110578125 0.7109826890625001 0.6007762734375001 0.7036308265625 0.605956571875 0.69312576875 0.58604733125 0.6932262453125 0.46662920625000004 0.7371722609375 0.46032319531250004 0.741909425
7 0.3820113421875 0.7636915890625 0.3560528703125 0.8076461359374999 0.3561955515625 0.8124237953125 0.392419496875 0.8125729796875 0.423079521875 0.830927053125 0.44195466874999995 0.8541782671875 0.44308939687500004 0.8652232828124999 0.4508896046875 0.8695828703125 0.4541211859375 0.8779139031250001 0.4607070828125 0.886002725 0.46643363750000005 0.885926396875 0.4819709484375 0.8750936656249999 0.4960649640625 0.8508105046875001 0.486347015625 0.8329673078125 0.480616953125 0.8011714390625 0.4779535109375 0.7984484359375 0.4781576796875 0.7916070515625 0.4653184171875 0.751876565625 0.442052234375 0.705452734375 0.4342121609375 0.705540590625 0.4143898265625 0.730198103125 0.41128770000000003 0.7404700796875 0.39686516875 0.7489969203125 0.3820113421875 0.7636915890625
5 0.864323440625 0.48649790625 0.8628877078125001 0.4820265015625 0.8523261124999999 0.47764434843750003 0.8497100640624999 0.49521764375000005 0.8503640875 0.51445801875 0.8406326843749999 0.5449688218750001 0.837516496875 0.5651830109375 0.8420079109374999 0.566243084375 0.8612877687499999 0.492405040625 0.864323440625 0.48649790625
3 0.562739675 0.6006048640625 0.557166603125 0.5624934015624999 0.5386735812500001 0.5603330765625001 0.5286984171875 0.5665728796875 0.5161917984375 0.590412584375 0.4938547578125 0.59362004375 0.49358317500000004 0.5927742328125001 0.49320923906249997 0.6021036125 0.517284090625 0.5995942171875 0.5336469562499999 0.6198160890625 0.5464704796875 0.6224471296874999 0.5601780468750001 0.6186362390625 0.562739675 0.6006048640625
3 0.6021758296875 0.74096906875 0.5971003234375 0.7234262890625 0.5994110578125 0.7109826890625001 0.58896656875 0.7141728796875 0.535874021875 0.7384922703125001 0.5203234265625001 0.7537568578125 0.510351946875 0.7694115734375 0.48244340625 0.7810088109375 0.478301353125 0.786792765625 0.4779535109375 0.7984484359375 0.4818777609375 0.8024604421875001 0.48699195 0.8028180624999999 0.512985540625 0.798562115625 0.5331594765625 0.8107184078125 0.5516264859375 0.8138785453124999 0.6178540546875 0.8021576375 0.6384961015624999 0.7942570765625 0.6460226812500001 0.786840990625 0.6494624546875001 0.7777375281250001 0.6498580203125 0.772080671875 0.6476636 0.7705046125 0.60963951875 0.74893905625 0.6021758296875 0.74096906875
5 0.489213803125 0.4599418 0.4895752421875 0.4595827 0.491221321875 0.43429620937499996 0.49600930312499997 0.41510405781250004 0.484786753125 0.4138669390625 0.331811815625 0.41488877031250004 0.3209971734375 0.6094472046875 0.3207915953125 0.684210446875 0.324236246875 0.7067729968750001 0.454920459375 0.7053085296875 0.48922253125 0.701568703125 0.49590500000000004 0.534846603125 0.4926319765625 0.53461773125 0.48708015 0.531568725 0.48524392968749996 0.5261187546875 0.4866977171875 0.5037862093750001 0.4648013234375 0.506941709375 0.45816113437499995 0.5011959015625 0.4413075078125 0.4988437171875 0.4373584640625 0.47978897343750004 0.44017211562499997 0.46472810937500003 0.4663979140625 0.4589331890625 0.4725766328125 0.4628862359375 0.489213803125 0.4599418
3 0.62400993125 0.4918316921875 0.619771696875 0.48953588437500006 0.6227288093750001 0.447247215625 0.583156234375 0.4424508125 0.553210128125 0.4427041015625 0.5317663671874999 0.43885728281249997 0.5272361437499999 0.4392904875 0.522100659375 0.512731321875 0.5184996875000001 0.5277740234375 0.5432542546875 0.5347272624999999 0.63486434375 0.535258440625 0.635063384375 0.5281946859375 0.6318993046875 0.5219751078125 0.628968934375 0.500976003125 0.62400993125 0.4918316921875
6 0.48708015 0.531568725 0.4926319765625 0.53461773125 0.5102842234375 0.535852096875 0.5177154328125 0.53105016875 0.522100659375 0.512731321875 0.52740843125 0.43682665781249996 0.5207733046875 0.40487673593749995 0.52027330625 0.38665974531249997 0.517400175 0.3833545890625 0.5068396875000001 0.38217266250000004 0.5035653875 0.3846044859375 0.502834046875 0.4014049796875 0.49676689375 0.41206732500000004 0.491221321875 0.43429620937499996 0.48524392968749996 0.5261187546875 0.48708015 0.531568725
3 0.8133367437500001 0.66941395 0.8072407531250001 0.6640251890625 0.8057557750000001 0.6727030093749999 0.7908763453125001 0.688850403125 0.7732771171875 0.7224726234375 0.7750550031250001 0.7247784609375 0.7808988578125 0.72937046875 0.7819887390625 0.7221940124999999 0.8030956578125 0.72724665625 0.8043477593749999 0.7301346015625 0.80800245 0.727911534375 0.8190002671875 0.712926475 0.8221680359375 0.7031980265625 0.8225632515625 0.6916173765625 0.8193030875 0.678951953125 0.8133367437500001 0.66941395
3 0.8362414984375001 0.5734537203125 0.7225672015625 0.5662789125 0.7362660546875001 0.5767481265625001 0.7813688921875 0.6176506984375 0.7944524921875 0.6295158703125 0.8012264359374999 0.6391564125 0.804933984375 0.6518972453125 0.8442318453125001 0.65051875 0.853527209375 0.6466561125 0.865586028125 0.631955840625 0.8715526109375 0.61833376875 0.8732378671875001 0.6014038953124999 0.870397559375 0.58465896875 0.8631468484375 0.5736224765625 0.8564055953124999 0.5696412578125 0.837516496875 0.5651830109375 0.8362414984375001 0.5734537203125
1 0.8503640875 0.51445801875 0.8497100640624999 0.49521764375000005 0.8534806937500001 0.4698884609375 0.85770219375 0.46098622499999997 0.85686175 0.45013047031250003 0.86563303125 0.4047566609375 0.86686850625 0.37565120625000004 0.8629447359375 0.374577053125 0.8582891 0.3782503828125 0.8202062953125001 0.3795862578125 0.8189206203125 0.3750975828125 0.8235122359375 0.3666211171875 0.8254573875 0.35596015 0.8216449234375001 0.353294228125 0.8006652796875 0.35022763437500004 0.7948631046875 0.3474225765625 0.7864228328125 0.34803204062500004 0.7346262890624999 0.3396114140625 0.7067897765625 0.33166656875 0.6932597328125001 0.33072045625 0.6777483421875 0.33523423124999996 0.66299664375 0.33460258125000003 0.6577037171875 0.3302335796875 0.6410736125 0.327871025 0.6367713609375001 0.3207720796875 0.6328197624999999 0.3200958703125 0.6315981078124999 0.32041033125 0.619771696875 0.48953588437500006 0.62400993125 0.4918316921875 0.628968934375 0.500976003125 0.6318993046875 0.5219751078125 0.635063384375 0.5281946859375 0.6345235828125 0.5473515796874999 0.6404732578125001 0.5537659453125 0.641046528125 0.5570051390625 0.6440352796875 0.5600133515625 0.647182628125 0.5550348859375 0.6524671859375 0.553804865625 0.655798228125 0.5576367906249999 0.6539281875 0.5615049078125 0.667856175 0.562478846875 0.6668320359375 0.5428127046875 0.6715711515625 0.537945546875 0.679215540625 0.5372804312499999 0.68582196875 0.5457401625 0.702090321875 0.5532759703125001 0.7064684125 0.5566218828125 0.7123360265625001 0.5584598375 0.7225672015625 0.5662789125 0.8362414984375001 0.5734537203125 0.8406326843749999 0.5449688218750001 0.8503640875 0.51445801875
1 0.7658424078125 0.9465733140625 0.7506665984375 0.9422285609375001 0.73955158125 0.933476971875 0.7296639328125 0.9205894921875 0.72240404375 0.9036640468750001 0.717664175 0.8775332296875 0.7186662515625 0.8564947234375 0.7244015796875 0.8348490390625001 0.732611275 0.818067171875 0.7483876484375 0.8004071828124999 0.7620455140625 0.7929188015624999 0.7767447125 0.7906631140625 0.790748621875 0.7916423625 0.8121984578125 0.8001784734375 0.8283342765624999 0.8176209875 0.8123355265625 0.7485581812500001 0.8030956578125 0.72724665625 0.7819887390625 0.7221940124999999 0.7797790890625 0.73674373125 0.7706914125 0.741672025 0.7608019953125 0.7463055609375 0.7584742046875 0.750752659375 0.7366175859374999 0.784745884375 0.7292018453125 0.8088632656250001 0.7249317796875 0.8125751765624999 0.691851615625 0.80224098125 0.6822251953125 0.7953271703125 0.680337359375 0.8005293765625 0.68106198125 0.8128998109375001 0.7010545875 0.88503711875 0.7217165078125001 0.9703358140624999 0.736349190625 0.9713590312499999 0.735043825 0.967293634375 0.7500553562500001 0.9572158140625 0.75884715 0.9622021249999999 0.7609517875 0.971887178125 0.7616597781250001 0.97312891875 0.7798517656249999 0.9744010265625 0.8217834500000001 0.9658082359375 0.8280031890625 0.9507441062499999 0.8362169484375 0.9469469374999999 0.8423343843750001 0.939029065625 0.8412946187499999 0.9195297874999999 0.83741894375 0.9224955015624999 0.82349013125 0.9271504593750001 0.8046746718750001 0.941314378125 0.7855131671875 0.94701066875 0.7658424078125 0.9465733140625
3 0.8458441171875 0.9160484546875001 0.8535641875 0.9062685453125001 0.8597108453125 0.8921568953125 0.8623842609375 0.8740497359375 0.8574811828125 0.8502529031250001 0.8513279109375 0.8376265578125001 0.8444140671874999 0.8291687421875 0.8340041515625 0.8237500140625 0.8121984578125 0.8001784734375 0.790748621875 0.7916423625 0.7767447125 0.7906631140625 0.7620455140625 0.7929188015624999 0.7483876484375 0.8004071828124999 0.732611275 0.818067171875 0.7244015796875 0.8348490390625001 0.7186662515625 0.8564947234375 0.717664175 0.8775332296875 0.72240404375 0.9036640468750001 0.7296639328125 0.9205894921875 0.73955158125 0.933476971875 0.7506665984375 0.9422285609375001 0.7658424078125 0.9465733140625 0.7855131671875 0.94701066875 0.8046746718750001 0.941314378125 0.82349013125 0.9271504593750001 0.83741894375 0.9224955015624999 0.8458441171875 0.9160484546875001
6 0.8057557750000001 0.6727030093749999 0.8076934187499999 0.6613799265625 0.8012264359374999 0.6391564125 0.7944524921875 0.6295158703125 0.7362660546875001 0.5767481265625001 0.7123360265625001 0.5584598375 0.70056240625 0.5547719015625 0.6822900125 0.5620881046874999 0.6681123171875 0.5845867874999999 0.6188013781249999 0.6670779609374999 0.6007762734375001 0.7036308265625 0.5971003234375 0.7234262890625 0.6021758296875 0.74096906875 0.60963951875 0.74893905625 0.6476636 0.7705046125 0.691851615625 0.80224098125 0.7249317796875 0.8125751765624999 0.7292018453125 0.8088632656250001 0.7366175859374999 0.784745884375 0.7584742046875 0.750752659375 0.7908763453125001 0.688850403125 0.8057557750000001 0.6727030093749999