1 0.8785116281249999 0.6700537734374999 0.8801505562499999 0.66554671875 0.878921359375 0.6487476984375 0.8743402890624999 0.6049003109375 0.873900253125 0.6061324109374999 0.8628962484375 0.6216380546875 0.8538929703125 0.62613969375 0.8147869968749999 0.6302561125 0.8182011875 0.6395232046875 0.8179341484375 0.6421935999999999 0.824391190625 0.647144 0.8310083390624999 0.656242578125 0.834343321875 0.6662475265625 0.86662939375 0.67128296875 0.8785116281249999 0.6700537734374999
0 0.5140872390625 0.40365937812499997 0.5229349156249999 0.4350686296875 0.5229349156249999 0.43753847500000004 0.5274238859375 0.43679031406249996 0.5490837515625 0.4391319203125 0.5789392421875 0.43679031406249996 0.61875 0.43881458906250004 0.61875 0.4127685234375 0.6178771765625 0.4067024 0.5888571984375 0.3633956625 0.563408909375 0.3424119875 0.5334960093750001 0.33258984062499997 0.5000114203125 0.33125045625 0.43125639531250004 0.3522341328125 0.398664728125 0.3723248875 0.377234590625 0.39375502500000004 0.4098009921875 0.4204274078125 0.4788154734375 0.4151379765625 0.49009698281249997 0.4155892375 0.490640896875 0.41250705468750004 0.495949503125 0.40144745937500004 0.49550711875 0.384636875 0.49860380624999995 0.381982571875 0.5092210171875 0.38242495625 0.5123177046875 0.38552164218749996 0.5140872390625 0.40365937812499997
3 0.702449171875 0.9808630828125 0.7355967359375 0.8958134140625 0.7274236609375 0.8700743281250001 0.7024477109375 0.7995073578125 0.7008619359375 0.787217603125 0.7023822859375 0.7818963812499999 0.6684723625 0.7609643296875 0.6684723625 0.7666350000000001 0.6656759937500001 0.7759562328125 0.65868506875 0.7838792812500001 0.6469082359375 0.789356878125 0.6451962546875001 0.7918091765625 0.5968891046875 0.9200318578125 0.5784011828125 0.9731100828124999 0.5772084140625 0.9832486203125 0.6505637156249999 0.9832486203125 0.702449171875 0.9808630828125
6 0.61473535625 0.6961049953125 0.6191702390625 0.6852641671875 0.59931650625 0.686753196875 0.483254796875 0.73892235 0.47729459375000005 0.744087859375 0.4829729203125 0.753682271875 0.498552365625 0.7924203546874999 0.4983598625 0.7876077734375 0.50208835625 0.7815489734375001 0.52911993125 0.768033184375 0.537975103125 0.751721028125 0.5524230140624999 0.7354088703125 0.6036897953125 0.707445171875 0.61388630625 0.70353418125 0.61473535625 0.6961049953125
7 0.448710203125 0.70962903125 0.4306561765625 0.735609215625 0.42827814374999995 0.7460725640625 0.41448554687500005 0.7555846984375 0.4006929515625 0.7712797218749999 0.377863828125 0.8169379703124999 0.378339434375 0.8216940375 0.41448554687500005 0.8193160046875001 0.44635119999999995 0.8354866328125 0.466802290625 0.8573645437499999 0.4687047171875 0.8683035 0.4767900328125 0.872108353125 0.48059488593750005 0.8801936687499999 0.4877289875 0.8878033765625 0.49343626875 0.8873277703125 0.508180078125 0.8754376 0.520545853125 0.8502304421875 0.5096068984375 0.8331086000000001 0.5016728265625 0.80178989375 0.49882592499999995 0.799259315625 0.498552365625 0.7924203546874999 0.4829729203125 0.753682271875 0.45652505000000004 0.70899449375 0.448710203125 0.70962903125
5 0.8429397875 0.5210979453125 0.8412412609375 0.5414802671875 0.84579568125 0.542224453125 0.8598778921875001 0.46722138125 0.8624941078124999 0.461116878125 0.8607499640625 0.4567565171875 0.8499084124999999 0.453121778125 0.8485245875 0.470834753125 0.8505191578125 0.4899826359375 0.8429397875 0.5210979453125
3 0.5241893281250001 0.5981459328125001 0.5419229421875 0.6171771296874999 0.554898759375 0.6189072375 0.5683071015625 0.6141494390625 0.569604684375 0.595983296875 0.5613866671875 0.5583534296875 0.542787996875 0.5574883749999999 0.5332723984375 0.5644088109375 0.52245921875 0.5890628609374999 0.50040033125 0.5938206609375001 0.5000704093749999 0.5929958546874999 0.50034816875 0.6023285921875 0.5241893281250001 0.5981459328125001
3 0.6684723625 0.7666350000000001 0.6684723625 0.7609643296875 0.666173346875 0.7595451843750001 0.626737553125 0.7406845875 0.6187360875000001 0.7332546546875001 0.6124492218750001 0.7161086578125 0.61388630625 0.70353418125 0.6036897953125 0.707445171875 0.5524230140624999 0.7354088703125 0.537975103125 0.751721028125 0.52911993125 0.768033184375 0.50208835625 0.7815489734375001 0.4983598625 0.7876077734375 0.49882592499999995 0.799259315625 0.5030204796875 0.8029878078125 0.5081471578125 0.8029878078125 0.5337805484375 0.7969290078125 0.554753321875 0.807648425 0.5733957875 0.8095126718750001 0.63864441875 0.7932005140625 0.65868506875 0.7838792812500001 0.6656759937500001 0.7759562328125 0.6684723625 0.7666350000000001
5 0.43610120625000004 0.484207859375 0.4378574109375 0.46898741250000003 0.463615090625 0.4613771890625 0.470054509375 0.46488959999999996 0.486445759375 0.4607917875 0.48678126875 0.4604083484375 0.4866594421875 0.4350686296875 0.49009698281249997 0.4155892375 0.4788154734375 0.4151379765625 0.3262844546875 0.4268283109375 0.3290678671875 0.621667203125 0.334078009375 0.696262665625 0.33908815312499996 0.7185299671875 0.46935187031250003 0.7079529984375 0.50330950625 0.701829490625 0.4983457515625 0.535047371875 0.4950647359375 0.535047371875 0.4893137453125 0.53239306875 0.48710182656249995 0.5270844625 0.4869942328125 0.50470490625 0.4653712953125 0.5093801359375 0.4583464734375 0.5041115203125 0.44136982187499996 0.502940715625 0.43610120625000004 0.484207859375
3 0.636995325 0.5257648921875 0.6367011390624999 0.518704459375 0.6331109109375 0.512720746875 0.6287228546875 0.4919772078125 0.62313805625 0.48320109375 0.61875 0.4812065234375 0.61875 0.43881458906250004 0.5789392421875 0.43679031406249996 0.5490837515625 0.4391319203125 0.5274238859375 0.43679031406249996 0.5229349156249999 0.43753847500000004 0.5229349156249999 0.5111586453125 0.520392040625 0.5264158937500001 0.545571340625 0.5316254046875 0.636995325 0.5257648921875
6 0.495949503125 0.40144745937500004 0.490640896875 0.41250705468750004 0.4866594421875 0.4350686296875 0.48710182656249995 0.5270844625 0.4893137453125 0.53239306875 0.4950647359375 0.535047371875 0.5127600875 0.535047371875 0.5198382296874999 0.529738765625 0.5229349156249999 0.5111586453125 0.5229349156249999 0.4350686296875 0.5140872390625 0.40365937812499997 0.5123177046875 0.38552164218749996 0.5092210171875 0.38242495625 0.49860380624999995 0.381982571875 0.49550711875 0.384636875 0.495949503125 0.40144745937500004
3 0.8330761984375 0.6901554625 0.835557628125 0.680229740625 0.8351440562500001 0.66864973125 0.8310083390624999 0.656242578125 0.824391190625 0.647144 0.8179341484375 0.6421935999999999 0.8170581218749999 0.65095386875 0.8033413234375001 0.668099865625 0.788130334375 0.70286784375 0.7900647359375 0.7050440453125 0.796214678125 0.7092172203125 0.7968013 0.70198221875 0.8182092578125 0.7055502109375 0.8196597625 0.7083437781249999 0.8231504765625001 0.7058711890625 0.8330761984375 0.6901554625
3 0.8754008000000001 0.558615115625 0.8673978859375 0.5481112921875 0.8603953375 0.5446100171875 0.8412412609375 0.5414802671875 0.8405463031249999 0.54981976875 0.726648421875 0.5505919578125 0.7410442015625 0.560080084375 0.7888903890625001 0.59773680625 0.802769790625 0.608660409375 0.8101997234375 0.617804940625 0.8147869968749999 0.6302561125 0.8538929703125 0.62613969375 0.8628962484375 0.6216380546875 0.873900253125 0.6061324109374999 0.8789020734375 0.5921273140625 0.87940225625 0.5751211234375 0.8754008000000001 0.558615115625
1 0.7158967390625001 0.5435056203124999 0.726648421875 0.5505919578125 0.8405463031249999 0.54981976875 0.8429397875 0.5210979453125 0.8505191578125 0.4899826359375 0.8485245875 0.470834753125 0.8505191578125 0.44530424375 0.8541093859375 0.43612921718750003 0.8525137296875 0.4253585328125 0.858098528125 0.3794833984375 0.8573007 0.3503626609375 0.8533115578125001 0.3495648328125 0.8489235015625001 0.35355397499999996 0.8110266515625 0.3575431171875 0.80943099375 0.3531550609375 0.8134201359375 0.3443789484375 0.8146168781249999 0.3336082640625 0.8106277359374999 0.3312147796875 0.7894852828125 0.32961912187500003 0.7835015703125 0.3272256375 0.7751243718749999 0.3284223796875 0.722866609375 0.323635409375 0.6945437 0.31765169531250004 0.6809806171874999 0.31765169531250004 0.6658218765624999 0.3232364953125 0.6510620515625 0.323635409375 0.6454772515625 0.3196462671875 0.6287228546875 0.318449525 0.623935884375 0.3116679828125 0.6199467421875 0.31126906875000004 0.61875 0.3116679828125 0.61875 0.4812065234375 0.62313805625 0.48320109375 0.6287228546875 0.4919772078125 0.6331109109375 0.512720746875 0.6367011390624999 0.518704459375 0.63749896875 0.5378523421875 0.6438815953125 0.5438360546875 0.6446794234375 0.54702736875 0.6478707375 0.54981976875 0.6506631375 0.5446338828124999 0.655849021875 0.5430382265625 0.6594392499999999 0.5466284546875 0.6578435921875 0.550617596875 0.671805590625 0.550617596875 0.6694121046875 0.5310708 0.6738001609375 0.5258849156250001 0.68137953125 0.5246881734375 0.6885599874999999 0.5326664562500001 0.705314384375 0.539049084375 0.709915209375 0.5420814468749999 0.7158967390625001 0.5435056203124999
1 0.8660688046875 0.89792916875 0.8524986359375 0.9035444109374999 0.8347170343749999 0.918986328125 0.815999559375 0.9260053812500001 0.796346209375 0.9269412546875 0.7809042921875 0.9236656968749999 0.7692058703125 0.9157107703125 0.7584433234375 0.9035444109374999 0.7500204593750001 0.8871666203125 0.7434693421875 0.8614300921875 0.74300140625 0.8403729328124999 0.7472128375 0.8183799 0.7542318906250001 0.8010662343750001 0.768737934375 0.782348759375 0.7818401671874999 0.7739258953125 0.796346209375 0.7706503375 0.8103843156250001 0.7706503375 0.83237735 0.7776693906250001 0.849690590625 0.7939438375 0.8289132359375 0.72616528125 0.8182092578125 0.7055502109375 0.7968013 0.70198221875 0.7956119687500001 0.7166506328125 0.786890209375 0.7222008453125001 0.7773481015625 0.7275129453125 0.7753361953125 0.7321115890625001 0.755904065625 0.76754665 0.7501887328125 0.7921225781250001 0.746188 0.7961233109375 0.7124675390624999 0.7881218453125001 0.7023822859375 0.7818963812499999 0.7008619359375 0.787217603125 0.7024477109375 0.7995073578125 0.7274236609375 0.8700743281250001 0.7539853859375001 0.9537239375000001 0.7686537999999999 0.9537239375000001 0.7670680265625001 0.9497595015625 0.781339996875 0.9386590796875 0.7904582015625 0.943019959375 0.7932333078125 0.9525346078125001 0.7940261937499999 0.9537239375000001 0.812262603125 0.9537239375000001 0.8534927421875 0.9422270718749999 0.858646509375 0.9267657703125 0.8665753828125 0.9224048890625 0.8721255937500001 0.9140795734375 0.8697281609375 0.894700325 0.8660688046875 0.89792916875
3 0.815999559375 0.9260053812500001 0.8347170343749999 0.918986328125 0.8524986359375 0.9035444109374999 0.8660688046875 0.89792916875 0.87402373125 0.8909101156249999 0.881042784375 0.8806155046875 0.886190090625 0.8661094609375001 0.8875939015625001 0.847859921875 0.881042784375 0.8244630781250001 0.87402373125 0.8122967203125 0.8665367421875001 0.8043417921874999 0.85577419375 0.7996624234375 0.83237735 0.7776693906250001 0.8103843156250001 0.7706503375 0.796346209375 0.7706503375 0.7818401671874999 0.7739258953125 0.768737934375 0.782348759375 0.7542318906250001 0.8010662343750001 0.7472128375 0.8183799 0.74300140625 0.8403729328124999 0.7434693421875 0.8614300921875 0.7500204593750001 0.8871666203125 0.7584433234375 0.9035444109374999 0.7692058703125 0.9157107703125 0.7809042921875 0.9236656968749999 0.796346209375 0.9269412546875 0.815999559375 0.9260053812500001
6 0.7501887328125 0.7921225781250001 0.755904065625 0.76754665 0.7753361953125 0.7321115890625001 0.8033413234375001 0.668099865625 0.8170581218749999 0.65095386875 0.8182011875 0.6395232046875 0.8101997234375 0.617804940625 0.802769790625 0.608660409375 0.7410442015625 0.560080084375 0.7158967390625001 0.5435056203124999 0.703894540625 0.5406479531249999 0.6861770109374999 0.5492209531250001 0.6736032796875 0.5726538156250001 0.6301667531249999 0.6583838015625 0.61473535625 0.6961049953125 0.6124492218750001 0.7161086578125 0.6187360875000001 0.7332546546875001 0.626737553125 0.7406845875 0.666173346875 0.7595451843750001 0.7124675390624999 0.7881218453125001 0.746188 0.7961233109375 0.7501887328125 0.7921225781250001