5 0.40248945156250004 0.6908712296874999 0.4081229546875 0.6645815500000001 0.41901439218750003 0.6510611453124999 0.422808015625 0.649796603125 0.41524180624999996 0.635504875 0.401857825 0.5947580859375 0.400417359375 0.5952567078125 0.3849762734375 0.611048728125 0.34777729218750003 0.624735146875 0.33549460937500003 0.6321047562500001 0.3460226234375 0.6717602734375 0.3635693125 0.7254531421875 0.3681314515625 0.7258040765625 0.3769047953125 0.7201891359375 0.3793762484375 0.7196948453124999 0.3761997734375 0.7152830734375 0.3754486390625 0.7025138015625 0.377702040625 0.6968802984375 0.40248945156250004 0.6908712296874999
3 0.5483960453125001 0.835368528125 0.540618953125 0.8360618343749999 0.53370599375 0.83503769375 0.5265370015624999 0.8291488765624999 0.5211602546874999 0.817883315625 0.5197973171875 0.8025989296875 0.5187597296875001 0.7993223375 0.5187597296875001 0.790963128125 0.517575759375 0.77768574375 0.5188559359375 0.7694926078125001 0.522184396875 0.764371896875 0.5255128578125 0.7625796484375 0.52598513125 0.7624757484375 0.5340793609375 0.7527626749999999 0.54609475625 0.7470553609375 0.559011309375 0.7476561312500001 0.571327090625 0.7551657546875 0.571462653125 0.755355540625 0.596550125 0.7533933921875 0.5955249125 0.7454954640625 0.5948304921875 0.7337771109375 0.584910353125 0.719532809375 0.568906484375 0.7085497609375 0.5711189625 0.728052346875 0.5688655609375 0.73481255 0.5651098921875 0.7374415171875001 0.5087983859375 0.745202928125 0.5063090031249999 0.7786964249999999 0.49738849687500003 0.8062013218749999 0.48958690625 0.8174887296875 0.49259619375 0.8196955406249999 0.507919596875 0.8245541796875001 0.5086670796874999 0.8346452015624999 0.5251117062499999 0.8503423453125001 0.544172525 0.8563222093749999 0.5561322546875 0.85706969375 0.568091984375 0.853332278125 0.5778092640625 0.8469786718750001 0.58054510625 0.8437974593750001 0.5744398109375 0.8379641812499999 0.5732258296875 0.83742669375 0.5566820828125 0.8353325484375 0.5566082296875 0.835368528125 0.5483960453125001 0.835368528125
1 0.6574775374999999 0.6839229171875 0.7086695484375001 0.672747196875 0.707911690625 0.661723803125 0.698865459375 0.612572615625 0.6949454265624999 0.609255665625 0.6852961140625 0.6068433375 0.6647913234375 0.611969534375 0.5984522984375 0.6180003546874999 0.59483380625 0.6201111421875 0.59597088125 0.62829910625 0.5986349578125 0.628659115625 0.62691649375 0.634367315625 0.6289922015625 0.6361835609375001 0.620689365625 0.65486494375 0.6193920484375 0.68366540625 0.61779759375 0.690188171875 0.6574775374999999 0.6839229171875
1 0.5952486968749999 0.6282015140625 0.59483380625 0.6201111421875 0.562050584375 0.641372834375 0.5664614671875 0.680032915625 0.6048494234375 0.6922326203125 0.59597088125 0.62829910625 0.5952486968749999 0.6282015140625
6 0.5197973171875 0.8025989296875 0.5566820828125 0.8353325484375 0.5587804140625 0.7563474484375 0.5524550109375 0.7568421734374999 0.5197973171875 0.8025989296875
3 0.6125329140625 0.825083853125 0.6160960984375 0.8287790078124999 0.624625621875 0.846841525 0.626092009375 0.8499468171875 0.62785599375 0.8564147578125001 0.6277186593749999 0.8574447624999999 0.675013484375 0.8638160859375 0.6831816296875 0.8622452890625001 0.6850665859375 0.857532896875 0.6831816296875 0.81700633125 0.68107058125 0.8085621406250001 0.612501828125 0.823125415625 0.6125329140625 0.825083853125
3 0.6540892796875 0.3697582078125 0.6562369140625 0.39660363906249996 0.6505098890625 0.416648228125 0.6530154625 0.420943496875 0.6587424890625 0.4234490703125 0.6755656250000001 0.420943496875 0.6830823453125 0.41485853281249996 0.6905990671875 0.401972725 0.6880934937500001 0.35544064375 0.68558791875 0.3511453765625 0.6648274515625 0.3386175078125 0.6497940109375 0.3339643 0.6404875953125 0.340407203125 0.6336867515625 0.3547247671875 0.6454987421875 0.35902003437499996 0.6540892796875 0.3697582078125
1 0.47664462656250006 0.45233542031249996 0.4929905375 0.47659727500000004 0.5023292890625 0.47579220937500005 0.5304009296875 0.47673844374999996 0.5307915890625 0.47693935625000006 0.5296535671875 0.4652746078125 0.53533385 0.460446365625 0.5407301203125 0.458458265625 0.5455583640625 0.460446365625 0.5520906906249999 0.47123890625 0.5668594312499999 0.469818834375 0.5813126078125 0.47291594375 0.5924569125 0.45052018125000004 0.62404208125 0.3924325140625 0.621137696875 0.385534603125 0.6294877999999999 0.3688344 0.6280356078125 0.36556696875 0.5677696531249999 0.329625225 0.5409041078125 0.3161924515625 0.5202103765625 0.3630256328125 0.5180320890625 0.375006215625 0.5035101734375 0.403687 0.4937078796875 0.41639367656250004 0.47664462656250006 0.45233542031249996
6 0.4420856546875 0.5713619515625 0.4408035234375 0.571278334375 0.440044025 0.5718676 0.44975480624999997 0.59168960625 0.485737690625 0.6266295093750001 0.4950564984375 0.6375550062500001 0.53168444375 0.6322828031250001 0.5453630140625 0.6310615015625001 0.5531835484375 0.6178474953124999 0.560209159375 0.5971219453125001 0.5595065984375001 0.5865835296874999 0.5535348296875 0.5781527984375 0.5328092796874999 0.5612913328125 0.530707784375 0.5590637484375 0.5269314015625 0.5603225421875 0.489712821875 0.5675770109375 0.4420856546875 0.5713619515625
3 0.5527161875 0.63040496875 0.53168444375 0.6322828031250001 0.47448070624999994 0.6405166734375001 0.47798321406250005 0.645595309375 0.488839678125 0.6497207656249999 0.49678391718750003 0.6629611640624999 0.5011053750000001 0.67016359375 0.5103975703125 0.723686634375 0.5087983859375 0.745202928125 0.5651098921875 0.7374415171875001 0.5688655609375 0.73481255 0.5711189625 0.728052346875 0.5649173984375 0.673386709375 0.560493803125 0.654346015625 0.5616573390624999 0.6446498859375 0.5609786578125 0.6386674390625 0.5572229890625 0.6326583703125 0.5527161875 0.63040496875
5 0.41524180624999996 0.635504875 0.42405312031250003 0.65214846875 0.4318854015625 0.65704364375 0.43296400312500005 0.6571533328125 0.44683895937500007 0.6452605124999999 0.4702552890625 0.6426586984375 0.47798321406250005 0.645595309375 0.471699490625 0.636483909375 0.440044025 0.5718676015625 0.4408035234375 0.571278334375 0.42757671718749996 0.5704157171875 0.41464483906250005 0.5656845421875001 0.3900427265625 0.549283134375 0.3857904046875 0.551054934375 0.38344278125 0.5520331109375001 0.3835863421875 0.5555503515625 0.38587075625 0.56664608125 0.40055628125 0.5907956109375 0.41524180624999996 0.635504875
6 0.6323217453125001 0.519123303125 0.627194878125 0.5097240484375 0.615801840625 0.5077302671874999 0.5938596703125001 0.5116448328125001 0.5912846546875 0.5206573828125001 0.5827642281250001 0.537130209375 0.5728237296875001 0.5399703515625001 0.5685635171875 0.5442305640625 0.5554988609375 0.549342821875 0.5526587187499999 0.5521829625 0.5469784343749999 0.5521829625 0.5515226625 0.5570112046875 0.5512960953125 0.558823746875 0.5545642640625 0.5604230640625001 0.5614000875 0.558998934375 0.562539390625 0.56184719375 0.5656724765625001 0.5624168453125 0.5782048171875 0.558998934375 0.6109598 0.5547265453125 0.62804935625 0.547605896875 0.63203691875 0.54276385625 0.6328913968750001 0.5384914671875001 0.6323217453125001 0.519123303125
5 0.61779759375 0.690188171875 0.6165379468750001 0.69534126875 0.6048494234375 0.6922326203125 0.59248429375 0.694185009375 0.5955249125 0.7454954640625 0.596550125 0.7533933921875 0.5969467625 0.753362371875 0.6046278265625 0.7538744421875 0.6069321453125001 0.755666690625 0.6123088906249999 0.8109703578125 0.612501828125 0.823125415625 0.6916845078125 0.8063078562499999 0.7160094640625 0.8036473140625 0.7312125625 0.7960457640625 0.719050084375 0.6892440015625 0.7163895421875 0.6808822984375 0.7163895421875 0.6725205937500001 0.711448534375 0.6721405171875 0.6574775374999999 0.6839229171875 0.61779759375 0.690188171875
5 0.551238646875 0.55928331875 0.5515226625 0.5570112046875 0.5469784343749999 0.5521829625 0.5526587187499999 0.5521829625 0.5554988609375 0.549342821875 0.5685635171875 0.5442305640625 0.5728237296875001 0.5399703515625001 0.5827642281250001 0.537130209375 0.5912846546875 0.5206573828125001 0.5946928265625 0.508728784375 0.5904326125 0.4902678609375 0.5827642281250001 0.47322700624999997 0.5668594312499999 0.469818834375 0.5520906906249999 0.47123890625 0.5455583640625 0.460446365625 0.5407301203125 0.458458265625 0.53533385 0.460446365625 0.5296535671875 0.4652746078125 0.5307915890625 0.47693935625000006 0.5414403390625 0.48241585625 0.545856103125 0.4884086765625 0.5534259828125 0.5130107890625 0.5534259828125 0.5335125484375001 0.5461715140625001 0.54991395625 0.5368873953125 0.5568021734374999 0.5435702640625 0.5641115609375 0.55067061875 0.566951703125 0.5537947765625 0.5655316328125 0.5543628046875 0.56325951875 0.551238646875 0.55928331875
1 0.5664614671875 0.680032915625 0.5677587843749999 0.6823680875 0.6165379468750001 0.69534126875 0.6193920484375 0.68366540625 0.620689365625 0.65486494375 0.6289922015625 0.6361835609375001 0.62691649375 0.634367315625 0.5986349578125 0.628659115625 0.5794346484374999 0.6260644796875 0.562050584375 0.641372834375 0.560493803125 0.654346015625 0.5664614671875 0.680032915625
0 0.43159976093749997 0.841883346875 0.45390102656250003 0.8426267234375 0.47991917187500005 0.8314760906249999 0.49738849687500003 0.8062013218749999 0.5063090031249999 0.7786964249999999 0.51039756875 0.723686634375 0.5011053750000001 0.67016359375 0.488839678125 0.6497207656249999 0.4702552890625 0.6426586984375 0.44683895937500007 0.6452605124999999 0.42602444375 0.663101525 0.3832803484375 0.7694042296875 0.384023725 0.798024190625 0.39257254218750004 0.8184670171875 0.414502121875 0.8366797187499999 0.43159976093749997 0.841883346875
1 0.612532915625 0.825083853125 0.6125649265625001 0.8271005921875 0.6066761109375001 0.83017301875 0.5697323453124999 0.8334664546875 0.60698218125 0.8690566453124999 0.6272679984375 0.86082471875 0.62785599375 0.856414759375 0.626092009375 0.8499468171875 0.6160960984375 0.8287790078124999 0.612532915625 0.825083853125
6 0.6069321453125001 0.755666690625 0.6046278265625 0.7538744421875 0.5969467625 0.753362371875 0.5511164078124999 0.75694686875 0.5255128578125 0.7625796484375 0.522184396875 0.764371896875 0.5188559359375 0.7694926078125001 0.517575759375 0.77768574375 0.5211602546874999 0.817883315625 0.5265370015624999 0.8291488765624999 0.53370599375 0.83503769375 0.540618953125 0.8360618343749999 0.6066761109375001 0.83017301875 0.6125649265625001 0.8271005921875 0.6123088906249999 0.8109703578125 0.6069321453125001 0.755666690625
6 0.5023292890625 0.47579220937500005 0.4657415328125 0.47894632656249997 0.41937601406249997 0.48935491249999996 0.4010821359375 0.50134055625 0.38815025625 0.514587846875 0.38089578749999997 0.5130107890625 0.3644943796875 0.5177419640625 0.360078615625 0.5297276078125 0.3613402625 0.543921134375 0.367333084375 0.5524372515625 0.38247284531250003 0.5524372515625 0.3900427265625 0.549283134375 0.41464483906250005 0.5656845421875001 0.42757671718749996 0.5704157171875 0.4420856546875 0.5713619515625 0.489712821875 0.5675770109375 0.5269314015625 0.5603225421875 0.5363937515625 0.5571684265625 0.5461715140625001 0.54991395625 0.5534259828125 0.5335125484375001 0.5534259828125 0.5130107890625 0.545856103125 0.4884086765625 0.5414403390625 0.48241585625 0.5304009296875 0.47673844374999996 0.5023292890625 0.47579220937500005