5 0.388920928125 0.6149215484375 0.384301153125 0.5722824890625 0.3827884953125 0.572470725 0.3644014890625 0.58470726875 0.325169828125 0.5903605046875 0.3116233234375 0.59501535625 0.3136764296875 0.635993203125 0.31967630625 0.6921609156249999 0.3240657890625 0.693452703125 0.33381482500000004 0.6897845421875 0.33633504062499997 0.6898148984375 0.33414523749999997 0.6848391078125 0.3360653984375 0.6721927046875 0.339440828125 0.667150815625 0.36493593125 0.666426653125 0.37591226093749996 0.6418827359375 0.38937674375000003 0.6309222421875 0.39335038125 0.6304740718749999 0.388920928125 0.6149215484375
3 0.4546061953125 0.8153362671875 0.45645084375 0.8001025109375 0.456117171875 0.79668179375 0.45785514843749997 0.7885052531250001 0.45945757499999995 0.77527185 0.462413225 0.7675239171875 0.46673360625000004 0.7632071328125 0.4703619625 0.762146075 0.4708455171875 0.7621426359375 0.4807823296875 0.7543247015625 0.493721778125 0.751240246875 0.506231165625 0.7545133921875 0.5167164796875 0.76441950625 0.5168096203125 0.7646333296875001 0.541756825 0.7679300390625 0.5423960875 0.7599915453125 0.5441532234374999 0.7483848875 0.5374114203125 0.7323893453125 0.5240407796875 0.7183189125 0.52215009375 0.7378553203125 0.518540409375 0.7439992875 0.5143202171875 0.7457899578125 0.4576255640625 0.7416739437500001 0.448226890625 0.7739179546875 0.4337827296875 0.7989671265625 0.4238048390625 0.8083858359375 0.42628954375 0.8111700875000001 0.4402679265625 0.81910846875 0.4389010328125 0.8291343875000001 0.4517226859375 0.8479075421875001 0.469123696875 0.8577196984375 0.4806666671875 0.860937415625 0.4931421 0.8597682390625 0.503968021875 0.8555738109375 0.5073054906250001 0.8530309296875 0.50254641875 0.846055759375 0.501470715625 0.8452776171874999 0.48572388593750004 0.8397895953125 0.485644165625 0.839809434375 0.47761143749999996 0.8381020250000001 0.469860146875 0.8371632328124999 0.4633111828125 0.8347241859375 0.45752320468749996 0.8274735375000001 0.4546061953125 0.8153362671875
1 0.667969871875 0.6473996 0.6590329703125 0.6430337828125 0.6379104625 0.6437847734375 0.5717672265625 0.6358911484374999 0.56778895 0.6372034828124999 0.5671988031249999 0.64544893125 0.5697298125 0.6463549656249999 0.596206528125 0.657818490625 0.5978592578125 0.660026609375 0.58585378125 0.676573503125 0.5785968609375 0.7044748796875 0.5756810890625 0.7105236015624999 0.6157965515625 0.71264518125 0.66819345625 0.7123570953125 0.6697440515624999 0.701417021875 0.671114609375 0.6514590874999999 0.667969871875 0.6473996
1 0.562590803125 0.709831296875 0.5671988031249999 0.64544893125 0.566512690625 0.6452033203124999 0.56778895 0.6372034828124999 0.531301565625 0.651184540625 0.5275781765625001 0.6899168812500001 0.562590803125 0.709831296875
6 0.45645084375 0.8001025109375 0.48572388593750004 0.8397895953125 0.5041982890625001 0.7629667765625 0.49790825312500003 0.7621355656250001 0.45645084375 0.8001025109375
3 0.5509592390625 0.8752089953125 0.5506107546875 0.8761879390624999 0.5955474015625 0.8922531812500001 0.603863640625 0.8924149625 0.6066871671875 0.8881974515625 0.61326935 0.848164584375 0.612960078125 0.8394660078125 0.5428618421875 0.8394547953125 0.542485065625 0.8413769 0.5452021203124999 0.8457321343749999 0.5497898453125 0.8651733296874999 0.5505785624999999 0.8685156421875 0.5509592390625 0.8752089953125
3 0.67118941875 0.45812631093749995 0.688165865625 0.4591732171875 0.6967834625 0.45478403749999996 0.7068150375 0.44374263125 0.7140387796875001 0.3977064484375 0.7124809937500001 0.3929841046875 0.6947788828125 0.37641365625 0.681041415625 0.3687365046875 0.6705988125 0.3731037015625 0.6609697953125 0.38569441875 0.671630628125 0.392351675 0.67780085 0.404641265625 0.674320075 0.431346578125 0.6645506953125 0.4497624296875 0.666108478125 0.45448477499999995 0.67118941875 0.45812631093749995
1 0.534913296875 0.48384521875 0.53622538125 0.47219876406249994 0.542785384375 0.468657028125 0.5484770812499999 0.46783432031250005 0.5527864671875 0.47078282343750005 0.5569321515625 0.48269766875000003 0.571673409375 0.484379221875 0.5851668234375 0.4904136375 0.600723940625 0.47082430625000005 0.6436960015625 0.42057292031250004 0.6422892421874999 0.41322189062500003 0.6539290421875 0.3986227109375 0.6531879218750001 0.395124753125 0.6017116312499999 0.347438425 0.5782259937500001 0.3287135296875 0.5482473031249999 0.370220825 0.5436257140625 0.3814867125 0.5234580656250001 0.4065214765625 0.511228109375 0.4169124703125 0.4870650203125 0.44852115000000004 0.4980094109375 0.47565133125000003 0.507311471875 0.47680549375 0.5345729453125 0.4835674734375 0.534913296875 0.48384521875
6 0.4597216015625 0.6208970500000001 0.46656523125 0.6335212875 0.503488921875 0.6359796734375001 0.5171225046875 0.63762899375 0.5275194890625 0.6263297265625 0.53870065625 0.6075177859374999 0.5402045078125 0.5970635890625 0.5361160843749999 0.5875754890625 0.5193491328125 0.566773403125 0.5177567015625 0.564157571875 0.5138011234375 0.564603703125 0.47588757031249995 0.5639614671875 0.42851423750000006 0.5577614515625 0.427277509375 0.5574130921875 0.4264120921875 0.557831571875 0.43178944374999995 0.5792394046875 0.4597216015625 0.6208970500000001
3 0.45795486093750004 0.644128646875 0.462972665625 0.6587314109375 0.46570221875 0.66667493125 0.4636632921875 0.720960321875 0.4576255640625 0.7416739437500001 0.5143202171875 0.7457899578125 0.518540409375 0.7439992875 0.52215009375 0.7378553203125 0.5274496734375 0.6830948796875 0.5270815265625 0.663550553125 0.5302355765625 0.6543082203125 0.530815546875 0.6483153984375 0.528391303125 0.6416567953125 0.5244514953125 0.63851561875 0.503488921875 0.6359796734375001 0.4458233046875 0.6321402875000001 0.44819336718749997 0.6378361546875 0.45795486093750004 0.644128646875
5 0.417799296875 0.6310334203125 0.44124487187500006 0.6333569906250001 0.44819336718749997 0.6378361546875 0.44394132500000005 0.6276174015625 0.4264120921875 0.5578315734375 0.427277509375 0.5574130921875 0.4145190890625 0.5538193171875 0.40285347031249996 0.5465028421875 0.3821990171875 0.5253447765625 0.377671240625 0.5261937515625 0.37517154375 0.5266624546875 0.3745806921875 0.5301326828125 0.3745082546875 0.5414608999999999 0.383851896875 0.5681359968749999 0.388920928125 0.6149215484375 0.394079296875 0.633033415625 0.40072265937499996 0.6394500421875 0.40175488593750003 0.6397815875 0.417799296875 0.6310334203125
6 0.5849949546875 0.539185115625 0.5732358265624999 0.5535264765625 0.562922053125 0.5542378078125 0.5578691890624999 0.5575191765625 0.544027128125 0.559803425 0.5406585515625 0.5619910031249999 0.5351023953125 0.5608100046875 0.5385434734375 0.5664775375 0.5379450078125 0.5682033640624999 0.5408092421874999 0.5704472234375 0.5477917796875 0.5704754624999999 0.548314 0.5734983546875 0.5512601828125 0.5747069625 0.5642292859375 0.5739693625 0.5971567734375001 0.576600478125 0.6153533484375 0.5731885515624999 0.6202604890625001 0.5692813828125 0.621984575 0.5652800109375 0.6254542390625 0.5462166515625 0.6223936218749999 0.53595685625 0.6116640796875 0.5316378984375 0.5893875140625 0.5309048875 0.5849949546875 0.539185115625
5 0.5423960875 0.7599915453125 0.541756825 0.7679300390625 0.54215124375 0.7679821609374999 0.5495579937499999 0.7700800250000001 0.5514393281250001 0.772312203125 0.5452002984375001 0.8275252406250001 0.5428618421875 0.8394547953125 0.6238107578125 0.8394677453125 0.6481573125 0.8419227843750001 0.6646086375 0.8376482484375 0.6749172734375 0.7306516390625 0.6740533671875 0.7219195015625 0.6757918625 0.7137405203125 0.67103785 0.71234145625 0.6157965515625 0.71264518125 0.5756810890625 0.7105236015624999 0.5733775796875 0.7153021953125 0.562590803125 0.709831296875 0.55008995625 0.7091701671874999 0.5423960875 0.7599915453125
5 0.544027128125 0.559803425 0.5578691890624999 0.5575191765625 0.562922053125 0.5542378078125 0.5732358265624999 0.5535264765625 0.5849949546875 0.539185115625 0.5908087453124999 0.5282257859375 0.5904798687499999 0.509282528125 0.58652205 0.49101971093749996 0.571673409375 0.484379221875 0.5569321515625 0.48269766875000003 0.5527864671875 0.47078282343750005 0.5484770812499999 0.46783432031250005 0.542785384375 0.468657028125 0.53622538125 0.47219876406249994 0.534913296875 0.48384521875 0.5441907171875 0.49141604218749996 0.547264009375 0.49819599531250003 0.5495534015625 0.5238343578125 0.545290846875 0.5438881046875 0.5347848609375 0.5584228140625 0.52427148125 0.5632302296875 0.52928860625 0.5717693374999999 0.535643303125 0.5760236625 0.5389944390625 0.575284171875 0.540022453125 0.573179809375 0.5377932640624999 0.56864095 0.5385434734375 0.5664775375 0.5351023953125 0.5608100046875 0.5406585515625 0.5619910031249999 0.544027128125 0.559803425
1 0.58585378125 0.676573503125 0.5978592578125 0.660026609375 0.596206528125 0.657818490625 0.5697298125 0.6463549656249999 0.55148853125 0.6398250609375 0.531301565625 0.651184540625 0.5270815265625 0.663550553125 0.5275781765625001 0.6899168812500001 0.528361634375 0.69247075 0.5733775796875 0.7153021953125 0.5785968609375 0.7044748796875 0.58585378125 0.676573503125
0 0.448226890625 0.7739179546875 0.463663290625 0.7209603203125 0.46570221875 0.66667493125 0.45795486093750004 0.644128646875 0.44124487187500006 0.6333569906250001 0.417799296875 0.6310334203125 0.3937302734375 0.6441569828125 0.3298186640625 0.7392497203125 0.324595371875 0.7673988234375 0.3287070734375 0.789172325 0.34637080625 0.81154645 0.36201292500000004 0.8201911656249999 0.3836722984375 0.8255549921875 0.41144023125 0.820057503125 0.4337827296875 0.7989671265625 0.448226890625 0.7739179546875
1 0.5279131734375 0.88323471875 0.549467209375 0.8794003375000001 0.5509592375000001 0.8752089968749999 0.5505785624999999 0.8685156421875 0.5452021203124999 0.8457321343749999 0.5424850671875 0.8413769 0.542097075 0.8433562234374999 0.5356981515625 0.8451371562500001 0.4988769515625 0.8406775828124999 0.5279131734375 0.88323471875
6 0.4703619625 0.762146075 0.46673360625000004 0.7632071328125 0.462413225 0.7675239171875 0.45945757499999995 0.77527185 0.4546061953125 0.8153362671875 0.45752320468749996 0.8274735375000001 0.4633111828125 0.8347241859375 0.469860146875 0.8371632328124999 0.5356981515625 0.8451371562500001 0.542097075 0.8433562234374999 0.5452002984375001 0.8275252406250001 0.5514393281250001 0.772312203125 0.5495579937499999 0.7700800250000001 0.54215124375 0.7679821609374999 0.496577134375 0.7619596625 0.4703619625 0.762146075
6 0.3875614578125 0.49101419843749994 0.3807934046875 0.4879633140625 0.363766740625 0.48918105624999997 0.356955515625 0.499986696875 0.35523859375 0.5141323718749999 0.35932985781250004 0.52370836875 0.37413877812499996 0.526856103125 0.3821990171875 0.5253447765625 0.40285347031249996 0.5465028421875 0.4145190890625 0.5538193171875 0.42851423750000006 0.5577614515625 0.47588757031249995 0.5639614671875 0.5138011234375 0.564603703125 0.5237124765625001 0.5634858453125 0.5347848609375 0.5584228140625 0.545290846875 0.5438881046875 0.5495534015625 0.5238343578125 0.547264009375 0.49819599531250003 0.5441907171875 0.49141604218749996 0.5345729453125 0.4835674734375 0.507311471875 0.47680549375 0.47086746718750006 0.4722836640625 0.42335107968749996 0.4728248640625 0.4029650109375 0.48074508125 0.3875614578125 0.49101419843749994