3 0.68897570625 0.5408959953125 0.6938595078125 0.5714461187500001 0.6821509140625001 0.5790775234375001 0.686274903125 0.5867994984375 0.7073043859375 0.5787117703125 0.7276501484375 0.56602600625 0.7341299234374999 0.5565709140624999 0.7359085125 0.5461649125 0.7339368265624999 0.5301068156250001 0.7248431734375 0.5016792828125001 0.71322883125 0.48192975625 0.6821424421875 0.50182216875 0.6753606000000001 0.5007007156250001 0.68897570625 0.5408959953125
3 0.695221234375 0.6146449234375 0.6899418953125 0.59366576875 0.6821509140625001 0.5790775234375001 0.6681642359375 0.58819373125 0.59924088125 0.6218480359375 0.6510621140625 0.636218746875 0.653620409375 0.640871996875 0.6505467375 0.6482037109375 0.649396428125 0.6570278609375 0.695221234375 0.6146449234375
6 0.4114893609375 0.616863709375 0.406062959375 0.6321322781250001 0.4069461125 0.6393249859375 0.420111496875 0.647443340625 0.4274553375 0.659683690625 0.432413390625 0.6631907703125 0.4375667671875 0.62683794375 0.4375342421875 0.6268078625 0.42812909374999997 0.6255289546875 0.4164022515625 0.61723396875 0.4114893609375 0.616863709375
5 0.5595240328125 0.46447404687500005 0.5872025375 0.448737771875 0.582498475 0.44721581875 0.5467797 0.4390243625 0.5458186328125 0.43905843125 0.5447695328125 0.4717975421875 0.5595240328125 0.46447404687500005
6 0.6207162375 0.420882409375 0.6136615984375 0.4336947953125 0.648463771875 0.413908446875 0.6528489609375 0.41733453125000003 0.6570088468749999 0.428150953125 0.66631234375 0.46575187968750004 0.7166694859375 0.4298666765625 0.737356671875 0.4000025671875 0.7620495093749999 0.3844823578125 0.7617962687500001 0.3812457796875 0.735383859375 0.372427096875 0.7076162359375 0.37221801718749997 0.6939407421875 0.37872184375 0.6858312578125 0.38635150937499996 0.67076971875 0.3815668875 0.648922321875 0.3902802703125 0.6207162375 0.420882409375
3 0.66631234375 0.46575187968750004 0.673872984375 0.4963088875 0.6753606000000001 0.5007007156250001 0.6821424421875 0.50182216875 0.722345709375 0.476095796875 0.770556290625 0.46720627812500004 0.847944334375 0.42503416875 0.8582108921874999 0.41189357656250003 0.856845725 0.4007751796875 0.83837779375 0.35195867812500004 0.8326185984375 0.343755803125 0.8277934671875 0.343160253125 0.737356671875 0.4000025671875 0.7166694859375 0.4298666765625 0.66631234375 0.46575187968750004
6 0.59798195 0.7595124140625 0.5320257749999999 0.7347830953125001 0.5318484921875 0.7347229625 0.528872971875 0.74517515 0.530598359375 0.7782540984375 0.545416071875 0.8085574140625 0.5683902703125 0.82442610625 0.6033970859375 0.8288885468749999 0.60639161875 0.8280036671875 0.59798195 0.7595124140625
5 0.5136995078125 0.6632292171875 0.49111736562499997 0.588386021875 0.46430035625 0.579672315625 0.44461449062499997 0.5771220671874999 0.42784492656250006 0.695417528125 0.429352890625 0.697883715625 0.4350704453125 0.7018967625 0.5320257749999999 0.7347830953125001 0.59798195 0.7595124140625 0.591925015625 0.7101826390625 0.649396428125 0.6570278609375 0.6505467375 0.6482037109375 0.653620409375 0.640871996875 0.6510621140625 0.636218746875 0.59924088125 0.6218480359375 0.5906871515625001 0.6260247031249999 0.5515912390625 0.648948584375 0.5456494453125 0.6559081 0.5206689124999999 0.6646389218750001 0.5136995078125 0.6632292171875
6 0.48372079375 0.5020994937500001 0.5447695328125 0.4717975421875 0.5470795546875 0.399709084375 0.5309164546875 0.38817561093749997 0.4903807390625 0.3833214609375 0.48121572187500006 0.38874798125 0.47322663593750003 0.5095299796874999 0.47930783750000006 0.505224128125 0.48372079375 0.5020994937500001
5 0.9585580078125 0.6882616015624999 0.9486616375000001 0.607662128125 0.9445167906249999 0.6044238171874999 0.93044128125 0.6067766109375 0.839360521875 0.6279525453125 0.818855321875 0.635149071875 0.918535846875 0.8151143578125 0.9807588546874999 0.8029489968749999 0.9585580078125 0.6882616015624999
5 0.5595240328125 0.46447404687500005 0.48372079375 0.5020994937500001 0.47017325000000004 0.5116919578125 0.47168041250000003 0.5239668125 0.5136995078125 0.6632292171875 0.5206689124999999 0.6646389218750001 0.5456494453125 0.6559081 0.5515912390625 0.648948584375 0.5906871515625001 0.6260247031249999 0.6681642359375 0.58819373125 0.6938595078125 0.5714461187500001 0.68897570625 0.5408959953125 0.673872984375 0.4963088875 0.6570088468749999 0.428150953125 0.6528489609375 0.41733453125000003 0.648463771875 0.413908446875 0.5595240328125 0.46447404687500005
1 0.32700013437500003 0.7805702109375 0.321779353125 0.7867283921875 0.322899646875 0.7921079875 0.343408959375 0.7831530859375 0.34766826093750003 0.776653196875 0.3910467296875 0.766729365625 0.4019893953125 0.732282875 0.40594712812499995 0.7083490390625 0.41081817656249997 0.7068314250000001 0.4514383234375 0.741843234375 0.49447392656250005 0.7852939531249999 0.5060036734375 0.793073528125 0.5101913078125 0.7934788765625 0.512527646875 0.786295571875 0.5232312234375 0.7836020515625 0.5111292859375001 0.7786513078125 0.4989797625 0.76956854375 0.4711449671875 0.7375845140624999 0.4505250078125 0.7194270140625 0.4385583796875 0.70434488125 0.41793039062500004 0.689866465625 0.3819427828125 0.6588834765625 0.35564910625 0.646939771875 0.3431653234375 0.6613459374999999 0.33556806250000004 0.6930828515624999 0.3315948546875 0.6981683249999999 0.3311734515625 0.7097141296875 0.334788896875 0.712948309375 0.3344391625 0.7175888765625 0.3244660046875 0.7486979890625001 0.324966525 0.75277439375 0.332944471875 0.7540936390625 0.3372272765625 0.762763025 0.3280969265625 0.7707805296875 0.32700013437500003 0.7805702109375
1 0.6147325078125 0.8959347531249999 0.8060372265625 0.8829895437499999 0.946573365625 0.8657338749999999 0.7879919046875 0.57942761875 0.7758146890625001 0.5610751609375 0.76887915 0.5551041140625 0.761761075 0.5628007265625 0.7502265921875 0.564837221875 0.73729835 0.5757281890625 0.591925015625 0.7101826390625 0.6147325078125 0.8959347531249999