6 0.5253326687500001 0.41412474218749995 0.5333054328125 0.40136831875 0.547257771875 0.3981792125 0.5496496015625 0.39459146875 0.547656409375 0.382233684375 0.5428727515625 0.3766527484375 0.5345013484375001 0.3770513875 0.527325859375 0.3814364078125 0.5109816921875 0.3762541109375 0.5022116515625 0.38263232187499996 0.4950361640625 0.39180100156250003 0.4909395109375 0.40140694374999997 0.4969164734375 0.40287952968749996 0.5208909312500001 0.4160747734375 0.5253326687500001 0.41412474218749995
5 0.6102356265625 0.7748350171875 0.6148821015625 0.83663314375 0.6190639296875 0.8528958093749999 0.6381144796875 0.8547543984375 0.655306440625 0.8501079234375 0.7511776203125 0.8161794859375 0.7370079515625 0.7904164515625001 0.7226614109375 0.7534465171875 0.6961754874999999 0.7048889921875 0.6926120734375 0.695089603125 0.6701024375 0.694694696875 0.6532185 0.6934887015625 0.61824463125 0.6940916984375 0.6116116546875 0.692885703125 0.6013342453125 0.692885703125 0.5916497234375 0.69816816875 0.6102356265625 0.7748350171875
5 0.62631395 0.45429513750000006 0.6278925953125001 0.44324463124999997 0.6290985906250001 0.43600865781250003 0.629221171875 0.43482369375 0.623829253125 0.42880963124999993 0.60781211875 0.4184759953125 0.5897282578125 0.43759322031250003 0.5821798406250001 0.44729832812500003 0.611312996875 0.4590185640625 0.61281355 0.46164453281249995 0.6215960453125 0.460955709375 0.62631395 0.45429513750000006
6 0.673399925 0.41490373593749996 0.6845743843750001 0.41490373593749996 0.7159302671875001 0.41430073749999996 0.7394471796875 0.4155067328125 0.74737239375 0.4152019171875 0.7383601765625001 0.4082128515625 0.7306064015625 0.3920211453125 0.673399925 0.41490373593749996
6 0.62631395 0.45429513750000006 0.8517841109375001 0.442034790625 0.673399925 0.41490373593749996 0.62631395 0.45429513750000006
6 0.8744380609375 0.44162119375 0.8596274125000001 0.4393346375 0.8517841109375001 0.442034790625 0.870746171875 0.447388784375 0.9089625984374999 0.4646130890625 0.9089625984374999 0.4365195375 0.90773935 0.43009748124999997 0.906624146875 0.4314357234375 0.8931793265625 0.43836184375 0.8744380609375 0.44162119375
2 0.796770896875 0.52343008125 0.7997725203125 0.5254838234375 0.805025678125 0.5359901390624999 0.8085103078125 0.5518645671875 0.8230872015624999 0.54376629375 0.8308122625 0.5316269124999999 0.8396409046875 0.5316269124999999 0.8468141749999999 0.5399037625 0.8517802859374999 0.5608717859375 0.8628160859375 0.5823915984375 0.8788179984375001 0.601152459375 0.9097182421875001 0.6276383828125 0.92627194375 0.65688325625 0.9407590453125 0.6764834515625 0.9724335749999999 0.6448089218749999 0.981594603125 0.6209902515625 0.9783882437500001 0.5980876828125 0.9848009624999999 0.5857202953125 0.9884653734375 0.5509083921875 0.9820526546874999 0.50327105 0.9683111125 0.491361715625 0.870746171875 0.447388784375 0.8517841109375001 0.442034790625 0.833142471875 0.44845240468750003 0.8142601921875 0.452228859375 0.8027988781250001 0.45088047031249995 0.8027619453125 0.45108360156250005 0.799143959375 0.4981174265625 0.796770896875 0.52343008125
6 0.5488511093749999 0.8245905796875 0.5558754296874999 0.810128740625 0.5550490390625 0.801864834375 0.5455455453125 0.7882293875 0.5389344203124999 0.7824446515625 0.48728499999999997 0.7584793203125 0.46703842656249994 0.7510418046875 0.458361325 0.7510418046875 0.44720505 0.7597189078125 0.441833509375 0.7783126984375001 0.4253056953125 0.8460767375 0.420760546875 0.8750004140625001 0.42241332812500004 0.8894622515625 0.42943764843750004 0.9002053312499999 0.436048775 0.9043372843749999 0.46703842656249994 0.9113616046875 0.5042260093750001 0.923757465625 0.529844121875 0.923757465625 0.5319100984375 0.9204519031249999 0.5319100984375 0.9022713078125 0.539347615625 0.8741740218749999 0.5488511093749999 0.8245905796875
3 0.8085103078125 0.5518645671875 0.805025678125 0.5359901390624999 0.7997725203125 0.5254838234375 0.796770896875 0.52343008125 0.795525971875 0.5367092828125 0.7932414234375 0.5714344265625 0.8081888703125 0.55204314375 0.8085103078125 0.5518645671875
3 0.9195813453125 0.3187940921875 0.910350009375 0.31417842500000004 0.8986010359375 0.3150176375 0.8513529265625 0.33317496874999997 0.8907348140625 0.34180358437499997 0.9070315656249999 0.35239647343749997 0.9200689687500001 0.37724902031249996 0.9180318749999999 0.3886567484375 0.9078464046875 0.39721254375 0.9078464046875 0.40739801406250004 0.91144565625 0.41525092812500003 0.9123280109374999 0.417176065625 0.9116567984374999 0.42103553906249996 0.93133031875 0.409848634375 0.9380440171875 0.4001976921875 0.9414008671874999 0.3859310828125 0.9346871671875 0.3473273140625 0.9254558312500001 0.3255077921875 0.9195813453125 0.3187940921875
3 0.6250214984375 0.46068704687500006 0.61281355 0.46164453281249995 0.6230869953125 0.4796230625 0.6236716109375 0.46676154375 0.6250214984375 0.46068704687500006
5 0.7932414234375 0.5714344265625 0.795525971875 0.5367092828125 0.799143959375 0.4981174265625 0.8027619453125 0.45108360156250005 0.803967940625 0.4444506265625 0.8046836531249999 0.4308520921875 0.7583236984374999 0.42369476562499997 0.74737239375 0.4152019171875 0.7394471796875 0.4155067328125 0.7159302671875001 0.41430073749999996 0.6845743843750001 0.41490373593749996 0.6713084328125001 0.41490373593749996 0.6568364875 0.41430073749999996 0.6387465546875 0.41430073749999996 0.633922571875 0.41490373593749996 0.6327165765625 0.4155067328125 0.6315105812499999 0.41610973125 0.6309075828124999 0.41852172187500003 0.6290985906250001 0.43600865781250003 0.6278925953125001 0.44324463124999997 0.6260836015625 0.4559075828125 0.6236716109375 0.46676154375 0.6230869953125 0.4796230625 0.6430898078125 0.514627984375 0.6589782140625 0.5818889031250001 0.6732777796875 0.5935404 0.6801627546875 0.608369578125 0.679103528125 0.6279652796875 0.6738073921875001 0.633791028125 0.666392803125 0.6359094828125 0.6446786484375 0.625846825 0.6009345109375 0.64135893125 0.6007576953125 0.6452488796875 0.5983457046875 0.6579118328125 0.597139709375 0.6687657921875 0.5947277171875001 0.6814287453125 0.5947277171875001 0.6898707140625 0.5959337140625001 0.6916797078125 0.59774270625 0.69228270625 0.5995517 0.692885703125 0.6116116546875 0.692885703125 0.61824463125 0.6940916984375 0.6532185 0.6934887015625 0.6701024375 0.694694696875 0.6926120734375 0.695089603125 0.6895540062500001 0.6866799203125 0.7221096203124999 0.645295665625 0.757975975 0.6099811015625 0.766252825 0.5972899296875 0.7877726375 0.5785290671875 0.7932414234375 0.5714344265625
5 0.7872208484375001 0.8500097796875 0.8263979421875 0.8246274359375001 0.9527578671875 0.700474671875 0.9450328062500001 0.6822656 0.92627194375 0.65688325625 0.9097182421875001 0.6276383828125 0.8788179984375001 0.601152459375 0.8628160859375 0.5823915984375 0.8517802859374999 0.5608717859375 0.8468141749999999 0.5399037625 0.8396409046875 0.5316269124999999 0.8308122625 0.5316269124999999 0.8230872015624999 0.54376629375 0.8081888703125 0.55204314375 0.7877726375 0.5785290671875 0.766252825 0.5972899296875 0.757975975 0.6099811015625 0.7221096203124999 0.645295665625 0.6895540062500001 0.6866799203125 0.6961754874999999 0.7048889921875 0.7226614109375 0.7534465171875 0.7370079515625 0.7904164515625001 0.7612867140625 0.8345596578125001 0.776185046875 0.85166515 0.7872208484375001 0.8500097796875
6 0.3809311109375 0.4902657625 0.37828304375 0.4982099640625 0.38040149687499997 0.514627984375 0.389934540625 0.5331644578125 0.4222409671875 0.5765927671875 0.49373879218749994 0.6253172124999999 0.5414040109375 0.6496794343750001 0.570003140625 0.6523275015625 0.6446786484375 0.625846825 0.666392803125 0.6359094828125 0.6738073921875001 0.633791028125 0.679103528125 0.6279652796875 0.6801627546875 0.608369578125 0.6732777796875 0.5935404 0.6589782140625 0.5818889031250001 0.6430898078125 0.514627984375 0.611312996875 0.4590185640625 0.56523661875 0.44048209062500004 0.4969164734375 0.40287952968749996 0.46037314062499995 0.3938761 0.43018516875 0.3938761 0.4201225125 0.40287952968749996 0.41694483125000004 0.42141600312499994 0.40741178749999996 0.42671213750000003 0.40211565312499997 0.4351859546875 0.401056425 0.450544746875 0.40370449218750004 0.4627258578125 0.396289903125 0.47490696874999994 0.3809311109375 0.4902657625
6 0.7245079375000001 0.379286115625 0.7383601765625001 0.4082128515625 0.7583236984374999 0.42369476562499997 0.8744380609375 0.44162119375 0.8931793265625 0.43836184375 0.906624146875 0.4314357234375 0.9106983359375 0.42654669843750004 0.9123280109374999 0.417176065625 0.9078464046875 0.40739801406250004 0.9078464046875 0.39721254375 0.9180318749999999 0.3886567484375 0.9200689687500001 0.37724902031249996 0.9070315656249999 0.35239647343749997 0.8907348140625 0.34180358437499997 0.8182142640625001 0.32591424999999996 0.7868430156249999 0.32306231875 0.76362014375 0.32550683125 0.746915971875 0.3352848828125 0.72817470625 0.3556558234375 0.7216560046875 0.35280389218749997 0.7188040734375 0.3556558234375 0.711877953125 0.3552484046875 0.707396346875 0.36339678124999997 0.707396346875 0.3731748328125 0.7171743984375001 0.38010095312500003 0.7245079375000001 0.379286115625