1 0.5870645953125 0.5364641578125 0.5324994609375 0.54334794375 0.49405051875000006 0.5560375703125 0.49329895468749996 0.5760353765625 0.5002840875000001 0.5821450796875001 0.5092008031249999 0.58222751875 0.550555203125 0.5895884234375 0.5467813046875001 0.577110271875 0.5475777578125001 0.5718808953125001 0.5575641453125 0.5594378890625 0.5680742671875 0.5495542328125 0.5723668562500001 0.5470759046875 0.5831684984375001 0.5451321640625 0.58757176875 0.544497753125 0.5891891703125001 0.5444312640625 0.5870645953125 0.5364641578125
1 0.62412486875 0.8582096234375 0.6517778921875 0.8266086015624999 0.6566509984375 0.8179992953124999 0.641254334375 0.8068311109374999 0.635501225 0.8034753078125 0.6325288203125 0.803283609375 0.6306849031249999 0.8033942875 0.6268053671875 0.8065880468750001 0.62525564375 0.8074827796875 0.6215051296875 0.826237596875 0.6259517484375 0.8260604390624999 0.6287635375 0.8285537968750001 0.62723328125 0.8407583359374999 0.6178736890625001 0.862359178125 0.62412486875 0.8582096234375
1 0.7848221859375 0.5593518984375 0.7835586390625 0.546682603125 0.7618006265624999 0.5377094921875 0.7483257515624999 0.5493463921874999 0.727039953125 0.5534478968750001 0.7031517640625 0.525176028125 0.696188321875 0.531020703125 0.6864502375 0.54522151875 0.6855571375 0.5461045890625 0.695374784375 0.546169553125 0.7000399171875 0.5468148171875 0.7056823515625 0.5483267015625 0.713994809375 0.5511587734375001 0.722417946875 0.5558347625 0.7277580015625 0.5584751328124999 0.7298680562500001 0.560473509375 0.7314525171875 0.5592697765625 0.7493773109374999 0.5535371 0.76733080625 0.55425054375 0.783713903125 0.55864038125 0.7848221859375 0.5593518984375
1 0.476589221875 0.5857479609375 0.49340579062499995 0.5820814859375 0.5002840875000001 0.5821450796875001 0.48045522500000004 0.5648013234375 0.4537456890625 0.5140031015625001 0.4450063078125 0.49173813437499997 0.4386364609375 0.48718515937499995 0.43115900781249994 0.4956175734375 0.42216313281250006 0.5150278484374999 0.41651957968750003 0.5201567484375 0.4164792890625 0.529158853125 0.4037753234375 0.5641782625 0.40703854687499996 0.5750142703125001 0.40513257812500003 0.5892088296875 0.42214676874999996 0.630526303125 0.4234125921875 0.629929671875 0.43112024218749995 0.631015509375 0.43094607187499995 0.61693410625 0.43604469218749997 0.605530809375 0.4423768734375 0.5990550531250001 0.45435938125 0.5981795265625001 0.476589221875 0.5857479609375
1 0.805454925 0.783096075 0.80213963125 0.7864410234375 0.7946424265625 0.7941082171875 0.78797133125 0.8032062765625 0.7846560390625 0.806551225 0.7783683421875 0.8097044734375001 0.7655715921875 0.8123231359374999 0.7621456234374999 0.813824165625 0.760714759375 0.814650275 0.76048255 0.8200308406250001 0.761194978125 0.8235122984375 0.7995321234375 0.8095028046875001 0.8089316796875 0.802124634375 0.8216050984375001 0.7862217578124999 0.8464085703125 0.7453633140625 0.8594045875 0.7171759109375 0.86304958125 0.707266134375 0.862159346875 0.7050482406249999 0.8410285734375 0.69564408125 0.83178843125 0.7090701609375001 0.82037766875 0.7188895140625 0.8088989953124999 0.7245934875 0.80554690625 0.725033575 0.805579365625 0.7420061437500001 0.8060300234375 0.7741788625 0.8066644328124999 0.7785821296875 0.805454925 0.783096075
1 0.821714375 0.42367939374999997 0.7896339828125 0.40818197031250003 0.7819771328125 0.40739913281250006 0.781500878125 0.41300677812500003 0.7903199671875 0.43066164687499997 0.7925182140625 0.4445998859375 0.7840735328124999 0.45766402343749996 0.7775622859375 0.46344594531250005 0.7780841406250001 0.469431090625 0.7755270265624999 0.48022521406249996 0.7782751984375 0.51040143125 0.8046727890625001 0.5157113812499999 0.8224555859375 0.5100495296875 0.863019509375 0.5235059390625 0.8741339343750001 0.487761103125 0.884727675 0.4267607421875 0.879841875 0.41279882968750004 0.8628144703125 0.40766122656250003 0.821714375 0.42367939374999997
3 0.43566505468749994 0.6550155390625 0.4362631546875 0.652783403125 0.43797732187499994 0.650850315625 0.4386848828125 0.6504418046875 0.4429665625 0.650068478125 0.44120682968749997 0.64726551875 0.4338714265625 0.64223533125 0.43114891093749996 0.6333333750000001 0.43112024218749995 0.631015509375 0.4234125921875 0.629929671875 0.41653280156249994 0.6331723890625 0.4097603078125 0.6429171390625 0.39296721093750003 0.695453559375 0.3952225359375 0.6953796796875 0.3987811109375 0.689989971875 0.40776046250000003 0.6810320937500001 0.4143180828125 0.6744158109375 0.42482201093749994 0.666464540625 0.43271462187500004 0.6637945640625 0.4341297421875 0.6629775453125 0.436292484375 0.6593703546875 0.43566505468749994 0.6550155390625
1 0.7804408734375 0.3293354140625 0.761294625 0.33514007343749996 0.7477494546875 0.33246151562500004 0.7399400375 0.3360159390625 0.7677939546875 0.3855669921875 0.7736738546875 0.397337921875 0.7846747859375001 0.3756357 0.7923453546875 0.3434600921875 0.7865321625 0.33144300000000004 0.7804408734375 0.3293354140625
1 0.7471159078125 0.4904820296875 0.7775622859375 0.46344594531250005 0.7780841406250001 0.469431090625 0.7846747859375001 0.3756357 0.781500878125 0.41300677812500003 0.7736738546875 0.397337921875 0.71559890625 0.511906003125 0.7471159078125 0.4904820296875
3 0.9142456078125001 0.5721808421875 0.9168597796875 0.5561985296875 0.9168188734375 0.5470120421875 0.913998175 0.540417265625 0.8224555859375 0.5100495296875 0.8046727890625001 0.5157113812499999 0.748477765625 0.5044075953125 0.743307309375 0.5096952859375 0.741138146875 0.5224602843749999 0.74364604375 0.530222453125 0.7898408906250001 0.5492734359375 0.8142089718750001 0.5704002734375 0.8925490421875001 0.595562128125 0.9032157265625 0.5946666328125 0.9091160546875001 0.5866550234375 0.9142456078125001 0.5721808421875
1 0.357736925 0.7806691140625001 0.3628501 0.7682828984375 0.3734463046875 0.7436502625 0.37563828125 0.7061600609375 0.374994884375 0.706689725 0.355142075 0.7693528328125 0.3465076171875 0.7878627515625001 0.3404619703125 0.8263483921875 0.331078415625 0.851800765625 0.36026244531249996 0.8671140718749999 0.6038930062500001 0.8250833015625 0.3523247015625 0.794171396875 0.357736925 0.7806691140625001
1 0.5164370109374999 0.9076278734375001 0.5123546078125 0.9112156078125 0.5105309796874999 0.9113250671875001 0.507182775 0.91042791875 0.5006358875 0.9080755859374999 0.49904976874999996 0.9074155218750001 0.48577715625 0.9072534234375 0.481393 0.9106947625 0.4764400859375 0.9135543281249999 0.4720452046875 0.91656341875 0.468806459375 0.9174898984375 0.43808424218750003 0.9058154953124999 0.4336385546875 0.905615634375 0.5835680265625001 0.984285915625 0.5901709703125 0.9756434125 0.5941109109375 0.963225078125 0.6118263890625 0.8746370890625 0.602449615625 0.8871706390625 0.60194975 0.908672246875 0.5777600875 0.9083768171875001 0.5772709093749999 0.9087131953125 0.5762845671875 0.9083587968750001 0.5164370109374999 0.9076278734375001
3 0.5661714671875 0.46454019375 0.56976469375 0.45678714062500003 0.544712909375 0.44844050781250006 0.5331679031250001 0.4517430828125 0.5202370859375 0.46021757656249995 0.520499759375 0.4624199765625 0.529039034375 0.46556087343749997 0.534231859375 0.47164272343749997 0.538330115625 0.4834009328125 0.5382367703125001 0.4948888125 0.530704328125 0.5150434749999999 0.51915166875 0.52474005 0.5095958609375 0.528575628125 0.5151788734375 0.5411580796875 0.5241159875 0.544405578125 0.5911968796875 0.5359428421875 0.6005808078125 0.530909096875 0.5979472343750001 0.5266344000000001 0.59752435 0.528600678125 0.5878140625 0.5354491203125 0.5789616390625001 0.5351771875 0.560417775 0.5260082390624999 0.5566396734375 0.5165956281249999 0.5665000625000001 0.49351188281249997 0.5690008234375 0.4788970671875 0.565396725 0.4692767578125 0.5661714671875 0.46454019375
3 0.5736795578125 0.4515538421875 0.6354481140625 0.38866944375 0.6449212421875 0.3902189296875 0.6511830468750001 0.37607547812500003 0.6637002875 0.3664534953125 0.6735990843749999 0.35884430625 0.6745597531249999 0.35788359375 0.6731612796875 0.35408625625 0.6529557046875001 0.3413219515625 0.6302914671875001 0.3357741046875 0.617546009375 0.3402342234375 0.58636404375 0.40958154375 0.5757770453125 0.439295815625 0.5736795578125 0.4515538421875
3 0.5979472343750001 0.5266344000000001 0.5726157734374999 0.4855175359375 0.5697204828125 0.48081803437500004 0.5690008234375 0.4788970671875 0.5665000625000001 0.49351188281249997 0.5566396734375 0.5165956281249999 0.560417775 0.5260082390624999 0.5789616390625001 0.5351771875 0.5878140625 0.5354491203125 0.59752435 0.528600678125 0.5979472343750001 0.5266344000000001
5 0.6211429296875 0.5922120765625001 0.6354859265624999 0.5981809171875 0.6439668765625 0.6121444312500001 0.67272338125 0.7309146984375 0.6744574515624999 0.7462588609374999 0.67060471875 0.7606374546875 0.6648399265625 0.7702524234375 0.6552414796875 0.77830875625 0.6150068265625 0.8015382437499999 0.6043162890625 0.8068757515625 0.6040058734375 0.8202282953125 0.60447579375 0.8199569859375 0.6139275953125 0.81402303125 0.6268053671875 0.8065880468750001 0.6306849031249999 0.8033942875 0.6325288203125 0.803283609375 0.635501225 0.8034753078125 0.641254334375 0.8068311109374999 0.665052371875 0.8240933500000001 0.66952580625 0.82771101875 0.6821200015625 0.8371331640624999 0.6974949031250001 0.8497194125 0.71805866875 0.8655102765624999 0.72704605 0.8703374531250001 0.735317996875 0.8755776859375001 0.7423507828125 0.8786716218749999 0.7481038921875001 0.8820274265625001 0.7603255437499999 0.888325978125 0.76145403125 0.8886283546874999 0.7641645671874999 0.8875403796875 0.7664620531249999 0.885736971875 0.7686192015625 0.87542940625 0.7670480046875 0.86775135625 0.7664946171875 0.858531765625 0.76402714375 0.8451707734375 0.7636951109375001 0.83963901875 0.7618620468749999 0.83068129375 0.761530015625 0.8251495390624999 0.76048255 0.8200308406250001 0.760714759375 0.814650275 0.7621456234374999 0.813824165625 0.7655715921875 0.8123231359374999 0.7783683421875 0.8097044734375001 0.7846560390625 0.806551225 0.78797133125 0.8032062765625 0.7946424265625 0.7941082171875 0.80213963125 0.7864410234375 0.805454925 0.783096075 0.8066644328124999 0.7785821296875 0.8060300234375 0.7741788625 0.805579365625 0.7420061437500001 0.80554690625 0.725033575 0.7913060656249999 0.7269032156249999 0.765725321875 0.7393641625 0.741686271875 0.7417025953125 0.7184572796875 0.736649028125 0.70146016875 0.727997484375 0.6902951609375 0.71505553125 0.6815393140625 0.697491303125 0.6768309312499999 0.6757437875 0.6772335234375 0.64365951875 0.683272175 0.61893854375 0.6950645171875001 0.59458864375 0.7086701984375 0.5765777421875 0.7298680562500001 0.560473509375 0.7277580015625 0.5584751328124999 0.722417946875 0.5558347625 0.713994809375 0.5511587734375001 0.7056823515625 0.5483267015625 0.7000399171875 0.5468148171875 0.695374784375 0.546169553125 0.6855571375 0.5461045890625 0.6447478734375001 0.5864554546875 0.6345904874999999 0.5911500249999999 0.627490078125 0.5862809828125 0.624797415625 0.5741879265625001 0.613134915625 0.551286346875 0.608955003125 0.5445017046875 0.5973556 0.544095553125 0.58757176875 0.544497753125 0.5831684984375001 0.5451321640625 0.5723668562500001 0.5470759046875 0.5680742671875 0.5495542328125 0.5575641453125 0.5594378890625 0.5475777578125001 0.5718808953125001 0.5467813046875001 0.577110271875 0.550555203125 0.5895884234375 0.6035244296875 0.599016715625 0.6039744265625 0.5987714296875 0.6211429296875 0.5922120765625001
3 0.83178843125 0.7090701609375001 0.8423317328125 0.6937505671875 0.84967683125 0.672891525 0.8493477828125 0.6435377718749999 0.844960759375 0.6271441671875 0.8387106828125 0.6155191656250001 0.8276135874999999 0.6066925921874999 0.8071858375 0.5737093421874999 0.783713903125 0.55864038125 0.76733080625 0.55425054375 0.7493773109374999 0.5535371 0.7314525171875 0.5592697765625 0.7086701984375 0.5765777421875 0.6950645171875001 0.59458864375 0.683272175 0.61893854375 0.6772335234375 0.64365951875 0.6768309312499999 0.6757437875 0.6815393140625 0.697491303125 0.6902951609375 0.71505553125 0.70146016875 0.727997484375 0.7184572796875 0.736649028125 0.741686271875 0.7417025953125 0.765725321875 0.7393641625 0.7913060656249999 0.7269032156249999 0.8088989953124999 0.7245934875 0.82037766875 0.7188895140625 0.83178843125 0.7090701609375001
5 0.49904976874999996 0.9074155218750001 0.5069771125 0.9075123406250001 0.49108785624999995 0.682257659375 0.490325634375 0.68576125 0.4909126 0.6906826640625 0.48509388124999997 0.690849471875 0.48056382812500004 0.6959580671875 0.47358655 0.6951734203125 0.372081578125 0.770082925 0.3721622609375 0.7968179171875 0.47064656875 0.9070686328124999 0.48577715625 0.9072534234375 0.481393 0.9106947625 0.4764400859375 0.9135543281249999 0.507182775 0.91042791875 0.5006358875 0.9080755859374999 0.49904976874999996 0.9074155218750001
0 0.62723328125 0.8407583359374999 0.6287635375 0.8285537968750001 0.6259517484375 0.8260604390624999 0.6061661968750001 0.826848709375 0.6038930062500001 0.8250833015625 0.6027506781249999 0.8742204265625 0.602449615625 0.8871706390625 0.6135546703125 0.8723269671875 0.62723328125 0.8407583359374999
3 0.49340579062499995 0.5820814859375 0.476589221875 0.5857479609375 0.45435938125 0.5981795265625001 0.4423768734375 0.5990550531250001 0.43604469218749997 0.605530809375 0.43094607187499995 0.61693410625 0.43114891093749996 0.6333333750000001 0.4338714265625 0.64223533125 0.44120682968749997 0.64726551875 0.4512305328125 0.663231609375 0.46777337656249995 0.6758367093750001 0.49108785624999995 0.682257659375 0.49491382812499995 0.664671371875 0.500049953125 0.655419365625 0.6035244296875 0.599016715625 0.5092008031249999 0.58222751875 0.49340579062499995 0.5820814859375
6 0.6039744265625 0.5987714296875 0.500049953125 0.655419365625 0.49491382812499995 0.664671371875 0.490325634375 0.68576125 0.4909126 0.6906826640625 0.5688317546875 0.688448896875 0.59802589375 0.689045821875 0.603616340625 0.6900921765625 0.6069266343749999 0.694591978125 0.6043162890625 0.8068757515625 0.6150068265625 0.8015382437499999 0.6552414796875 0.77830875625 0.6648399265625 0.7702524234375 0.67060471875 0.7606374546875 0.6744574515624999 0.7462588609374999 0.67272338125 0.7309146984375 0.6439668765625 0.6121444312500001 0.6354859265624999 0.5981809171875 0.6211429296875 0.5922120765625001 0.6039744265625 0.5987714296875
1 0.45732908906249997 0.693345146875 0.37623221562500003 0.6960017765625001 0.3720727046875 0.7671434484375 0.37247508906250004 0.90047365 0.3852284828125 0.9034393109375 0.4642105015625 0.906990028125 0.60194975 0.908672246875 0.6069266343749999 0.694591978125 0.603616340625 0.6900921765625 0.59802589375 0.689045821875 0.5688317546875 0.688448896875 0.48509388124999997 0.690849471875 0.48056382812500004 0.6959580671875 0.45732908906249997 0.693345146875
6 0.6864502375 0.54522151875 0.696188321875 0.531020703125 0.70511854375 0.5235252375 0.7081843953125 0.50654776875 0.71688278125 0.5128338171875 0.7263316625 0.5089382359375 0.7840735328124999 0.45766402343749996 0.7925182140625 0.4445998859375 0.7903199671875 0.43066164687499997 0.7677939546875 0.3855669921875 0.738999640625 0.3343430078125 0.7277895625 0.3189788890625 0.722624821875 0.316111753125 0.7114212390625 0.3210204125 0.6735990843749999 0.35884430625 0.6511830468750001 0.37607547812500003 0.6449212421875 0.3902189296875 0.6354481140625 0.38866944375 0.570859540625 0.4544248015625 0.5661714671875 0.46454019375 0.565396725 0.4692767578125 0.5697204828125 0.48081803437500004 0.613134915625 0.551286346875 0.624797415625 0.5741879265625001 0.627490078125 0.5862809828125 0.6345904874999999 0.5911500249999999 0.6447478734375001 0.5864554546875 0.6864502375 0.54522151875