1 0.58208515625 0.5267419109375 0.5920156640625 0.52206873125 0.5961046984375 0.5203162875 0.59764978125 0.5198334499999999 0.593535559375 0.512687696875 0.5426113421875 0.5334594187499999 0.5087568328125001 0.555667975 0.513206690625 0.5751788921875 0.5215351187499999 0.5792725265625001 0.530169340625 0.577044340625 0.5720197671875 0.573451121875 0.565144878125 0.5623749109375 0.5645607296875 0.5571175828125 0.570986353125 0.5425138953124999 0.578580271875 0.530246796875 0.58208515625 0.5267419109375
1 0.7060506984375 0.7823514874999999 0.70941200625 0.7840321421875001 0.711092659375 0.79621688125 0.707642696875 0.8195041328125001 0.7126068890624999 0.813878046875 0.7311387125000001 0.7761966734375 0.73361751875 0.7666194703125 0.7158549453124999 0.7598167828125 0.709429321875 0.758064340625 0.7065085843750001 0.7586484890625 0.7047561421874999 0.7592326359375 0.7018354046875 0.76332166875 0.7005700609375001 0.7645870125 0.7018014453125 0.783673478125 0.7060506984375 0.7823514874999999
1 0.7389061109374999 0.49734588906250005 0.7547364062499999 0.4871692703125 0.7722628031250001 0.48321169687500004 0.789223834375 0.48321169687500004 0.79047850625 0.48361212499999995 0.7859789593750001 0.47170155625000004 0.762639921875 0.46866558437499994 0.7526360421875 0.4833935203125 0.7331370875000001 0.492864440625 0.7027455703125 0.4717386296875 0.697532115625 0.47918642343749995 0.6918012906250001 0.4954237609375 0.6911671765625 0.4965078921875 0.700667109375 0.49402964843749997 0.7053402890625 0.4934455 0.711181765625 0.4934455 0.719943978125 0.49402964843749997 0.7292903390625 0.4963662390625 0.7351318140624999 0.4975345328125 0.7376871875 0.49891869375000003 0.7389061109374999 0.49734588906250005
1 0.4635638015625 0.6308221453125 0.4655373 0.6184877859375 0.46997766875 0.610593796875 0.4813252796875 0.6066468015625001 0.49958012968750004 0.588885325 0.514874734375 0.580991334375 0.5215351187499999 0.5792725265625001 0.4978930140625 0.56765183125 0.4589460359375 0.5254974546875 0.44474184375 0.5062530656249999 0.4374106484375 0.5035038671875001 0.4323704515625 0.5135842609375 0.428704853125 0.53466145 0.42458105625 0.541076246875 0.42687205468749995 0.549782040625 0.42366465625 0.5868962203125 0.429621253125 0.5965184156250001 0.43145405156249994 0.6107226078125 0.458582246875 0.6462286265625 0.45965051875 0.6453247046875 0.46737657187500004 0.6443786578124999 0.4635638015625 0.6308221453125
1 0.8533786234375 0.6382843828125 0.8578028 0.654670225 0.8665650140625001 0.6856300453124999 0.86831745625 0.689719078125 0.86831745625 0.6943922578125 0.865980865625 0.698481290625 0.8607235375 0.7078276515625 0.8566345046875 0.7183423078125 0.854297915625 0.722431340625 0.8490405875 0.7271045203125001 0.8373576359375001 0.7329459968750001 0.8344368984375 0.7352825859375 0.8332686031250001 0.7364508812499999 0.8344368984375 0.741708209375 0.8360261187500001 0.74488665 0.869431034375 0.721432134375 0.876600696875 0.711872584375 0.8847263125 0.6932314640625 0.8981096828125 0.6473456265624999 0.903367434375 0.6167550687500001 0.9043233890625 0.6062395656249999 0.9028894562499999 0.6043276546875 0.8800447203124999 0.6007129812499999 0.8745943546875001 0.616073103125 0.8661138390625001 0.6285111921875 0.8565025890625 0.6369917078125 0.8533786234375 0.6382843828125
1 0.8582179703125 0.3913451453125 0.8526626828125 0.32968145937500004 0.844329753125 0.3174598265625 0.826552834375 0.3169042984375 0.790998996875 0.3430141484375 0.7560006890625 0.336347803125 0.7484021265624999 0.337573378125 0.7493934656250001 0.3431132125 0.7624814671875 0.35788395781250004 0.7682122921875 0.3707783140625 0.7634366046875 0.385582946875 0.7586436953125 0.3928530890625 0.7606968375000001 0.39849922968749996 0.7610205796875 0.40958738125 0.7714852890625 0.43802409062500003 0.7983577203125 0.4363209078125 0.8140691875 0.42624945312499996 0.8567337046875 0.42874863124999996 0.8582179703125 0.3913451453125
3 0.47046783281250004 0.68024989375 0.47740046875 0.6756281375000001 0.478555909375 0.674472696875 0.4797113484375 0.670428659375 0.4779781890625 0.666384621875 0.4779781890625 0.6640737437500001 0.47913362812500004 0.661762865625 0.4797113484375 0.6611851453125 0.48375050937499997 0.6597163593750001 0.4813252796875 0.657464359375 0.47293791562500004 0.6545041140625 0.468004171875 0.6466101234375 0.46737657187500004 0.6443786578124999 0.45965051875 0.6453247046875 0.45384442812500003 0.65023755 0.449824828125 0.66140310625 0.44720136874999994 0.7164957656250001 0.4493607234375 0.71584068125 0.451403084375 0.709713596875 0.4577580015625 0.6987369234374999 0.4623797578125 0.6906488484375 0.47046783281250004 0.68024989375
1 0.7377777437499999 0.3300040421875 0.742786878125 0.3061940546875 0.74186841875 0.27312951406249997 0.7331430546875 0.263026459375 0.7267138375 0.2625672296875 0.7097223374999999 0.27312951406249997 0.6959454468749999 0.2740479734375 0.68932208125 0.279502509375 0.7290516546875 0.3201560265625 0.7377777437499999 0.3300040421875
1 0.742786878125 0.3061940546875 0.7493934656250001 0.3431132125 0.7377777437499999 0.3300040421875 0.7113340515625 0.4556992125 0.73623220625 0.42684804375 0.7586436953125 0.3928530890625 0.7606968375000001 0.39849922968749996 0.742786878125 0.3061940546875
3 0.8217234921875001 0.4866781765625 0.9039065562499999 0.49070675937499997 0.9139780109375 0.48708103593749996 0.917603734375 0.4778152984375 0.9188123078125001 0.4625066875 0.9172008765624999 0.44639236093749995 0.9147837265625001 0.4375294828125 0.9103522875 0.43188946875 0.8140691875 0.42624945312499996 0.7983577203125 0.4363209078125 0.7411518609375001 0.43994663125000005 0.7375261390625 0.44639236093749995 0.7387347125 0.45928382343749996 0.743166153125 0.4661324109375 0.79271770625 0.47257814218750005 0.8217234921875001 0.4866781765625
1 0.4278870171875 0.8835335687500001 0.46003999999999995 0.890771703125 0.6844906875000001 0.78711686875 0.43349377499999997 0.8223689296875 0.435226934375 0.8079259390625 0.43696009374999994 0.7946383859374999 0.4408198453125 0.7681025874999999 0.4332339546875 0.7313225078125 0.4327495671875 0.7320006484375 0.42979163125 0.797666846875 0.42624210625 0.8177808171875001 0.4303632765625 0.8565198203125 0.4278870171875 0.8835335687500001
1 0.7042480578125 0.8683605406250001 0.6808061750000001 0.8743359234374999 0.6804207265625 0.8747874484375 0.6793762671875 0.874700409375 0.621378790625 0.8894840796875 0.618364065625 0.8940061671875 0.6166309062499999 0.8945838875 0.6131645890625 0.8945838875 0.606231953125 0.8940061671875 0.60452904375 0.8937791125000001 0.5916667296875 0.8970577421874999 0.58832264375 0.9015165234375001 0.58427860625 0.9055605609375 0.5808122874999999 0.9096045984375 0.577923690625 0.9113377578125 0.54522675 0.9080126453125 0.5408808171875 0.9089702234375 0.7060629328125 0.9461552765624999 0.71020404375 0.9360982921875 0.71079563125 0.9230833703125001 0.7049792109374999 0.832928840625 0.6991658640625 0.8474622078125 0.7042480578125 0.8683605406250001
3 0.5590049875 0.5013707203125 0.5625548796875 0.476521478125 0.5611878359375 0.46175740468750004 0.555216625 0.453397709375 0.5547390562500001 0.448622021875 0.5562032078125 0.44020315156249995 0.529844775 0.438624803125 0.519547925 0.4448029125 0.509251075 0.4563353859375 0.510074821875 0.45839475625 0.5191360515625 0.45921850312499995 0.525726034375 0.4637491171875 0.53272789375 0.47404596874999994 0.5356110109375 0.48516656718749995 0.533551640625 0.506584015625 0.5249022875 0.5189402359375 0.51666480625 0.5251183453125 0.5253141609374999 0.5358270703125 0.5347872640625 0.53665081875 0.5973921140625 0.5111146296875 0.6051534625 0.5038236656249999 0.601503253125 0.5003762453125 0.6016036890625001 0.502384975 0.593996778125 0.51151326875 0.5853756125 0.513541778125 0.5650905171875 0.509484759375 0.5590049875 0.5013707203125
3 0.583347103125 0.307648053125 0.5721903 0.31525496406250003 0.5600192421875 0.39030981875 0.55748360625 0.42175171875000006 0.5586302 0.43413493281250004 0.6020183640625001 0.3574063890625 0.6115697390625 0.3564512515625 0.6139575828125 0.3411690515625 0.62355795625 0.32863522968750003 0.6311500578125 0.3187233203125 0.631829340625 0.3175467046875 0.6294956968750001 0.31424070937500004 0.6066749640625 0.307140925 0.583347103125 0.307648053125
3 0.5650905171875 0.509484759375 0.5853756125 0.513541778125 0.593996778125 0.51151326875 0.6016036890625001 0.502384975 0.601503253125 0.5003762453125 0.5663931140625 0.46721666875 0.5623801562499999 0.4634266546875 0.5611878359375 0.46175740468750004 0.5625548796875 0.476521478125 0.5590049875 0.5013707203125 0.5650905171875 0.509484759375
5 0.565144878125 0.5623749109375 0.5720197671875 0.573451121875 0.6256243328125 0.568848709375 0.6259955109375 0.5684953125 0.6408813265625 0.557715928125 0.656280446875 0.5597691453125 0.6680864390625 0.5710618328125 0.726603096875 0.6783423703125 0.732249440625 0.6927148828125 0.732249440625 0.7076006984375 0.7291696171875001 0.7183800828125 0.7219833609374999 0.7286461640625 0.6891319046875 0.7614976203125 0.6801870875 0.769420171875 0.683343140625 0.7823980796875001 0.6837268296875 0.782014390625 0.6913207484375 0.773836325 0.7018354046875 0.76332166875 0.7047561421874999 0.7592326359375 0.7065085843750001 0.7586484890625 0.709429321875 0.758064340625 0.7158549453124999 0.7598167828125 0.7433098796875 0.7703314390625 0.7485672078125 0.7726680296875 0.763170896875 0.7785095046875 0.781279471875 0.7866875703125 0.8052295203125001 0.7966180796875 0.8151600296874999 0.79895466875 0.8245063890625 0.8018754078124999 0.8321003078125001 0.8030437015624999 0.8385259312500001 0.8047961453125 0.8519613250000001 0.8077168828125 0.8531296203125001 0.8077168828125 0.8554662093750001 0.805964440625 0.8572186531250001 0.80362785 0.8566345046875 0.79311319375 0.8531296203125001 0.7861034234375001 0.8502088828125001 0.7773412093750001 0.84436740625 0.7650741109375 0.8426149640625 0.7598167828125 0.8385259312500001 0.7516387171875001 0.8367734890625 0.7463813890625 0.8344368984375 0.741708209375 0.8332686031250001 0.7364508812499999 0.8344368984375 0.7352825859375 0.8373576359375001 0.7329459968750001 0.8490405875 0.7271045203125001 0.854297915625 0.722431340625 0.8566345046875 0.7183423078125 0.8607235375 0.7078276515625 0.865980865625 0.698481290625 0.86831745625 0.6943922578125 0.86831745625 0.689719078125 0.8665650140625001 0.6856300453124999 0.8578028 0.654670225 0.8533786234375 0.6382843828125 0.8401069265625001 0.64377611875 0.8186229546874999 0.662433253125 0.7960082468749999 0.67091376875 0.7722628031250001 0.672044503125 0.7536056703125 0.6680869296874999 0.739471478125 0.6584756796875 0.7264680218749999 0.64377611875 0.716291403125 0.62398825 0.70837625625 0.592893028125 0.7078108875 0.56745148125 0.712899196875 0.5408792015625 0.7213797125 0.5199605968750001 0.7376871875 0.49891869375000003 0.7351318140624999 0.4975345328125 0.7292903390625 0.4963662390625 0.719943978125 0.49402964843749997 0.711181765625 0.4934455 0.7053402890625 0.4934455 0.700667109375 0.49402964843749997 0.6911671765625 0.4965078921875 0.662192028125 0.54604605 0.6535957906250001 0.55320958125 0.6454771203125 0.5503441687499999 0.6397462953125 0.5393600859375 0.6225538203125 0.5202573359375 0.616760340625 0.514785715625 0.6054510578125 0.51739555 0.5961046984375 0.5203162875 0.5920156640625 0.52206873125 0.58208515625 0.5267419109375 0.578580271875 0.530246796875 0.570986353125 0.5425138953124999 0.5645607296875 0.5571175828125 0.565144878125 0.5623749109375
3 0.8186229546874999 0.662433253125 0.8401069265625001 0.64377611875 0.8565025890625 0.6369917078125 0.8661138390625001 0.6285111921875 0.8745943546875001 0.616073103125 0.8808133984375001 0.5985467046874999 0.8825095015625 0.576497365625 0.8745943546875001 0.5482289812500001 0.8661138390625001 0.5335294203125 0.8570679562500001 0.5239181703125 0.8440645 0.51826449375 0.815796115625 0.4916922125 0.789223834375 0.48321169687500004 0.7722628031250001 0.48321169687500004 0.7547364062499999 0.4871692703125 0.7389061109374999 0.49734588906250005 0.7213797125 0.5199605968750001 0.712899196875 0.5408792015625 0.7078108875 0.56745148125 0.70837625625 0.592893028125 0.716291403125 0.62398825 0.7264680218749999 0.64377611875 0.739471478125 0.6584756796875 0.7536056703125 0.6680869296874999 0.7722628031250001 0.672044503125 0.7960082468749999 0.67091376875 0.8186229546874999 0.662433253125
5 0.58832264375 0.9015165234375001 0.58427860625 0.9055605609375 0.6131645890625 0.8945838875 0.606231953125 0.8940061671875 0.60452904375 0.8937791125000001 0.612211328125 0.891820884375 0.5385632828125 0.6783540125 0.5387338296874999 0.6819354984375 0.54057455 0.6865373015625 0.5349972734375 0.688204421875 0.5319437796875001 0.694311409375 0.525001165625 0.6953593515625001 0.44634289687499995 0.793987796875 0.45334035625 0.8197909328125 0.577003878125 0.9007953328125 0.5916667296875 0.8970577421874999 0.58832264375 0.9015165234375001
0 0.6844906875000001 0.78711686875 0.6961049078125 0.8348753421874999 0.6991658640625 0.8474622078125 0.7060506984375 0.830250121875 0.711092659375 0.79621688125 0.70941200625 0.7840321421875001 0.7060506984375 0.7823514874999999 0.6871433421875001 0.7882337765625 0.6844906875000001 0.78711686875
3 0.5377072218750001 0.6603767296874999 0.5402737421875 0.65011065 0.6256243328125 0.568848709375 0.530169340625 0.577044340625 0.514874734375 0.580991334375 0.49958012968750004 0.588885325 0.4813252796875 0.6066468015625001 0.46997766875 0.610593796875 0.4655373 0.6184877859375 0.4635638015625 0.6308221453125 0.468004171875 0.6466101234375 0.47293791562500004 0.6545041140625 0.4813252796875 0.657464359375 0.4951397609375 0.67029209375 0.5143813609375 0.6781860828124999 0.5385632828125 0.6783540125 0.5377072218750001 0.6603767296874999
6 0.726603096875 0.6783423703125 0.6680864390625 0.5710618328125 0.656280446875 0.5597691453125 0.6408813265625 0.557715928125 0.6259955109375 0.5684953125 0.5402737421875 0.65011065 0.5377072218750001 0.6603767296874999 0.5387338296874999 0.6819354984375 0.54057455 0.6865373015625 0.6152605328125 0.6642126875 0.6436144015624999 0.6572332734375 0.6492851749999999 0.6567970609375 0.6536473078125 0.6602867671875 0.6801870875 0.769420171875 0.6891319046875 0.7614976203125 0.7219833609374999 0.7286461640625 0.7291696171875001 0.7183800828125 0.732249440625 0.7076006984375 0.732249440625 0.6927148828125 0.726603096875 0.6783423703125
1 0.6436144015624999 0.6572332734375 0.6152605328125 0.6642126875 0.5349972734375 0.688204421875 0.5319437796875001 0.694311409375 0.508824471875 0.697801115625 0.43117849374999995 0.7213566375 0.44557353437499997 0.7911507765625 0.480470603125 0.9198337171875 0.4935570046875 0.9193975046875 0.57076676875 0.9023851828125 0.7042480578125 0.8683605406250001 0.6536473078125 0.6602867671875 0.6492851749999999 0.6567970609375 0.6436144015624999 0.6572332734375
6 0.6397462953125 0.5393600859375 0.6454771203125 0.5503441687499999 0.6535957906250001 0.55320958125 0.662192028125 0.54604605 0.6918012906250001 0.4954237609375 0.697532115625 0.47918642343749995 0.704218078125 0.46963504843750004 0.702785371875 0.452442571875 0.712814315625 0.456263121875 0.720932984375 0.450054728125 0.7634366046875 0.385582946875 0.7682122921875 0.3707783140625 0.7624814671875 0.35788395781250004 0.7290516546875 0.3201560265625 0.687980740625 0.27812997500000003 0.673176109375 0.26619075625 0.6674452843750001 0.26475805 0.657893909375 0.27239915 0.6311500578125 0.3187233203125 0.6139575828125 0.3411690515625 0.6115697390625 0.3564512515625 0.6020183640625001 0.3574063890625 0.5566493312499999 0.437637940625 0.5547390562500001 0.448622021875 0.555216625 0.453397709375 0.5623801562499999 0.4634266546875 0.6225538203125 0.5202573359375 0.6397462953125 0.5393600859375