1 0.5893961203125 0.5303020140625 0.53544409375 0.540975303125 0.4979739953125 0.5563160796875 0.4986192375 0.5763176 0.506013546875 0.5819251609375 0.5149142921875 0.5813854 0.5566814265625 0.5858436375 0.5520462890625 0.5736591375 0.55247601875 0.5683869406250001 0.5615701 0.5552776296874999 0.5713651703125 0.5446849 0.5754744234375 0.5419131734375 0.5861141640625 0.5392206828125 0.5904624546874999 0.5382806609374999 0.5920712796875 0.5381015109375 0.5893961203125 0.5303020140625
1 0.6488099468749999 0.8486785296875 0.6741912328125 0.8152255078125 0.6784519140625 0.8062972437499999 0.6623137031249999 0.79623028125 0.6563405171875 0.7932839703125001 0.65336198125 0.7933000828125001 0.6515302765625 0.793539115625 0.6478829765625 0.7969957187500001 0.6463994421875 0.797996375 0.6439663328125 0.816967128125 0.6483897625 0.8164802218749999 0.6513686296875 0.8187713656250001 0.650693446875 0.831052921875 0.642863453125 0.8532540359375 0.6488099468749999 0.8486785296875
1 0.7882685515625 0.539339128125 0.78612431875 0.5267888359375 0.763793375 0.5193553453125 0.751163071875 0.5319038578125 0.73021523125 0.53748019375 0.7044130875 0.51094355 0.6978743125 0.51725973125 0.6891505484375 0.5321052515625 0.6883212234375 0.53304846875 0.6981194859375 0.5324284296874999 0.7028182671875001 0.5327466984375 0.70855241875 0.5338613046875 0.717042184375 0.5361066296875 0.725770984375 0.5401836609374999 0.7312822140625 0.5424450953125 0.733526528125 0.5442914140624999 0.7350231609375 0.5429800874999999 0.7525044000000001 0.5360110046875 0.7704639281250001 0.5354703375 0.7871133375 0.5387066546875 0.7882685515625 0.539339128125
1 0.48262772500000006 0.5871721359375 0.49914756875000005 0.582341528125 0.506013546875 0.5819251609375 0.485023146875 0.5660068453125 0.45483516875 0.5171955296874999 0.44456395000000004 0.49559442656249997 0.43789202187500004 0.4914968796875 0.43102099843749997 0.500430353125 0.4234010296875 0.520420865625 0.418128996875 0.525930946875 0.41871675937499997 0.534913934375 0.40848657031249996 0.570734221875 0.41249772656249994 0.581316203125 0.41158656406249994 0.5956091375 0.4314414703125 0.635639115625 0.43266259218750003 0.6349556359374999 0.440427209375 0.635501171875 0.4392711953125 0.6214662203125 0.4435619421875 0.6097350390625 0.449426971875 0.602833346875 0.4613192171875 0.6011240953125 0.48262772500000006 0.5871721359375
1 0.8244586359375001 0.7610990078125 0.82138475 0.764667071875 0.8144406453125 0.77283856875 0.8084204484375 0.7823798156249999 0.8053465640624999 0.7859478796875 0.79929414375 0.7895320546875 0.786711234375 0.79303699375 0.7833983171875001 0.79477335 0.782028565625 0.795697259375 0.78217225 0.8010809171875 0.7831257968750001 0.8045041984375001 0.820392303125 0.7878545671875 0.8292542859375001 0.7798386890625 0.8407875046875001 0.7630904984375 0.862680415625 0.7206013812500001 0.8736785218750001 0.6915760843750001 0.8766233640625 0.6814361859375 0.8755805875 0.67928579375 0.8538452859375001 0.6713785515625 0.8455642093750001 0.6854164859375 0.8348662046875001 0.6960078937499999 0.8238133828124999 0.7024986859375 0.820500159375 0.7031715296875001 0.821716484375 0.7201004906249999 0.8244103 0.7521633999999999 0.8253503203125 0.7565116875 0.8244586359375001 0.7610990078125
1 0.8156068390625 0.401423646875 0.782523546875 0.38820178906249997 0.774830740625 0.38795497343749996 0.774746815625 0.39358218125 0.7847759625 0.4105788546875 0.7879411375 0.4243297984375 0.7804283359374999 0.43795118437499997 0.7743362765625 0.44417322343750004 0.7752743625 0.45010738593750005 0.7734764375000001 0.461053590625 0.7783229 0.49096459843750007 0.8050265921875001 0.49442020937500003 0.8223711203124999 0.48753168437500005 0.8637749031249999 0.49812571875 0.8723688203125001 0.4616926515625 0.8786815859375 0.40010190312500005 0.872833753125 0.3865148171875 0.8554894453124999 0.3825775 0.8156068390625 0.401423646875
3 0.446635109375 0.6591257078125 0.4470760453125 0.6568572875 0.44865119218749994 0.654809334375 0.4493285328125 0.6543524625 0.453573740625 0.6536813703125001 0.4516227703125 0.6510079906249999 0.443954346875 0.6465017484375 0.44061749531250005 0.637811390625 0.440427209375 0.635501171875 0.43266259218750003 0.6349556359374999 0.426025759375 0.6386703640625 0.4199495234375 0.648863803125 0.4068620890625 0.7024436749999999 0.409106765625 0.70221265 0.41228070624999996 0.6965878390625 0.4206133140625 0.6870254124999999 0.4266934328125 0.6799678109375 0.4366171203125 0.6713031921875 0.44430425781249994 0.668089159375 0.4456589375 0.6671754171875001 0.4475647875 0.6634261484375 0.446635109375 0.6591257078125
1 0.7678527734375 0.310188578125 0.7491580765625 0.317314671875 0.7354590562500001 0.315587503125 0.72791660625 0.31967802500000003 0.759159178125 0.3671653828125 0.7658458546875 0.37849747968749997 0.7753061171875 0.3560807359375 0.78071354375 0.32344843437500004 0.77407624375 0.31186612343750003 0.7678527734375 0.310188578125
1 0.74585000625 0.47326728124999995 0.7743362765625 0.44417322343750004 0.7752743625 0.45010738593750005 0.7753061171875 0.3560807359375 0.774746815625 0.39358218125 0.7658458546875 0.37849747968749997 0.7159042390625 0.49683758125 0.74585000625 0.47326728124999995
3 0.9182716078125001 0.5431087015625 0.919764540625 0.5269829640625 0.9190829171875 0.5178217078125 0.9158090624999999 0.511439759375 0.8223711203124999 0.48753168437500005 0.8050265921875001 0.49442020937500003 0.7481799453125 0.487063925 0.743390934375 0.49269940781250005 0.742117496875 0.505584625 0.745160746875 0.51315294375 0.7925719953125 0.5289351296875 0.81835445 0.548310671875 0.8982588890625 0.56794650625 0.9088371234375 0.566309121875 0.9141642187500001 0.5579054421875 0.9182716078125001 0.5431087015625
1 0.377661959375 0.7899091890625 0.381898659375 0.7771964671875 0.390750765625 0.75188468125 0.39032222031249997 0.7143328999999999 0.3897173359375 0.71490615625 0.3742840453125 0.7788014796875 0.3669618078125 0.79786861875 0.3636155109375 0.836682234375 0.35603028124999997 0.8627271703125 0.386211421875 0.8759673984375 0.6263165921875 0.81704420625 0.373204790625 0.80375611875 0.377661959375 0.7899091890625
1 0.5448316546874999 0.905488325 0.5410094640625001 0.9093520921874999 0.5391979124999999 0.9095884968749999 0.53579528125 0.9089270921875 0.5291002515625001 0.9070371765624999 0.5274719546875 0.9064893625 0.5142203640624999 0.907253509375 0.51008694375 0.9109922890625001 0.5053455671875 0.9141903875 0.5011712968750001 0.9174987203124999 0.49800506875000006 0.918648865625 0.46654332500000006 0.909145975 0.4620945234375 0.909256715625 0.6171465359375 0.977276809375 0.6231305265625 0.9681947609374999 0.6261946093749999 0.9555318390625 0.6376873484375001 0.865923878125 0.6292077109374999 0.8790809875000001 0.630208940625 0.9005650859375001 0.6060575953125 0.9019577625 0.6055930734375 0.9023274453125 0.6045844109375 0.9020427124999999 0.5448316546874999 0.905488325
3 0.5635367265625 0.460010684375 0.5665803734375 0.452025865625 0.5410073828125 0.445447090625 0.529720875 0.44954695781250004 0.5174127078125 0.458902815625 0.5178283734375 0.461081528125 0.5265659453125 0.4636191046875 0.53217036875 0.46932390625 0.5370788531249999 0.48076759375 0.5377870890625001 0.492234 0.5316789125 0.512865003125 0.5208307953125 0.52334383125 0.5115658203125 0.5278366453125 0.518012940625 0.5399989953125 0.5271548187499999 0.5426151625 0.593481975 0.5294937140625 0.6024919078125001 0.523817640625 0.5995665609375 0.519737065625 0.59928186875 0.5217280546875 0.5900729578125 0.52923716875 0.5812231296875 0.5295834125 0.56208484375 0.5217303531249999 0.5576593546875 0.5126042187500001 0.5658854828125001 0.48888887812500004 0.567360675 0.47413521875000003 0.5630942765625 0.464789753125 0.5635367265625 0.460010684375
3 0.5701206453125 0.44653222968749995 0.62735214375 0.37949225625 0.63691028125 0.38037715625 0.642170234375 0.3658313546875 0.6539857875 0.355359653125 0.6633296828125 0.34707849375 0.66422099375 0.346053109375 0.6625610390625 0.342362575 0.641514290625 0.3310388328125 0.6185182640625 0.32708547656250003 0.606114975 0.332423809375 0.5798463921875 0.403777346875 0.571357946875 0.43415774999999995 0.5701206453125 0.44653222968749995
3 0.5995665609375 0.519737065625 0.571428640625 0.48048739375 0.5682125796874999 0.47600130468749996 0.567360675 0.47413521875000003 0.5658854828125001 0.48888887812500004 0.5576593546875 0.5126042187500001 0.56208484375 0.5217303531249999 0.5812231296875 0.5295834125 0.5900729578125 0.52923716875 0.59928186875 0.5217280546875 0.5995665609375 0.519737065625
5 0.627280221875 0.5835369484374999 0.64200464375 0.5884907328125 0.65143898125 0.60182863125 0.68841043125 0.7183036281249999 0.6912106312499999 0.73348945 0.6883702828125 0.748101771875 0.6832902421875 0.75809545 0.67427715625 0.7668017125000001 0.6357609203125001 0.792781240625 0.6254687515625 0.79885148125 0.6260905171875 0.8121931515625 0.6265403671875001 0.8118897234375 0.6355552140625 0.8053108999999999 0.6478829765625 0.7969957187500001 0.6515302765625 0.793539115625 0.65336198125 0.7933000828125001 0.6563405171875 0.7932839703125001 0.6623137031249999 0.79623028125 0.687257921875 0.811790403125 0.691972815625 0.8150872093749999 0.7051935874999999 0.8236078750000001 0.7214090078125001 0.835090965625 0.743024196875 0.8494089078125 0.7523264125 0.8535973984374999 0.76094375 0.8582478437500001 0.768175225 0.8608436609375 0.774148409375 0.8637899750000001 0.7867796546875 0.86922064375 0.7879264859374999 0.869443565625 0.7905545265625 0.8681691624999999 0.792720615625 0.8662098828125 0.7941534906250001 0.8557769499999999 0.792050528125 0.84822720625 0.7908553609375 0.839068675 0.7874618828125 0.8259123515625 0.7867447828125 0.820417234375 0.784291325 0.8116091984375 0.7835742265625 0.8061140796874999 0.78217225 0.8010809171875 0.782028565625 0.795697259375 0.7833983171875001 0.79477335 0.786711234375 0.79303699375 0.79929414375 0.7895320546875 0.8053465640624999 0.7859478796875 0.8084204484375 0.7823798156249999 0.8144406453125 0.77283856875 0.82138475 0.764667071875 0.8244586359375001 0.7610990078125 0.8253503203125 0.7565116875 0.8244103 0.7521633999999999 0.821716484375 0.7201004906249999 0.820500159375 0.7031715296875001 0.8064244281249999 0.7060300078124999 0.781775228125 0.7202450218750001 0.7579578578125 0.7242546375 0.7344329296875001 0.720833753125 0.716873721875 0.7133889421874999 0.704833128125 0.7012573468750001 0.6948733890625001 0.6843466828125 0.688659446875 0.66298058125 0.6868229718750001 0.6309463859375 0.6911224671875 0.60586439375 0.7011875203125 0.5807512171875 0.7135036828125 0.5618351046875001 0.733526528125 0.5442914140624999 0.7312822140625 0.5424450953125 0.725770984375 0.5401836609374999 0.717042184375 0.5361066296875 0.70855241875 0.5338613046875 0.7028182671875001 0.5327466984375 0.6981194859375 0.5324284296874999 0.6883212234375 0.53304846875 0.650426103125 0.5761477515625 0.6406209359374999 0.5815394296874999 0.633198175 0.5771775484375 0.629668503125 0.56530178125 0.6164368796875 0.5432695234375 0.6117938765625001 0.536792984375 0.600194396875 0.5371969546875001 0.5904624546874999 0.5382806609374999 0.5861141640625 0.5392206828125 0.5754744234375 0.5419131734375 0.5713651703125 0.5446849 0.5615701 0.5552776296874999 0.55247601875 0.5683869406250001 0.5520462890625 0.5736591375 0.5566814265625 0.5858436375 0.6101793062499999 0.5915540171875 0.610611096875 0.5912779375 0.627280221875 0.5835369484374999
3 0.8455642093750001 0.6854164859375 0.8550131859375 0.669398746875 0.8608853390625001 0.648078146875 0.858509478125 0.6188188515624999 0.8529895812499999 0.6027712046875 0.845943809375 0.5916105046875 0.8342580359375 0.583579525 0.8115792515625 0.5521015890625 0.7871133375 0.5387066546875 0.7704639281250001 0.5354703375 0.7525044000000001 0.5360110046875 0.7350231609375 0.5429800874999999 0.7135036828125 0.5618351046875001 0.7011875203125 0.5807512171875 0.6911224671875 0.60586439375 0.6868229718750001 0.6309463859375 0.688659446875 0.66298058125 0.6948733890625001 0.6843466828125 0.704833128125 0.7012573468750001 0.716873721875 0.7133889421874999 0.7344329296875001 0.720833753125 0.7579578578125 0.7242546375 0.781775228125 0.7202450218750001 0.8064244281249999 0.7060300078124999 0.8238133828124999 0.7024986859375 0.8348662046875001 0.6960078937499999 0.8455642093750001 0.6854164859375
5 0.5274719546875 0.9064893625 0.535386740625 0.9060329625 0.5038232171875 0.68243536875 0.50330725 0.68598359375 0.5042360859375 0.690852075 0.49844317812499994 0.6914243718749999 0.49428051718750005 0.696836521875 0.4872655015625 0.696540496875 0.3912332125 0.7783481546875 0.3931786390625 0.8050123921875001 0.49911374531249997 0.9081246265624999 0.5142203640624999 0.907253509375 0.51008694375 0.9109922890625001 0.5053455671875 0.9141903875 0.53579528125 0.9089270921875 0.5291002515625001 0.9070371765624999 0.5274719546875 0.9064893625
0 0.650693446875 0.831052921875 0.6513686296875 0.8187713656250001 0.6483897625 0.8164802218749999 0.6287073953125 0.8186467437499999 0.6263165921875 0.81704420625 0.62860468125 0.8661413187500001 0.6292077109374999 0.8790809875000001 0.6392502734375001 0.8634988234375 0.650693446875 0.831052921875
3 0.49914756875000005 0.582341528125 0.48262772500000006 0.5871721359375 0.4613192171875 0.6011240953125 0.449426971875 0.602833346875 0.4435619421875 0.6097350390625 0.4392711953125 0.6214662203125 0.44061749531250005 0.637811390625 0.443954346875 0.6465017484375 0.4516227703125 0.6510079906249999 0.46273579375 0.6662359703125 0.48011762812500003 0.6776563953125 0.5038232171875 0.68243536875 0.5064131109375001 0.664625034375 0.5108913375 0.6550372875 0.6101793062499999 0.5915540171875 0.5149142921875 0.5813854 0.49914756875000005 0.582341528125
6 0.610611096875 0.5912779375 0.5108913375 0.6550372875 0.5064131109375001 0.664625034375 0.50330725 0.68598359375 0.5042360859375 0.690852075 0.5818096140625 0.683188384375 0.6109742781249999 0.681747375 0.6166240968750001 0.6824012109375001 0.6202402171875 0.6866591359374999 0.6254687515625 0.79885148125 0.6357609203125001 0.792781240625 0.67427715625 0.7668017125000001 0.6832902421875 0.75809545 0.6883702828125 0.748101771875 0.6912106312499999 0.73348945 0.68841043125 0.7183036281249999 0.65143898125 0.60182863125 0.64200464375 0.5884907328125 0.627280221875 0.5835369484374999 0.610611096875 0.5912779375
1 0.470920109375 0.695850740625 0.3902061015625 0.7041579296875 0.3910193140625 0.7754164578125 0.40072136406250003 0.9083938046875 0.4136505640625 0.9104626093749999 0.492687871875 0.9084951703125 0.630208940625 0.9005650859375001 0.6202402171875 0.6866591359374999 0.6166240968750001 0.6824012109375001 0.6109742781249999 0.681747375 0.5818096140625 0.683188384375 0.49844317812499994 0.6914243718749999 0.49428051718750005 0.696836521875 0.470920109375 0.695850740625
6 0.6891505484375 0.5321052515625 0.6978743125 0.51725973125 0.7062599234375 0.5091595843750001 0.70813401875 0.492009609375 0.71724970625 0.49767357656250005 0.7264038296875001 0.4931283640625 0.7804283359374999 0.43795118437499997 0.7879411375 0.4243297984375 0.7847759625 0.4105788546875 0.759159178125 0.3671653828125 0.7268618015625 0.31807476874999996 0.7146072828125 0.30353005 0.7092551234375 0.3010301734375 0.69842124375 0.306708396875 0.6633296828125 0.34707849375 0.642170234375 0.3658313546875 0.63691028125 0.38037715625 0.62735214375 0.37949225625 0.567507765625 0.449592909375 0.5635367265625 0.460010684375 0.5630942765625 0.464789753125 0.5682125796874999 0.47600130468749996 0.6164368796875 0.5432695234375 0.629668503125 0.56530178125 0.633198175 0.5771775484375 0.6406209359374999 0.5815394296874999 0.650426103125 0.5761477515625 0.6891505484375 0.5321052515625