5 0.34837874687500003 0.6792748328125 0.3535572265625 0.665753246875 0.3174458703125 0.7150591375 0.3140625 0.7209800359375 0.3140625 0.7294384593750001 0.346309859375 0.7713308 0.3480141171875 0.7643007359375 0.3645559921875 0.7437659937500001 0.3942172859375 0.7272241187499999 0.39789996250000004 0.72373275 0.3894858765625 0.716054896875 0.3635234796875 0.6976648640625001 0.3527058140625 0.6884698484375 0.34837874687500003 0.6792748328125
5 0.4540494296875 0.9112945921875 0.4369221234375 0.8890446171875 0.4438429109375 0.8920724625 0.45951712499999997 0.9091716046875 0.5045823375 0.89167375625 0.5209235109375 0.8568125859375 0.54449765625 0.8558051437499999 0.346309859375 0.7713308 0.4540494296875 0.9112945921875
6 0.7850893015625 0.561013 0.775096915625 0.563511096875 0.773693553125 0.5630299437499999 0.7727163421875 0.5635728375 0.763858440625 0.5647538921875 0.761784171875 0.5639053265625 0.757703340625 0.599890840625 0.7506746093750001 0.6045766609375 0.73349680625 0.5979979281250001 0.7616523953125001 0.6514935453125 0.7679233984375 0.6594748234375001 0.781605590625 0.6651757375 0.8015587859375 0.6589047328125 0.8614183750000001 0.6058862406250001 0.8979042187499999 0.5694003953125 0.905885496875 0.55799856875 0.9093060453125 0.5460266515625001 0.9093060453125 0.5294940031250001 0.903035040625 0.513531446875 0.8820606375000001 0.47507837343750003 0.8459548890624999 0.5111841218750001 0.8308162078124999 0.5157609328125 0.8212263390625001 0.522953334375 0.796120728125 0.5256002515625 0.7916132015625 0.546447559375 0.7845734171875 0.556001553125 0.7850893015625 0.561013
3 0.6211157515625 0.43153217499999996 0.6383042171875 0.3799667765625 0.63799935625 0.379999959375 0.5971048718749999 0.42089444374999996 0.6211157515625 0.43153217499999996
3 0.8308162078124999 0.5157609328125 0.8282512687500001 0.5165363796875 0.7946384171875 0.5086274734375 0.7963374156249999 0.5245980671875 0.796120728125 0.5256002515625 0.8212263390625001 0.522953334375 0.8308162078124999 0.5157609328125
5 0.582661921875 0.6122110734375 0.5760854984375 0.6356271296875 0.561841246875 0.6339005531249999 0.53918715 0.620562159375 0.5315565171875 0.62202793125 0.540812525 0.636529009375 0.5407157296875 0.6375614859375001 0.5945342218749999 0.6352044718750001 0.6049478734375 0.636454109375 0.6061975109375 0.6406195703125 0.60536441875 0.8505587546875001 0.59131063125 0.8525988203124999 0.6154453015625 0.88395201875 0.6235968062499999 0.88395201875 0.7072569921875 0.8676490078124999 0.7325695609375 0.8384752000000001 0.74801451875 0.8183109500000001 0.74801451875 0.7749792640625001 0.6870927421874999 0.7024737703125 0.6167323812500001 0.609375 0.597426184375 0.609375 0.582661921875 0.6122110734375
1 0.6771529375 0.33208937031249997 0.668636803125 0.3206111 0.6647775578124999 0.32434585312499997 0.6667349875 0.33832749687499997 0.65864946875 0.359349846875 0.63844005625 0.379559259375 0.6211157515625 0.43153217499999996 0.6287460593749999 0.43491269218750006 0.6182587859375 0.47798542499999996 0.6229859984375 0.47981668749999995 0.6439814953125 0.4897619234375 0.6439814953125 0.4862138234375 0.6492962359375001 0.46023064375 0.6575636125 0.44310536562499997 0.6711457281250001 0.4336569359375 0.6991034875000001 0.43708033437499993 0.70008154375 0.437200096875 0.7390563140624999 0.46495485781249996 0.7406983125 0.46386019218749996 0.6888455140625 0.4200140765625 0.6738592421875 0.3950813171875 0.6738592421875 0.3773776984375 0.6787997859375 0.3736722890625 0.6697421203125 0.3526749734375 0.6697421203125 0.3395001875 0.6771529375 0.33208937031249997
2 0.6697421203125 0.3526749734375 0.6787997859375 0.3736722890625 0.6738592421875 0.3773776984375 0.6738592421875 0.3950813171875 0.681270059375 0.41360836093750003 0.7406983125 0.46386019218749996 0.7514573765625 0.4566874828125 0.7727163421875 0.4608211703125 0.7868889875 0.48089908281250004 0.79338478125 0.49684330625 0.7946384171875 0.5086274734375 0.8282512687500001 0.5165363796875 0.8459548890624999 0.5111841218750001 0.9147108046874999 0.44242820624999996 0.922945046875 0.421019178125 0.9200630625 0.400433575 0.9258270312500001 0.3893173484375 0.9291207281249999 0.35802723125 0.923356759375 0.315209175 0.911005396875 0.3045046609375 0.823310725 0.26498030156249996 0.7883151984375 0.2550992125 0.7368511890625 0.2616866046875 0.67221239375 0.293388434375 0.6676835609375 0.3193262953125 0.6771529375 0.33208937031249997 0.6697421203125 0.3395001875 0.6697421203125 0.3526749734375
5 0.5058404828125 0.4517017640625 0.5579702359375001 0.4546304015625 0.6182587859375 0.47798542499999996 0.6287460593749999 0.43491269218750006 0.5971048718749999 0.42089444374999996 0.5911353796875 0.42686393593750005 0.5737515125 0.4321195234375 0.5393880546875 0.42403400468749997 0.48695791718750003 0.379699696875 0.4884617765625 0.3878635015625 0.4819871171875 0.41333049375 0.445729025 0.45649488906249996 0.43666450156250003 0.47937201875 0.42544175937500006 0.49534284531250006 0.42285189531249995 0.50527065625 0.41421901562499996 0.5104503828125 0.4090392890625 0.525989565625 0.4107658640625 0.54541354375 0.4081760015625 0.5549097093750001 0.4113155953125 0.5570027734375 0.4381653734375 0.5051104109375 0.4635868890625 0.46238063125 0.47354783125 0.46870200000000006 0.47831128593749994 0.453458946875 0.49412593125 0.456387584375 0.5058404828125 0.4517017640625
5 0.5760854984375 0.6356271296875 0.6007964718750001 0.5476410859375 0.5420118890625 0.5273604046875 0.5604049984375 0.5445948921875 0.5506690984375 0.57163905625 0.527952 0.613827953125 0.5278905609375 0.613910896875 0.561841246875 0.6339005531249999 0.5760854984375 0.6356271296875
2 0.425382228125 0.251003884375 0.418105259375 0.2582808515625 0.418105259375 0.2712176828125 0.42699933124999995 0.29183575781250004 0.4221480203125 0.29547424218749996 0.4221480203125 0.31285810937499997 0.4294249875 0.331050528125 0.5393880546875 0.42403400468749997 0.5737515125 0.4321195234375 0.5911353796875 0.42686393593750005 0.65864946875 0.359349846875 0.6667349875 0.33832749687499997 0.66390505625 0.318113696875 0.6695649203125 0.3071982453125 0.672799128125 0.276473271875 0.6671392640625 0.23442856875 0.6550109843749999 0.22391739375 0.5689002000000001 0.18510690000000002 0.5345367421875 0.1754042765625 0.4840022453125 0.1818726921875 0.420530915625 0.21300194218750002 0.4160838796875 0.2384713296875 0.425382228125 0.251003884375
5 0.5187585218749999 0.7305035609375 0.519896384375 0.7308047609375 0.5265522875 0.7323578046875 0.5269945593750001 0.7326836890624999 0.538229175 0.7356575578125 0.5536911640625 0.7648635374999999 0.555375653125 0.77086453125 0.55621358125 0.7722864687500001 0.556901953125 0.776301975 0.562853825 0.7975055171875 0.5645718234375 0.8158308375000001 0.5617084921875 0.8272841640624999 0.55426383125 0.83759215625 0.5307845125 0.851336146875 0.5220806062500001 0.8543441156249999 0.5209235109375 0.8568125859375 0.5795385671875 0.85430766875 0.60536441875 0.8505587546875001 0.6061975109375 0.6406195703125 0.6049478734375 0.636454109375 0.5945342218749999 0.6352044718750001 0.5407157296875 0.6375614859375001 0.539101296875 0.6547821140625001 0.528263515625 0.6775984937499999 0.497461403125 0.712393471875 0.509440003125 0.7283649375000001 0.51871031875 0.7305280109375001 0.5187585218749999 0.7305035609375
1 0.5269945593750001 0.7326836890624999 0.5043587765625 0.7046019953125 0.497461403125 0.712393471875 0.509440003125 0.7283649375000001 0.51871031875 0.7305280109375001 0.47924454687500007 0.75054688125 0.4191145875 0.7900608546875 0.40307993125 0.8118221734375 0.3939172703125 0.8324381593749999 0.3869915640625 0.836643053125 0.416357071875 0.8727381578125 0.429995246875 0.8782514625 0.432698803125 0.8782514625 0.556901953125 0.776301975 0.5269945593750001 0.7326836890624999
1 0.39789996250000004 0.72373275 0.43275654062499996 0.7555393765625 0.4457377390625 0.7614890921875 0.45114657343750003 0.7587846765624999 0.489008403125 0.69063338125 0.490478478125 0.6873822546875 0.40117753437500003 0.5765965234375 0.3490831421875 0.7629736703125001 0.3645559921875 0.7437659937500001 0.3942172859375 0.7272241187499999 0.39789996250000004 0.72373275
5 0.5506690984375 0.57163905625 0.5604049984375 0.5445948921875 0.5420118890625 0.5273604046875 0.49588311249999995 0.5114459765625 0.470696828125 0.493288421875 0.472454009375 0.472202228125 0.47354783125 0.46870200000000006 0.4635868890625 0.46238063125 0.4381653734375 0.5051104109375 0.3819135109375 0.613827953125 0.358114646875 0.6538533171875 0.34837874687500003 0.6792748328125 0.3527058140625 0.6884698484375 0.3635234796875 0.6976648640625001 0.3894858765625 0.716054896875 0.43275654062499996 0.7555393765625 0.4457377390625 0.7614890921875 0.45114657343750003 0.7587846765624999 0.489008403125 0.69063338125 0.517134334375 0.628431803125 0.527952 0.613827953125 0.5506690984375 0.57163905625
3 0.5307845125 0.851336146875 0.55426383125 0.83759215625 0.5617084921875 0.8272841640624999 0.5645718234375 0.8158308375000001 0.562853825 0.7975055171875 0.5536911640625 0.7648635374999999 0.538229175 0.7356575578125 0.5187585218749999 0.7305035609375 0.47924454687500007 0.75054688125 0.4191145875 0.7900608546875 0.40307993125 0.8118221734375 0.3939172703125 0.8324381593749999 0.36184795937500003 0.8519088140625 0.3584119609375 0.859353475 0.3607026265625 0.8736701328124999 0.3658566234375 0.8782514625 0.37215595156250003 0.877678796875 0.40307993125 0.8673708031249999 0.429995246875 0.8782514625 0.4529018984375 0.8782514625 0.5307845125 0.851336146875
1 0.49412593125 0.456387584375 0.47831128593749994 0.453458946875 0.472454009375 0.472202228125 0.470696828125 0.493288421875 0.49588311249999995 0.5114459765625 0.6130286296875 0.5518611796874999 0.6560427625 0.568334678125 0.6481151828125 0.543494925 0.6439814953125 0.5139685843749999 0.6439814953125 0.5003306359375 0.6439814953125 0.4897619234375 0.6229859984375 0.47981668749999995 0.5579702359375001 0.4546304015625 0.5058404828125 0.4517017640625 0.49412593125 0.456387584375
3 0.7378752609375 0.5871939109375 0.75086685 0.55943915 0.763858440625 0.5647538921875 0.7727163421875 0.5635728375 0.7833458265625 0.5576675703125 0.7916132015625 0.546447559375 0.7963374156249999 0.5245980671875 0.79338478125 0.49684330625 0.7868889875 0.48089908281250004 0.7727163421875 0.4608211703125 0.7514573765625 0.4566874828125 0.7390563140624999 0.46495485781249996 0.70008154375 0.437200096875 0.6711457281250001 0.4336569359375 0.6575636125 0.44310536562499997 0.6492962359375001 0.46023064375 0.6439814953125 0.4862138234375 0.6439814953125 0.5139685843749999 0.6481151828125 0.543494925 0.656973084375 0.5712496859375 0.6681930953124999 0.5925086515625 0.6805941578125 0.60609076875 0.6977194359375 0.6119960375 0.717206821875 0.6066812968749999 0.7378752609375 0.5871939109375