5 0.318095071875 0.732648571875 0.3510686421875 0.7739717374999999 0.35264995 0.7669130015625 0.3688309234375 0.746092690625 0.3981990046875 0.729035675 0.4018201875 0.7254805656250001 0.3932733859375 0.717950728125 0.36699399375 0.700016603125 0.3560175 0.6910117812500001 0.3515306171875 0.6818936843750001 0.3564723234375 0.66828378125 0.3212269734375 0.7182123921875 0.317947453125 0.7241914359375 0.318095071875 0.732648571875
5 0.5114172890625001 0.8915341296875001 0.5271475624999999 0.8563930765625001 0.550700534375 0.8549743624999999 0.3510686421875 0.7739717374999999 0.4612345078125 0.9120338984374999 0.44372149531250005 0.8900862249999999 0.450694071875 0.892992825 0.4666643203125 0.909815809375 0.5114172890625001 0.8915341296875001
6 0.764948365625 0.560139065625 0.762859603125 0.5593268296875 0.7594074265625 0.5953780828124999 0.7524615453125 0.6001858578125 0.73517154375 0.593907921875 0.764256471875 0.6469040078125 0.7706658125 0.6547746265625001 0.7844454140625 0.6602358859375 0.8042861265625 0.6536176046875 0.8632112984375 0.5995624937499999 0.8990548203125 0.5624454390625 0.90683589375 0.55090605625 0.91004698125 0.538876265625 0.909758446875 0.5223461359375 0.9032098124999999 0.5064954546875 0.8815675046875 0.46841429218749997 0.8460973890625001 0.5051446734375 0.8310408890625001 0.5099849937500001 0.82157800625 0.517343665625 0.7965224140625 0.5204283328125 0.792379409375 0.5413511328125 0.7855074375 0.5510265328124999 0.7861107046875 0.5560282125 0.7761634390625 0.5587003203124999 0.7747518921875 0.5582437328125 0.7737843046874999 0.5588035984374999 0.764948365625 0.560139065625
3 0.6199023765625 0.4294288421875 0.636188284375 0.37757131718750003 0.6358840484375 0.37760981562499996 0.5957095 0.41921177812500005 0.6199023765625 0.4294288421875
3 0.7965224140625 0.5204283328125 0.82157800625 0.517343665625 0.8310408890625001 0.5099849937500001 0.8284898734375 0.5108050859375 0.7947441125 0.5034840093749999 0.796721578125 0.5194225203125 0.7965224140625 0.5204283328125
5 0.5336813921875 0.6214586093750001 0.5431890687500001 0.6357959390625 0.5431103078125 0.636829946875 0.5968794671875 0.6335340296874999 0.6073133421875 0.634601734375 0.6086354859374999 0.6387447515625 0.6114664656250001 0.8486665 0.597450421875 0.850951528125 0.6221286046875 0.8818787421875 0.6302788687499999 0.8817364796874999 0.7136417859375 0.8639758796875 0.738441346875 0.83436475 0.7535320375000001 0.81393401875 0.7527757953124999 0.7706089328125 0.6905979015625 0.6991777140625001 0.618623459375 0.6073210812500001 0.599320203125 0.6076580203125 0.5846076859375 0.610751334375 0.5784409296875 0.6342785984375 0.5641687156249999 0.63280088125 0.54128528125 0.6198598875 0.5336813921875 0.6214586093750001
1 0.6561706218750001 0.356602453125 0.6363169906249999 0.377161490625 0.6199023765625 0.4294288421875 0.6275905203125001 0.43267567656250006 0.6178565671875 0.475924878125 0.6226150203125 0.47767335937500005 0.6437808875 0.487250659375 0.6437189640625001 0.48370309999999994 0.6485794265625 0.457631121875 0.6565466671875 0.44036416718750004 0.669961815625 0.4306801359375 0.6979750640625 0.43361508281249994 0.6989550609374999 0.4337177578125 0.7384082828125 0.4607880875 0.7400309265625 0.45966493125 0.6874208046875 0.41673045000000003 0.6720016796875 0.392063034375 0.6716927078125 0.3743621125 0.6765678312500001 0.37057104218750003 0.6671450921875001 0.349735003125 0.666915159375 0.3365622234375 0.6741955109375 0.3290231984375 0.6654803515625 0.317695303125 0.6616868734375 0.321496840625 0.66388801875 0.33544219375 0.6561706218750001 0.356602453125
2 0.679734709375 0.41045792031249995 0.7400309265625 0.45966493125 0.7506631703125 0.45230554375 0.771991040625 0.45606758125 0.7865119359375 0.4758950890625 0.7932850046875 0.4917235171875 0.7947441125 0.5034840093749999 0.8284898734375 0.5108050859375 0.8460973890625001 0.5051446734375 0.9136428765625 0.4351992734375 0.921502225 0.41364979843749994 0.9182614109375 0.393117628125 0.9238304968750001 0.3819025 0.9265776046875001 0.35055966562499996 0.9200672359375 0.307848725 0.907530934375 0.297361403125 0.8191598234375 0.2593735453125 0.783997178125 0.25010471875 0.7326559734375 0.257589278125 0.6685802953125 0.29041438125 0.66450483125 0.31642733125 0.6741955109375 0.3290231984375 0.666915159375 0.3365622234375 0.6671450921875001 0.349735003125 0.6765678312500001 0.37057104218750003 0.6716927078125 0.3743621125 0.6720016796875 0.392063034375 0.679734709375 0.41045792031249995
5 0.5957095 0.41921177812500005 0.5898450984375 0.42528454375 0.5725556015625 0.43084272031250004 0.5380562656250001 0.4233581578125 0.4848603734375 0.379945634375 0.4865064828125 0.38808195 0.48047726874999996 0.4136580625 0.444978021875 0.4574486734375 0.43631414062499996 0.48048051718749996 0.4253718359375 0.49664477500000004 0.42295563124999996 0.5066162734375 0.4144144640625 0.511945875 0.40950672343749994 0.527573090625 0.41157203124999997 0.546963978125 0.40914829375000006 0.556503896875 0.41232393749999996 0.5585418484375 0.43826397968749997 0.5061887953124999 0.4629358859375 0.46302185781249994 0.47300563437500004 0.4691684203125 0.4775023359375 0.45384455625 0.49336568437499995 0.45649674375 0.5049966734375 0.45160718906249997 0.5571695984375 0.4536255921875 0.6178565671875 0.475924878125 0.6275905203125001 0.43267567656250006 0.5957095 0.41921177812500005
5 0.5519116546875 0.570743846875 0.5299343140625 0.6133227875 0.5298743328125 0.613406790625 0.5641687156249999 0.63280088125 0.5784409296875 0.6342785984375 0.601612571875 0.5458746890625 0.5424829953125 0.5266230296875001 0.5611740859375 0.5435338875 0.5519116546875 0.570743846875
2 0.41859041093749993 0.296864096875 0.4188938015625 0.314245315625 0.42648716093749994 0.3323079640625 0.5380562656250001 0.4233581578125 0.5725556015625 0.43084272031250004 0.5898450984375 0.42528454375 0.6561706218750001 0.356602453125 0.66388801875 0.33544219375 0.6607057390625 0.3152808609375 0.666174240625 0.30426829375 0.66887173125 0.27349155468749997 0.6624789468750001 0.231552034375 0.6501690703125 0.221254128125 0.5633940640625 0.18395238593750002 0.52886650625 0.1748509640625 0.47845259531249995 0.18220034375 0.4155342125 0.2144325796875 0.41153235625000006 0.23997570000000001 0.4210480109375 0.2523440671875 0.4138991515625 0.2597469265625 0.41412492968750003 0.2726817875 0.4233774828125 0.2931415 0.41859041093749993 0.296864096875
5 0.5423361437499999 0.734954475 0.5583054921875 0.7638861578125 0.5600944578125 0.7698568390625 0.5609570734375 0.7712639359375 0.5617154203125 0.7752668171875 0.5680364390625 0.7963632546875 0.5700739968749999 0.8146558015625001 0.567410990625 0.8261573546875001 0.5601473625 0.8365937046875 0.536911484375 0.8507453734375 0.5282614015625 0.8539047875 0.5271475624999999 0.8563930765625001 0.585709975 0.8528655671875001 0.6114664656250001 0.8486665 0.6086354859374999 0.6387447515625 0.6073133421875 0.634601734375 0.5968794671875 0.6335340296874999 0.5431103078125 0.636829946875 0.5417966625 0.654076128125 0.5313587328125 0.677078178125 0.5011685671875 0.7124054281250001 0.5134240828125 0.72816540625 0.5227307375 0.7301663609375 0.52277850625 0.7301410734375 0.523921453125 0.73042236875 0.530603446875 0.7318590140625 0.5310513390625 0.7321771296875 0.5423361437499999 0.734954475
1 0.5227307375 0.7301663609375 0.4836203546875 0.7508709546875 0.4241891671875 0.791428321875 0.40853674062499995 0.8134661703124999 0.39973527343750004 0.8342389265625 0.3928840078125 0.8385640499999999 0.4228749890625 0.8741411578125 0.4366073078125 0.8794156046875001 0.4393104515625 0.8793684203125001 0.5617154203125 0.7752668171875 0.5310513390625 0.7321771296875 0.507928909375 0.7044947625 0.5011685671875 0.7124054281250001 0.5134240828125 0.72816540625 0.5227307375 0.7301663609375
1 0.49233708906249996 0.6907961765625 0.49375020000000003 0.6875198890625 0.4025293796875 0.578309546875 0.3536956515625 0.76556748125 0.3688309234375 0.746092690625 0.3981990046875 0.729035675 0.4018201875 0.7254805656250001 0.437226559375 0.7566740171874999 0.45030961718749996 0.7623962734374999 0.4556704296875 0.7595978718749999 0.49233708906249996 0.6907961765625
5 0.47058415781249996 0.4938008546875 0.47197306718750004 0.47268720625 0.47300563437500004 0.4691684203125 0.4629358859375 0.46302185781249994 0.43826397968749997 0.5061887953124999 0.3839180671875 0.615871509375 0.3608213671875 0.656306125 0.3515306171875 0.6818936843750001 0.3560175 0.6910117812500001 0.36699399375 0.700016603125 0.3932733859375 0.717950728125 0.437226559375 0.7566740171874999 0.45030961718749996 0.7623962734374999 0.4556704296875 0.7595978718749999 0.49233708906249996 0.6907961765625 0.51937316875 0.62811320625 0.5299343140625 0.6133227875 0.5519116546875 0.570743846875 0.5611740859375 0.5435338875 0.5424829953125 0.5266230296875001 0.4960835 0.5115160828125 0.47058415781249996 0.4938008546875
3 0.5680364390625 0.7963632546875 0.5583054921875 0.7638861578125 0.5423361437499999 0.734954475 0.52277850625 0.7301410734375 0.4836203546875 0.7508709546875 0.4241891671875 0.791428321875 0.40853674062499995 0.8134661703124999 0.39973527343750004 0.8342389265625 0.36801065624999996 0.8542663015624999 0.3647051078125 0.8617697953125001 0.3672452859375 0.8760442953125 0.372478453125 0.8805349781249999 0.3787668265625 0.8798524609375 0.40950619687499995 0.8690063390624999 0.4366073078125 0.8794156046875001 0.45951047031250003 0.8790158281249999 0.536911484375 0.8507453734375 0.5601473625 0.8365937046875 0.567410990625 0.8261573546875001 0.5700739968749999 0.8146558015625001 0.5680364390625 0.7963632546875
1 0.4960835 0.5115160828125 0.6139165171875 0.5498806593750001 0.6572116015625 0.5656009484375 0.648851715625 0.540903334375 0.6442033515625 0.5114536328125 0.6439653359374999 0.4978177625 0.6437808875 0.487250659375 0.6226150203125 0.47767335937500005 0.5571695984375 0.4536255921875 0.5049966734375 0.45160718906249997 0.49336568437499995 0.45649674375 0.4775023359375 0.45384455625 0.47197306718750004 0.47268720625 0.47058415781249996 0.4938008546875 0.4960835 0.5115160828125
3 0.784309109375 0.5527137203125 0.792379409375 0.5413511328125 0.796721578125 0.5194225203125 0.7932850046875 0.4917235171875 0.7865119359375 0.4758950890625 0.771991040625 0.45606758125 0.7506631703125 0.45230554375 0.7384082828125 0.4607880875 0.6989550609374999 0.4337177578125 0.669961815625 0.4306801359375 0.6565466671875 0.44036416718750004 0.6485794265625 0.457631121875 0.6437189640625001 0.48370309999999994 0.6442033515625 0.5114536328125 0.648851715625 0.540903334375 0.6581926546875 0.5684992765625 0.6697819765624999 0.5895591875 0.6824181921875 0.6029228078125 0.6996439234375 0.6085283 0.7190355859374999 0.6028742671875 0.739360775 0.583029134375 0.7518659984375 0.5550518671875 0.764948365625 0.560139065625 0.7737843046874999 0.5588035984374999 0.784309109375 0.5527137203125