1 0.572621634375 0.3763143703125 0.585705459375 0.45194526249999994 0.596056590625 0.4531733625 0.5987229171874999 0.45397946093749997 0.6075379625 0.43729383750000006 0.6233100328125001 0.41943866406249997 0.5831522234375 0.3331866734375 0.576195128125 0.32050020468749996 0.571693478125 0.3164077953125 0.5663733468750001 0.3209094453125 0.55859776875 0.321727928125 0.54959446875 0.3286850234375 0.5093189875 0.3609375 0.5101566546875 0.3609375 0.5680501328124999 0.3609375 0.572621634375 0.3763143703125
5 0.483591909375 0.8672695421875 0.5760576578125 0.7216258546875001 0.5725966734375 0.7149753359375 0.4852300890625 0.8318670484374999 0.48576417968749996 0.8389882515625 0.4813272890625 0.8442424640624999 0.4800631375 0.8599179343750001 0.483591909375 0.8672695421875
5 0.47887053437500005 0.8747062265625001 0.49935324843749995 0.918154409375 0.4968704953125 0.9380164359375 0.4875601703125 0.9597405265625 0.5366914796875 0.9597405265625 0.4854697375 0.8708432890625 0.48379033906249996 0.8706463937500001 0.48396381093749996 0.868044334375 0.483591909375 0.8672695421875 0.47887053437500005 0.8747062265625001
5 0.626499771875 0.64977018125 0.6261979734375 0.64977018125 0.6244420500000001 0.6475752796875 0.6236243640625 0.6467030796875 0.5760576578125 0.7216258546875001 0.5808735890625 0.7308799968749999 0.5764754671875 0.7382101999999999 0.5777252796875 0.7385298234375 0.5782073765625 0.7385298234375 0.6426832265625 0.6727601437499999 0.6412357859375 0.668659059375 0.6442864125 0.66309615 0.6304732093750001 0.654008515625 0.626499771875 0.64977018125
5 0.625753590625 0.7425168046875 0.6132205359375 0.7423162750000001 0.591729865625 0.7385298234375 0.5853822328125 0.7385298234375 0.4858195546875 0.8402081718750001 0.4851205078125 0.8506938749999999 0.584375 0.8842379671874999 0.625753590625 0.7425168046875
5 0.6445643796875 0.678090078125 0.625753590625 0.7425168046875 0.6408371140625 0.742758140625 0.65042116875 0.7434464984375 0.6750973109375 0.723685921875 0.6445643796875 0.678090078125
5 0.6426832265625 0.6727601437499999 0.5782073765625 0.7385298234375 0.5853822328125 0.7385298234375 0.6445643796875 0.678090078125 0.6426832265625 0.6727601437499999
5 0.556718196875 0.9944976390625 0.569849365625 0.9944976390625 0.5973054453125 0.9694290437499999 0.5993530703125 0.9654913046875 0.584375 0.9654913046875 0.584375 0.8842379671874999 0.5666690562500001 0.8793427953125 0.5579655265625 0.8793427953125 0.4854697375 0.8708432890625 0.556718196875 0.9944976390625
5 0.5153136843749999 0.6255331796875 0.5139991078125 0.62049396875 0.5048149609375 0.6065369578124999 0.4961533765625 0.5884438703125 0.4508534421875 0.5949152890625 0.43102821875 0.601764003125 0.394999975 0.63132010625 0.3838902875 0.6428570890625 0.3838902875 0.647130046875 0.4394387234375 0.7125062828125001 0.46764023750000006 0.7415623874999999 0.47214183906249996 0.7488040921875 0.4728363921875 0.7351445421875 0.48153352812500005 0.729491403125 0.48240324218749997 0.753843384375 0.4863481046875 0.7427674234375 0.4863481046875 0.7350848453125 0.49013278437499996 0.73214120625 0.49370951874999996 0.7220988375 0.5002323703125 0.7220988375 0.5028415109375 0.694702859375 0.5141477890624999 0.6646977390625 0.5245843515625 0.6533914625 0.532411775 0.6542611765624999 0.5363254859375 0.6664371671875 0.5263237796875 0.6960074296875 0.525454065625 0.7086182765625 0.5189312140625 0.7103577046875 0.510668934375 0.7025302812499999 0.5141477890624999 0.7103577046875 0.5045809390625 0.73123083125 0.505238925 0.7332047890625 0.5684246390625 0.7407268984375001 0.570453065625 0.7366700453125 0.5764754671875 0.7382101999999999 0.5808735890625 0.7308799968749999 0.5590815109375 0.689005021875 0.5270905796875 0.6403888828125 0.5237966359375 0.64128723125 0.5219788609375 0.63765168125 0.5201610859375 0.6352279796875 0.5153136843749999 0.6255331796875
1 0.7278072078125 0.94197388125 0.7304996984375001 0.9306388265625 0.6932370953125 0.9149777328124999 0.6589297921874999 0.9082065546875 0.6237196671875 0.8951156109375 0.584375 0.8842379671874999 0.584375 0.9654913046875 0.8976460609375 0.9654913046875 0.865728546875 0.8969380328125001 0.8546988578124999 0.9515612515624999 0.7689764984374999 0.9515612515624999 0.7278072078125 0.94197388125
6 0.7603923406249999 0.504507475 0.7749343546875 0.48503156406250003 0.7821463109375 0.49002445625 0.78220714375 0.49010942812499997 0.78727540625 0.4855046625 0.777446015625 0.45929295156250005 0.7666804921875 0.44103836718749995 0.7465536421875 0.41716698750000003 0.726894859375 0.403125 0.642174865625 0.403125 0.6323454749999999 0.4092098609375 0.6075379625 0.43729383750000006 0.5987229171874999 0.45397946093749997 0.6448722703125 0.467931590625 0.6760916 0.4696344640625 0.6953908234374999 0.47701357812499995 0.7339892671875 0.48382506875000003 0.7603923406249999 0.504507475
5 0.5819654421875 0.6788545859374999 0.58681284375 0.6830960609375001 0.58984246875 0.6830960609375001 0.59650764375 0.6758249609375 0.6092320703125 0.666736084375 0.6098379953124999 0.6624946078125 0.6080202203125 0.6570412828125 0.6104439203124999 0.64977018125 0.614685396875 0.6467405562499999 0.621350571875 0.64613463125 0.6237742734375 0.6467405562499999 0.6261979734375 0.64977018125 0.6292275984375 0.64977018125 0.6316512984375 0.64613463125 0.6346809234374999 0.64310500625 0.6346809234374999 0.64189315625 0.6334690734375 0.6352279796875 0.6389224 0.6249272546875 0.640740175 0.619473928125 0.64740535 0.614626528125 0.6564942265625 0.6043258015624999 0.6596280609375 0.6015606531250001 0.6530997968750001 0.6013793125 0.640874525 0.593636640625 0.6343543796875 0.583856421875 0.6330709156250001 0.57961111875 0.6127514125 0.5758680515625 0.610440425 0.5857722843750001 0.59672591875 0.6015647468750001 0.600050646875 0.6086297953125 0.5821802296875 0.6102921593749999 0.547270578125 0.5861878765624999 0.53189370625 0.5861878765624999 0.526491021875 0.5841099203125 0.51056375 0.5863852453125 0.510466284375 0.5873598999999999 0.509860359375 0.5922073 0.511678134375 0.6115969031249999 0.5153136843749999 0.6255331796875 0.5201610859375 0.6352279796875 0.5219788609375 0.63765168125 0.5237966359375 0.64128723125 0.5304618109375 0.63946945625 0.5304618109375 0.6303805796875 0.5310677359375 0.6273509546875 0.5316736609375 0.6267450296875 0.5328855109374999 0.6267450296875 0.5371269875 0.6321983546875 0.5389447625 0.6358339046875 0.5389447625 0.64189315625 0.5425803124999999 0.6503761078125 0.5425803124999999 0.6534057328125 0.5425803124999999 0.6600709078125 0.5456099375 0.667947934375 0.5468217890625 0.669765709375 0.5498514140624999 0.6715834843749999 0.5546988140625 0.6734012593750001 0.566211390625 0.672795334375 0.569846940625 0.6764308859375 0.571058790625 0.6770368109375 0.5753002671874999 0.6770368109375 0.5819654421875 0.6788545859374999
3 0.8451088578125001 0.5090383968750001 0.83436126875 0.521935503125 0.8333991468749999 0.5251048453125 0.8453896171874999 0.512215090625 0.8537111046874999 0.512215090625 0.8888452656249999 0.5582621328124999 0.890248734375 0.550309140625 0.888099215625 0.533112996875 0.8807908546875 0.5176364671875 0.87047316875 0.5081785890625 0.8580059656250001 0.5047393609374999 0.8451088578125001 0.5090383968750001
1 0.8537111046874999 0.512215090625 0.8453896171874999 0.512215090625 0.8231989828125 0.536070021875 0.8170965593749999 0.53884385 0.7821463109375 0.49002445625 0.7749343546875 0.48503156406250003 0.7603923406249999 0.504507475 0.76804671875 0.5105034046875 0.7822373234375 0.5320731234375 0.7981308 0.5349112453125 0.8026717937500001 0.542290359375 0.80210416875 0.5661305750000001 0.7964279265624999 0.5780506828124999 0.7759934562499999 0.5752125609375 0.763505725 0.58770029375 0.748179871875 0.59621465625 0.7146900453125 0.6013232734375 0.69822894375 0.5950794078125 0.6933769437499999 0.5942602390625 0.6506668046875 0.6514613171875 0.6412357859375 0.668659059375 0.6445643796875 0.678090078125 0.68617181875 0.740223853125 0.689888821875 0.7462811921875 0.7204204625 0.748474071875 0.7257387484375 0.7384756921875 0.7288986328125 0.7362186328125 0.774133684375 0.7481368500000001 0.77969179375 0.7349995 0.7887152000000001 0.7225923171875 0.7960467171875 0.7180806140625 0.8327043046875 0.7192085390625 0.8778213359375 0.7321796859374999 0.88797266875 0.7423310187500001 0.8907924828124999 0.7547382015624999 0.8904496765625 0.76742205625 0.9080781578125 0.74688104375 0.9230568359375001 0.7241356437500001 0.919173475 0.7191427515625 0.919173475 0.7024997749999999 0.9080781578125 0.6880758640625 0.9147353484374999 0.6775353125 0.9147353484374999 0.671987653125 0.9019757328125 0.6492422546875 0.9274949625 0.6220587281250001 0.929714025 0.6170658343750001 0.926940196875 0.60818958125 0.8537111046874999 0.512215090625
5 0.591729865625 0.7385298234375 0.5777252796875 0.7385298234375 0.5911504843750001 0.7419631546875001 0.6132205359375 0.7423162750000001 0.591729865625 0.7385298234375
5 0.5666690562500001 0.8793427953125 0.6237196671875 0.8951156109375 0.6589297921874999 0.9082065546875 0.6932370953125 0.9149777328124999 0.7304996984375001 0.9306388265625 0.7734882015625 0.7496625359375 0.774133684375 0.7481368500000001 0.7288986328125 0.7362186328125 0.7257387484375 0.7384756921875 0.7204204625 0.748474071875 0.733428209375 0.7494083296875 0.73291665625 0.8205141984375001 0.7252433609375 0.8921316203125 0.6827844609375 0.8921316203125 0.5958204484375 0.8824121125 0.5896818125000001 0.8793427953125 0.5666690562500001 0.8793427953125
0 0.510668934375 0.7025302812499999 0.5189312140625 0.7103577046875 0.525454065625 0.7086182765625 0.5263237796875 0.6960074296875 0.5363254859375 0.6664371671875 0.532411775 0.6542611765624999 0.5245843515625 0.6533914625 0.5141477890624999 0.6646977390625 0.5028415109375 0.694702859375 0.5002323703125 0.7220988375 0.49370951874999996 0.7220988375 0.49013278437499996 0.73214120625 0.49095208125 0.7315039750000001 0.505238925 0.7332047890625 0.5045809390625 0.73123083125 0.5141477890624999 0.7103577046875 0.510668934375 0.7025302812499999
0 0.48276723437499997 0.799028971875 0.4863481046875 0.7760090859375001 0.4863481046875 0.7427674234375 0.48240324218749997 0.753843384375 0.48153352812500005 0.729491403125 0.4728363921875 0.7351445421875 0.4702272515625 0.7864576453125001 0.46500896875000003 0.8134187671875001 0.472401534375 0.8225507609375 0.48240324218749997 0.806895915625 0.48320916562500005 0.8049213999999999 0.48276723437499997 0.799028971875
3 0.686889884375 0.593165021875 0.65452188125 0.58770029375 0.6369255328125 0.5803211796875 0.6330709156250001 0.57961111875 0.6343543796875 0.583856421875 0.640874525 0.593636640625 0.6530997968750001 0.6013793125 0.6677701234375 0.601786821875 0.6779578500000001 0.5952666765625 0.686889884375 0.593165021875
6 0.7981308 0.5349112453125 0.7822373234375 0.5320731234375 0.76804671875 0.5105034046875 0.7339892671875 0.48382506875000003 0.6953908234374999 0.47701357812499995 0.6760916 0.4696344640625 0.6448722703125 0.467931590625 0.596056590625 0.4531733625 0.585705459375 0.45194526249999994 0.5896608703124999 0.47480946093750004 0.5950635546874999 0.49558901562499996 0.600050646875 0.5009916999999999 0.6021286031249999 0.514290615625 0.60545333125 0.5192777093750001 0.6116871984375 0.5483690859375 0.6133495625000001 0.5508626328124999 0.6179210640624999 0.5504470421875001 0.629557615625 0.5425508109375 0.6345447078124999 0.5433819921875 0.6345447078124999 0.5479534953125 0.6303887968749999 0.5537717703125 0.629557615625 0.5595900453125 0.6133495625000001 0.5733045515625 0.6127514125 0.5758680515625 0.6369255328125 0.5803211796875 0.65452188125 0.58770029375 0.69822894375 0.5950794078125 0.7146900453125 0.6013232734375 0.748179871875 0.59621465625 0.763505725 0.58770029375 0.7759934562499999 0.5752125609375 0.7964279265624999 0.5780506828124999 0.80210416875 0.5661305750000001 0.8026717937500001 0.542290359375 0.7981308 0.5349112453125
1 0.40472282968749995 0.5516938140625001 0.4155281984375 0.5915905609375 0.42799593125 0.6028115203125 0.4508534421875 0.5949152890625 0.526491021875 0.5841099203125 0.53189370625 0.5861878765624999 0.547270578125 0.5861878765624999 0.5821802296875 0.6102921593749999 0.600050646875 0.6086297953125 0.59672591875 0.6015647468750001 0.610440425 0.5857722843750001 0.6133495625000001 0.5733045515625 0.629557615625 0.5595900453125 0.6303887968749999 0.5537717703125 0.6345447078124999 0.5479534953125 0.6345447078124999 0.5433819921875 0.629557615625 0.5425508109375 0.6179210640624999 0.5504470421875001 0.6133495625000001 0.5508626328124999 0.6116871984375 0.5483690859375 0.60545333125 0.5192777093750001 0.6021286031249999 0.514290615625 0.600050646875 0.5009916999999999 0.5950635546874999 0.49558901562499996 0.5896608703124999 0.47480946093750004 0.572621634375 0.3763143703125 0.5680501328124999 0.3609375 0.50654265 0.3609375 0.506127059375 0.361353090625 0.5111141515625001 0.380054690625 0.3997357375 0.42660089375 0.38519004843750004 0.42951003125 0.378125 0.42784766718749995 0.378125 0.49267987812499997 0.3880991859375 0.4930954703125 0.3955798265625 0.5188621171875 0.40181369218749996 0.5288363046875 0.40472282968749995 0.5516938140625001
3 0.7734882015625 0.7496625359375 0.7278072078125 0.94197388125 0.7689764984374999 0.9515612515624999 0.8546988578124999 0.9515612515624999 0.8902285203125 0.775604828125 0.8907924828124999 0.7547382015624999 0.88797266875 0.7423310187500001 0.8778213359375 0.7321796859374999 0.8327043046875 0.7192085390625 0.7960467171875 0.7180806140625 0.7887152000000001 0.7225923171875 0.77969179375 0.7349995 0.7734882015625 0.7496625359375
5 0.73291665625 0.8205141984375001 0.733428209375 0.7494083296875 0.6408371140625 0.742758140625 0.5768929875000001 0.741735034375 0.49095208125 0.7315039750000001 0.4863481046875 0.7350848453125 0.4863481046875 0.7760090859375001 0.48276723437499997 0.799028971875 0.48583655156249994 0.8399532125 0.48379033906249996 0.8706463937500001 0.5579655265625 0.8793427953125 0.5896818125000001 0.8793427953125 0.5958204484375 0.8824121125 0.6827844609375 0.8921316203125 0.7252433609375 0.8921316203125 0.73291665625 0.8205141984375001