1 0.5831252 0.3831144234375 0.5895675703125 0.4595978484375 0.5997722765625 0.4617234359375 0.6023582015625 0.46275885156249996 0.61259395 0.4469050046875 0.6298621843750001 0.43049240156249996 0.59737454375 0.3410686421875 0.5915496203124999 0.3278240984375 0.587421778125 0.3233549171875 0.581729546875 0.3273757578125 0.573912221875 0.32751343906249997 0.56433683125 0.333659371875 0.521403621875 0.36227887812500004 0.5222381015625001 0.3623518859375 0.5799112765625 0.367397634375 0.5831252 0.3831144234375
5 0.45164469687500003 0.8644419109375001 0.55645226875 0.7274113625 0.5535840859375 0.7204845062499999 0.4563621734375 0.8293169109375 0.45627357812499997 0.8364575656250001 0.4513956375 0.8413050828124999 0.4487700890625 0.8568107265625 0.45164469687500003 0.8644419109375001
5 0.4462931390625 0.8714388015625 0.46291115156249996 0.9165068375000001 0.45870675624999996 0.936076896875 0.44753848124999995 0.956906871875 0.4964828296875 0.9611889484375 0.4532039078125 0.8681657218750001 0.45154805937500003 0.8678232078124999 0.45194765625000005 0.86524616875 0.45164469687500003 0.8644419109375001 0.4462931390625 0.8714388015625
5 0.6129650703125 0.6602254421875 0.6126644203125 0.6601991390624999 0.6111064765625 0.65785955 0.6103679203125 0.6569194031250001 0.55645226875 0.7274113625 0.5604433234374999 0.7370500265625 0.5554230687499999 0.7439690140625 0.5566402671875 0.7443963499999999 0.5571205296875 0.7444383671875 0.6270832359375 0.6845384015625 0.6259987359375 0.6803267703125 0.62952259375 0.675050909375 0.6165539921875001 0.66479395625 0.6129650703125 0.6602254421875
5 0.604138328125 0.752554103125 0.5916704421875 0.7512620078125 0.5705915625 0.7456169296875 0.564268084375 0.745063696875 0.4562224203125 0.8376776703125 0.45461214375000003 0.8480625453125 0.5505653828125 0.8901295921875001 0.604138328125 0.752554103125
5 0.6284926953125 0.6900120078125 0.604138328125 0.752554103125 0.6191434203124999 0.7541091359375 0.6286310109375 0.7556301796875 0.6549355 0.7380954656250001 0.6284926953125 0.6900120078125
5 0.6270832359375 0.6845384015625 0.5571205296875 0.7444383671875 0.564268084375 0.745063696875 0.6284926953125 0.6900120078125 0.6270832359375 0.6845384015625
5 0.5134040578125 0.9975592421874999 0.526485259375 0.9987037000000001 0.55602173125 0.976123453125 0.5584047609375 0.9723791609375001 0.5434836875 0.9710737359375001 0.5505653828125 0.8901295921875001 0.5333534578125 0.8837098718749999 0.524683046875 0.882951309375 0.4532039078125 0.8681657218750001 0.5134040578125 0.9975592421874999
5 0.5043144734375 0.6263901640625 0.5034440953125 0.6212555546874999 0.49551133125 0.6065512046875 0.48845962343749993 0.587772059375 0.44276804687500004 0.5902707031250001 0.422421359375 0.5953654734375 0.3839542296875 0.6216690390624999 0.37188130468749997 0.632193846875 0.3715088921875 0.63645054375 0.421148034375 0.70641936875 0.4467098265625 0.73782283125 0.4505631421875 0.7454293187500001 0.4524455609375 0.73188228125 0.4616023046875 0.727008659375 0.46034629374999997 0.7513437749999999 0.4652414796875 0.7406537796875 0.46591105937500005 0.7330004359375 0.4699378921875 0.7303978546875001 0.47437626718750003 0.7207054328125 0.480874296875 0.7212739375 0.4858612265625 0.6942096109375 0.49973959843750004 0.665304075 0.5111218531249999 0.6549504296875 0.518843690625 0.6564990390625 0.5216813015625 0.6689697984375 0.5091404359375 0.69755583125 0.5071749249999999 0.7100428890625 0.50052529375 0.71120719375 0.492976659375 0.7026894515625 0.4957600703125 0.710790290625 0.48441041250000005 0.7307501828125 0.484893853125 0.7327739765625 0.54718353125 0.745774459375 0.5495578171875 0.741909834375 0.5554230687499999 0.7439690140625 0.5604433234374999 0.7370500265625 0.542383815625 0.69343509375 0.51475179375 0.6422157609375 0.5113920890625 0.6428236046875 0.5098980906249999 0.6390434593750001 0.508298471875 0.6364705515625 0.5043144734375 0.6263901640625
1 0.6884197703125 0.96014674375 0.69208993125 0.9490894875 0.6563340765625 0.9302403390625 0.6227474703125 0.92050485 0.58881228125 0.90439495625 0.5505653828125 0.8901295921875001 0.5434836875 0.9710737359375001 0.8555626578125001 0.9983771078125001 0.8297414109375 0.9273029062499999 0.813992965625 0.9807569671874999 0.7285968046875 0.9732857718749999 0.6884197703125 0.96014674375
6 0.7590086171875 0.5271850109375 0.77519273125 0.5090506312499999 0.781942084375 0.5146530874999999 0.7819952812500001 0.5147430375 0.7874455890625 0.5105975234375 0.779938103125 0.4836288671875 0.7708045375 0.4645054703125 0.7528348031250001 0.4389707578125 0.73447466875 0.423268828125 0.650077059375 0.4158849953125 0.6397547421875001 0.4210900125 0.61259395 0.4469050046875 0.6023582015625 0.46275885156249996 0.647115934375 0.4806800703125 0.6780680484375 0.4850974078125 0.6966507015625 0.49413048125000003 0.73450860625 0.504280128125 0.7590086171875 0.5271850109375
5 0.566065334375 0.6853177500000001 0.570524621875 0.6899655625000001 0.5735427171875 0.6902296125 0.5808162484375 0.6835670890625 0.5942844015625 0.6756218046875 0.595257690625 0.671449278125 0.593922121875 0.6658582765625 0.5969703171875 0.6588260828125 0.6014597015625001 0.6561776546875 0.6081523234375 0.65615494375 0.6105139921875 0.656969803125 0.6126644203125 0.6601991390624999 0.6156825171875 0.6604631875 0.6184138531250001 0.6570527109375 0.6216959984375 0.6542986640625 0.62180161875 0.6530914265625001 0.6211752890625 0.6463459921875 0.62750563125 0.636559753125 0.6297917765625 0.6312856078125 0.6368540671875 0.6270375625 0.6468061265625 0.61756818125 0.650169034375 0.6150866859375 0.6436814171874999 0.614337059375 0.632177484375 0.6055583484375 0.6265345515625 0.595247078125 0.625625975 0.5909060687500001 0.6057100234374999 0.5854062843750001 0.60254461875 0.5950714125000001 0.587505896875 0.60960848125 0.5902022140625001 0.6169364140625 0.5722549140625001 0.61703494375 0.53957893125 0.5899798078125 0.5242605734375 0.588639625 0.519059553125 0.5860987015625 0.5029945812500001 0.5869772156249999 0.502812540625 0.587939665625 0.5017864421875 0.5927158109375 0.501907384375 0.612190059375 0.5043144734375 0.6263901640625 0.508298471875 0.6364705515625 0.5098980906249999 0.6390434593750001 0.5113920890625 0.6428236046875 0.51819033125 0.6415936546875 0.518982478125 0.6325393640625 0.519850146875 0.629574078125 0.5205065765625 0.6290232687499999 0.5217138140625 0.6291288875000001 0.5254638625 0.6349311296875 0.5269578609375001 0.638711275 0.5264297625000001 0.6447474703125 0.529312140625 0.653515 0.529048090625 0.6565330968749999 0.5284671828125 0.6631729078124999 0.5307987515625 0.671284009375 0.5318475609375 0.6732004875 0.534707228125 0.67527539375 0.5393777531249999 0.67750873125 0.55089933125 0.6779084984375 0.5542041875 0.6818470750000001 0.555358615625 0.6825563140625001 0.5595839515625001 0.6829259828125 0.566065334375 0.6853177500000001
3 0.843007865625 0.539082221875 0.83117711875 0.5509935359375 0.8299424312499999 0.5540669640625 0.843010690625 0.542271296875 0.8513005124999999 0.5429965625000001 0.8822877124999999 0.591930525 0.8843789890625 0.5841301171875 0.8837363937499999 0.5668120671875 0.8778047109375 0.550757465625 0.8683505953124999 0.54043633125 0.8562305828125 0.5359236015625 0.843007865625 0.539082221875
1 0.8513005124999999 0.5429965625000001 0.843010690625 0.542271296875 0.8188254031250001 0.5641014125 0.812504446875 0.5663328234375 0.781942084375 0.5146530874999999 0.77519273125 0.5090506312499999 0.7590086171875 0.5271850109375 0.7661112875 0.533825246875 0.77836796875 0.5565496796875 0.79395360625 0.560762209375 0.7978341890625 0.5685090171875 0.7951909125000001 0.5922090421874999 0.7884973640624999 0.603589071875 0.7683880109375 0.59898076875 0.754859421875 0.6103326046875 0.7388498125 0.6174788312499999 0.7050421796874999 0.619649178125 0.68918790625 0.6119943921875 0.684425765625 0.6107554609375 0.6368927484375 0.6640164390625001 0.6259987359375 0.6803267703125 0.6284926953125 0.6900120078125 0.664526490625 0.7555356718749999 0.6677014171875 0.76189391875 0.697925753125 0.7667394625 0.70409521875 0.7572426484375 0.70743979375 0.7552695796875 0.751463971875 0.7710849390625001 0.7581459265625 0.7584820015625 0.7682163531249999 0.7469084734375 0.7759131921875 0.7430529234375001 0.81233298125 0.747371475 0.85614781875 0.764225471875 0.8653757750000001 0.775222921875 0.8671035015624999 0.7878286546875 0.8656565296875 0.800434365625 0.8850081968750001 0.7815079421875 0.90191226875 0.7601545734374999 0.8984788437500001 0.7548422234375 0.8999293749999999 0.738262578125 0.89013340625 0.7229265328125 0.8976839328124999 0.7130063046874999 0.89816744375 0.7074797562499999 0.887438775 0.6837088359375 0.9152300953125 0.6588528984375001 0.9178758734375 0.6540724078125 0.9158862171875001 0.6449881765625001 0.8513005124999999 0.5429965625000001
5 0.5705915625 0.7456169296875 0.5566402671875 0.7443963499999999 0.5697151515625001 0.7489867 0.5916704421875 0.7512620078125 0.5705915625 0.7456169296875
5 0.5333534578125 0.8837098718749999 0.58881228125 0.90439495625 0.6227474703125 0.92050485 0.6563340765625 0.9302403390625 0.69208993125 0.9490894875 0.7506879718749999 0.7725485625 0.751463971875 0.7710849390625001 0.70743979375 0.7552695796875 0.70409521875 0.7572426484375 0.697925753125 0.7667394625 0.7108025765625 0.7688038640625 0.704095684375 0.8395945687499999 0.69020971875 0.91027069375 0.6479123875 0.9065701562499999 0.5621264109374999 0.8893082218749999 0.55627864375 0.8857155671875001 0.5333534578125 0.8837098718749999
0 0.492976659375 0.7026894515625 0.50052529375 0.71120719375 0.5071749249999999 0.7100428890625 0.5091404359375 0.69755583125 0.5216813015625 0.6689697984375 0.518843690625 0.6564990390625 0.5111218531249999 0.6549504296875 0.49973959843750004 0.665304075 0.4858612265625 0.6942096109375 0.480874296875 0.7212739375 0.47437626718750003 0.7207054328125 0.4699378921875 0.7303978546875001 0.4708096109375 0.7298344546875 0.484893853125 0.7327739765625 0.48441041250000005 0.7307501828125 0.4957600703125 0.710790290625 0.492976659375 0.7026894515625
0 0.45677071874999997 0.7963891421875 0.46234427812499995 0.773768946875 0.4652414796875 0.7406537796875 0.46034629374999997 0.7513437749999999 0.4616023046875 0.727008659375 0.4524455609375 0.73188228125 0.44537411718750003 0.782772721875 0.437825875 0.8091764453125 0.444394403125 0.8189179937500001 0.4557224609375 0.804194425 0.456697409375 0.8022976640625 0.45677071874999997 0.7963891421875
3 0.6780588453124999 0.6090990281249999 0.6462902953125 0.6008340375000001 0.6294040375 0.5919493796874999 0.625625975 0.5909060687500001 0.6265345515625 0.595247078125 0.632177484375 0.6055583484375 0.6436814171874999 0.614337059375 0.6582604015625 0.616021621875 0.6689776281250001 0.61041420625 0.6780588453124999 0.6090990281249999
6 0.79395360625 0.560762209375 0.77836796875 0.5565496796875 0.7661112875 0.533825246875 0.73450860625 0.504280128125 0.6966507015625 0.49413048125000003 0.6780680484375 0.4850974078125 0.647115934375 0.4806800703125 0.5997722765625 0.4617234359375 0.5895675703125 0.4595978484375 0.5915151843750001 0.482719778125 0.5950862515625001 0.5038911359375 0.5995834921875 0.5097079140624999 0.6004944640625001 0.5231373296874999 0.6033718859375 0.528395215625 0.6070465515625 0.5579192078124999 0.6084852625 0.56054815 0.6130755890625 0.5605325734375 0.6253560625000001 0.5536805828125 0.630251734375 0.5549432546874999 0.6298533015625 0.5594973624999999 0.625206109375 0.564931284375 0.6238709953125 0.570654978125 0.6065293203125 0.5829046703125 0.6057100234374999 0.5854062843750001 0.6294040375 0.5919493796874999 0.6462902953125 0.6008340375000001 0.68918790625 0.6119943921875 0.7050421796874999 0.619649178125 0.7388498125 0.6174788312499999 0.754859421875 0.6103326046875 0.7683880109375 0.59898076875 0.7884973640624999 0.603589071875 0.7951909125000001 0.5922090421874999 0.7978341890625 0.5685090171875 0.79395360625 0.560762209375
1 0.40057997500000003 0.5431931515625 0.4078669953125 0.5838798281249999 0.4193093140625 0.5961447234375 0.44276804687500004 0.5902707031250001 0.519059553125 0.5860987015625 0.5242605734375 0.588639625 0.53957893125 0.5899798078125 0.5722549140625001 0.61703494375 0.5902022140625001 0.6169364140625 0.587505896875 0.60960848125 0.60254461875 0.5950714125000001 0.6065293203125 0.5829046703125 0.6238709953125 0.570654978125 0.625206109375 0.564931284375 0.6298533015625 0.5594973624999999 0.630251734375 0.5549432546874999 0.6253560625000001 0.5536805828125 0.6130755890625 0.5605325734375 0.6084852625 0.56054815 0.6070465515625 0.5579192078124999 0.6033718859375 0.528395215625 0.6004944640625001 0.5231373296874999 0.5995834921875 0.5097079140624999 0.5950862515625001 0.5038911359375 0.5915151843750001 0.482719778125 0.5831252 0.3831144234375 0.5799112765625 0.367397634375 0.5186378484375 0.3620369046875 0.5181876187500001 0.3624146921875 0.52152578125 0.38147978125000004 0.40651442656250003 0.41814159375 0.391770540625 0.4197719203125 0.3848772609375 0.417500121875 0.3792267625 0.48208562656250004 0.389126771875 0.4833689453125 0.394333234375 0.5096895234375001 0.399674071875 0.5201690734375 0.40057997500000003 0.5431931515625
3 0.7506879718749999 0.7725485625 0.6884197703125 0.96014674375 0.7285968046875 0.9732857718749999 0.813992965625 0.9807569671874999 0.8647230390624999 0.808566725 0.8671035015624999 0.7878286546875 0.8653757750000001 0.775222921875 0.85614781875 0.764225471875 0.81233298125 0.747371475 0.7759131921875 0.7430529234375001 0.7682163531249999 0.7469084734375 0.7581459265625 0.7584820015625 0.7506879718749999 0.7725485625
5 0.704095684375 0.8395945687499999 0.7108025765625 0.7688038640625 0.6191434203124999 0.7541091359375 0.555531790625 0.747516825 0.4708096109375 0.7298344546875 0.46591105937500005 0.7330004359375 0.46234427812499995 0.773768946875 0.45677071874999997 0.7963891421875 0.4562615734375 0.8374251625 0.45154805937500003 0.8678232078124999 0.524683046875 0.882951309375 0.55627864375 0.8857155671875001 0.5621264109374999 0.8893082218749999 0.6479123875 0.9065701562499999 0.69020971875 0.91027069375 0.704095684375 0.8395945687499999