5 0.5086055234375 0.5139588546875 0.530164140625 0.5198088296875001 0.545349440625 0.5266288515624999 0.5461235234374999 0.5180720453125 0.5643570109375 0.5164137421875 0.5896038406249999 0.340484409375 0.589341384375 0.33064238437500004 0.5888209390625 0.329021528125 0.5181823890625 0.324082 0.5136683203125 0.3478501875 0.5189697578125 0.353608075 0.5189984390625 0.3577296859375 0.5168924515625 0.36518784375 0.513203078125 0.368098784375 0.5127113171875 0.3705995390625 0.5129450921875 0.376319953125 0.516105228125 0.38097742968750004 0.514290378125 0.402399221875 0.5124335859375 0.4108254859375 0.5064992875 0.41864972656250005 0.5064397625 0.42403274062499996 0.5093286515625 0.428037465625 0.5087553140625001 0.43623658125000003 0.5065985921875 0.43988847968749994 0.506428809375 0.446848246875 0.5012420984375 0.4575768 0.49981754531249994 0.4688853203125 0.485015953125 0.48115978437500007 0.48258582343749995 0.49778516406250006 0.48432095156250005 0.5001904859375 0.49356915625 0.5011522 0.50310375 0.5048318140625 0.5082537031250001 0.5119709390625 0.5086055234375 0.5139588546875
3 0.4491786359375 0.5358975546875 0.45270970312500003 0.542292690625 0.46808474218749996 0.5448144578125 0.4725117765625 0.548740625 0.48621314687500006 0.549337059375 0.49985661718749996 0.5455895234375 0.509601146875 0.5465595265625 0.5109532078125001 0.5272241625 0.5082537031250001 0.5119709390625 0.50310375 0.5048318140625 0.49356915625 0.5011522 0.4161733953125 0.49310388125 0.4123973796875 0.49375178750000004 0.4196673859375 0.49969111875000005 0.42434196718750006 0.5084807359375 0.4241506421875 0.531387271875 0.42764246562499997 0.53692065625 0.4286534640625 0.5426331765625 0.42792380625000004 0.553067765625 0.4305444328125 0.5624586796875 0.44177875625 0.5635737437499999 0.444140034375 0.535545221875 0.4456299671875 0.5349260890624999 0.4491786359375 0.5358975546875
1 0.40328485937499997 0.4767302046875 0.405618928125 0.4555566578125 0.4048368921875 0.4463982890625 0.40173657343749997 0.44191414218749997 0.405872271875 0.43566006562500004 0.346420053125 0.4315027609375 0.34751883437500003 0.4361314375 0.3457390734375 0.44937802031249996 0.34706752343749997 0.45885908906250006 0.3458472640625 0.471648440625 0.3559063359375 0.48041009843750004 0.3774736296875 0.4727628859375 0.3854952171875 0.4740290375 0.3946504859375 0.4792532203125 0.40361970156250004 0.4865807421875 0.40328485937499997 0.4767302046875
1 0.31234087499999996 0.5608386421875 0.3099929625 0.5862785734375 0.33261775 0.61261129375 0.351099253125 0.6139036453125 0.34530421875 0.57982375 0.338064175 0.56313376875 0.318397196875 0.5475618640625 0.316470621875 0.5506012890624999 0.31234087499999996 0.5608386421875
0 0.42803260156249995 0.6787258234375 0.4265535 0.6803658218749999 0.4323258296875 0.683808315625 0.4326807296875 0.678732996875 0.42803260156249995 0.6787258234375
6 0.38878165 0.7391222796875 0.384788178125 0.746561421875 0.382231528125 0.7610475921875001 0.386160584375 0.7655674546875 0.4009770875 0.76891904375 0.43019393125 0.809168134375 0.4378291328125 0.8158767546875 0.4817871796875 0.827440834375 0.491353578125 0.8318555109375 0.4917451125 0.8311564718750001 0.5001340062499999 0.819069659375 0.4945509171875 0.82176200625 0.4844506671875 0.8236402609375 0.4687285890625 0.8214332093750001 0.44761591718749993 0.8118340515625 0.4406528625 0.805808865625 0.4290006375 0.787640778125 0.4251490859375 0.774079571875 0.423211721875 0.7595445640625 0.42431650625 0.74374540625 0.4258671890625 0.7382538140625 0.4228548296875 0.7382315390625 0.4085101328125 0.7439751046875 0.38878165 0.7391222796875
3 0.47284356718750004 0.739511790625 0.47366764687499996 0.754605953125 0.46107114375 0.7537251203124999 0.4627624109375 0.7502267859375 0.45974981093749995 0.746761184375 0.4546357078125 0.7474885515625 0.452149140625 0.752016253125 0.449061040625 0.7496303515625 0.4489276390625 0.746366084375 0.4435467375 0.740564915625 0.44362696875 0.737717640625 0.44123188437499994 0.738367428125 0.4258671875 0.7382538140625 0.42431650625 0.74374540625 0.423211721875 0.7595445640625 0.4251490859375 0.774079571875 0.4290006375 0.787640778125 0.4406528625 0.805808865625 0.44761591718749993 0.8118340515625 0.4687285890625 0.8214332109375 0.4844506671875 0.8236402609375 0.4945509171875 0.82176200625 0.5001340062499999 0.819069659375 0.5021956000000001 0.8160992953124999 0.5218109203125 0.79540915 0.5295149671875 0.7758392640625 0.5313294453124999 0.7596269203125 0.519324628125 0.7585219203125 0.512380609375 0.7530973484375 0.47284356718750004 0.739511790625
6 0.30891871875 0.499550321875 0.3040934 0.5156091453125 0.303486115625 0.5242937140625 0.305681675 0.534496553125 0.3084900515625 0.5397175890625 0.338064175 0.56313376875 0.3331576515625 0.55182309375 0.3322619625 0.53941896875 0.335368403125 0.5050800109375 0.34241505 0.488586225 0.342535996875 0.4883031265625 0.3467393984375 0.48366045937499996 0.3559063359375 0.48041009843750004 0.344286284375 0.47028879687499997 0.33648323593749996 0.4684208765625 0.32975679687500004 0.47006616250000005 0.32273591874999996 0.475922146875 0.3132839765625 0.4900707140625 0.30891871875 0.499550321875
6 0.4235741 0.5648452953125 0.41242874843750005 0.552782284375 0.3935282171875 0.563368984375 0.390042465625 0.5653214484375 0.40112411249999996 0.599146653125 0.402163565625 0.5994234453125 0.415787596875 0.59746711875 0.42068292031250004 0.6030985453125 0.42959938593749997 0.607953334375 0.434165265625 0.606950334375 0.43847326875 0.6028100921874999 0.441159540625 0.5709238703125 0.43677289531249996 0.5658776109375 0.430640871875 0.5628042625 0.42792380625000004 0.553067765625 0.42710762031250005 0.56473976875 0.4235741 0.5648452953125
6 0.510519725 0.751643653125 0.5045787578125001 0.7470026515625 0.489890784375 0.7398273484375 0.4842758171875 0.7322015125 0.47736221562500003 0.732803046875 0.47271624687499997 0.737179746875 0.47284356718750004 0.739511790625 0.512380609375 0.7530973484375 0.510519725 0.751643653125
1 0.5840128765625 0.562685759375 0.5916462796874999 0.5621345609375 0.5968686125 0.5650313625 0.615842653125 0.5678047937499999 0.6192654875 0.5705757625000001 0.6175062875 0.5802175640625 0.6130188859375 0.5874986328125 0.6141564859375 0.591918103125 0.6485483296875 0.5914297359375 0.6527588984375 0.588107565625 0.6563075656249999 0.5890790328125 0.6544703984375 0.6153517421875 0.6461777296875 0.6563627546874999 0.64657793125 0.6661555578125 0.6427599953125 0.674206759375 0.6390150953125 0.6967294671875 0.639215090625 0.7117340609375 0.6693930625 0.71840296875 0.6719123625 0.7185791359375 0.6825329296875 0.71772170625 0.7325196 0.724797359375 0.7378887484375001 0.72481478125 0.7449144078125001 0.6243431671875 0.7367345640625 0.5314008671875 0.6910382640625 0.5346499109375 0.6891073703124999 0.5366630359375 0.655930778125 0.5400714953125 0.6148487234375 0.5490135640625 0.6099355125 0.5475959265625 0.6010673546875 0.538416778125 0.596308028125 0.5380839749999999 0.5867447078125 0.5305692703125 0.5814590453124999 0.5237140046875 0.5796960890625 0.515018678125 0.5461235234374999 0.5180720453125 0.544546471875 0.535504965625 0.548596665625 0.556377134375 0.5840128765625 0.562685759375
1 0.6192654875 0.5705757625000001 0.615842653125 0.5678047937499999 0.5968686125 0.5650313625 0.5916462796874999 0.5621345609375 0.5840128765625 0.562685759375 0.5372182953125 0.5543503249999999 0.5120680546874999 0.546805090625 0.49985661718749996 0.5455895234375 0.48621314687500006 0.549337059375 0.4725117765625 0.548740625 0.46808474218749996 0.5448144578125 0.45270970312500003 0.542292690625 0.44917863750000003 0.5358975546875 0.4456299671875 0.5349260890624999 0.444140034375 0.535545221875 0.4356286 0.6365764859375 0.4323258296875 0.683808315625 0.457864728125 0.699039175 0.46139640000000004 0.714711403125 0.4573066359375 0.7290794265625 0.45027293593750006 0.735914584375 0.44362696875 0.737717640625 0.4435467375 0.740564915625 0.4489276390625 0.746366084375 0.449061040625 0.7496303515625 0.452149140625 0.752016253125 0.4546357078125 0.7474885515625 0.45974981093749995 0.746761184375 0.4627624109375 0.7502267859375 0.46107114375 0.7537251203124999 0.47366764687499996 0.754605953125 0.47271624687499997 0.7371797484375 0.47736221562500003 0.732803046875 0.48427581562500005 0.7322015125 0.489890784375 0.7398273484375 0.5045787578125001 0.7470026515625 0.519324628125 0.7585219203125 0.5506379406249999 0.7614041953124999 0.5095978265625 0.7247414265625001 0.5076126109375 0.7203448203125 0.5080228515625 0.7144781124999999 0.5244308359375001 0.681235665625 0.5372969546874999 0.661173946875 0.561695840625 0.6166994875 0.5703613890625 0.6051871281250001 0.571029184375 0.6003209953125 0.576761378125 0.5886035203125 0.5827579828125 0.5824724031249999 0.588510734375 0.5845122843749999 0.5977712375 0.5972781546875 0.6250011453125001 0.624728965625 0.6327459640625 0.635751240625 0.63261606875 0.6422925968750001 0.5768120359375 0.7471276875 0.57207586875 0.75480186875 0.5802670296875 0.7478815 0.6108075984375 0.7143062734375001 0.638535628125 0.71624520625 0.6392466953125 0.7141053375 0.6390150953125 0.6967294671875 0.6427599953125 0.674206759375 0.64657793125 0.6661555578125 0.6461777296875 0.6563627546874999 0.6544703984375 0.6153517421875 0.6563075656249999 0.5890790328125 0.6527588984375 0.588107565625 0.6485483296875 0.5914297359375 0.6141564859375 0.591918103125 0.6130188859375 0.5874986328125 0.6175062875 0.5802175640625 0.6192654875 0.5705757625000001
6 0.47349411718749995 0.882506725 0.46695174687499996 0.8846805609375 0.45743251406249996 0.8971715343750001 0.4578223171875 0.9077240890624999 0.4649533234375 0.9240106828125001 0.47172068593749994 0.929370646875 0.475835503125 0.9296583843749999 0.4860845921875 0.9228569999999999 0.491044325 0.91643755625 0.5172818453125 0.9175204562499999 0.533759409375 0.9130341265625 0.5455047953125 0.906337375 0.5890777859375 0.8691626234375001 0.6233250765625 0.8309598515625 0.656039484375 0.8039269953125 0.6851700921874999 0.7743881125 0.6889891359375 0.7197732593749999 0.6108075984375 0.7143062734375001 0.5802670296875 0.7478815 0.57207586875 0.75480186875 0.5649920734375 0.76627999375 0.5589202453125 0.7688031078125 0.5553420203125 0.7656065375 0.5514424484375 0.767668290625 0.5484838765625 0.7723481515625 0.52492249375 0.7921270781249999 0.5021956000000001 0.8160992953124999 0.49174511093750006 0.8311564718750001 0.4810068875 0.8503284656250001 0.47349411718749995 0.882506725
6 0.6327459640625 0.635751240625 0.6250011453125001 0.624728965625 0.5977712375 0.5972781546875 0.588510734375 0.5845122843749999 0.5827579828125 0.5824724031249999 0.576761378125 0.5886035203125 0.571029184375 0.6003209953125 0.5703613890625 0.6051871281250001 0.561695840625 0.6166994875 0.5372969546874999 0.661173946875 0.5244308359375001 0.681235665625 0.5080228515625 0.7144781124999999 0.5076126109375 0.7203448203125 0.5095978265625 0.7247414265625001 0.5589202453125 0.7688031078125 0.5649920734375 0.76627999375 0.5768120359375 0.7471276875 0.63261606875 0.6422925968750001 0.6327459640625 0.635751240625
5 0.42710762031250005 0.5647397703125 0.4286534640625 0.5426331765625 0.42764246562499997 0.53692065625 0.4241506421875 0.531387271875 0.42434196718750006 0.5084807359375 0.4196673859375 0.49969111875000005 0.394650484375 0.4792532203125 0.3854952171875 0.4740290375 0.3774736296875 0.47276288437499997 0.34673940000000003 0.48366045937499996 0.342535996875 0.4883031265625 0.335368403125 0.5050800109375 0.3322619625 0.53941896875 0.3331576515625 0.55182309375 0.34530421875 0.5798237484375 0.353799553125 0.6297837734375 0.36094517812500004 0.6486193765625 0.3685987046875 0.655149003125 0.38870543281250003 0.66008114375 0.41929981875 0.656226071875 0.41971695000000003 0.6502608015625 0.41416143437499997 0.638941284375 0.3900424640625 0.5653214484375 0.41242874843750005 0.552782284375 0.4235741 0.5648452953125 0.42710762031250005 0.5647397703125
3 0.628034284375 0.5017488609375 0.6252008640625 0.4907413 0.6200154953125 0.48245178906249997 0.60983534375 0.47345269375 0.599203878125 0.4709077 0.5899891234375 0.4738664828125 0.5813987359375 0.48335458437499995 0.5786456171875 0.4918096109375 0.577976184375 0.5065356859375 0.5814590453124999 0.5237140046875 0.5867447078125 0.5305692703125 0.596308028125 0.5380839749999999 0.6063477359375 0.53878601875 0.6153794421875001 0.533292234375 0.62493768125 0.52026866875 0.6276908 0.5118136437499999 0.628034284375 0.5017488609375
3 0.42343671875 0.678507040625 0.41471768750000004 0.6763548187499999 0.396608753125 0.6816442578124999 0.35104114218750004 0.6715164890625 0.3417934828125 0.6824387828125 0.33934607968749997 0.6953791234375 0.340041153125 0.7019834671875 0.3449038671875 0.70965050625 0.386142828125 0.7210181140625 0.39978631249999996 0.7354692703125 0.41039728750000004 0.7381394218749999 0.44123188437499994 0.738367428125 0.45027293593750006 0.735914584375 0.4573066359375 0.7290794265625 0.46139640000000004 0.714711403125 0.457864728125 0.699039175 0.42343671875 0.678507040625