6 0.61478856875 0.4298942453125 0.6170825046874999 0.44289321875 0.6122397515625 0.4558921921875 0.6071018734375 0.460958709375 0.6170422796875 0.4658076875 0.6268394749999999 0.4658076875 0.63775635 0.46048920937500004 0.647833465625 0.4478928171875 0.652872021875 0.431657465625 0.652872021875 0.4182213109375 0.6475535453125 0.4008662796875 0.6405555484375001 0.391069084375 0.629078834375 0.3840710875 0.6170422796875 0.3835112484375 0.6058454859375 0.388829725 0.597447890625 0.398906840625 0.5929691734375 0.41010363437499997 0.5915695734375 0.41766147187499997 0.5915695734375 0.42319121875 0.5959273140625 0.422247790625 0.605357940625 0.42199290781250004 0.6112202234375 0.42479660781249995 0.61478856875 0.4298942453125
6 0.518137878125 0.4569844484375 0.5202394031249999 0.45856980937499997 0.5248410609375 0.46048716718750005 0.529148271875 0.45997030156249996 0.5436457296875 0.45198441406249995 0.55089748125 0.4422518015625 0.55460611875 0.4323620984375 0.5563368171875 0.4128299359375 0.5531226640625 0.40219850625 0.5434802046875 0.38538601093749997 0.5350739578125 0.3757435515625 0.5266677093750001 0.3720349140625 0.51059694375 0.3769797640625 0.499471028125 0.386622225 0.49776424375 0.389011721875 0.5025340828125 0.3903585015625 0.522302915625 0.40956251093749996 0.528515978125 0.4338499359375 0.518137878125 0.4569844484375
1 0.3813793703125 0.48242478593750004 0.3779628609375 0.47449847968750003 0.362522140625 0.49902197499999995 0.40316463281250003 0.5506004 0.40270657187500003 0.547699340625 0.4032016609375 0.545966525 0.41929208906250004 0.55190760625 0.423252809375 0.5566109625 0.43576075468750003 0.5614305374999999 0.4473814265625 0.5272657640625 0.4497626046875 0.5226224671875 0.43804138750000005 0.5084124984375 0.423176334375 0.5092539171875 0.40199544062500003 0.5027584421875 0.389569315625 0.4937212609375 0.3813793703125 0.48242478593750004
5 0.413145040625 0.6315549046875 0.40882011562500004 0.6331166828125 0.4047747078125 0.6244864796875 0.396414196875 0.620980459375 0.4352511 0.676971771875 0.4062410515625 0.5650144874999999 0.40328775625 0.56453090625 0.39783250625 0.6093324984375 0.40143612656250005 0.6113382859375001 0.415065103125 0.6218362828124999 0.41290795156250004 0.6294211046875 0.413145040625 0.6315549046875
5 0.36037637031249997 0.6264186625 0.3574058296875 0.635577828125 0.35814846562499997 0.6467173546875 0.35641565000000003 0.6519158 0.3633469109375 0.65661915625 0.3761259328125 0.6616825421875 0.3759174625 0.653343725 0.3794234828125 0.6382408671875 0.385087053125 0.626913725 0.3918294015625 0.622059234375 0.396414196875 0.620980459375 0.39783250625 0.6093324984375 0.37818319218749996 0.598395615625 0.3737438015625 0.609090509375 0.3670600859375 0.61800213125 0.3653272703125 0.6236956671875 0.36037637031249997 0.6264186625
5 0.6660842406249999 0.5834250875 0.6638413625 0.5795000515625001 0.661598484375 0.576135734375 0.658514528125 0.5719303390625 0.655430571875 0.5674445828125 0.653468053125 0.565482065625 0.6503840953125 0.5637999078125 0.6470197796875 0.5601552296875 0.642814384375 0.557912353125 0.6416929437500001 0.55623019375 0.639450065625 0.5545480359375 0.6372071890625 0.55510875625 0.6358053906250001 0.5553891156249999 0.6332821531249999 0.55510875625 0.6296374765625 0.5542676765625 0.6223481234375 0.55370695625 0.617582009375 0.553426596875 0.6150587703125 0.55370695625 0.6122551734375 0.5542676765625 0.6097319359375 0.5553891156249999 0.605526540625 0.557351634375 0.6051036187500001 0.5576187406249999 0.6069053875 0.5589856 0.6134161687499999 0.5667985375 0.6277398875 0.589195625 0.6357784109375 0.5991633921874999 0.6397677875000001 0.6000700703125 0.6725325140625 0.6125518703124999 0.6725325140625 0.6106199796875 0.671691434375 0.6041717078125 0.6705699968750001 0.5994055921875 0.6702896359375 0.595200196875 0.6688878375 0.5901537203125 0.6677663984375 0.5870697640625 0.6660842406249999 0.5834250875
3 0.41354049374999996 0.635113971875 0.413145040625 0.6315549046875 0.40882011562500004 0.6331166828125 0.4047747078125 0.6244864796875 0.396414196875 0.620980459375 0.3918294015625 0.622059234375 0.385087053125 0.626913725 0.3794234828125 0.6382408671875 0.3759174625 0.653343725 0.37618715625 0.66413148125 0.3780750125 0.6703344390625 0.3815810328125 0.6759980109375 0.38562644218750003 0.67896464375 0.3918294015625 0.67950403125 0.396953584375 0.6770767859375 0.4034262375 0.684897909375 0.4123261359375 0.6905614796874999 0.4204169515625 0.6908311734375 0.4287774625 0.685437296875 0.4352511 0.676971771875 0.433151771875 0.6765052546875 0.41914525625000004 0.6704569859375 0.40736704843749993 0.669501996875 0.40450207968749996 0.666318696875 0.40322875937499997 0.6593154390625 0.4051387390625 0.6504022015625 0.4095953578125 0.6462639125 0.4259603171875 0.6455151890625 0.4157543859375 0.6392254875 0.41354049374999996 0.635113971875
3 0.3535365296875 0.5619761078125001 0.3484174890625 0.5787958125 0.35061136406250004 0.5853774359374999 0.362677675 0.5897651859375 0.40143612656250005 0.6113382859375001 0.415065103125 0.6218362828124999 0.422712334375 0.5949476296875 0.43156790625 0.5737575125000001 0.4340915015625 0.5663381421875 0.4211809984375 0.56746079375 0.358655571875 0.5572227125 0.3535365296875 0.5619761078125001
3 0.5785827859375 0.761971521875 0.5744696078125 0.7688548 0.5784852765624999 0.7688548 0.5793993921875 0.765106925 0.5784806812500001 0.7624820406249999 0.5785827859375 0.761971521875
5 0.6178935437499999 0.7610330859375 0.6212383781249999 0.7345531546874999 0.6256981546875 0.7155990984375 0.6321090859375 0.6974812515625 0.62614138125 0.69522455625 0.6195825609375001 0.7036198453125 0.59626929375 0.7142570765625 0.5963419156249999 0.718759571875 0.5917069546875 0.737009725 0.5929182875000001 0.7387402 0.59612664375 0.7499694484375 0.6002975078125 0.754781984375 0.6009939203125 0.7602140000000001 0.6067441 0.7615905578125 0.61538491875 0.7629842375 0.6178935437499999 0.7610330859375
5 0.544803175 0.60122115625 0.5589039812500001 0.5943146390625 0.5634504953125 0.5932087312500001 0.56575725 0.5886747625 0.5762149546875001 0.5769529390625 0.534537965625 0.5078125 0.497973778125 0.5078125 0.492984996875 0.512869621875 0.5090541546875 0.5244193296875 0.5185422671875 0.533591171875 0.5194910796875 0.539600309375 0.48803244843750004 0.6359249625000001 0.495846653125 0.6368503296875 0.49987179687500005 0.6319737125 0.5129083 0.6237793390624999 0.5169358234375 0.6228587625 0.5189037359374999 0.597767896875 0.5214936781249999 0.5954657250000001 0.5292635109375 0.5946024109375 0.5399110578124999 0.5974801265624999 0.544803175 0.60122115625
3 0.6112202234375 0.42479660781249995 0.605357940625 0.42199290781250004 0.5959273140625 0.422247790625 0.5712037750000001 0.427600309375 0.56534149375 0.4324430640625 0.5592243296875 0.4434029828125 0.529148271875 0.45997030156249996 0.522776228125 0.460734946875 0.5138553640625 0.465832584375 0.5100321359375 0.47169486562499996 0.509267490625 0.4801059671875 0.51360048125 0.49565375781250004 0.5204822906250001 0.50304533125 0.525579928125 0.5040648578125 0.5350105546874999 0.499222103125 0.5406179546875001 0.49335982187500005 0.5712037750000001 0.47755714843749997 0.5854771578125 0.47883155781250003 0.593888259375 0.47398880312499997 0.6122397515625 0.4558921921875 0.6170825046874999 0.44289321875 0.61478856875 0.4298942453125 0.6112202234375 0.42479660781249995
6 0.60735589375 0.9110289593750001 0.6169809640625 0.9103872875000001 0.6343060890625 0.902366396875 0.6426478171875 0.89402466875 0.6455353390624999 0.8795870640624999 0.6442519953125 0.8612994296875 0.6371936109375 0.83884093125 0.6266060343750001 0.82344081875 0.6278893765625 0.8003406500000001 0.6246810203125001 0.7868655515625 0.6147351125 0.77306961875 0.6019016859375 0.7672945765625 0.6002975078125 0.754781984375 0.59612664375 0.7499694484375 0.5929182875000001 0.7387402 0.5917069546875 0.737009725 0.590382371875 0.7422252765625 0.5785827859375 0.761971521875 0.5784806812500001 0.7624820406249999 0.5829723812500001 0.7753154671875 0.5778390109375 0.7820530171875 0.573026475 0.7945656078125001 0.5723848031250001 0.8106073921875 0.578159846875 0.826649175 0.58746408125 0.83884093125 0.5861807375 0.8677161421875 0.5913141093750001 0.88953296875 0.59612664375 0.8991580390625 0.6038267 0.9087831109375 0.60735589375 0.9110289593750001
3 0.40322875937499997 0.6593154390625 0.40450207968749996 0.666318696875 0.40736704843749993 0.6695019953125 0.4191452546875 0.6704569859375 0.433151771875 0.676505253125 0.45320655624999995 0.680961871875 0.467688228125 0.6926101734375 0.4689566625 0.6844921937499999 0.473336734375 0.6708044703125 0.4701528953125 0.6727501499999999 0.4259603171875 0.6455151890625 0.4095953578125 0.6462639125 0.4051387390625 0.6504022015625 0.40322875937499997 0.6593154390625
3 0.5145929875 0.6914117546874999 0.520086628125 0.685918115625 0.565079271875 0.6615125109375 0.552860778125 0.65129340625 0.5376088859375 0.6314371703125 0.5321412265625 0.6334515703125 0.5183281921875 0.62942276875 0.5166015625 0.6274083671875 0.5166015625 0.627120596875 0.5169358234375 0.6228587625 0.5129083 0.6237793390624999 0.49987179687500005 0.6319737125 0.4819186078125 0.653724690625 0.4758457625 0.669271175 0.473336734375 0.6708044703125 0.4689566625 0.6844921937499999 0.4670943046875 0.69641128125 0.4678392484375 0.721366871875 0.4687541171875 0.7247823875 0.47223348906249996 0.721782928125 0.48794911562500004 0.7156089328124999 0.49094535781250004 0.7156089328124999 0.506657728125 0.7045354515625 0.5145929875 0.6914117546874999
3 0.5609571234375 0.7828246703125 0.5721312671875001 0.7727679390625 0.590382371875 0.7422252765625 0.5963419156249999 0.718759571875 0.59626929375 0.7142570765625 0.53931436875 0.740244115625 0.5316843125 0.7408545203125 0.5302269093749999 0.740500015625 0.5364991765625 0.7568624515625 0.538744265625 0.773981259375 0.5373885046875 0.78889464375 0.549782978125 0.7884117421875 0.5609571234375 0.7828246703125
0 0.43814416562499997 0.50840668125 0.4554584078125 0.5036389906250001 0.45718580937500003 0.4981688859375 0.461929865625 0.4912109375 0.4676227328125 0.4921597484375 0.47429611562499996 0.49845179531249995 0.477117009375 0.49767502812500003 0.495473784375 0.4844016671875 0.5149602062499999 0.46406801093750005 0.528515978125 0.4338499359375 0.522302915625 0.40956251093749996 0.5025340828125 0.3903585015625 0.47852906875 0.3835806140625 0.4130095046875 0.39092332343749997 0.38279143125 0.416340396875 0.3737542484375 0.4352619953125 0.3720597765625 0.44825294375 0.37431907343750004 0.46604489375 0.3813793703125 0.48242478593750004 0.389569315625 0.4937212609375 0.40199544062500003 0.5027584421875 0.423176334375 0.5092539171875 0.43814416562499997 0.50840668125
6 0.5090541546875 0.5244193296875 0.478692196875 0.502596671875 0.4676227328125 0.4921597484375 0.461929865625 0.4912109375 0.45718580937500003 0.4981688859375 0.4533905640625 0.5101871625000001 0.453706834375 0.5149312171875 0.4473814265625 0.5272657640625 0.43156790625 0.5737575125000001 0.422712334375 0.5949476296875 0.41290795156250004 0.6294211046875 0.41354049374999996 0.635113971875 0.4157543859375 0.6392254875 0.4701528953125 0.6727501499999999 0.4758457625 0.669271175 0.48375252343749997 0.64902986875 0.5194910796875 0.539600309375 0.5185422671875 0.533591171875 0.5090541546875 0.5244193296875
5 0.5634504953125 0.5932087312500001 0.5801990765625 0.5891347515625001 0.60178194375 0.5914369234375 0.6357784109375 0.5991633921874999 0.6277398875 0.589195625 0.6134161687499999 0.5667985375 0.6069053875 0.5589856 0.59935288125 0.5532561125 0.58945649375 0.5621107750000001 0.56575725 0.5886747625 0.5634504953125 0.5932087312500001
6 0.6027964375 0.6410533843749999 0.61042649375 0.641968990625 0.614699325 0.6468522265625001 0.6192773578125 0.6553978890625001 0.625381403125 0.67462563125 0.626392525 0.6852424125 0.629120240625 0.686113765625 0.6452354484375 0.6895670234375 0.6734370609375 0.6907181109375 0.6800558062500001 0.68784039375 0.6872500953125 0.6792072484375 0.693868840625 0.6590632390625 0.695019928125 0.6501423203125001 0.69358106875 0.645537975 0.695019928125 0.637480371875 0.6924299828125 0.6282716828125 0.686962325 0.62050185 0.6760270046875 0.6138831046875 0.6397677875000001 0.6000700703125 0.60178194375 0.5914369234375 0.5801990765625 0.5891347515625001 0.5589039812500001 0.5943146390625 0.544803175 0.60122115625 0.5399110578124999 0.5974801265624999 0.5292635109375 0.5946024109375 0.5214936781249999 0.5954657250000001 0.5189037359374999 0.597767896875 0.5166015625 0.6271205953125001 0.5166015625 0.6274083687500001 0.518328190625 0.62942276875 0.5321412265625 0.6334515703125 0.5376088859375 0.6314371703125 0.552860778125 0.6512934078125 0.565079271875 0.6615125109375 0.6027964375 0.6410533843749999
3 0.45820167968750003 0.8115865093749999 0.4654982203125 0.8202862296875001 0.471952853125 0.8250570453125 0.4834589375 0.8298278609375 0.501980925 0.8298278609375 0.5104000125 0.8270214984375001 0.517415915625 0.822250684375 0.531447725 0.8062544218750001 0.537341084375 0.78941625 0.5387442671875 0.773981259375 0.5364991765625 0.7568624515625 0.5302269093749999 0.7405000171875 0.5203918296875 0.7381076984375 0.4724750765625 0.7542834187499999 0.4624034015625 0.7384129015625 0.464234615625 0.7320036546875001 0.4746114921875 0.72712041875 0.49094535781250004 0.7156089328124999 0.48794911562500004 0.7156089328124999 0.47223348906249996 0.721782928125 0.464095040625 0.7287988328125 0.45595659062499994 0.7389017359375 0.4497825953125 0.7557399078125 0.44753750468750003 0.768929809375 0.44753750468750003 0.78015525625 0.4523083203125 0.8003610609375 0.45820167968750003 0.8115865093749999
3 0.6195825609375001 0.7036198453125 0.6272126171875 0.6938533734375001 0.625381403125 0.67462563125 0.6192773578125 0.6553978890625001 0.614699325 0.6468522265625001 0.61042649375 0.641968990625 0.6027964375 0.6410533843749999 0.520086628125 0.685918115625 0.5145929875 0.6914117546874999 0.506657728125 0.7045354515625 0.4746114921875 0.72712041875 0.464234615625 0.7320036546875001 0.4624034015625 0.7384129015625 0.4724750765625 0.7542834187499999 0.5203918296875 0.7381076984375 0.5316843140625 0.7408545203125 0.53931436875 0.740244115625 0.6195825609375001 0.7036198453125