6 0.4184165578125 0.36028114218749996 0.417927103125 0.383157884375 0.42047082500000005 0.4002218390625 0.4249608171875 0.40773150625000004 0.42959767812500005 0.40984714687499996 0.4874041703125 0.40921337187500006 0.5016840140625 0.3957613953125 0.5019903046875 0.3840971984375 0.4930974390625 0.3767371515625 0.4837940234375 0.366875703125 0.4826769859375 0.36135320000000004 0.47498692499999995 0.3529720703125 0.481490278125 0.3448276515625 0.465149603125 0.3448864203125 0.4262556375 0.34681149218749996 0.42093745625 0.352343715625 0.4184165578125 0.36028114218749996
3 0.64509976875 0.4293439734375 0.6313201734375 0.43277575468749996 0.6233286375 0.435941515625 0.6421792640625 0.47400562500000004 0.6535622234375 0.5044623390625 0.651608125 0.50696673125 0.668923765625 0.5013592765625 0.67548950625 0.4955347859375 0.6787385718750001 0.48813294375 0.680248315625 0.475837071875 0.67875801875 0.45303182968750005 0.6777425187499999 0.4495945359375 0.64509976875 0.4293439734375
3 0.2672622046875 0.553301903125 0.26429548281250004 0.570366559375 0.26572815312500003 0.6533298546874999 0.267796896875 0.6672365203124999 0.300420021875 0.6712421375 0.3068511890625 0.668546 0.35468105 0.6598946671875 0.36236229999999997 0.6564805734375 0.36575103124999997 0.6525394265625 0.3684768671875 0.639802425 0.3686322640625 0.6290736703124999 0.36422816562500004 0.5774080734375 0.3636250328125 0.5468334015625 0.35952812343749996 0.5376159031250001 0.3595781078125 0.5277456500000001 0.35649039375 0.52213785 0.350365315625 0.5176095187499999 0.3306498046875 0.5125744203125 0.3095538078125 0.5140509062499999 0.291003253125 0.518454271875 0.2766800171875 0.5262815078124999 0.2691896671875 0.535238196875 0.26677499375 0.5430752109375 0.2660722546875 0.5487985656250001 0.2672622046875 0.553301903125
6 0.5109942734375 0.5014662421875 0.5199941140625 0.5031291046875 0.5278997578125 0.506888890625 0.5311768109375 0.5095431046875001 0.546936559375 0.5148204734374999 0.5638775109374999 0.5143317234375 0.5814147515625 0.5179529328125 0.5850439390625 0.5195226359375 0.5806461078125 0.5138936703125 0.5752545125 0.5022603875 0.566229459375 0.490346546875 0.5537742328124999 0.48832865937500003 0.4721556484375 0.4705766921875 0.4609326859375 0.4738369640625 0.45770480625000004 0.4774604734375 0.4581166328125 0.4917350984375 0.45546099375000004 0.51336355 0.4566956953125 0.5209363984375 0.4669306625 0.5244383484374999 0.4737372421875 0.516415325 0.4770647796875 0.5141060421875 0.47865242812500003 0.5060692609374999 0.4828383546875 0.49887671093749997 0.5040517734375001 0.5014813921875 0.5109942734375 0.5014662421875
5 0.5627030421875 0.40314413125000004 0.563530221875 0.4046185953125 0.5654361875 0.4099815203125 0.5649708906249999 0.4137710640625 0.5480356234375 0.422205925 0.5413525546875 0.4166747828125 0.5348484171875 0.42079671406249997 0.526284953125 0.42775132187500003 0.525926278125 0.43067249218750003 0.558413775 0.48002917343749996 0.5752545125 0.5022603875 0.5806461078125 0.5138936703125 0.5850439390625 0.5195226359375 0.6051107625000001 0.528201975 0.6204287859375001 0.5380228375 0.629122384375 0.5296310015625 0.6347595015625 0.5199449171875 0.6482837796875 0.5112272531250001 0.6535622234375 0.5044623390625 0.6421792640625 0.4740056265625 0.6120028171875 0.4130718640625 0.60289075625 0.385967021875 0.5994754375 0.383443653125 0.5984674359375 0.38324042812500003 0.588545809375 0.38676654374999997 0.5627030421875 0.40314413125000004
1 0.5480356234375 0.422205925 0.5649708906249999 0.4137710640625 0.5654361875 0.4099815203125 0.563530221875 0.4046185953125 0.553641584375 0.3869919359375 0.545987021875 0.38041028125 0.5460090859375 0.37605342343750003 0.5387667359375 0.37029171562499996 0.534343359375 0.36872281406249996 0.53237983125 0.365917271875 0.5265819796875 0.342125325 0.5237409421875 0.3422893796875 0.51300198125 0.35456239218749996 0.503632371875 0.357771515625 0.484684321875 0.3408276171875 0.47498692499999995 0.3529720703125 0.4826769859375 0.36135320000000004 0.4837940234375 0.366875703125 0.4930974390625 0.3767371515625 0.5480356234375 0.422205925
5 0.52087844375 0.7027446984375 0.5198230421875001 0.704963875 0.5190247390625 0.7072146187499999 0.5173288703125001 0.71039905 0.5143947765625 0.7186714578125 0.58761276875 0.5649411828125 0.5535310703125 0.550400490625 0.5511109828125 0.538187646875 0.544072765625 0.522820165625 0.54292941875 0.521356746875 0.4770647796875 0.5141060421875 0.5053118265625 0.67870288125 0.5083027796875 0.6818885421875 0.5184425203125 0.6907017859375 0.521112759375 0.6923345171874999 0.5222404093749999 0.69377784375 0.52288543125 0.694900940625 0.522632890625 0.6969577203124999 0.52087844375 0.7027446984375
3 0.6712453953125 0.641778771875 0.6715210421875 0.6410620390624999 0.6337072421875 0.6419636609375 0.63183310625 0.6460382453125 0.6322144109375001 0.6460228640625 0.6671976109375 0.6446117140625 0.6712453953125 0.641778771875
3 0.5022762734375 0.6587048390625 0.5028437875 0.657758934375 0.48463695781249994 0.6508429953125 0.48320279375 0.6608906515624999 0.48322214218750004 0.662426296875 0.5017900531249999 0.6624835078125 0.501766634375 0.660730053125 0.5022762734375 0.6587048390625
3 0.5020667750000001 0.5014857234375001 0.4908110609375 0.504566246875 0.4737372421875 0.516415325 0.4662367953125 0.525256221875 0.45755067968749996 0.5414820921875 0.4541042671875 0.5513785828125 0.4525433234375 0.5606049234375 0.468690721875 0.5247447546874999 0.473980375 0.51646080625 0.5535310703125 0.550400490625 0.5511109828125 0.538187646875 0.544072765625 0.522820165625 0.538047015625 0.5151075578125 0.5278997578125 0.506888890625 0.5199941140625 0.5031291046875 0.5109942734375 0.5014662421875 0.5020667750000001 0.5014857234375001
5 0.43059660624999996 0.6198888078125 0.4299185078125 0.6159214453125 0.43751373125 0.5964409796875 0.428672965625 0.5989284078125 0.38743967343749997 0.596554253125 0.37527007343749996 0.5983461484375 0.3733392265625 0.6067725187499999 0.376112759375 0.647442909375 0.3742903203125 0.654986371875 0.37121318125 0.6605833375 0.3703097859375 0.6679409046875 0.3743320484375 0.674110828125 0.3912674921875 0.68216503125 0.3979951015625 0.6808999 0.401764790625 0.7061581453125 0.4084722875 0.7293871921874999 0.41811238125 0.74819648125 0.42884698125 0.7629578078125 0.44166740468750004 0.772896665625 0.4512400625 0.7776569140625 0.45382173281249993 0.7809613 0.47295140468749997 0.783310128125 0.4770507796875 0.7742538 0.4873200765625 0.7611752125 0.48994793437500006 0.75193820625 0.49039124375 0.7191312828124999 0.486874884375 0.708841121875 0.48730329687499996 0.7029189312499999 0.48422578281249995 0.691487696875 0.4850155546875 0.6826224796875 0.4834252 0.6785435953125 0.48320279375 0.660890653125 0.48463695781249994 0.6508429953125 0.47464785000000004 0.6470485921875 0.43059660624999996 0.6198888078125
5 0.521112759375 0.6923345171874999 0.5222404093749999 0.69377784375 0.52288543125 0.694900940625 0.522632890625 0.6969577203124999 0.52087844375 0.7027446984375 0.5198230421875001 0.704963875 0.5190247390625 0.7072146187499999 0.5173288703125001 0.71039905 0.5141356546875 0.719402028125 0.51276001875 0.7221038328125 0.5115106546875 0.723777246875 0.5107439171875 0.7257708921875 0.5107305765625 0.7343813890625001 0.5105411703125 0.7359239750000001 0.5074472140624999 0.746244009375 0.5052417078125 0.75145365625 0.5009478515625 0.7566678578125 0.5008531484375001 0.7574391515625 0.5047909749999999 0.76575186875 0.511087921875 0.7803566453124999 0.51289671875 0.7847543171875 0.514101175 0.791948496875 0.514479778125 0.7934179734375 0.5327053828125 0.7810384078125 0.5431207515625001 0.7710133265625 0.545416234375 0.76670295625 0.5457153390625 0.76426695 0.5372959093749999 0.75228249375 0.5311107328125 0.727855453125 0.5260554640625 0.7229957703125 0.526391128125 0.717385021875 0.528515696875 0.71446665625 0.5588953203125 0.7058331359375 0.589910159375 0.7092880312500001 0.6111204781249999 0.70843245 0.6088371078125 0.6984081859375 0.6084220375 0.6969365578125 0.607264134375 0.6994539734375 0.570657934375 0.687579503125 0.5381062796875 0.6711535359374999 0.5028437890624999 0.6577589328125 0.5022762734375 0.6587048390625 0.501766634375 0.660730053125 0.501843440625 0.66648090625 0.501496196875 0.6693089796875 0.5007610265625 0.6710455296875 0.5007655843750001 0.6731338796874999 0.5011850765625 0.6739683078125001 0.5027637875 0.675988965625 0.5083027796875 0.6818885421875 0.5184425203125 0.6907017859375 0.521112759375 0.6923345171874999
3 0.6549509234374999 0.595777496875 0.6337072421875 0.641963659375 0.6771132078125001 0.6409287 0.6801437546875 0.5838230859375 0.6764367703125 0.583616746875 0.631634825 0.583760834375 0.6549509234374999 0.595777496875
5 0.5381062796875 0.6711535359374999 0.570657934375 0.687579503125 0.607264134375 0.6994539734375 0.6549509234374999 0.595777496875 0.6312068046875 0.5835402390625 0.473980375 0.51646080625 0.468690721875 0.5247447546874999 0.444659396875 0.5781135578125001 0.4299185078125 0.6159214453125 0.43059660624999996 0.6198888078125 0.47464785000000004 0.6470485921875 0.5381062796875 0.6711535359374999
1 0.5431207515625001 0.7710133265625 0.5327053828125 0.7810384078125 0.5049573578125 0.799885984375 0.5043349234375001 0.8135862203125 0.50807175625 0.8320606796875 0.51091083125 0.8377079890625 0.5168757484375 0.8409131234375 0.5837532171875 0.8572493421875 0.5935950453125 0.863403234375 0.6078692640625001 0.8679818703125 0.6549899546875 0.8783597828125 0.6564797515625 0.8834881749999999 0.6599170359375 0.8842634671875 0.6648864015625 0.8696839781250001 0.6731573578125001 0.793691521875 0.6816058453125 0.7392689734375 0.6873875109375 0.7382126343750001 0.694005703125 0.741851228125 0.7149650671875001 0.7408922390625 0.7199163734375 0.7379677046875 0.7234206125 0.7295667781249999 0.7230968359375 0.72069583125 0.710355146875 0.7208975875 0.701600053125 0.7145238796875 0.6849387218749999 0.7121248796875 0.6299303015625 0.7142018859375 0.6115655265625 0.7084144984375 0.589910159375 0.7092880312500001 0.5588953203125 0.7058331359375 0.528515696875 0.71446665625 0.526391128125 0.717385021875 0.5260554640625 0.7229957703125 0.5311107328125 0.727855453125 0.5372959093749999 0.75228249375 0.5457153390625 0.76426695 0.545416234375 0.76670295625 0.5431207515625001 0.7710133265625
3 0.6653251109375 0.37506744531249997 0.6479779375 0.376374809375 0.5992626750000001 0.353206678125 0.593440753125 0.3570749421875 0.5882922796875001 0.36790055625 0.5888733312500001 0.37561041093749997 0.6266905875 0.40355124687500005 0.6438601203125 0.42857493281250003 0.709870171875 0.46952554687500003 0.71960655625 0.47110295 0.726880621875 0.4647395078125 0.7348476609375 0.4527322671875 0.7411182265625 0.438989025 0.7429332890625 0.4304275984375 0.741837390625 0.42380030468749996 0.6653251109375 0.37506744531249997