6 0.43346807812500004 0.3525187453125 0.43059003437500004 0.3752190046875 0.431336153125 0.392455371875 0.43501657343750005 0.4003932328125 0.4394068875 0.4029819671875 0.49696295937499996 0.40839408749999995 0.5125706906249999 0.39650845156250003 0.5140945421875001 0.3849401703125 0.506019728125 0.376690884375 0.4977980796875 0.3659109859375 0.4972644203125 0.36030197343750003 0.490492553125 0.3511629265625 0.497811603125 0.343742909375 0.4815543015625 0.34209328906250003 0.4426721765625 0.3399422890625 0.43680485312500006 0.34488830625 0.43346807812500004 0.3525187453125
3 0.6516904640625001 0.444898090625 0.637627634375 0.4468707125 0.6293489640625001 0.4491837875 0.64411754375 0.4890098046875 0.6522545515625 0.5204895171875 0.6500493781250001 0.52277593125 0.6678563 0.519009171875 0.6749948984375 0.5139028953125 0.67899986875 0.506881221875 0.681786609375 0.4948105171875 0.6826882734375 0.47197442812499996 0.6820376328125 0.4684498140625 0.6516904640625001 0.444898090625
3 0.26296560156250004 0.5286821859375 0.2582313890625 0.545343253125 0.250984184375 0.6280018218750001 0.251587953125 0.6420485484375 0.283613665625 0.6494422656250001 0.2902914234375 0.6474331390625 0.33876357968750004 0.6438287796875 0.34675962031249996 0.6412363 0.35054175 0.6376709609375 0.35458403125000004 0.6252886625 0.3558600375 0.614634925 0.356880590625 0.562792003125 0.3594766859375 0.532321778125 0.356365709375 0.52272653125 0.35744714375000003 0.512915571875 0.35496251874999996 0.5070157375 0.3493443328125 0.50187196875 0.33026313749999997 0.49480362031249997 0.30912837187500003 0.49406688593750003 0.2902191625 0.49650706875 0.275156221875 0.502794240625 0.26677067656250003 0.5109189093750001 0.26355003906249996 0.5184605890625 0.26225289531249996 0.524079134375 0.26296560156250004 0.5286821859375
6 0.51078078125 0.502607425 0.5195575046875 0.5052019171875 0.527026834375 0.5097674718749999 0.5300084953125 0.512749690625 0.545130275 0.5196454921875 0.5620295093750001 0.5209302296875 0.5790921609375 0.5263647437500001 0.5825373875000001 0.5283052015624999 0.5787520359375 0.5222473734374999 0.5746059859375 0.5101142421875 0.5668757078125 0.4973222921875 0.5546996390625 0.49401353437499995 0.47538375625 0.46782734843749996 0.46388148281249997 0.46989664218750005 0.460292525 0.4731628953125 0.45920999218749997 0.4874023703125 0.45430811093749995 0.5086347499999999 0.45474447187499994 0.516295175 0.46455731718750004 0.520847784375 0.47216524375 0.51358019375 0.4757159390625 0.511631384375 0.47813496093749996 0.503804584375 0.483049784375 0.49708898437500004 0.5038747296875 0.5018968015625 0.51078078125 0.502607425
5 0.57248374375 0.4102289703125 0.57315226875 0.4117818203125 0.5744872156249999 0.41731459531250004 0.5736283515625 0.42103474375000005 0.555904175 0.4276531796875 0.549835878125 0.42145376562500003 0.5429365109375001 0.42487325 0.5336930046874999 0.43089463281249996 0.53303095 0.43376230937500004 0.5601812984375 0.486244478125 0.5746059859375 0.5101142421875 0.5787520359375 0.5222473734374999 0.5825373875000001 0.5283052015624999 0.6015870453125001 0.5390345484375 0.615794596875 0.5504027796875001 0.6253177546875001 0.54296564375 0.6319364625 0.533921859375 0.6462978984375 0.5266656249999999 0.6522545515625 0.5204895171875 0.64411754375 0.48900980625 0.6204757187500001 0.425255546875 0.6142468015625 0.39734672031249996 0.61111395625 0.3944801765625 0.6101327203125 0.39417270000000004 0.599896865625 0.3966424046875 0.57248374375 0.4102289703125
1 0.555904175 0.4276531796875 0.5736283515625 0.42103474375000005 0.5744872156249999 0.41731459531250004 0.57315226875 0.4117818203125 0.5651602890625 0.393218078125 0.5582356296875 0.38587235937500003 0.5587129890625 0.3815416734375 0.552112575 0.37505449999999996 0.547877425 0.373031821875 0.5462179125 0.3700364046875 0.5429387593749999 0.345768753125 0.5400961359374999 0.3456349390625 0.528133125 0.3567181921875 0.5184793984375 0.3589303453125 0.5014062671875 0.3400986546875 0.490492553125 0.3511629265625 0.4972644203125 0.36030197343750003 0.4977980796875 0.3659109859375 0.506019728125 0.376690884375 0.555904175 0.4276531796875
5 0.499571478125 0.703816434375 0.498289890625 0.705913134375 0.49726069375000004 0.708068103125 0.49524125156250004 0.711057821875 0.491458528125 0.718978215625 0.580344615625 0.57374345625 0.5479695359375001 0.5557199125000001 0.5468392953125 0.5433210046875 0.5414459734375 0.5273020125000001 0.540461859375 0.5257270984375 0.4757159390625 0.511631384375 0.486603190625 0.6782791640625 0.4892447671875 0.681760015625 0.49840772656250004 0.6915848687499999 0.5008926687499999 0.6934877734375 0.5018632734375 0.695041065625 0.5023873671875 0.69622543125 0.5019212171875 0.698244546875 0.499571478125 0.703816434375
3 0.655487378125 0.6589021109375001 0.655836434375 0.6582181171875 0.6181355359375 0.6551621812499999 0.6158457562499999 0.65901854375 0.6162265812500001 0.6590431046874999 0.65116564375 0.661296425 0.655487378125 0.6589021109375001
3 0.48567463125000004 0.658073371875 0.4863379109375 0.657191971875 0.46895373124999995 0.6484107859375 0.46647715781250004 0.6582534890625 0.46633588125000003 0.6597827453125 0.4847960953125 0.66178051875 0.48495609218749997 0.6600342203125 0.48567463125000004 0.658073371875
3 0.501900153125 0.5016936203125 0.4903840953125 0.5035807265625001 0.47216524375 0.51358019375 0.46378175937500005 0.52158865 0.4534471625 0.5368176874999999 0.4489851640625 0.5462997140625 0.44646835625000003 0.55531235 0.46627570625 0.5213364890625 0.472402290625 0.513650840625 0.5479695359375001 0.5557199125000001 0.5468392953125 0.5433210046875 0.5414459734375 0.5273020125000001 0.5362594203125 0.5190017921875001 0.527026834375 0.5097674718749999 0.5195575046875 0.5052019171875 0.51078078125 0.502607425 0.501900153125 0.5016936203125
5 0.4184450125 0.6119774140625001 0.41818533125 0.6079609046875001 0.42777521093750004 0.5893810734375 0.41872286875000003 0.5909307625 0.3779636234375 0.584259559375 0.3656733859375 0.5847695703125 0.3628723203125 0.5929479515625 0.361379446875 0.6336854578125 0.3587784828125 0.6409971 0.355133159375 0.6462417578124999 0.3534656375 0.6534645875 0.356820934375 0.660021153125 0.37282170937500003 0.66980146875 0.37964470625 0.669246496875 0.3807535390625 0.6947604140625 0.38499619531249996 0.718563334375 0.3926173734375 0.7382772484375 0.4017501890625 0.75407978125 0.41346148749999995 0.7653042921875 0.422484125 0.7710390796875 0.42470625 0.7745952203125 0.44348560781249996 0.778930778125 0.4485091703125 0.7703525625000001 0.46008929531250004 0.758419053125 0.4636682875 0.7495073359375 0.467538425 0.7169264703125 0.46511694375 0.7063251203124999 0.46616204687499996 0.700480153125 0.4642962796875 0.6887898531250001 0.46600839374999997 0.6800557546875 0.4648531109375 0.6758329765625 0.46647715781250004 0.658253490625 0.46895373124999995 0.6484107859375 0.45941596718750005 0.6435930234375 0.4184450125 0.6119774140625001
5 0.5008926687499999 0.6934877734375 0.5018632734375 0.695041065625 0.5023873671875 0.69622543125 0.5019212171875 0.698244546875 0.499571478125 0.703816434375 0.498289890625 0.705913134375 0.49726069375000004 0.708068103125 0.49524125156250004 0.711057821875 0.4911244609375 0.7196777 0.4894739453125 0.7222209109375 0.48805650624999997 0.7237545640625 0.48708557656249996 0.725657140625 0.48617226718750006 0.7342190734375 0.48582265468749997 0.7357334109375 0.48166691093749997 0.7456735046875 0.47892892812500004 0.7506240734375 0.47411356250000003 0.7553608828125 0.47393875625000004 0.7561180515625 0.47698609531249997 0.7647968453125 0.4817219328125 0.7799798250000001 0.48306113906250003 0.784542478125 0.483507 0.791823146875 0.4837299265625 0.7933241468750001 0.5031497078125 0.7829174937500001 0.514555925 0.774036034375 0.5172893890625 0.7699892203125 0.5178414874999999 0.767597821875 0.510720896875 0.7547989484375 0.507122925 0.7298591937500001 0.5026033234375 0.7244977140625 0.5035236328125 0.7189527874999999 0.5059416156250001 0.7162724875 0.537057265625 0.7108617984375 0.5675410656250001 0.7175397 0.5887246234375 0.7189058890625 0.587501584375 0.7086978609375 0.5872426140625 0.7071909078124999 0.5858279125 0.7095734984375001 0.550663465625 0.6939376890625 0.5200071140625 0.6741991296875 0.4863379109375 0.6571919703125 0.48567463125000004 0.658073371875 0.48495609218749997 0.6600342203125 0.4844313484375 0.6657615984375 0.48379039375 0.6685378828124999 0.48287773125 0.6701880734375 0.4826639734375 0.6722654593749999 0.4829939453125 0.673139165625 0.48435279218750005 0.675313775 0.4892447671875 0.681760015625 0.49840772656250004 0.6915848687499999 0.5008926687499999 0.6934877734375
3 0.6440906109375 0.6114496 0.6181355359375 0.6551621796875 0.6614119015625 0.65867005 0.670395009375 0.60219404375 0.6667299 0.6016013499999999 0.622158325 0.5970615687499999 0.6440906109375 0.6114496
5 0.5200071140625 0.6741991296875 0.550663465625 0.6939376890625 0.5858279125 0.7095734984375001 0.6440906109375 0.6114496 0.6217557078125 0.59679744375 0.472402290625 0.513650840625 0.46627570625 0.5213364890625 0.43679746875000003 0.5719009749999999 0.41818533125 0.6079609046875001 0.4184450125 0.6119774140625001 0.45941596718750005 0.6435930234375 0.5200071140625 0.6741991296875
1 0.514555925 0.774036034375 0.5031497078125 0.7829174937500001 0.4735835796875 0.7987613625 0.471532490625 0.8123214843750001 0.47331774531250004 0.8310853453125 0.4755509640625 0.83699848125 0.48114817656250003 0.8408095609374999 0.5459516843750001 0.8640468875 0.555096340625 0.8711958203125001 0.5688137656250001 0.8772414359375 0.6145915359375 0.8924879499999999 0.6155371109375001 0.897743975 0.6188745234375 0.8988743140625 0.6253406375 0.8848941328125 0.6415096609375001 0.8101825203124999 0.655600571875 0.7569412140625 0.6614609828125 0.756495009375 0.6676625828125 0.760805459375 0.688607371875 0.7620425734375 0.69383725 0.7596516140625 0.698200428125 0.751663 0.6988056921875 0.7428068062500001 0.6861127140625001 0.7416755875 0.6780718140625 0.7344216390625 0.6617525203125 0.730294196875 0.6068283359375 0.72660988125 0.5891691109375 0.7189345546875 0.5675410656250001 0.7175397 0.537057265625 0.7108617984375 0.5059416156250001 0.7162724875 0.5035236328125 0.7189527874999999 0.5026033234375 0.7244977140625 0.507122925 0.7298591937500001 0.510720896875 0.7547989484375 0.5178414874999999 0.767597821875 0.5172893890625 0.7699892203125 0.514555925 0.774036034375
3 0.6774784515625 0.39303301875 0.66008965 0.39251994687499997 0.6140629828125 0.3643866015625 0.6078686109375 0.36762511875000004 0.6016167578125 0.3778532671875 0.601388725 0.3855816234375 0.6360782031250001 0.417322375 0.6505379921875 0.444003684375 0.711905928125 0.49162989687499997 0.7214240937499999 0.4942163875 0.729323471875 0.4886481515625 0.7385019640625 0.47753947031250005 0.7461747390625 0.4645269671875 0.7488747703125 0.45620216718749995 0.7484776171874999 0.449496625 0.6774784515625 0.39303301875