6 0.46271749375000004 0.34824004999999997 0.44650578281250003 0.35028980781249996 0.40813633437499997 0.3569405125 0.4035320015625 0.3630796234375 0.40199722343750005 0.37126510625 0.40429939062500003 0.394030978125 0.40890372499999994 0.41065773906249997 0.41427544687499995 0.4175642375 0.41913557656249995 0.4190990171875 0.4764339515625 0.41142512656249997 0.488967971875 0.39633314375 0.48785047031250006 0.3847185640625 0.478126928125 0.3784971453125 0.46769105 0.369843003125 0.4659093140625 0.364497796875 0.457255171875 0.35711632187500003 0.46271749375000004 0.34824004999999997
3 0.6759600515625 0.46643864687500003 0.6759600515625 0.45405043437500003 0.671701603125 0.43159680156249997 0.6702747718750001 0.4283088859375 0.6354074140625 0.41218741875 0.6221487578125 0.41727293125 0.6146025984375 0.4213890171875 0.6379515640625 0.45687208906250004 0.652961415625 0.48571454999999997 0.6513270921875 0.4884384203125 0.6678302875 0.48076251562500005 0.6736372609375 0.474181278125 0.6759600515625 0.46643864687500003
3 0.2815475203125 0.55330146875 0.2752045484375 0.563104240625 0.273762965625 0.5711771125 0.273762965625 0.57694345 0.275492865625 0.5812682015624999 0.274627915625 0.5985672125 0.28616058906249997 0.6807375140625 0.2899087078125 0.6942884046875 0.32277682812499997 0.6942884046875 0.32883148125 0.690828603125 0.37525049374999997 0.6764127609374999 0.382458415625 0.6720880078125 0.3853415828125 0.6677632546875001 0.38649485 0.654788996875 0.3853415828125 0.644121275 0.374673859375 0.593377509375 0.37034910781249997 0.563104240625 0.3651594046875 0.5544547359374999 0.36400613593750003 0.5446519624999999 0.3602580171875 0.539462259375 0.35362672968750003 0.535714140625 0.3334445515625 0.5331192890625001 0.3126857390625 0.5371557250000001 0.29481009375 0.5437870124999999 0.2815475203125 0.55330146875
6 0.4789548296875 0.5167959984375 0.47955120625000003 0.5086256359375 0.48282938125 0.5009765625 0.5042021078125 0.5009765625 0.5110910140625 0.5001154484375 0.5202264234375 0.5006691109375 0.5285313421875 0.5034374171875 0.5321074359375 0.505672475 0.5483928625 0.5089898765624999 0.565147975 0.5064401859375 0.5829958109375 0.5078971515624999 0.5867892453125 0.50901286875 0.5817381968750001 0.5039618203125 0.5749690484375 0.4930723203125 0.5645593343749999 0.48234716093749996 0.5519510296875 0.481862225 0.46877739687500003 0.47418938125 0.45803541562500005 0.4787930875 0.455273190625 0.48278296718749997 0.4574215875 0.4969010015625 0.4574215875 0.5186918796875 0.459569984375 0.526057809375 0.47015544218749994 0.5282863265625 0.475933525 0.5194935921875 0.4789548296875 0.5167959984375
5 0.5882267 0.374277778125 0.5845293171875 0.37218944062500003 0.5835040625000001 0.372110575 0.574086115625 0.3768195484375 0.5504319015625 0.3962245015625 0.5514326078125 0.3975871671875 0.55397794375 0.4026778390625 0.55397794375 0.40649584218749996 0.5381968609375 0.4169317203125 0.5308895296875 0.4122562671875 0.5249362093750001 0.41714012968749997 0.5172841296875 0.42508652187499996 0.5172841296875 0.4280296296875 0.5555445359375 0.473059184375 0.5749690484375 0.4930723203125 0.5817381968750001 0.5039618203125 0.5867892453125 0.50901286875 0.6077642390625 0.5151819828125 0.624164946875 0.52306284375 0.6317710359375 0.5136740765625001 0.6361856984375 0.5033731984375 0.648546753125 0.4930723203125 0.652961415625 0.48571454999999997 0.6379515640625 0.456872090625 0.600574090625 0.400070103125 0.5882267 0.374277778125
1 0.457255171875 0.35711632187500003 0.4659093140625 0.364497796875 0.46769105 0.369843003125 0.478126928125 0.3784971453125 0.5381968609375 0.4169317203125 0.55397794375 0.40649584218749996 0.55397794375 0.4026778390625 0.5514326078125 0.3975871671875 0.5394695296875 0.381297015625 0.5310699203125 0.3756972765625 0.530560853125 0.3713702046875 0.5226703109375 0.366534065625 0.5180887046875 0.36551593125 0.515797903125 0.36297059531250003 0.507143759375 0.3400625703125 0.504343890625 0.34057163749999997 0.49518068125000003 0.35406191875 0.48627200468750004 0.358388990625 0.4654002484375 0.343880575 0.457255171875 0.35711632187500003
5 0.54439506875 0.6883278875000001 0.5456902109375 0.6896230296875 0.5464672968750001 0.6906591453125001 0.5464672968750001 0.692731371875 0.5454311828125 0.698689028125 0.544654096875 0.701020284375 0.544136040625 0.703351540625 0.542840896875 0.7067189093749999 0.5409368265625 0.71528723125 0.59487405625 0.5537798109375001 0.5592743328124999 0.5435010171875 0.5553839125 0.5316741406250001 0.5465253328124999 0.5172789484375 0.5452121625 0.5159657765625 0.4789548296875 0.5167959984375 0.5270506359375 0.6767235078125 0.5304075296875 0.67952091875 0.5415457546875 0.6870327453125 0.54439506875 0.6883278875000001
3 0.6500116265625 0.624610671875 0.6486480265625 0.628883284375 0.6490246156249999 0.6288215484374999 0.6835750796875 0.6231575375 0.68724744375 0.6198524109375 0.6874336890625 0.6191074265625 0.6500116265625 0.624610671875
3 0.5029356359375 0.6617384609375 0.5031419875 0.6632603031250001 0.52157846875 0.661054228125 0.5213415328125001 0.659316696875 0.5216005609375001 0.65724446875 0.52204856875 0.656236453125 0.5031346078125 0.65159091875 0.5029356359375 0.6617384609375
3 0.5396045671875 0.5103581828125 0.5285313421875 0.5034374171875 0.5202264234375 0.5006691109375 0.5110910140625 0.5001154484375 0.502232434375 0.501222771875 0.4914360390625 0.5056520609375 0.475933525 0.5194935921875 0.4695664203125 0.5291826656249999 0.4629224859375 0.5463461625 0.46070784062500003 0.556588896875 0.46028294062499997 0.5659366968749999 0.4719397234375 0.5283759515625001 0.4761803890625 0.5195091046875 0.5592743328124999 0.5435010171875 0.5553839125 0.5316741406250001 0.5465253328124999 0.5172789484375 0.5396045671875 0.5103581828125
5 0.5053077375 0.67923271875 0.5029356359375 0.6617384625 0.5031346078125 0.65159091875 0.4927575359375 0.6490421640624999 0.44572469843749996 0.6274533203125 0.4445681546875 0.6235981703125 0.44973269374999997 0.603337284375 0.44126096718749996 0.6068835890625001 0.40004568437500004 0.6095522046874999 0.388185171875 0.6128138453124999 0.3872956328125 0.6214127171875 0.3950049671875 0.6614419484375 0.394115428125 0.6691512828125 0.39174332500000003 0.6750815390625 0.39174332500000003 0.6824943593749999 0.39648753124999997 0.6881281031250001 0.4142783 0.6940583593749999 0.4208015828125 0.6919827703125 0.427621378125 0.716593334375 0.4371097875 0.738831796875 0.44897030156250006 0.756326053125 0.461423840625 0.7696691312499999 0.47535994375 0.7779714906249999 0.485441378125 0.78152964375 0.48840650781250006 0.784494771875 0.507679840625 0.784494771875 0.5106449703125 0.7750063609375 0.5192438421875 0.7607737453125 0.5207264046875 0.7512853359375 0.5171682515625 0.718668925 0.512424046875 0.7088840015625 0.5121275328125 0.70295374375 0.507679840625 0.6919827703125 0.507383328125 0.683087384375 0.5053077375 0.67923271875
5 0.522377646875 0.67252715 0.5241908468750001 0.67434035 0.5304075296875 0.67952091875 0.5415457546875 0.6870327453125 0.54439506875 0.6883278875000001 0.5456902109375 0.6896230296875 0.5464672968750001 0.6906591453125001 0.5464672968750001 0.692731371875 0.5454311828125 0.698689028125 0.544654096875 0.701020284375 0.544136040625 0.703351540625 0.542840896875 0.7067189093749999 0.5407686703125 0.7160439359375 0.5397325562499999 0.71889325 0.5386964421875 0.72070645 0.538178384375 0.7227786765624999 0.5392144984375 0.7313266171875 0.5392144984375 0.7328807875 0.5374013 0.74350095625 0.535847128125 0.7489405546875 0.5322207296875 0.75463918125 0.5322207296875 0.7554162671875 0.5371422703125 0.7631871218749999 0.5451721546875 0.77691563125 0.5475034109375 0.7810600875 0.5495756390625 0.78805385625 0.550130503125 0.7894662390625 0.56671156875 0.77495780625 0.5758275515625 0.7637381375000001 0.5775806234374999 0.759180146875 0.5775806234374999 0.7567258453125 0.5677634125 0.745856790625 0.5586474328125 0.7223656078125 0.5530375984375 0.71815823125 0.5526869828125001 0.712548396875 0.55444005625 0.709392865625 0.5835410734375001 0.697121353125 0.614745778125 0.6967707375 0.6356937281249999 0.693336646875 0.632205728125 0.683665375 0.6316144046875001 0.6822553 0.6307719281249999 0.6848950640625 0.5929914515625 0.6775702781249999 0.5586806109375 0.6652337953125 0.52204856875 0.6562364515625 0.5216005609375001 0.65724446875 0.5213415328125001 0.659316696875 0.52211861875 0.6650153234375 0.52211861875 0.6678646359375 0.5216005609375001 0.6696778359375 0.521859590625 0.6717500640625 0.522377646875 0.67252715
3 0.6929679203125 0.61829356875 0.6890164546875 0.5612442796875 0.6853119546875 0.561491246875 0.6408615171875 0.56709424375 0.6654682828125 0.57617981875 0.6500116265625 0.6246106703125001 0.6929679203125 0.61829356875
5 0.45459154531249996 0.584275634375 0.4445681546875 0.6235981703125 0.44572469843749996 0.6274533203125 0.4927575359375 0.6490421640624999 0.5586806109375 0.6652337953125 0.5929914515625 0.6775702781249999 0.6307719281249999 0.6848950640625 0.6654682828125 0.57617981875 0.6404098031250001 0.56692745625 0.4761803890625 0.5195091046875 0.4719397234375 0.5283759515625001 0.45459154531249996 0.584275634375
1 0.5586474328125 0.7223656078125 0.5677634125 0.745856790625 0.5775806234374999 0.7567258453125 0.5775806234374999 0.759180146875 0.5758275515625 0.7637381375000001 0.56671156875 0.77495780625 0.5414673140625 0.7970465296875 0.5425191578125 0.8107205015625001 0.5484796078125 0.8286018500000001 0.5519857546875 0.8338610687499999 0.5582968171875 0.836315371875 0.6266666765625 0.844379509375 0.637185115625 0.8492881156250001 0.65191093125 0.8520930328125 0.699945140625 0.8566510218750001 0.7020488281249999 0.861559628125 0.705554975 0.8619102421875 0.70871050625 0.8468338125000001 0.7076586625 0.770399815625 0.7094117359375 0.7153533140625 0.7150215703125 0.713600240625 0.7220338640625 0.7164051578125 0.7427201296875 0.7128990125 0.7472781187499999 0.709392865625 0.749732421875 0.7006274984374999 0.7483299625 0.6918621328125 0.7357078359375 0.69361520625 0.7262412406250001 0.6883559859374999 0.7094117359375 0.688005371875 0.6550664640625 0.6967707375 0.636133271875 0.693264590625 0.614745778125 0.6967707375 0.5835410734375001 0.697121353125 0.55444005625 0.709392865625 0.5526869828125001 0.712548396875 0.5530375984375 0.71815823125 0.5586474328125 0.7223656078125
3 0.7273366546875 0.42446386406250003 0.7318856 0.410058871875 0.7326437578125 0.4013400609375 0.7307483640625 0.394895721875 0.6488673546875 0.35585061093750003 0.6318088109375 0.35926231875000003 0.5806331796875 0.3422037765625 0.5753260765625 0.3467527203125 0.571535290625 0.3581250828125 0.5730516046874999 0.3657066578125 0.613992109375 0.3888304625 0.6340832828125 0.4115751859375 0.7045919296875 0.444175959375 0.714447978125 0.44455503749999997 0.720892315625 0.43735254218749997 0.7273366546875 0.42446386406250003