6 0.5726948125 0.46639828124999994 0.5687044859375 0.46507806875 0.5667271296874999 0.4659926328125 0.5726948125 0.46639828124999994
3 0.5639040203125 0.467298371875 0.5687044859375 0.46507806875 0.5667870203125001 0.46444366875 0.542508640625 0.44494324843750005 0.5228625203124999 0.4195652484375 0.516433396875 0.42002099687500005 0.4714076828125 0.43509742500000004 0.4119109890625 0.4682464890625 0.42463785937500004 0.5588028703125001 0.47512271562499997 0.5376129187500001 0.5414929359375 0.5049559218749999 0.5539157734375 0.489601265625 0.5639040203125 0.467298371875
3 0.8069645140624999 0.4117656046875 0.8238262484375 0.4149040359375 0.8290030015625 0.41997904999999996 0.8317083500000001 0.4254206015625 0.8327324640624999 0.423621315625 0.83848388125 0.37557736249999996 0.8311513703125 0.332083490625 0.8300133375 0.3066266625 0.804249365625 0.29255978125 0.778630228125 0.28555379062499997 0.7845271890625 0.2986583828125 0.7899367015625 0.34693093125 0.7808960296875 0.384841628125 0.78646655 0.40795036875 0.8069645140624999 0.4117656046875
5 1 0.5996007453125001 0.940852696875 0.546415653125 0.8849170093750001 0.49063700781249997 0.8688099312500001 0.49574435 0.8631214249999999 0.49215706406250004 0.8525033000000001 0.4705191875 0.8451794406250001 0.46411103750000005 0.8372220703125001 0.46522937343750004 0.8360770843750001 0.46562079843750004 0.8296891499999999 0.4756764515625 0.8139719859375001 0.4877050703125 0.7559751015625 0.503240071875 0.7466796796875 0.5205622875 0.830493028125 0.505461909375 0.8453291109375 0.50716130625 0.855078459375 0.514981984375 0.8648765265625 0.5346898718750001 0.870871721875 0.561960525 0.8702899796875 0.584749115625 0.8647389875 0.5952607578125 0.8563967375000001 0.601298934375 0.839045271875 0.6053886234375 0.8784951968750001 0.65930726875 0.889908125 0.71940666875 0.8870983375 0.7325332953125 0.8943152281250001 0.73960358125 0.9025365375 0.7384481515625 0.9846022734375 0.7101471765625 1 0.686388165625 1 0.5996007453125001
3 0.8647389875 0.5952607578125 0.8702899796875 0.584749115625 0.870871721875 0.561960525 0.8648765265625 0.5346898718750001 0.855078459375 0.514981984375 0.8453291109375 0.50716130625 0.830493028125 0.505461909375 0.721393621875 0.5251179953125 0.7702533359375 0.5392468703125 0.7748793234375 0.543384946875 0.78273815625 0.5381300078125 0.7846594265625 0.5521335328125 0.8292929171875001 0.592059478125 0.839045271875 0.6053886234375 0.8563967375000001 0.601298934375 0.8647389875 0.5952607578125
3 0.7916852734375001 0.485836525 0.7309991640625 0.4999522578125 0.73379621875 0.5047755984375 0.7438563421875 0.5064861953124999 0.8139719859375001 0.4877050703125 0.8296891499999999 0.4756764515625 0.838095453125 0.46244355625000005 0.8388956390625 0.4586129078125 0.8352242796875 0.45540058281249995 0.8300304265625 0.45533293906249994 0.8265530640625001 0.46180358593750004 0.8234244921875 0.462243278125 0.8266714343749999 0.4342700421875 0.8317083500000001 0.4254206015625 0.8290030015625 0.41997904999999996 0.8238262484375 0.4149040359375 0.78646655 0.40795036875 0.796814946875 0.4508796640625 0.801226 0.4790179140625 0.7916852734375001 0.485836525
6 0.5984783609375001 0.47492885156250003 0.5949670640625 0.4829053015625 0.597222065625 0.49319848281249995 0.6391350953125 0.4852784578125 0.637160990625 0.4767923640625 0.6095602 0.4785953125 0.5984783609375001 0.47492885156250003
0 0.654594740625 0.31616095781250003 0.6595012437500001 0.33689342187500004 0.6736371390625 0.348855978125 0.68329961875 0.364436353125 0.6833838812499999 0.36995358437500003 0.75580164375 0.35393590625 0.7693565921875 0.352943840625 0.7738257078124999 0.3555111015625 0.7808960296875 0.384841628125 0.7899367015625 0.34693093125 0.7845271890625 0.2986583828125 0.7585387453125 0.2409052515625 0.7179298453125 0.20628641406249998 0.6872193375 0.1931889765625 0.6549420953125 0.191767990625 0.6225798390625 0.19952396249999999 0.560816346875 0.23936529062499998 0.53469433125 0.268698528125 0.52012974375 0.2954909765625 0.5111471171875 0.32287368125000004 0.508316134375 0.3474906140625 0.5357112578125001 0.3387642203125 0.548319725 0.3267834625 0.621037596875 0.31248013124999996 0.6330508171875 0.31079178281250003 0.638594215625 0.31246280937500004 0.6404656234375 0.3159014859375 0.643297646875 0.31376316875 0.654594740625 0.31616095781250003
0 0.6232356203125 0.40132503125 0.6239906046875 0.399707721875 0.6216515046875 0.3830641640625 0.623324146875 0.36943191406250003 0.5604909765625 0.381425221875 0.5391745390625 0.37502899843750004 0.5187520625 0.377899190625 0.5105438609374999 0.3761060390625 0.5094292046875 0.375862534375 0.51188556875 0.39334047656250004 0.5201127750000001 0.41601324531249995 0.542508640625 0.44494324843750005 0.5667870203125001 0.46444366875 0.6095602 0.4785953125 0.637160990625 0.4767923640625 0.6230105953125 0.41596398749999997 0.6232356203125 0.40132503125
7 0.7671814484375 0.954746334375 0.77750983125 0.953294775 0.784304684375 0.91108798125 0.7963916703125 0.8659431796874999 0.79818785625 0.8478560515625 0.7960543421875 0.849477403125 0.769728221875 0.8436844703125 0.7520773578125 0.8345649187499999 0.7511178296875001 0.8349877375 0.727509978125 0.8371432734375001 0.7281333125 0.8386175 0.7284733296875 0.8440199609375 0.725235409375 0.84782901875 0.69531186875 0.8646119921875 0.6909116734375 0.8631341499999999 0.681504665625 0.84134383125 0.6620115531249999 0.84312366875 0.6321558328125 0.849192090625 0.6302675734375 0.920448703125 0.6322913781249999 0.9223585234374999 0.7070837515624999 0.9236960734374999 0.7393180765625 0.9375975078125001 0.7671814484375 0.954746334375
3 0.5357112578125001 0.3387642203125 0.48294615937499996 0.3555719234375 0.48029892343749997 0.3628859203125 0.4814244890625 0.370894734375 0.48701118125000004 0.378684928125 0.5073773796875 0.375414296875 0.5187520625 0.377899190625 0.5391745390625 0.37502899843750004 0.5604909765625 0.381425221875 0.623324146875 0.36943191406250003 0.6251346359375 0.3546761875 0.6366165765625 0.3371205328125 0.6351905703125 0.3198844109375 0.6404656234375 0.3159014859375 0.638594215625 0.31246280937500004 0.6330508171875 0.31079178281250003 0.621037596875 0.31248013124999996 0.548319725 0.3267834625 0.5357112578125001 0.3387642203125
6 0.5270710703125 0.6798091640624999 0.5148310015625001 0.6833091296875 0.49170563125 0.7016008078125 0.47317810312499997 0.743688928125 0.45042813125 0.7512733671875 0.44233209218749997 0.760558734375 0.44341511562499997 0.7861026234375 0.455819971875 0.8119355328125 0.46405886562500004 0.8170449718749999 0.489170875 0.8128889765625 0.5237675890625 0.8450040359375001 0.5401590015625 0.8546083203125001 0.5534973703125 0.85586740625 0.5821241968749999 0.8499639640625001 0.612046659375 0.853279446875 0.6620115531249999 0.84312366875 0.681504665625 0.84134383125 0.6410454984375 0.74762451875 0.6117620421875001 0.7033204890625 0.611268896875 0.7011095578125001 0.6063859859375 0.7008596796875 0.563918865625 0.7024715500000001 0.5322590390624999 0.7003863046875 0.5278737703124999 0.69708176875 0.5270710703125 0.6798091640624999
6 0.6884792265625 0.8017061140624999 0.65697341875 0.7717224640625 0.6410454984375 0.74762451875 0.6909116734375 0.8631341499999999 0.69531186875 0.8646119921875 0.725235409375 0.84782901875 0.7284733296875 0.8440199609375 0.7281333125 0.8386175 0.719248021875 0.8176032140625 0.6884792265625 0.8017061140624999
0 0.611268896875 0.7011095578125001 0.6117620421875001 0.7033204890625 0.65697341875 0.7717224640625 0.6884792265625 0.8017061140624999 0.769728221875 0.8436844703125 0.7960543421875 0.849477403125 0.8544837812500001 0.805074275 0.8777310140625 0.7762951140625 0.889908125 0.71940666875 0.8784951968750001 0.65930726875 0.8292929171875001 0.592059478125 0.7846594265625 0.5521335328125 0.8021506374999999 0.6796214984375 0.7638245390625 0.6727137390625 0.7548690031249999 0.6796465765625 0.7510494671875 0.6878112859375001 0.7503608390625 0.7054573578125 0.742366278125 0.70637263125 0.73450663125 0.7231735593749999 0.7128659578125001 0.7172307765625 0.7048102296875001 0.7070144968750001 0.680204434375 0.7237124609375 0.664849940625 0.7490401234374999 0.6530621171875 0.7492782390625 0.646129278125 0.7403227015625 0.6336689703125 0.7022558546875 0.611268896875 0.7011095578125001
0 0.8812354234375 0.45930282812499995 0.8646286218749999 0.4432921546875 0.8513829203125001 0.422821153125 0.84273706875 0.41805431249999997 0.8353067109375001 0.41909858125 0.8266714343749999 0.4342700421875 0.8234244921875 0.462243278125 0.8265530640625001 0.46180358593750004 0.8300304265625 0.45533293906249994 0.8352242796875 0.45540058281249995 0.8525033000000001 0.4705191875 0.8631214249999999 0.49215706406250004 0.8688099312500001 0.49574435 0.8959164656249999 0.48714922656250004 0.9070017531250001 0.47522260000000005 0.9102592703125 0.467187665625 0.9041437546875001 0.454886884375 0.8812354234375 0.45930282812499995
6 0.6239906046875 0.399707721875 0.62779668125 0.3915544328125 0.6331755890624999 0.38760312343750003 0.676555290625 0.37146396249999997 0.6833838812499999 0.36995358437500003 0.68329961875 0.364436353125 0.6736371390625 0.348855978125 0.6595012437500001 0.33689342187500004 0.654594740625 0.31616095781250003 0.643297646875 0.31376316875 0.6351905703125 0.3198844109375 0.6366165765625 0.3371205328125 0.6251346359375 0.3546761875 0.6216515046875 0.3830641640625 0.6239906046875 0.399707721875
5 0.61832651875 0.6553839265625 0.63347256875 0.701655840625 0.742366278125 0.70637263125 0.7480439203125 0.5940739374999999 0.613343390625 0.6570943296875 0.61832651875 0.6553839265625
0 0.664849940625 0.7490401234374999 0.680204434375 0.7237124609375 0.7048102296875001 0.7070144968750001 0.7128659578125001 0.7172307765625 0.73450663125 0.7231735593749999 0.7548690031249999 0.6796465765625 0.7638245390625 0.6727137390625 0.8021506374999999 0.6796214984375 0.78273815625 0.5381300078125 0.7702034125 0.546511571875 0.75866624375 0.58217833125 0.7480439203125 0.5940739374999999 0.7201741921875 0.5821735703125 0.713051690625 0.597823321875 0.684075915625 0.63281616875 0.61832651875 0.6553839265625 0.646129278125 0.7403227015625 0.6530621171875 0.7492782390625 0.664849940625 0.7490401234374999
6 0.62779668125 0.3915544328125 0.6232356203125 0.40132503125 0.6230105953125 0.41596398749999997 0.6391350953125 0.4852784578125 0.654605234375 0.48235516875 0.6816646390625001 0.4844984796875 0.6883971843750001 0.4900931703125 0.6941091421875 0.5085329640625 0.7916852734375001 0.485836525 0.801226 0.4790179140625 0.796814946875 0.4508796640625 0.7738257078124999 0.3555111015625 0.7693565921875 0.352943840625 0.75580164375 0.35393590625 0.676555290625 0.37146396249999997 0.6331755890624999 0.38760312343750003 0.62779668125 0.3915544328125
6 0.7235507906249999 0.5582916874999999 0.7082638765625 0.542601334375 0.7105427265625 0.529199284375 0.7088942609375 0.5217008203125 0.7036651890625001 0.51411095 0.6949280109375 0.5111764953125 0.6883971843750001 0.4900931703125 0.6816646390625001 0.4844984796875 0.654605234375 0.48235516875 0.5932054453125 0.4939574765625 0.530299040625 0.5456114890625 0.51869045 0.5603247484375 0.5068801374999999 0.590526640625 0.500818965625 0.61932591875 0.49215428437500003 0.6211382859375 0.480217890625 0.633519109375 0.49007401406250006 0.6571082265625 0.50781313125 0.6563990359375 0.5175715359375 0.6496759453125 0.5515084796874999 0.6669075906249999 0.581401478125 0.668058040625 0.684075915625 0.63281616875 0.713051690625 0.597823321875 0.7257729125 0.5698719140625 0.7235507906249999 0.5582916874999999