6 0.577056284375 0.4781839484375 0.5733216125 0.47625576406250003 0.57122553125 0.4768497421875 0.577056284375 0.4781839484375
3 0.5682329187499999 0.47769777343750003 0.5733216125 0.47625576406250003 0.5715269968750001 0.47532921874999995 0.5505980625 0.4522709046875 0.5351638125 0.42413201875000006 0.528742546875 0.423576421875 0.4819127015625 0.43142365937499993 0.41796285468749994 0.4548572703125 0.4163668953125 0.5462896734375 0.4695450390625 0.5332581765625 0.5402068125 0.5113858312499999 0.5548787 0.4981635765625 0.5682329187499999 0.47769777343750003
3 0.8169881718750001 0.4608717453125 0.8331513515625 0.4666092953125 0.8374704640624999 0.47243165 0.8392912578124999 0.478229415625 0.8405842343750001 0.4766124890625 0.853780571875 0.43005975625000004 0.8533422765625 0.385954309375 0.8562005796875001 0.36063286875 0.83295435 0.3427088015625 0.80874660625 0.33178135000000003 0.8125209546875001 0.345647090625 0.810312378125 0.3941715578125 0.795452471875 0.4302012390625 0.79733940625 0.4538968953125 0.8169881718750001 0.4608717453125
5 0.859877703125 0.549058328125 0.8527752140624999 0.5260258109375 0.8465439796875 0.5185508515625 0.83850963125 0.5184106109375 0.8373175093749999 0.5186181015625 0.829435171875 0.5275506609375 0.812029821875 0.5369724812500001 0.7523167640625 0.543243509375 0.7404259921875 0.5588983359374999 0.8255696796875001 0.5570951640625 0.8399572624999999 0.5610945125 0.8483631546874999 0.570344040625 0.8549576 0.591342046875 0.8566129140625 0.6192148078125 0.8524734125 0.641631828125 0.8453463796875 0.6511456875 0.8361622578125001 0.655804509375 0.8183846499999999 0.6571294796875 0.8489141453125001 0.716555625 0.8507849437499999 0.7777004765625 0.8459562937499999 0.7902259468749999 0.8519782953125 0.7983381546875 0.8602791359375 0.798483046875 0.9457617546874999 0.7833684125 0.9720566078124999 0.75411006875 0.9881429328125 0.7338509421875 0.988913146875 0.689725421875 0.928164059375 0.61480875625 0.8816427375 0.55096656875 0.864935 0.553491328125 0.859877703125 0.549058328125
3 0.8453463796875 0.6511456875 0.8524734125 0.641631828125 0.8566129140625 0.6192148078125 0.8549576 0.591342046875 0.8483631546874999 0.570344040625 0.8399572624999999 0.5610945125 0.8255696796875001 0.5570951640625 0.714738578125 0.55944234375 0.76078650625 0.5810406125 0.7647082015625 0.58585140625 0.7732923328125 0.5818905562500001 0.772999315625 0.596022228125 0.8108375000000001 0.6424388343749999 0.8183846499999999 0.6571294796875 0.8361622578125001 0.655804509375 0.8453463796875 0.6511456875
3 0.7903098 0.53164053125 0.72816265 0.5360890765625 0.73017073125 0.5412905890624999 0.7398394015624999 0.5445538765625 0.812029821875 0.5369724812500001 0.829435171875 0.5275506609375 0.839808059375 0.51579571875 0.8411976390625 0.512137409375 0.8380739984375 0.50839030625 0.832954671875 0.5075109984374999 0.828507890625 0.5133580015625 0.825349053125 0.5133028640624999 0.8329319984374999 0.4861819578125 0.8392912578124999 0.478229415625 0.8374704640624999 0.47243165 0.8331513515625 0.4666092953125 0.79733940625 0.4538968953125 0.8008447765625 0.4979165046875 0.8007997296875 0.5263983671875 0.7903098 0.53164053125
6 0.6011879203125 0.49064292812500004 0.5964720625 0.4979718875 0.5970890921875001 0.5084911015625 0.6397250671875 0.507225228125 0.6391027859375 0.49853479375000004 0.6115597640625 0.49599783124999997 0.6011879203125 0.49064292812500004
0 0.6814501843749999 0.34260826718750004 0.683053009375 0.3638530265625 0.6951435125 0.3778796453125 0.702249721875 0.39477974374999997 0.7014698625 0.40024223125 0.775501759375 0.395750390625 0.7890450171875 0.396891 0.793057503125 0.40012577812499994 0.795452471875 0.4302012390625 0.810312378125 0.3941715578125 0.8125209546875001 0.345647090625 0.795887053125 0.28453950781250004 0.76119369375 0.24399425468749997 0.732910175 0.2262538859375 0.7012526109375 0.219801121875 0.6680754859375 0.2223990328125 0.600839846875 0.2520879078125 0.5704507078125001 0.27697362187499996 0.551874171875 0.30115780625 0.5387185390625 0.3267981921875 0.5320714734374999 0.3506691890625 0.560494425 0.34633577031249996 0.5748218656249999 0.336474915625 0.64888199375 0.33372326406249997 0.6610114265625 0.3339349828125 0.6662251718750001 0.336452615625 0.6675356109374999 0.340141709375 0.6706672734375 0.33847274375 0.6814501843749999 0.34260826718750004
0 0.6371545515625 0.42181818125000003 0.6381532421875 0.4203388890625 0.6384465671874999 0.403534325 0.6422311703125 0.3903315703125 0.5782954140625 0.392347946875 0.5582420078125 0.382695846875 0.53762196875 0.3823359234375 0.5297953328125 0.379280803125 0.52873249375 0.378865925 0.5284244625000001 0.3965129453125 0.5330035765625001 0.42019359375 0.5505980625 0.4522709046875 0.5715269968750001 0.47532921874999995 0.6115597640625 0.49599783124999997 0.6391027859375 0.49853479375000004 0.634642259375 0.43624170624999997 0.6371545515625 0.42181818125000003
7 0.692754003125 0.9909440390625001 0.7031822984375 0.991126065625 0.7164960921875 0.9505018578125 0.7354964703125 0.907803684375 0.74009999375 0.8902202234375001 0.7377391109375 0.891487859375 0.7126433249999999 0.881647934375 0.6966363828125 0.86987945625 0.695622525 0.8701469656249999 0.671968125 0.8685828828125001 0.6723531656249999 0.8701364703125 0.671843865625 0.8755256062500001 0.668049940625 0.8787812468749999 0.6358693734374999 0.8906765218749999 0.6317545375 0.8885285312500001 0.6258721031250001 0.8655349078125001 0.6063405546875 0.8642434375000001 0.5759030968750001 0.8655666828124999 0.5628910953124999 0.9356506203125001 0.5645912234375 0.9378535203125 0.6382535375 0.9508747062499999 0.6679163406249999 0.9696475515625 0.692754003125 0.9909440390625001
3 0.560494425 0.34633577031249996 0.50574965 0.3546822640625 0.5019908453124999 0.3614920953125 0.5018496984375 0.369578384375 0.5061489546875 0.37814661875 0.5267760499999999 0.37810222968749996 0.53762196875 0.3823359234375 0.5582420078125 0.382695846875 0.5782954140625 0.392347946875 0.6422311703125 0.3903315703125 0.6463276734375001 0.37604073437499996 0.6604145609375001 0.360497390625 0.6617024359375 0.3432503984375 0.6675356109374999 0.340141709375 0.6662251718750001 0.336452615625 0.6610114265625 0.3339349828125 0.64888199375 0.33372326406249997 0.5748218656249999 0.336474915625 0.560494425 0.34633577031249996
6 0.4986094296875 0.6818302640625 0.48597254218749997 0.6833723703125 0.46027043437500004 0.6978212421875 0.43538697812500005 0.73649284375 0.41173062812500005 0.7404250265625001 0.4022817140625 0.7483295765625 0.3993554578125 0.7737283984375 0.4075664328125 0.8011838093750001 0.4149046 0.807519190625 0.4403575796875 0.8073427453124999 0.4695044484375 0.8444745328125001 0.484191615625 0.85652475625 0.49716880156250004 0.8598549203125 0.5263666859375 0.8585023828124999 0.5554020984375 0.8664579484375 0.6063405546875 0.8642434375000001 0.6258721031250001 0.8655349078125001 0.6005719859374999 0.766640228125 0.578579734375 0.7183007109374999 0.5784385265624999 0.71603985625 0.5736548203125 0.7150291984375 0.531458390625 0.7099779015625 0.5005145515625 0.7029656421875 0.4967002171875 0.6990157828125 0.4986094296875 0.6818302640625
6 0.6389615 0.8274762578124999 0.6125340578125 0.7929331625 0.6005719859374999 0.766640228125 0.6317545375 0.8885285312500001 0.6358693734374999 0.8906765218749999 0.668049940625 0.8787812468749999 0.671843865625 0.8755256062500001 0.6723531656249999 0.8701364703125 0.666864625 0.8479909390625 0.6389615 0.8274762578124999
0 0.5784385265624999 0.71603985625 0.578579734375 0.7183007109374999 0.6125340578125 0.7929331625 0.6389615 0.8274762578124999 0.7126433249999999 0.881647934375 0.7377391109375 0.891487859375 0.802395365625 0.8567717859374999 0.829858440625 0.8319836109375001 0.8507849437499999 0.7777004765625 0.8489141453125001 0.716555625 0.8108375000000001 0.6424388343749999 0.772999315625 0.596022228125 0.77033166875 0.7246768328125001 0.733558040625 0.711858596875 0.7236282265625 0.717305125 0.7185784734375 0.7247718062499999 0.7151378703125 0.7420929 0.7070985546874999 0.74174628125 0.6967074281250001 0.757110840625 0.67626284375 0.747855878125 0.6699044734374999 0.7365051828125 0.6429894796875 0.7491483734375 0.6238619062499999 0.7717622390625001 0.6121819609375 0.7701534 0.60673543125 0.7602235859375 0.6003834968749999 0.7206761828125 0.5784385265624999 0.71603985625
0 0.8829082234375001 0.5194422375000001 0.8690105000000001 0.50103080625 0.8591302437499999 0.4787397515625 0.8513365374999999 0.4726790890625 0.8438342984375 0.4725481375 0.8329319984374999 0.4861819578125 0.825349053125 0.5133028640624999 0.828507890625 0.5133580015625 0.832954671875 0.5075109984374999 0.8380739984375 0.50839030625 0.8527752140624999 0.5260258109375 0.859877703125 0.549058328125 0.864935 0.553491328125 0.8930523812500001 0.5492424203125 0.905866925 0.5391967531249999 0.910341278125 0.5317703296875 0.9062253203124999 0.5186643125 0.8829082234375001 0.5194422375000001
6 0.6381532421875 0.4203388890625 0.643187915625 0.4128813828125 0.6491187218750001 0.4098201671875 0.6944890671875 0.40066578750000004 0.7014698625 0.40024223125 0.702249721875 0.39477974374999997 0.6951435125 0.3778796453125 0.683053009375 0.3638530265625 0.6814501843749999 0.34260826718750004 0.6706672734375 0.33847274375 0.6617024359375 0.3432503984375 0.6604145609375001 0.360497390625 0.6463276734375001 0.37604073437499996 0.6384465671874999 0.403534325 0.6381532421875 0.4203388890625
5 0.592562321875 0.6719812375 0.6002833765625 0.7200528328125 0.7070985546874999 0.74174628125 0.7302736828125 0.6317183484375 0.587372978125 0.6728910515625001 0.592562321875 0.6719812375
0 0.6238619062499999 0.7717622390625001 0.6429894796875 0.7491483734375 0.6699044734374999 0.7365051828125 0.67626284375 0.747855878125 0.6967074281250001 0.757110840625 0.7236282265625 0.717305125 0.733558040625 0.711858596875 0.77033166875 0.7246768328125001 0.7732923328125 0.5818905562500001 0.759600746875 0.5882080640625 0.742626109375 0.6216308953125 0.7302736828125 0.6317183484375 0.7046087046875 0.615604709375 0.69512573125 0.6299475812499999 0.6610326093750001 0.6599767984375 0.592562321875 0.6719812375 0.60673543125 0.7602235859375 0.6121819609375 0.7701534 0.6238619062499999 0.7717622390625001
6 0.643187915625 0.4128813828125 0.6371545515625 0.42181818125000003 0.634642259375 0.43624170624999997 0.6397250671875 0.507225228125 0.655462046875 0.5067579921875 0.6818530171875 0.5131079390625 0.6876274718750001 0.519686953125 0.6903844875 0.5387932703125 0.7903098 0.53164053125 0.8007997296875 0.5263983671875 0.8008447765625 0.4979165046875 0.793057503125 0.40012577812499994 0.7890450171875 0.396891 0.775501759375 0.395750390625 0.6944890671875 0.40066578750000004 0.6491187218750001 0.4098201671875 0.643187915625 0.4128813828125
6 0.7116796812499999 0.59254506875 0.6990354859375 0.5746564890625 0.703382821875 0.5617759312499999 0.70292766875 0.5541119078125 0.6989502937500001 0.545797475 0.6907797343750001 0.541532353125 0.6876274718750001 0.519686953125 0.6818530171875 0.5131079390625 0.655462046875 0.5067579921875 0.593003190625 0.5086124140625 0.5227908 0.54978975 0.5090234703125 0.56250588125 0.49263394531250004 0.5904883984375 0.48214219687500004 0.6179849328125 0.47330067500000006 0.6184195328125 0.45957445156250004 0.6287806640625 0.46561907812500003 0.653621196875 0.48325073906249993 0.655695746875 0.493940725 0.6505819796875 0.524764225 0.67291038125 0.554109221875 0.6787229640625 0.6610326093750001 0.6599767984375 0.69512573125 0.6299475812499999 0.7120628984375 0.604330340625 0.7116796812499999 0.59254506875