0 0.8026394281250001 0.38989781562500003 0.8020341046875 0.38641115312499996 0.7833122078125 0.3552079921875 0.754945696875 0.3444287171875 0.7192038937499999 0.3484000296875 0.6874334015625 0.3756318796875 0.655036384375 0.45620185312499995 0.6615969546875 0.47506349375 0.6632383125 0.49804250000000005 0.6615969546875 0.5275869375 0.652080171875 0.558516484375 0.67188090625 0.5591934328125 0.684745571875 0.5558693406249999 0.686488 0.544717803125 0.692880053125 0.5247426374999999 0.6944338812499999 0.521842159375 0.6903182859375 0.472080878125 0.6920033203125 0.4522817265625 0.6979009406250001 0.445541590625 0.7514007765625 0.41310468125 0.773727478125 0.4042582515625 0.7783023046875 0.4031302125 0.7787959265625 0.39365884375000004 0.8026394281250001 0.38989781562500003
6 0.46288189687500003 0.846190678125 0.3453125 0.8252536625 0.3453125 0.8066951781249999 0.3355140046875 0.8246124281249999 0.312744490625 0.880212403125 0.312744490625 0.8897438281250001 0.3164511546875 0.8966276343749999 0.401174928125 0.962288559375 0.410706353125 0.957522846875 0.42765110625 0.9252219078125 0.46288189687500003 0.846190678125
1 0.4333949921875 0.522235121875 0.465728278125 0.5334814828125001 0.465728278125 0.5182859109375 0.4701052328125 0.4953069046875 0.474927634375 0.4828125 0.37501402968750003 0.4828125 0.364326340625 0.54400475625 0.37230658125 0.5376614890625 0.3920523296875 0.5265545046875 0.4080957515625 0.522235121875 0.4333949921875 0.522235121875
1 0.5847052140625 0.84464104375 0.4701052328125 0.4953069046875 0.5003348671875 0.79125276875 0.5847052140625 0.84464104375
1 0.42043684531250003 0.80608026875 0.3982228765625 0.8097825953125 0.353794940625 0.7992926671875 0.3453125 0.792873521875 0.3453125 0.8252536625 0.490690509375 0.851142896875 0.49825482499999996 0.8349336484375 0.5003348671875 0.79125276875 0.497734815625 0.7886527171875 0.47797441718749994 0.7995729359375 0.47121428125 0.7980129046875 0.45977404999999993 0.7886527171875 0.4595260703125 0.78443704375 0.4407996484375 0.7974415031250001 0.42043684531250003 0.80608026875
1 0.560847375 0.836904853125 0.55237795625 0.8555375734374999 0.5829247343749999 0.8555375734374999 0.5847052140625 0.84464104375 0.5680880984375001 0.840969821875 0.560847375 0.836904853125
6 0.6615969546875 0.5275869375 0.6632383125 0.49804250000000005 0.6615969546875 0.47506349375 0.64846609375 0.43731226875000007 0.63314675625 0.4165217390625 0.622204371875 0.4072207125 0.5844531468749999 0.3940898515625 0.562021259375 0.3940898515625 0.547796159375 0.3979196859375 0.5302883453125 0.40776783125 0.5089506953125 0.4247285265625 0.49034864218749996 0.44934889062499994 0.4821418546875 0.464121109375 0.4701052328125 0.4953069046875 0.465728278125 0.5182859109375 0.465728278125 0.5334814828125001 0.4759717640625 0.537044434375 0.48831285781249995 0.5475343640625 0.4977534125 0.5603465453124999 0.5107350765625001 0.5452878140624999 0.515415171875 0.5296875 0.5273754125 0.5296875 0.5622161140624999 0.5380076671875 0.5892566578125 0.556208034375 0.595674521875 0.5578125 0.63148864375 0.5578125 0.652080171875 0.558516484375 0.6615969546875 0.5275869375
1 0.7221611 0.686077125 0.7067814890624999 0.686077125 0.701188903125 0.68887341875 0.6811488031249999 0.6870092234375 0.67975065625 0.69353390625 0.67975065625 0.7848794765625 0.6787562484375 0.79637040625 0.7112617875 0.7868251296875 0.723807290625 0.7673579703125 0.7385158109375001 0.7574080890625 0.749433490625 0.7549135453125 0.7615038875 0.7521556203124999 0.7627073484375 0.72848756875 0.760377103125 0.6991264921875 0.7566487125 0.6953981015624999 0.7389388578125 0.69353390625 0.7221611 0.686077125
1 0.7063154390624999 0.9298206625000001 0.720762953125 0.9195675874999999 0.7300839296875 0.9218978328125 0.7454635406250001 0.9191015390624999 0.74919193125 0.89719724375 0.7498261359375 0.8667554140625 0.7381401921874999 0.876316640625 0.71321270625 0.8891958421874999 0.7015798796875 0.8904422171874999 0.6936861750000001 0.881717596875 0.6897219140625 0.873789071875 0.6793432593750001 0.9252671984375 0.676714884375 0.9353426375 0.6763470484375 0.935883571875 0.6928000234375 0.9293546140625001 0.7063154390624999 0.9298206625000001
3 0.7721500890625 0.6340133453125001 0.7158562374999999 0.6443206703125 0.7176492609375 0.64619165 0.7424184671875 0.65737774375 0.7731802234375 0.6561792343749999 0.7851653234375 0.650186684375 0.7971504234375 0.6394000937500001 0.8167260875 0.6066408203125 0.8168862484374999 0.606010184375 0.8145214875000001 0.605792734375 0.790282446875 0.6035638578125 0.7876805359375 0.621777234375 0.7721500890625 0.6340133453125001
1 0.49825482499999996 0.8349336484375 0.48733460468749995 0.8583341203125 0.5429757265624999 0.8624942046875 0.5492158515625001 0.8624942046875 0.560847375 0.836904853125 0.5409164359374999 0.8257155546874999 0.536149478125 0.8199952046875 0.539009653125 0.7942536296875 0.560460965625 0.775185796875 0.5623677484375 0.758024746875 0.5695181859375 0.74134039375 0.569041490625 0.7308530859375 0.5723783609375 0.72560943125 0.5728550578125 0.7127386437500001 0.5680880984375001 0.70701829375 0.567611403125 0.6993911609375 0.5766686234375 0.68699706875 0.579052103125 0.67412628125 0.580083140625 0.65075609375 0.53307531875 0.6547206078125 0.5241335453125 0.6269540499999999 0.5293103609375 0.6180122781249999 0.5467232875 0.6147179406250001 0.583364903125 0.6005539546875001 0.583342365625 0.6002384281250001 0.5752385359375001 0.5921346 0.580482190625 0.5578125 0.595674521875 0.5578125 0.5892566578125 0.556208034375 0.5622161140624999 0.5380076671875 0.5273754125 0.5296875 0.515415171875 0.5296875 0.5107350765625001 0.5452878140624999 0.4977534125 0.5603465453124999 0.5055903890625 0.570982440625 0.5203997 0.6135592125 0.5222508640625 0.639475509375 0.5203997 0.6727964609375 0.5031221703125001 0.728948434375 0.47905703749999995 0.7653546609374999 0.4630136171875 0.7820151359375 0.4595260703125 0.78443704375 0.45977404999999993 0.7886527171875 0.47121428125 0.7980129046875 0.47797441718749994 0.7995729359375 0.497734815625 0.7886527171875 0.5003348671875 0.79125276875 0.49825482499999996 0.8349336484375
5 0.567611403125 0.6993911609375 0.5680880984375001 0.70701829375 0.5728550578125 0.7127386437500001 0.5723783609375 0.72560943125 0.569041490625 0.7308530859375 0.5695181859375 0.74134039375 0.5623677484375 0.758024746875 0.560460965625 0.775185796875 0.539009653125 0.7942536296875 0.536149478125 0.8199952046875 0.5409164359374999 0.8257155546874999 0.5680880984375001 0.840969821875 0.6087466375 0.8499525218749999 0.6039965046875 0.8157515671875 0.61757644375 0.8157515671875 0.6438601953124999 0.82495088125 0.6557663703125 0.818913946875 0.654590725 0.8071574953124999 0.6567537421874999 0.8028314609375 0.6649515921875 0.8004241546875001 0.6811748734374999 0.6506707781250001 0.6384941140625 0.658485565625 0.6267286234375 0.6566030859375 0.6136569046875 0.6494730578125 0.6111981765625 0.6481319328125 0.580083140625 0.65075609375 0.579052103125 0.67412628125 0.5766686234375 0.68699706875 0.567611403125 0.6993911609375
6 0.693580621875 0.8253569859375001 0.690294821875 0.8709474453125001 0.6897219140625 0.873789071875 0.6936861750000001 0.881717596875 0.7015798796875 0.8904422171874999 0.71321270625 0.8891958421874999 0.7381401921874999 0.876316640625 0.7655604265625 0.853881903125 0.8141690234375 0.8285389593750001 0.818496425 0.8240148578125 0.7523591234375 0.8374397437500001 0.732891965625 0.83441151875 0.7173182375 0.8214334125 0.693580621875 0.8253569859375001
4 0.6979009406250001 0.445541590625 0.6920033203125 0.4522817265625 0.6903182859375 0.472080878125 0.6949521296875 0.528108265625 0.698527140625 0.55230833125 0.770267609375 0.5337713640625 0.7820331 0.538006940625 0.7862686765625 0.5469487140625 0.7900336343750001 0.5615379218750001 0.7919161124999999 0.5921281984375 0.790282446875 0.6035638578125 0.826384796875 0.6068836140625 0.8314399 0.6043560625 0.830176125 0.5622302078125 0.8273105781250001 0.5344958156249999 0.7718174078125 0.5275591687500001 0.7783023046875 0.4031302125 0.773727478125 0.4042582515625 0.7514007765625 0.41310468125 0.6979009406250001 0.445541590625
3 0.7862686765625 0.5469487140625 0.7820331 0.538006940625 0.770267609375 0.5337713640625 0.6300229609375 0.570009075 0.6196693296875 0.57612713125 0.6027270234375 0.5930694375 0.5467232875 0.6147179406250001 0.5293103609375 0.6180122781249999 0.5241335453125 0.6269540499999999 0.53307531875 0.6547206078125 0.6111981765625 0.6481319328125 0.6267286234375 0.6566030859375 0.6384941140625 0.658485565625 0.7721500890625 0.6340133453125001 0.7876805359375 0.621777234375 0.7919161124999999 0.5921281984375 0.7900336343750001 0.5615379218750001 0.7862686765625 0.5469487140625
1 0.6793432593750001 0.9252671984375 0.690294821875 0.8709474453125001 0.693580621875 0.8253569859375001 0.664973209375 0.8300854828125 0.660647175 0.828787671875 0.6558885359375 0.8201356015625001 0.6557663703125 0.818913946875 0.6438601953124999 0.82495088125 0.61757644375 0.8157515671875 0.6039965046875 0.8157515671875 0.61056744375 0.8630623203125 0.62195706875 0.9208865734374999 0.6429840703124999 0.9476083875000001 0.6482408203125 0.9454180750000001 0.669267821875 0.9462942 0.676714884375 0.9353426375 0.6793432593750001 0.9252671984375
5 0.9253448171875001 0.3705425 0.7787959265625 0.39365884375000004 0.7718174078125 0.5275591687500001 0.9218555578125001 0.5463139375 0.9266532890624999 0.5201444921875 0.9384295390625 0.51578291875 0.9397380125 0.5088044 0.931887178125 0.3779571765625 0.9310148640625 0.3718509734375 0.9253448171875001 0.3705425
6 0.33096391875000003 0.7820151359375 0.353794940625 0.7992926671875 0.3982228765625 0.8097825953125 0.42043684531250003 0.80608026875 0.4407996484375 0.7974415031250001 0.4630136171875 0.7820151359375 0.47905703749999995 0.7653546609374999 0.5031221703125001 0.728948434375 0.5203997 0.6727964609375 0.5222508640625 0.639475509375 0.5203997 0.6135592125 0.5055903890625 0.570982440625 0.48831285781249995 0.5475343640625 0.4759717640625 0.537044434375 0.4333949921875 0.522235121875 0.4080957515625 0.522235121875 0.3920523296875 0.5265545046875 0.37230658125 0.5376614890625 0.3482414484375 0.5567901843749999 0.327261590625 0.58455764375 0.3180057703125 0.6012181187500001 0.3044305671875 0.6363902359375 0.2994941296875 0.6623065312499999 0.2994941296875 0.7166073421875 0.3044305671875 0.7357360359375 0.3180057703125 0.76473760625 0.33096391875000003 0.7820151359375
3 0.660647175 0.828787671875 0.664973209375 0.8300854828125 0.7173182375 0.8214334125 0.732891965625 0.83441151875 0.7523591234375 0.8374397437500001 0.8972813093750001 0.808022703125 0.9046355687500001 0.8028314609375 0.908096396875 0.7933141828125 0.9098268109375001 0.77168400625 0.907231190625 0.7478908109375 0.8972813093750001 0.7271258406250001 0.8843032031250001 0.7240976171875 0.7385158109375001 0.7574080890625 0.723807290625 0.7673579703125 0.7112617875 0.7868251296875 0.6567537421874999 0.8028314609375 0.654590725 0.8071574953124999 0.6558885359375 0.8201356015625001 0.660647175 0.828787671875