0 0.7080948453125 0.3334784296875 0.6783013421875 0.362860140625 0.65160351875 0.4454937515625 0.6594638296875 0.46385180468750004 0.6627041234375 0.48666033906250006 0.6631276796875001 0.516247303125 0.655791615625 0.5477653640625 0.6755913375 0.547059434375 0.6881927890624999 0.5428460453125 0.68915308125 0.531600128125 0.694136165625 0.5112277328125 0.6954838828125001 0.5082259312499999 0.6879071406249999 0.4588729546875 0.6882069515625 0.439004490625 0.6936200375 0.4318693765625 0.744726865625 0.395779521875 0.766382084375 0.385397209375 0.7708670796875 0.38395279531250004 0.770698809375 0.3744700640625 0.7942218734375001 0.369054959375 0.7933748078125 0.365619015625 0.77252189375 0.33579783750000003 0.7434725578125 0.32702356875 0.7080948453125 0.3334784296875
6 0.3397229125 0.8923485093749999 0.340387790625 0.901856715625 0.344565615625 0.9084651890625001 0.43366328125000003 0.9680561359375 0.4428390484375 0.9626371546874999 0.45748932499999995 0.9292328921875 0.48712135625 0.8479366031250001 0.368377859375 0.835251815625 0.367083284375 0.8167385390625 0.358558503125 0.8352956515625 0.3397229125 0.8923485093749999
1 0.4737897703125 0.48460332812500007 0.37411954999999997 0.49157294843750005 0.3677264515625 0.5533616796875 0.37524476875 0.546477190625 0.3941676328125 0.53401986875 0.40987066875 0.528591875 0.43510828281249997 0.5268270890625 0.4681473125 0.5357905984375 0.4670873234375 0.5206320421874999 0.46985068124999996 0.497403690625 0.4737897703125 0.48460332812500007
1 0.46985068124999996 0.497403690625 0.5206508171875 0.7905199328125 0.6085398203125 0.8378927781250001 0.46985068124999996 0.497403690625
1 0.368377859375 0.835251815625 0.5152076765625 0.8509369281250001 0.5216228671875001 0.8342395046875 0.5206508171875 0.7905199328125 0.5178757296875001 0.788107584375 0.498925221875 0.8003796187500001 0.49207273125000006 0.79929495 0.48000743437500004 0.7907555937499999 0.47946598749999997 0.7865674874999999 0.461692328125 0.8008465578124999 0.4419817375 0.8108847171875 0.4200801421875 0.8161275937499999 0.375028690625 0.8087623546874999 0.366119134375 0.8029505515625001 0.368377859375 0.835251815625
1 0.5917070921875001 0.8353896515624999 0.5842004484375 0.831839671875 0.5770514140625 0.8510177999999999 0.6075237812500001 0.8488869640625 0.6085398203125 0.8378927781250001 0.5917070921875001 0.8353896515624999
6 0.62699926875 0.4074372390625 0.6154347328124999 0.398922171875 0.5768595046875 0.38845668906249997 0.5544822609375 0.390021459375 0.5405589671875 0.39483425625 0.5237807734375 0.4058796953125 0.50367821875 0.424287515625 0.486838909375 0.45014551875000003 0.479682571875 0.46545422968750005 0.46985068124999996 0.497403690625 0.4670873234375 0.5206320421874999 0.4681473125 0.5357905984375 0.478614384375 0.5386303203125 0.49165715624999995 0.5482338265625 0.5019684468750001 0.5603562578125 0.5138680453125 0.5444286546875 0.5174485171875001 0.528539875 0.5293796234375 0.5277055703125 0.5647158390625 0.53357510625 0.5929601078125 0.549844884375 0.599474259375 0.5509977546875 0.635201140625 0.5484994875 0.655791615625 0.5477653640625 0.6631276796875001 0.516247303125 0.6627041234375 0.48666033906250006 0.6594638296875 0.46385180468750004 0.6437315625 0.4271085015625 0.62699926875 0.4074372390625
1 0.6928130359375 0.6805236953125 0.6991849796875 0.771646753125 0.6989945609375 0.7831790578125 0.7307550734375 0.7713895609375 0.74191205625 0.7510946921875 0.7558906796875 0.7401430343750001 0.766607753125 0.7368929875 0.7784563640625 0.7332997921875 0.77800589375 0.709605446875 0.7736332 0.6804784421875001 0.7696538109375 0.6770192125000001 0.7518570578125 0.6763949359375 0.7346000109374999 0.670126675 0.7192578640625 0.671199503125 0.7138739609375 0.6743791046875 0.6937526375 0.6739173765625 0.6928130359375 0.6805236953125
1 0.776291990625 0.878846940625 0.7748011359375 0.8484350265625 0.7638106171875 0.8587881328125 0.7398422609375 0.8733748140625 0.7283247140625 0.8754296187499999 0.7198416390625 0.8672768874999999 0.71533396875 0.859644209375 0.708571528125 0.911720915625 0.7066523828125 0.9219551578124999 0.7063231765625 0.9225204328125001 0.7222806359375 0.9148596781249999 0.7357956390625 0.914381803125 0.749492740625 0.903145896875 0.7589535625 0.9048202671875 0.7741006500000001 0.9009579578125001 0.776291990625 0.878846940625
3 0.7834092828125 0.6367427 0.79494716875 0.629928709375 0.8061506390625001 0.61833235625 0.823393446875 0.584287353125 0.8235092265624999 0.58364708125 0.8211350578125 0.58359511875 0.7967995828125 0.5830625015625001 0.7954745109375 0.6014130109375 0.78083544375 0.6147026656250001 0.7253977234375 0.6289117421875 0.7273168921875001 0.6306530890625 0.7528060640625001 0.640084121875 0.7834092828125 0.6367427
1 0.5842004484375 0.831839671875 0.563537534375 0.8220679421874999 0.55838315625 0.8166940515625001 0.5594407234375 0.7908156671875 0.5795096765625 0.7702979140624999 0.5802147203125 0.7530456578125 0.5861838984375 0.7359031578125 0.58497680625 0.7254746484375 0.58793976875 0.7200109984374999 0.587517484375 0.7071383109375 0.5823631046875 0.701764421875 0.5813555296875 0.6941891203125 0.58952611875 0.6811934203125001 0.591005971875 0.6681877218750001 0.590404275 0.6448025421875 0.5437875125 0.6520364984375 0.5329306234375 0.624961325 0.5374710828125 0.61568021875 0.554611790625 0.6111792421875 0.5901761203125 0.59449376875 0.5901316265625 0.5941805828125 0.58148224375 0.5866617890625 0.5843189359375 0.5520575171875 0.599474259375 0.5509977546875 0.5929601078125 0.549844884375 0.5647158390625 0.53357510625 0.5293796234375 0.5277055703125 0.5174485171875001 0.528539875 0.5138680453125 0.5444286546875 0.5019684468750001 0.5603562578125 0.51052825625 0.570419565625 0.528271496875 0.6118595765625 0.53192598125 0.6375836125000001 0.5324036796875 0.6709525265625 0.5190851999999999 0.7281729359375 0.497618259375 0.766169178125 0.4827760953125 0.7839082015625001 0.47946598749999997 0.7865674874999999 0.48000743437500004 0.7907555937499999 0.49207273125000006 0.79929495 0.498925221875 0.8003796187500001 0.5178757296875001 0.788107584375 0.5206508171875 0.7905199328125 0.5216228671875001 0.8342395046875 0.51236158125 0.8583447296875001 0.5681573578125 0.8586133515625001 0.57438228125 0.8581780625000001 0.5842004484375 0.831839671875
5 0.58497680625 0.7254746484375 0.5861838984375 0.7359031578125 0.5802147203125 0.7530456578125 0.5795096765625 0.7702979140624999 0.5594407234375 0.7908156671875 0.55838315625 0.8166940515625001 0.563537534375 0.8220679421874999 0.5917070921875001 0.8353896515624999 0.632893190625 0.8415142734375 0.6257688906250001 0.8077279828125 0.63931575 0.80678069375 0.6661771875 0.8141241375 0.67763324375 0.8072713765625 0.6756403734374999 0.7956255718749999 0.677496353125 0.791159190625 0.6855063078125 0.7881858953124999 0.691243803125 0.63766563125 0.64921214375 0.6484386421874999 0.6373439984375 0.6473814671875 0.62380675625 0.6411806437500001 0.6212604640625 0.6400142984375 0.590404275 0.6448025421875 0.591005971875 0.6681877218750001 0.58952611875 0.6811934203125001 0.5813555296875 0.6941891203125 0.5823631046875 0.701764421875 0.587517484375 0.7071383109375 0.58793976875 0.7200109984374999 0.58497680625 0.7254746484375
6 0.7283247140625 0.8754296187499999 0.7398422609375 0.8733748140625 0.7638106171875 0.8587881328125 0.7895990890625 0.83449530625 0.8363214421875 0.80582333125 0.8403227171875001 0.8010083859374999 0.7752829953125 0.8190140749999999 0.7556520203125 0.8173511875000001 0.739210921875 0.8054910625 0.715804825 0.8110609312499999 0.715707259375 0.856769540625 0.71533396875 0.859644209375 0.7198416390625 0.8672768874999999 0.7283247140625 0.8754296187499999
4 0.7016923828125 0.5383323578125 0.771965021875 0.5148361828125 0.7839973109375 0.5182407234374999 0.7888463171875 0.52686525625 0.7936197953125 0.5411562953125 0.7976315578125 0.5715407406249999 0.7967995828125 0.5830625015625001 0.8330455640625001 0.5838557984375 0.8379120406249999 0.580981778125 0.8337127921875 0.5390466953125 0.828919571875 0.511579753125 0.7730777046874999 0.5085310125 0.7708670796875 0.38395279531250004 0.766382084375 0.385397209375 0.744726865625 0.395779521875 0.6936200375 0.4318693765625 0.6882069515625 0.439004490625 0.6879071406249999 0.4588729546875 0.6964379703125 0.5144406218750001 0.7016923828125 0.5383323578125
3 0.62468818125 0.5675939796875 0.60896898125 0.58567685 0.554611790625 0.6111792421875 0.5374710828125 0.61568021875 0.5329306234375 0.624961325 0.5437875125 0.6520364984375 0.6212604640625 0.6400142984375 0.6373439984375 0.6473814671875 0.64921214375 0.6484386421874999 0.78083544375 0.6147026656250001 0.7954745109375 0.6014130109375 0.7976315578125 0.5715407406249999 0.7936197953125 0.5411562953125 0.7888463171875 0.52686525625 0.7839973109375 0.5182407234374999 0.771965021875 0.5148361828125 0.6345898171875 0.56076859375 0.62468818125 0.5675939796875
1 0.683190915625 0.81678058125 0.6778403296875 0.8084815328125 0.67763324375 0.8072713765625 0.6661771875 0.8141241375 0.63931575 0.80678069375 0.6257688906250001 0.8077279828125 0.6356240546875 0.8544651234374999 0.65101955 0.9113540203125 0.6738593515625 0.936543971875 0.6789505078125 0.9339923015625 0.699987403125 0.9333995234374999 0.7066523828125 0.9219551578124999 0.708571528125 0.911720915625 0.715707259375 0.856769540625 0.715804825 0.8110609312499999 0.6875969421875 0.8177734624999999 0.683190915625 0.81678058125
5 0.9270191921875 0.49033359218749994 0.9384625078125 0.4851611734375 0.9392809968750001 0.47810837968750003 0.9223218453124999 0.348127540625 0.9210257093750001 0.3420970609375 0.9152782 0.341187296875 0.770698809375 0.3744700640625 0.7730777046874999 0.5085310125 0.9240586359374999 0.5167739625000001 0.9270191921875 0.49033359218749994
6 0.461692328125 0.8008465578124999 0.4827760953125 0.7839082015625001 0.497618259375 0.766169178125 0.5190851999999999 0.7281729359375 0.5324036796875 0.6709525265625 0.53192598125 0.6375836125000001 0.528271496875 0.6118595765625 0.51052825625 0.570419565625 0.49165715624999995 0.5482338265625 0.478614384375 0.5386303203125 0.43510828281249997 0.5268270890625 0.40987066875 0.528591875 0.3941676328125 0.53401986875 0.37524476875 0.546477190625 0.3525726078125 0.5672379875 0.333580815625 0.5964012875 0.32550971875 0.6136668328125 0.31442106718749996 0.6497002296875001 0.3113044828125 0.67589774375 0.315092315625 0.7300662796874999 0.3213510796875 0.748804028125 0.3369162609375 0.77678799375 0.3510480640625 0.793119521875 0.375028690625 0.8087623546874999 0.4200801421875 0.8161275937499999 0.4419817375 0.8108847171875 0.461692328125 0.8008465578124999
3 0.7752829953125 0.8190140749999999 0.9178001296874999 0.7795594328125001 0.9247743515625 0.773867828125 0.9275628578124999 0.76413231875 0.9277802109375 0.7424341250000001 0.923531184375 0.71887995 0.91215705 0.6988596296875 0.8989993187499999 0.696744090625 0.7558906796875 0.7401430343750001 0.74191205625 0.7510946921875 0.7307550734375 0.7713895609375 0.677496353125 0.791159190625 0.6756403734374999 0.7956255718749999 0.6778403296875 0.8084815328125 0.683190915625 0.81678058125 0.6875969421875 0.8177734624999999 0.739210921875 0.8054910625 0.7556520203125 0.8173511875000001 0.7752829953125 0.8190140749999999