0 0.7381692546874999 0.3803826765625 0.702918009375 0.40292790937499995 0.6596231046875001 0.4782049875 0.6634947953125 0.4977961234375 0.6619221203125 0.5207799328125 0.6561849453125 0.5498084125 0.6424562171875 0.579112475 0.6619700390625 0.582538565625 0.67517213125 0.5810372375 0.678449596875 0.5702367265625 0.6875594484375 0.551345559375 0.6895018234375 0.548689559375 0.6923517125 0.498839771875 0.6967758578125001 0.47946781562499996 0.703554128125 0.4736140640625 0.761047653125 0.44893856562499995 0.7843882578125 0.44328550624999996 0.7890755546875 0.4428051375 0.7908825328125 0.4334946421875 0.815017425 0.433088590625 0.8149032421875001 0.429551615625 0.8007061859375 0.3960465359375 0.7741159203125 0.381424309375 0.7381692546874999 0.3803826765625
6 0.261651509375 0.850451271875 0.260324990625 0.8598899375 0.26303754218750003 0.86722261875 0.33779855468750003 0.9440358078125 0.3479004796875 0.9406429921875 0.3691757484375 0.9110146578125 0.415062696875 0.8376557328124999 0.301551346875 0.8005599765625 0.3041341890625 0.782182103125 0.29193745312499997 0.798561296875 0.261651509375 0.850451271875
1 0.477563675 0.47949036874999995 0.378622421875 0.4655850828125 0.35952242968750003 0.52469438125 0.36830781875 0.51952348125 0.38940719687500003 0.511272665625 0.40589562656249994 0.50922813125 0.43094865625 0.51274910625 0.4614020859375 0.5283859421875 0.4635169015625 0.5133382515625 0.47104931875 0.49119202968750003 0.477563675 0.47949036874999995
1 0.47104931875 0.49119202968750003 0.4597970578125 0.788464921875 0.53591610625 0.8530757078125 0.47104931875 0.49119202968750003
1 0.301551346875 0.8005599765625 0.44191146249999996 0.8464299671875001 0.4516580546875 0.8314312156250001 0.4597970578125 0.788464921875 0.45758416718749995 0.7855283156249999 0.4364962734375 0.79359214375 0.4300190421875 0.791106465625 0.4199928328125 0.7802451984375 0.42033397499999997 0.7760360390625001 0.39997992656250003 0.7863077265625 0.37861300781249996 0.792028465625 0.356099959375 0.792603175 0.313564309375 0.7760321593749999 0.3060577921875 0.7684949578125 0.301551346875 0.8005599765625
1 0.5199716421875 0.8471275593750001 0.51336711875 0.8420944359375 0.5023869515625 0.859367109375 0.53263645 0.8636183984375 0.53591610625 0.8530757078125 0.5199716421875 0.8471275593750001
6 0.643468909375 0.43586459062499994 0.63392746875 0.4251311953125 0.5983710984374999 0.40687416875000004 0.5761575171875 0.40375225312499996 0.56153784375 0.40556506406250004 0.54282981875 0.4128807515625 0.5193393515625 0.426706759375 0.49749184062499996 0.44849861406249997 0.48730902499999995 0.46198490625 0.47104931875 0.49119202968750003 0.4635169015625 0.5133382515625 0.4614020859375 0.5283859421875 0.47105001562500004 0.5333398359375 0.4818110921875 0.5454452265625 0.4893766609375 0.5594465921875 0.5043277578125 0.5463411093749999 0.5111334515625 0.5315439609375 0.5229772953125 0.5332085046875 0.5563209859375 0.5462965890625 0.580565371875 0.5680831468750001 0.5866974796875 0.5705651921875 0.6221630609375 0.5755495546875 0.6424562171875 0.579112475 0.6561849453125 0.5498084125 0.6619221203125 0.5207799328125 0.6634947953125 0.4977961234375 0.655745678125 0.45858482812499995 0.643468909375 0.43586459062499994
1 0.651066621875 0.7166669031249999 0.638353775 0.8071235046874999 0.6357698171874999 0.8183642109375 0.669287459375 0.813435725 0.684420175 0.795904015625 0.700370309375 0.788097996875 0.7115289125 0.7871471765625 0.7238656703124999 0.7860959656250001 0.728351375 0.7628257390625001 0.7301300796875 0.7334260953125 0.726956865625 0.7292150984375 0.7096788078125 0.724904309375 0.6941021125 0.7151850843750001 0.678872175 0.71304465625 0.672944846875 0.7150353984375 0.653359221875 0.710400303125 0.651066621875 0.7166669031249999
1 0.691487640625 0.9280125609375001 0.69635235625 0.897955253125 0.683449475 0.9057970624999999 0.6569721421875 0.9150816890625 0.6452790640625 0.9146969578125 0.6386764125 0.904958653125 0.63585416875 0.89655556875 0.6184121484375 0.9460882843749999 0.614407121875 0.955699871875 0.6139675828125 0.9561843484375 0.63116909375 0.9520087421874999 0.6444881171875 0.9543512375000001 0.66022198125 0.94620865 0.6691279390625 0.9498134453124999 0.6847470453125 0.94918479375 0.691487640625 0.9280125609375001
3 0.7487857046874999 0.6926786468749999 0.7614881671875 0.6884124203125 0.7748578328125 0.6793988078125001 0.798802196875 0.6496827515625 0.7990485671875 0.6490805421875 0.7967370828125 0.648536096875 0.773044134375 0.6429554890625 0.7679327328125 0.6606294984375001 0.750850490625 0.6705851078125 0.6936699843749999 0.6729575328124999 0.6951851687499999 0.6750598453125 0.7181565187500001 0.689584284375 0.7487857046874999 0.6926786468749999
1 0.51336711875 0.8420944359375 0.495187396875 0.82824018125 0.49126294843749996 0.82191206875 0.4976778234375 0.79681906875 0.5215741031250001 0.7809222484375 0.5258506859375001 0.76419358125 0.5352535484375001 0.748666746875 0.53624104375 0.7382151578125 0.540275215625 0.7334869359375 0.5425385406250001 0.72080775 0.5386140921875 0.7144796375 0.539203528125 0.7068603890625 0.549897528125 0.6958474359375 0.5540490796875 0.683433621875 0.558322584375 0.6604343640625 0.5112204859375 0.657818071875 0.506230090625 0.6290772828125 0.5126009796875 0.6209430046875 0.530302928125 0.6201041390625 0.5685591953125 0.611177521875 0.568580790625 0.6108619296875 0.5616836609375 0.6017091328124999 0.5716529984375 0.568450828125 0.5866974796875 0.5705651921875 0.580565371875 0.5680831468750001 0.5563209859375 0.5462965890625 0.5229772953125 0.5332085046875 0.5111334515625 0.5315439609375 0.5043277578125 0.5463411093749999 0.4893766609375 0.5594465921875 0.4956571375 0.5710696765625001 0.504396784375 0.6152931515625 0.50262308125 0.6412148656250001 0.49615255156250004 0.6739539078125001 0.47122832187499997 0.7271548453125 0.44233062187499994 0.75985755 0.4241246453125 0.774123075 0.42033397499999997 0.7760360390625001 0.4199928328125 0.7802451984375 0.4300190421875 0.791106465625 0.4364962734375 0.79359214375 0.45758416718749995 0.7855283156249999 0.4597970578125 0.788464921875 0.4516580546875 0.8314312156250001 0.4375873921875 0.8530841546874999 0.492108046875 0.8649475015625001 0.49828744374999995 0.865815959375 0.51336711875 0.8420944359375
5 0.53624104375 0.7382151578125 0.5352535484375001 0.748666746875 0.5258506859375001 0.76419358125 0.5215741031250001 0.7809222484375 0.4976778234375 0.79681906875 0.49126294843749996 0.82191206875 0.495187396875 0.82824018125 0.5199716421875 0.8471275593750001 0.5589843453125 0.8616814140625 0.5590402937500001 0.8271522109375 0.5724880734375 0.8290421734375 0.5972357359375 0.8418099515625 0.6098662203125 0.8374887875000001 0.610338196875 0.8256831296874999 0.6130822328125001 0.8217002296875 0.6215353328125001 0.8204572718750001 0.658442371875 0.6744191296875 0.615089371875 0.67621785 0.603700371875 0.6727162515625 0.591748175 0.6638363796875 0.5895000234375 0.66216611875 0.558322584375 0.6604343640625 0.5540490796875 0.683433621875 0.549897528125 0.6958474359375 0.539203528125 0.7068603890625 0.5386140921875 0.7144796375 0.5425385406250001 0.72080775 0.540275215625 0.7334869359375 0.53624104375 0.7382151578125
6 0.6452790640625 0.9146969578125 0.6569721421875 0.9150816890625 0.683449475 0.9057970624999999 0.71372516875 0.8873968171875 0.765387765625 0.86906551875 0.7703026875 0.865187703125 0.702940646875 0.8692774046875 0.6840843890625 0.8635693453125001 0.6704684265624999 0.8485500968749999 0.6464157671875 0.84913185 0.6368169796875 0.8938213312500001 0.63585416875 0.89655556875 0.6386764125 0.904958653125 0.6452790640625 0.9146969578125
4 0.6893151750000001 0.5794289078125 0.7629373187499999 0.571056684375 0.7739988296875 0.5768884812499999 0.77694873125 0.5863327125 0.7786466234375 0.60130391875 0.7762534375000001 0.631858484375 0.773044134375 0.6429554890625 0.80833311875 0.6512674140625 0.8136907921875001 0.6494679953125 0.818302103125 0.6075762234375001 0.819324325 0.5797129328125 0.7653366046875 0.5651206359375001 0.7890755546875 0.4428051375 0.7843882578125 0.44328550624999996 0.761047653125 0.44893856562499995 0.703554128125 0.4736140640625 0.6967758578125001 0.47946781562499996 0.6923517125 0.498839771875 0.6891429546875 0.5549668109375 0.6893151750000001 0.5794289078125
3 0.6079098671875001 0.59204101875 0.588774528125 0.60646053125 0.530302928125 0.6201041390625 0.5126009796875 0.6209430046875 0.506230090625 0.6290772828125 0.5112204859375 0.657818071875 0.5895000234375 0.66216611875 0.603700371875 0.6727162515625 0.615089371875 0.67621785 0.750850490625 0.6705851078125 0.7679327328125 0.6606294984375001 0.7762534375000001 0.631858484375 0.7786466234375 0.60130391875 0.77694873125 0.5863327125 0.7739988296875 0.5768884812499999 0.7629373187499999 0.571056684375 0.6190142062499999 0.58742345 0.6079098671875001 0.59204101875
1 0.6133253671875 0.8479456984375 0.609817175 0.8387155546875 0.6098662203125 0.8374887875000001 0.5972357359375 0.8418099515625 0.5724880734375 0.8290421734375 0.5590402937500001 0.8271522109375 0.5589629 0.8749170375 0.5621941015624999 0.9337636781249999 0.5792975125 0.9631518296875001 0.5848079359375 0.9617144312500001 0.605508371875 0.9655084234375 0.614407121875 0.955699871875 0.6184121484375 0.9460882843749999 0.6368169796875 0.8938213312500001 0.6464157671875 0.84913185 0.61742868125 0.8498329468750001 0.6133253671875 0.8479456984375
5 0.9196975578125001 0.579327109375 0.931966215625 0.5766469187500001 0.9342331765624999 0.56991841875 0.944669159375 0.43925196718750004 0.9446551546874999 0.4330837859375 0.9392223921875 0.430998928125 0.7908825328125 0.4334946421875 0.7653366046875 0.5651206359375001 0.911304434375 0.604574159375 0.9196975578125001 0.579327109375
6 0.39997992656250003 0.7863077265625 0.4241246453125 0.774123075 0.44233062187499994 0.75985755 0.47122832187499997 0.7271548453125 0.49615255156250004 0.6739539078125001 0.50262308125 0.6412148656250001 0.504396784375 0.6152931515625 0.4956571375 0.5710696765625001 0.4818110921875 0.5454452265625 0.47105001562500004 0.5333398359375 0.43094865625 0.51274910625 0.40589562656249994 0.50922813125 0.38940719687500003 0.511272665625 0.36830781875 0.51952348125 0.34181468593750003 0.5351167984375 0.31717451875 0.55969419375 0.30569008593749997 0.5749043703125001 0.2873519828125 0.607844890625 0.2788567359375 0.6328219515625 0.2712995234375 0.6865943109375 0.2735257203125 0.7062238640625 0.282932571875 0.736832496875 0.2933600453125 0.7557453078124999 0.313564309375 0.7760321593749999 0.356099959375 0.792603175 0.37861300781249996 0.792028465625 0.39997992656250003 0.7863077265625
3 0.702940646875 0.8692774046875 0.8505465203125 0.8603159187499999 0.8585516890625 0.8561987125 0.8633033859375001 0.8472557109375 0.8680272984374999 0.8260768640625 0.8687683125 0.8021539828125 0.8618051875000001 0.7802063390625 0.8493748296874999 0.7754013828125 0.700370309375 0.788097996875 0.684420175 0.795904015625 0.669287459375 0.813435725 0.6130822328125001 0.8217002296875 0.610338196875 0.8256831296874999 0.609817175 0.8387155546875 0.6133253671875 0.8479456984375 0.61742868125 0.8498329468750001 0.6704684265624999 0.8485500968749999 0.6840843890625 0.8635693453125001 0.702940646875 0.8692774046875