6 0.5141963656249999 0.517039378125 0.44555548749999996 0.5372813203125 0.419694353125 0.59079660625 0.437735946875 0.6435174921875 0.516218075 0.51891999375 0.5141963656249999 0.517039378125
6 0.544403925 0.5237245171875 0.5392118140625 0.5195805046874999 0.5273910625 0.520928175 0.5181340828125001 0.5158781593749999 0.516218075 0.51891999375 0.5360389328124999 0.5373575828125 0.5307260921875 0.5617772671875 0.540272209375 0.5675131546875 0.5476933374999999 0.56866646875 0.5508679828124999 0.5783875734375 0.5563001984375 0.58475770625 0.5584834421875 0.5840096265625 0.5531350953125 0.5342937203125 0.544403925 0.5237245171875
6 0.407721121875 0.584996128125 0.40973063749999994 0.5936918234374999 0.419694353125 0.59079660625 0.41885154375000005 0.588101671875 0.420544496875 0.5811876046875 0.43315049375000003 0.5590580359375 0.43373463437500004 0.5556151234375 0.4303952578125 0.553067496875 0.4292818453125 0.5526690546874999 0.42713522656249997 0.5508381078125 0.42562422812499995 0.5502007718749999 0.4242727796875 0.5488476125 0.42327523749999996 0.5484268515624999 0.4157217203125 0.5529293625 0.4096171296875 0.5630891078125 0.407721121875 0.584996128125
6 0.5148053203125 0.35666275000000003 0.5214033515625001 0.3778850859375 0.5240031265625 0.4001042984375 0.5221716640625 0.41089889375000005 0.5600234640624999 0.40890555781250004 0.6261057953125 0.4000510359375 0.6350050656249999 0.39539326875 0.6388833546875 0.38893871406249997 0.6413388703125 0.3633274625 0.6323988968750001 0.31891193125 0.6293932515625 0.306856946875 0.6262398515625 0.3015458546875 0.6158377578125 0.30017612968749996 0.60098564375 0.3017451140625 0.5366215953125 0.3162685421875 0.5189692671875 0.32127949375 0.4713903046875 0.3407639140625 0.46901792656249996 0.3483673359375 0.4701139453125 0.35276323125000003 0.47952439375000006 0.347492021875 0.493440365625 0.3456557671875 0.502895503125 0.3468917875 0.510042715625 0.3506633 0.5148053203125 0.35666275000000003
3 0.46180569687500006 0.8410364921875001 0.47270204375 0.8516692625 0.4822169109375 0.855186440625 0.492936878125 0.852513653125 0.5084702984375 0.83607646875 0.5144858703125 0.8208344484375001 0.529081740625 0.825833225 0.5383240859375 0.8219583140625 0.54248641875 0.8150310281250001 0.5446201281249999 0.8015421343750001 0.5420404984375 0.7896210375 0.5388420765624999 0.7826940328124999 0.5364243515625 0.7839815234375 0.5218617890624999 0.7729862359374999 0.507325915625 0.7828115234374999 0.476183415625 0.7986231921875 0.4620924421875 0.801492709375 0.45664422968749996 0.7925509796875 0.4531678171875 0.7798988359375 0.4499976421875 0.7746441421875 0.44835555156250007 0.7776423125 0.44649237968750005 0.8016648578125001 0.454051903125 0.8288349281249999 0.46180569687500006 0.8410364921875001
6 0.6774605703125001 0.6657044125 0.6832689046875 0.6665002 0.6964639 0.6774221218750001 0.706230353125 0.6820929718750001 0.7075948984375 0.6832499171874999 0.7174123031249999 0.676766684375 0.7226155546874999 0.6843216203125 0.7238152453125 0.6935359953125 0.7281373765625 0.6949566843749999 0.7327997093749999 0.698656165625 0.7368418343750001 0.7088681953125 0.7361050171875 0.7156234031250001 0.7647805796875 0.7020624453125001 0.775283153125 0.7064924046875001 0.7728912718750001 0.7000402218749999 0.7739073375000001 0.696262615625 0.7915124671875 0.689915234375 0.793911284375 0.6854012828125 0.7851799500000001 0.648811246875 0.79108458125 0.6379409953125 0.7916410515625001 0.6323200499999999 0.7903531921875 0.628725290625 0.78418073125 0.6259568125 0.780498015625 0.6206096421875 0.764097746875 0.6160838 0.7360849359375 0.6136701171875 0.728067153125 0.6144944171875 0.714148703125 0.6199226046875 0.7030729 0.6253273828125 0.7066743203125 0.6562837796875 0.675953096875 0.663943440625 0.6774605703125001 0.6657044125
5 0.40445745468750005 0.6610800109375 0.3924793921875 0.6660490234374999 0.39045440625 0.6711798499999999 0.3885671765625 0.6727472140625 0.42085757968750004 0.674351228125 0.4212902515625 0.6742828015625 0.42126913593750004 0.6739069671875 0.42438079999999995 0.664440415625 0.43605315312500004 0.653161321875 0.4400644890625 0.6505273625 0.43617439375 0.64335383125 0.43009990625 0.6427171875 0.42979453906250004 0.6425337046874999 0.40445745468750005 0.6610800109375
5 0.43293220625 0.73484551875 0.41865035156249997 0.734613328125 0.3941981 0.7363728968750001 0.3883332578125 0.7367949281249999 0.388000634375 0.7395286515625 0.3885419 0.7443500671875001 0.39017405625 0.7455952453125 0.4220499109375 0.7541689234375 0.44265412968750006 0.757292325 0.4432376765625 0.7572460125 0.4330469859375 0.735346184375 0.43293220625 0.73484551875
5 0.558709996875 0.5861155859375 0.5584834421875 0.5840096265625 0.5563001984375 0.58475770625 0.5592272359375 0.5881901203125001 0.558709996875 0.5861155859375
7 0.4722927484375 0.59095854375 0.47125868281249994 0.59087834375 0.4720538546875 0.5913561296875 0.4740426390625 0.5911982921875001 0.4771456890625 0.5900865937499999 0.4819986296875 0.5892146406250001 0.4892387953125 0.58707144375 0.49353196875 0.5866300671875 0.50643505625 0.5628089125 0.5248158843749999 0.55822605625 0.5307260921875 0.5617772671875 0.5360389328124999 0.5373575828125 0.49867093437500004 0.502597440625 0.48492560156250003 0.49543238437500003 0.4693286328125 0.49180413281249996 0.46706905625 0.504668075 0.45048973906249995 0.5286193406249999 0.4435157125 0.54086210625 0.44861682968750005 0.544806096875 0.45410368281249996 0.5478323671875 0.45831672343749996 0.5525283265625001 0.46213046562500004 0.5596900015624999 0.4645944703125 0.5627939078125 0.47031765156249994 0.56947950625 0.47143020625 0.571230253125 0.472383215625 0.5736968234375001 0.4728592921875 0.5756062609375 0.472776525 0.5806972406249999 0.4719779296875 0.5856286703125 0.4722927484375 0.59095854375
6 0.6055147 0.7281479140625 0.5957548703125 0.71300355625 0.5892069265625001 0.6935468421875 0.569803675 0.7300820125 0.5709329890625 0.751164590625 0.596025978125 0.738752265625 0.608670225 0.7302544828124999 0.6055147 0.7281479140625
6 0.5240031265625 0.4001042984375 0.5214033515625001 0.3778850859375 0.5148053203125 0.35666275000000003 0.510042715625 0.3506633 0.502895503125 0.3468917875 0.493440365625 0.3456557671875 0.47952439375000006 0.347492021875 0.4700651234375 0.3527905796875 0.4575995125 0.370925759375 0.4552066359375 0.3862228484375 0.4583473265625 0.40406039062500004 0.4684084859375 0.4195191125 0.4819344296875 0.4266003890625 0.5012306 0.42668947187499995 0.515379925 0.42054823125 0.5221511640625 0.411019715625 0.5240031265625 0.4001042984375
6 0.5476933374999999 0.56866646875 0.5402722109375 0.5675131546875 0.5248158843749999 0.55822605625 0.50643505625 0.5628089125 0.49353196875 0.5866300671875 0.49385284374999994 0.5865970765624999 0.4987049296875 0.58707743125 0.5034768125 0.5885918484375 0.5085660796875 0.5913792265625 0.508485878125 0.5924132906249999 0.5077683421875 0.594958353125 0.5064902515624999 0.603389565625 0.5065678874999999 0.6064124140625 0.5061668796875 0.6115827390625 0.5100514140625 0.6325857 0.5101032875 0.6330159453124999 0.5107636 0.6325185671875 0.5233268437499999 0.63261083125 0.5322600093750001 0.6396991484375001 0.538492778125 0.650327090625 0.5427839 0.6646637734375 0.5427748328125 0.678997734375 0.5388056203125 0.6889446828125 0.53416448125 0.6947596500000001 0.5247194375 0.6971145640625 0.511338359375 0.692801365625 0.5112686937500001 0.6974498125 0.525682265625 0.742828103125 0.5297615 0.76048000625 0.524679665625 0.7710815359375001 0.5218617890624999 0.7729862359374999 0.5364243515625 0.7839815234375 0.543053240625 0.7804514984375001 0.5892069265625001 0.6935468421875 0.5856524000000001 0.6829848375 0.582915046875 0.674343225 0.5807635343750001 0.6745674953125 0.5592272359375 0.5881901203125001 0.5508679828124999 0.578387575 0.5476933374999999 0.56866646875
5 0.4212902515625 0.6742828015625 0.42085757968750004 0.674351228125 0.3766280171875 0.6721541421875 0.3631394390625 0.6759179703125 0.3666836890625 0.7383528187499999 0.41865035156249997 0.734613328125 0.43293220625 0.73484551875 0.422018184375 0.6872391203125 0.4212902515625 0.6742828015625
3 0.41311301250000004 0.6394626 0.4265928375 0.63796784375 0.4251727515625 0.6351570703125 0.42406105156249996 0.6320540218749999 0.42112267968749995 0.62433606875 0.42048791249999995 0.6217901515625 0.420095459375 0.6134374296875 0.4237565 0.61049649375 0.42853265937499996 0.6052493890624999 0.43338731093750005 0.601672828125 0.43696815000000006 0.59976595625 0.43967446875 0.5970630578125 0.4431759609375 0.594837946875 0.4447680140625 0.5930889125000001 0.44826950468750004 0.5908637999999999 0.4496226640625 0.5895123515625 0.45280591562500005 0.5873665859375 0.454716209375 0.5855382046875001 0.4557067609375 0.584662625 0.45269871093749997 0.583015125 0.44590264218750003 0.5852543421874999 0.44186488281249997 0.58435438125 0.40224350781249996 0.595867403125 0.38044039375 0.6100198156250001 0.3658850515625 0.6171898625 0.3492802390625 0.621602290625 0.346585871875 0.6249979109375 0.34728781406250003 0.6299981921875 0.3508106203125 0.6342951515624999 0.35491232031250003 0.6354515546874999 0.375810646875 0.63296485625 0.41311301250000004 0.6394626
3 0.44792200312499997 0.6721923359375 0.44910719375 0.6512653234375 0.44878814375 0.6512405765625 0.4467208703125 0.64972786875 0.4452098734375 0.649090534375 0.4440686109375 0.6478981421875 0.43605315312500004 0.653161321875 0.42438079999999995 0.664440415625 0.42126913593750004 0.6739069671875 0.422018184375 0.6872391203125 0.4330469859375 0.735346184375 0.4455284671875 0.76216893125 0.448779025 0.772624234375 0.4531678171875 0.7798988359375 0.45664422968749996 0.7925509796875 0.4620924421875 0.801492709375 0.476183415625 0.7986231921875 0.507325915625 0.782811525 0.524679665625 0.7710815359375001 0.5297615 0.76048000625 0.525682265625 0.742828103125 0.5107139375 0.695703271875 0.5083666296875 0.6906195734375 0.5013718328125 0.6839462734375 0.49724529375 0.676017821875 0.49559479062499995 0.6760678234374999 0.4890663421875 0.6762656 0.48780024843750003 0.6783727374999999 0.4882948984375 0.69616403125 0.4839024453125 0.7087245546875 0.47681684999999996 0.71335753125 0.4672054109375 0.7121710078125 0.4581049421875 0.7029746484375 0.45077972656250004 0.6865281109375 0.44792200312499997 0.6721923359375
1 0.5736766906249999 0.8044461140625 0.5873872671875 0.8106176250000001 0.588254009375 0.8126145843750001 0.5887716281250001 0.8176493406249999 0.584943403125 0.8318822046875001 0.5713826515625 0.8632954109375 0.578058709375 0.8752781046875 0.591590525 0.8896087500000001 0.597230415625 0.8929975375 0.6037407796875 0.8924808515624999 0.670504403125 0.870302153125 0.68230926875 0.8703096203125 0.6975885671875 0.8665000624999999 0.74368994375 0.850210728125 0.74750696875 0.8536851640625001 0.7513267921875 0.852732775 0.7474306546875 0.83710621875 0.7199465093749999 0.7799258124999999 0.686388590625 0.78155388125 0.6860634328125 0.79769480625 0.6767888 0.8010916859374999 0.658072571875 0.8028662890625 0.6465890078125 0.8017531328124999 0.6406364640625 0.7981764828125 0.638690325 0.781671934375 0.6426912406249999 0.7774210312500001 0.64232369375 0.770879115625 0.6412637421875 0.7520132890625 0.608670225 0.7302544828124999 0.596025978125 0.738752265625 0.5674596703125 0.752882678125 0.5453971953125001 0.7768256640625 0.545134653125 0.7802107171875 0.5479089734375 0.785420503125 0.5552860796875 0.7869007781249999 0.5736766906249999 0.8044461140625
3 0.630008140625 0.47563699843749996 0.6168093609375 0.45837664218749996 0.5906835421875 0.434011965625 0.5816253812500001 0.43145817343750004 0.5704891703125 0.4318286203125 0.5557748609375001 0.419456490625 0.566985921875 0.4499459578125 0.5786767875 0.46788415937499994 0.583109196875 0.47279434218749994 0.5966939 0.48063586875000003 0.5982825234375 0.48354708437499994 0.630008140625 0.47563699843749996
5 0.473985090625 0.64732443125 0.478939853125 0.6460890703125 0.495010528125 0.6427582468749999 0.4991688296875 0.6424475968750001 0.5008094 0.640016525 0.5101032890625 0.63301594375 0.5100514125 0.6325857 0.5061668796875 0.6115827390625 0.5065678874999999 0.6064124125 0.5064902515624999 0.603389565625 0.5077683421875 0.5949583546875 0.5084858796875 0.5924132921874999 0.5085660796875 0.5913792265625 0.5034768125 0.5885918484375 0.498704928125 0.58707743125 0.49385284374999994 0.5865970765624999 0.4892387953125 0.58707144375 0.4819986296875 0.5892146406250001 0.4771456890625 0.5900865937499999 0.47404263750000003 0.5911982921875001 0.4720538546875 0.5913561296875 0.47125868281249994 0.59087834375 0.47229275 0.5909585453124999 0.47197793125 0.585628671875 0.472776525 0.5806972406249999 0.4728592921875 0.5756062625 0.472383215625 0.5736968234375001 0.47143020625 0.571230253125 0.47031765312499996 0.56947950625 0.4645944703125 0.5627939078125 0.46213046562500004 0.5596900015624999 0.45831672343749996 0.5525283265625001 0.45410368281249996 0.5478323671875 0.44861682968750005 0.544806096875 0.442335659375 0.539949734375 0.43820196562499997 0.535572015625 0.4327970234375 0.5288070703125001 0.4308892984375 0.5265785359375 0.428822878125 0.5237135234375 0.42468918437500003 0.5193358031249999 0.4216680453125 0.51670883125 0.41880559999999994 0.5147183359375 0.41339552656249995 0.5160672187500001 0.4130747203125 0.520203478125 0.41315321093749996 0.5218740234375 0.41084362187499995 0.52616811875 0.4108419109375 0.5288727296875 0.4124296875 0.53388521875 0.41250817812499996 0.5355557609375 0.4119493328125 0.538737303125 0.412187371875 0.539692021875 0.4144133390625 0.541841209375 0.41950175156249997 0.5459808890625 0.4210127484375 0.546618225 0.4227617828125 0.548210278125 0.4242727796875 0.5488476125 0.42562422812499995 0.5502007718749999 0.42713522656249997 0.5508381078125 0.4292818453125 0.5526690546874999 0.4303952578125 0.553067496875 0.43373463437500004 0.5556151234375 0.43277649374999994 0.5612623796875 0.4335708109375 0.5630924734375 0.4341270875 0.563967846875 0.43643325468749994 0.5650829671875 0.43993217968750004 0.56691476875 0.441522525 0.56787034375 0.4464531 0.5700212421875 0.448679921875 0.570818125 0.45178126250000006 0.572411034375 0.45504129375 0.5746404218750001 0.4591758421875 0.5776658359375 0.4614026640625 0.5784627203125 0.46156135625 0.5790991984375 0.46164070312499994 0.5794174375 0.454716209375 0.5855382046875001 0.45280591562500005 0.5873665859375 0.4496226640625 0.5895123515625 0.44826950468750004 0.5908637999999999 0.4447680140625 0.5930889125000001 0.4431759609375 0.594837946875 0.43967446875 0.5970630578125 0.43696815000000006 0.59976595625 0.43338731093750005 0.601672828125 0.42853265937499996 0.6052493890624999 0.4237565 0.61049649375 0.420095459375 0.6134374296875 0.42048791249999995 0.6217901515625 0.42112267968749995 0.62433606875 0.42406105156249996 0.6320540218749999 0.4251727515625 0.6351570703125 0.42850956250000005 0.6417616125000001 0.43009990625 0.6427171875 0.437735946875 0.6435174921875 0.43916759687500007 0.6438365859374999 0.4433814921875 0.6471802421875 0.4452098734375 0.6490905359375 0.4467208703125 0.64972786875 0.44878814531250005 0.651240578125 0.4491071953125 0.6512653234375 0.4491157796875 0.6511137296875 0.457047859375 0.641253603125 0.46767126562500005 0.642187815625 0.473985090625 0.64732443125
6 0.7297561703125 0.7794498921875 0.7342457609374999 0.777956515625 0.737330715625 0.770829440625 0.7435817859375 0.7674008999999999 0.7429710421875 0.7589512953125 0.732858159375 0.7453909421875 0.7368418343750001 0.7088681953125 0.7327997093749999 0.698656165625 0.7281373765625 0.6949566843749999 0.717138078125 0.69134120625 0.706230353125 0.6820929718750001 0.6964639 0.6774221218750001 0.6832689046875 0.6665002 0.6774605703125001 0.6657044125 0.675953096875 0.663943440625 0.671117240625 0.6651491546875 0.582915046875 0.674343225 0.5856524000000001 0.6829848375 0.5957548703125 0.71300355625 0.6055147 0.7281479140625 0.64126374375 0.7520132875 0.6384851640625 0.702557953125 0.64333644375 0.6988180015625 0.6668154375 0.6987477828124999 0.676850090625 0.704198525 0.68301694375 0.7724274890625 0.6864147375 0.7802559546875 0.686388590625 0.78155388125 0.7297561703125 0.7794498921875
1 0.671117240625 0.6651491546875 0.7066743203125 0.6562837796875 0.684830509375 0.46852293281249996 0.6374497046875 0.473781609375 0.5489977953125 0.495835146875 0.558709996875 0.5861155859375 0.5807635343750001 0.6745674953125 0.671117240625 0.6651491546875
6 0.638690325 0.781671934375 0.6406364640625 0.7981764828125 0.6465890078125 0.8017531328124999 0.658072571875 0.8028662875 0.6767888 0.8010916874999999 0.6860634328125 0.79769480625 0.6864147375 0.7802559546875 0.68301694375 0.7724274890625 0.676850090625 0.704198525 0.6668154375 0.6987477828124999 0.64333644375 0.6988180015625 0.6384851640625 0.702557953125 0.6426912421875 0.7774210312500001 0.638690325 0.781671934375
3 0.4972452921875 0.676017821875 0.5013718328125 0.6839462734375 0.5103040921875001 0.6924679859375 0.5247194359375 0.6971145640625 0.53416448125 0.6947596500000001 0.5388056203125 0.6889446828125 0.5427748328125 0.6789977328125001 0.5427839 0.6646637703125 0.538492778125 0.650327090625 0.5322600093750001 0.6396991484375001 0.5233268437499999 0.6326108328125 0.5107636 0.6325185671875 0.5008094 0.640016525 0.49557681249999996 0.6477704203125 0.49354199374999996 0.6654757984375 0.4861208859375 0.6673260875 0.4744131921875 0.647672715625 0.46767126562500005 0.642187815625 0.457047859375 0.641253603125 0.4491157796875 0.6511137296875 0.44792200312499997 0.6721923359375 0.45077972656250004 0.6865281109375 0.4581049421875 0.7029746484375 0.4672054109375 0.7121710078125 0.47681684999999996 0.71335753125 0.4839024453125 0.7087245546875 0.4882948984375 0.69616403125 0.48780024843750003 0.6783727359375 0.48906634374999997 0.6762656015624999 0.4972452921875 0.676017821875