6 0.4381535546875 0.5230025859375 0.4001140875 0.5686718640625 0.40486543125 0.6241913718750001 0.51115916875 0.522281496875 0.509652475 0.519967646875 0.4381535546875 0.5230025859375
6 0.530393315625 0.58836520625 0.5341230968749999 0.595860290625 0.5364224656250001 0.59566260625 0.5432603546875 0.54612959375 0.5373454578125 0.5337620796875 0.533310103125 0.5284850765625 0.521514446875 0.5269330171875 0.5137541484375 0.5197935421875 0.51115916875 0.522281496875 0.5259308046875 0.544966509375 0.514868121875 0.5673755328125 0.5227430421875 0.5752504546874999 0.52966471875 0.57816484375 0.530393315625 0.58836520625
6 0.4147048953125 0.5290765578125 0.413838775 0.5284269671875 0.40542037343750004 0.5309683734374999 0.39703925 0.539349496875 0.389899775 0.5601470984375 0.3897459203125 0.569070640625 0.4001140875 0.5686718640625 0.3999482765625 0.5658530875000001 0.40326360625 0.559553959375 0.420848778125 0.5411314 0.42224848281250005 0.5379320734374999 0.4196246265625 0.5346522546875 0.41864067968749996 0.5339962890625001 0.4170007703125 0.5317004140625 0.415688840625 0.5307164671875 0.4147048953125 0.5290765578125
6 0.5170276265625 0.3470686625 0.5309744640625 0.34865353125 0.5398497234375 0.352140240625 0.5458722218750001 0.357528790625 0.5490419578125 0.364502209375 0.5503098515625 0.386690359375 0.5474570890625 0.40887850937500003 0.5430685796875 0.4189093890625 0.5802782515625 0.4261324421875 0.6465397578125 0.43352769999999996 0.6563014968750001 0.4311612171875 0.6616260828125 0.42583663281249995 0.6702045812499999 0.40158018906250004 0.672275253125 0.35632121250000004 0.672275253125 0.34389718125 0.6705003921875 0.337980975 0.6607386515625 0.3341354421875 0.6459481359375 0.33206477031250003 0.579982440625 0.3305857171875 0.561642203125 0.3311773375 0.51076283125 0.3385725953125 0.5066214875 0.34537623281249996 0.5066214875 0.34990670156250003 0.5170276265625 0.3470686625
3 0.38504049375 0.754389371875 0.3827218578125 0.7569012265625 0.37510245000000003 0.7797594578125 0.3758643890625 0.807951275 0.3804360359375 0.8216662124999999 0.38843641562500003 0.834619209375 0.3968177671875 0.8403337671875001 0.4078659125 0.8403337671875001 0.42691443749999997 0.8281427125 0.43643869999999996 0.8148087437499999 0.44939169687499997 0.8231900953125001 0.45929693125000004 0.8216662124999999 0.4650114875 0.8159516546875001 0.470345075 0.8033796296875 0.47072604531250006 0.791188571875 0.469298425 0.7836935609375 0.46664104375 0.78435790625 0.45517105312500006 0.7701662234375 0.43869000468749997 0.7761831124999999 0.40464738125000005 0.7839910546875 0.3902807703125 0.78336641875 0.38715759375 0.7733722546874999 0.3868452765625 0.7602549140625 0.38504049375 0.754389371875
6 0.6787756671875 0.6681676515625 0.6667213296875001 0.6707324046875 0.6627267421874999 0.7016405265625 0.6310650296875 0.7016405265625 0.6321017078125 0.70371388125 0.637544990625 0.70589119375 0.6477057859375 0.7196808453125 0.656052153125 0.7265756703124999 0.657096275 0.7280283625 0.668190496875 0.7241127546875 0.6714114859375 0.7327020578125001 0.67034638125 0.7419329578125 0.6741964312500001 0.7443570640625 0.6778252874999999 0.7490745750000001 0.6792768296875 0.7599611421875 0.6769276671875 0.766337440625 0.708032134375 0.760116546875 0.7171510328124999 0.7669557203124999 0.716391125 0.760116546875 0.7182908953125 0.7566969593749999 0.736908646875 0.7547971890625 0.7403282328125 0.7509976468749999 0.7407081875 0.713382190625 0.749067178125 0.7042632921875 0.7509669484375 0.698943934375 0.7505869953125 0.6951443937499999 0.7452676375 0.6909648984375 0.7429879125000001 0.6848856328124999 0.7281697015625 0.6765266421875 0.7015729140625 0.66740774375 0.693593878125 0.66626788125 0.6787756671875 0.6681676515625
5 0.40542896562499997 0.63155634375 0.40338985625 0.6236547984375 0.397649825 0.6215675140625 0.3973979171875 0.62131560625 0.3683266953125 0.6331814125 0.35550231875 0.63510506875 0.352296225 0.6395936 0.3500858734375 0.64065784375 0.38102906875000003 0.6500259671874999 0.3814654421875 0.6500642453125 0.3815358765625 0.6496944671875 0.3868452765625 0.6412618921875 0.40089957031249995 0.6331416328125 0.40542896562499997 0.63155634375
5 0.362876334375 0.7277611875 0.3821129 0.735776421875 0.3826903171875 0.7358726578125 0.37810038125 0.712157996875 0.3781101328125 0.7116444359375 0.3643086828125 0.7079640484375 0.3401570890625 0.703755815625 0.334364359375 0.7027464765625 0.33338026875 0.7053185281250001 0.33273905 0.7101276703125 0.3340214890625 0.7117307171875 0.362876334375 0.7277611875
5 0.5361328125 0.59776081875 0.5364224656250001 0.59566260625 0.5341230968749999 0.595860290625 0.5361328125 0.5998988625 0.5361328125 0.59776081875
7 0.4553746765625 0.5648266078125 0.4553746765625 0.5667945 0.45406274843750005 0.5717142328125 0.4520948546875 0.57630598125 0.451110909375 0.5815536953125 0.4501269625 0.5812257140625 0.4507829265625 0.581881678125 0.45275082031249997 0.582209659375 0.456030640625 0.581881678125 0.460950371875 0.582209659375 0.4684939609375 0.581881678125 0.4727663875 0.582492025 0.49104905624999995 0.5625 0.5099925890625 0.5625 0.514868121875 0.5673755328125 0.5259308046875 0.544966509375 0.49808203593749995 0.50219875625 0.48647838125 0.491921234375 0.4722224640625 0.484627509375 0.4669179359375 0.496562696875 0.4450367609375 0.5157916078125 0.43530809843749996 0.525983540625 0.43930355312499997 0.53104445 0.443895303125 0.5353082171875 0.4468471421875 0.5408839140625 0.44881503437500003 0.548755484375 0.45045494531249997 0.5523632875 0.4543907296875 0.5602348578125 0.45504669375000006 0.5622027515625 0.4553746765625 0.5648266078125
6 0.51206833125 0.74013463125 0.5080637625 0.760864171875 0.5354141953125 0.7548910890625 0.5497386546875 0.7497046468749999 0.5471864859375 0.7468972625 0.5413803171875 0.729841640625 0.53973388125 0.7093787828125 0.51206833125 0.74013463125
6 0.500228028125 0.4244102140625 0.5189294671875 0.4291648171875 0.5341441984374999 0.4266290296875 0.543019459375 0.41902166249999995 0.5474570890625 0.40887850937500003 0.5503098515625 0.386690359375 0.5490419578125 0.364502209375 0.5458722218750001 0.357528790625 0.5398497234375 0.352140240625 0.5309744640625 0.34865353125 0.5170276265625 0.3470686625 0.5065674984374999 0.3499214265625 0.49008487343749996 0.364502209375 0.484062375 0.3787660203125 0.48279448125 0.3968335140625 0.488816978125 0.414267059375 0.500228028125 0.4244102140625
6 0.538274671875 0.6892234515625 0.5361328125 0.6889205625 0.5361328125 0.5998988625 0.530393315625 0.5883652078125 0.52966471875 0.57816484375 0.52274304375 0.5752504546874999 0.5099925890625 0.5625 0.49104905624999995 0.5625 0.4727663875 0.582492025 0.4730857109375 0.5825376421875 0.47767746093749996 0.584177553125 0.481941228125 0.586801409375 0.4862049953125 0.5907371953125 0.48587701250000004 0.591721140625 0.48456508437499995 0.594017015625 0.48128526406249994 0.6018885875 0.48062930000000004 0.6048404265625 0.4789893890625 0.6097601578125 0.47767746093749996 0.6310789953125 0.47762370781249996 0.631509009375 0.4783847328125 0.63118615 0.49055247343749997 0.6343149968749999 0.4975054671875 0.6433538890625 0.5009819640625001 0.6551739796875 0.5016772625 0.6701229171875001 0.49820076562500004 0.6840289046875 0.491943071875 0.6927201468749999 0.48603302656249997 0.6972395921875 0.4762988359375 0.6972395921875 0.46435868906250005 0.6898173390625 0.4631665328125 0.694310853125 0.46617395781250004 0.7418281734375001 0.4658616390625 0.7599425953125001 0.45836601562499996 0.7689998078125 0.45517105312500006 0.7701662234375 0.46664104375 0.78435790625 0.47392701718749997 0.7825364125000001 0.53973388125 0.7093787828125 0.53884011875 0.698270596875 0.538274671875 0.6892234515625
5 0.3129809875 0.6990205859375 0.3643086828125 0.7079640484375 0.3781101328125 0.7116444359375 0.379037334375 0.6628118093750001 0.3814654421875 0.6500642453125 0.38102906875000003 0.6500259671874999 0.3386448359375 0.63719404375 0.32464637343749997 0.6375828890624999 0.3129809875 0.6990205859375
3 0.320374609375 0.58919226875 0.3227532453125 0.594213834375 0.326453346875 0.596328178125 0.347332490625 0.5989711078125 0.3819548703125 0.6143001 0.39539590156250004 0.6161108093750001 0.3946979859375 0.613039978125 0.39437000312500003 0.6097601578125 0.39338605625 0.6015606046875 0.39338605625 0.5989367484375 0.3950259671875 0.5907371953125 0.3992897359375 0.5887693031250001 0.40519341249999996 0.5848335171875 0.410769109375 0.5825376421875 0.4147048953125 0.581553696875 0.417984715625 0.579585803125 0.42192050156249994 0.578273875 0.42388839375 0.576961946875 0.427824178125 0.5756500171875001 0.4294640890625 0.5746660718750001 0.43307189218750003 0.5733541421874999 0.43536776718750003 0.5720422140625 0.4365407171875 0.5714322796875 0.43402058437499996 0.569106003125 0.4268846734375 0.5696345890625001 0.42318457187499997 0.5677845375 0.3819548703125 0.5693702953125 0.35737562343749996 0.5778276703125 0.3415180453125 0.5812634796875 0.324339003125 0.581527771875 0.3209031953125 0.5841707015625001 0.320374609375 0.58919226875
3 0.4258896296875 0.7014113890625 0.4168507375 0.6979348921875 0.4102453921875 0.6868101015625 0.4071165453125 0.6690799671875001 0.4078118453125 0.6544786796875 0.41402453437500003 0.6344600125000001 0.4137209484375 0.634358815625 0.41208103749999997 0.6323909234375 0.410769109375 0.6314069765625 0.40995021249999997 0.6299739078125 0.40089957031249995 0.6331416328125 0.3868452765625 0.6412618921875 0.3815358765625 0.6496944671875 0.379037334375 0.6628118093750001 0.37810038125 0.712157996875 0.3837221 0.7412035375 0.384346734375 0.7521346546875 0.3868452765625 0.7602549140625 0.38715759375 0.7733722546874999 0.3902807703125 0.78336641875 0.40464738125000005 0.7839910546875 0.43869000468749997 0.7761831140625 0.45836601562499996 0.7689998078125 0.4658616390625 0.7599425953125001 0.46617395781250004 0.7418281734375001 0.46305078125000004 0.692481984375 0.46200305625000004 0.686981428125 0.4568304515625 0.678814159375 0.4547445546875 0.6701229171875001 0.45313098281249997 0.669772140625 0.44674861093749996 0.6683846671875 0.4450103625 0.6701229171875001 0.441186215625 0.6875054015625001 0.433885571875 0.6986301921875 0.4258896296875 0.7014113890625
1 0.477078515625 0.779585334375 0.47600485312499996 0.782806321875 0.477436403125 0.7885325234375 0.48423626718749996 0.7917535124999999 0.497835996875 0.8132267687500001 0.5096462875000001 0.822531846875 0.510004175 0.824679171875 0.5092884 0.8296895984375 0.5021306484375 0.842573553125 0.4813731671875 0.8697730109374999 0.4849520421875 0.8830148515625 0.4946150078125 0.9001934578125 0.49926754687499997 0.904845996875 0.5057095234375 0.9059196593750001 0.5758554953125 0.9005513453124999 0.5873078984375 0.9034144453125 0.603054953125 0.9034144453125 0.6517276671875 0.8987619062500001 0.65459076875 0.9030565578124999 0.6585275312500001 0.9030565578124999 0.6585275312500001 0.886951615625 0.645692975 0.8248206953125001 0.6127380046875001 0.818282009375 0.6085176609375 0.8338648171875 0.5986967453125 0.8349170578124999 0.5801071546875 0.8321110828125 0.5692339984375 0.8282528656249999 0.564323540625 0.8233424078124999 0.566428021875 0.8068573000000001 0.5713384796875001 0.8037005765625 0.5725644828124999 0.7972640656250001 0.5761000734375 0.778702209375 0.5497386546875 0.7497046468749999 0.5354141953125 0.7548910890625 0.5042779734375 0.761690953125 0.477078515625 0.779585334375
3 0.584109275 0.487871775 0.5872221421875 0.49370840156250007 0.5985062859375 0.5046034374999999 0.5993434328125 0.5078125 0.6320402859375001 0.5078125 0.623409225 0.487871775 0.603953803125 0.45791042656250003 0.5957825265625 0.453241125 0.584887490625 0.45090647500000003 0.5736033468749999 0.4353421375 0.577105321875 0.4676381375 0.584109275 0.487871775
5 0.4140245359375 0.6344600125000001 0.4140695390625 0.6343149984374999 0.42415138125 0.6266667046875 0.434233221875 0.6301432015625 0.43911683906250004 0.636654690625 0.444223284375 0.636654690625 0.46062239062500004 0.6373106546875 0.4647323265625 0.6380152156250001 0.46691229375 0.636053246875 0.477623709375 0.631509009375 0.477677459375 0.6310789953125 0.4789893890625 0.6097601578125 0.48062930000000004 0.604840425 0.48128526406249994 0.6018885875 0.48456508437499995 0.5940170171875 0.48587701406250006 0.5917211421874999 0.4862049953125 0.5907371953125 0.481941228125 0.586801409375 0.477677459375 0.584177553125 0.4730857109375 0.5825376421875 0.4684939609375 0.581881678125 0.460950371875 0.582209659375 0.456030640625 0.581881678125 0.45275081874999995 0.582209659375 0.4507829265625 0.581881678125 0.4501269625 0.5812257140625 0.451110909375 0.581553696875 0.45209485625 0.5763059828125 0.45406274843750005 0.5717142328125 0.4553746765625 0.5667945015625 0.4553746765625 0.5648266078125 0.45504669375000006 0.5622027515625 0.45439073125 0.5602348578125 0.45045494531249997 0.5523632875 0.44881503437500003 0.548755484375 0.4468471421875 0.5408839140625 0.443895303125 0.5353082171875 0.43930355312499997 0.53104445 0.434383821875 0.524812790625 0.4314319828125 0.5195650765625001 0.427824178125 0.51169350625 0.42651225156250006 0.5090696484375 0.42520032187499995 0.5057898265625 0.42224848281250005 0.5005421125 0.41995260781250005 0.49726229218749995 0.41765673281250004 0.4946384359375 0.41208103749999997 0.4946384359375 0.410769109375 0.4985742203125 0.4104411265625 0.50021413125 0.40716130625 0.503821934375 0.40650534218749995 0.5064457921875001 0.4068333234375 0.51169350625 0.40650534218749995 0.513333415625 0.40519341249999996 0.5162852546875001 0.40519341249999996 0.5172692015625 0.4068333234375 0.519893059375 0.410769109375 0.5251407718750001 0.41208103749999997 0.52612471875 0.41339296562500005 0.5280926109374999 0.4147048953125 0.5290765578125 0.415688840625 0.5307164671875 0.4170007703125 0.5317004140625 0.41864067968749996 0.5339962890625001 0.4196246265625 0.5346522546875 0.42224848281250005 0.5379320734374999 0.41995260781250005 0.5431797875 0.420280590625 0.54514768125 0.420608571875 0.546131628125 0.4225764640625 0.5477715375 0.425528303125 0.55039539375 0.4268402328125 0.5517073234375001 0.43110400000000004 0.55498714375 0.43307189218750003 0.5562990734375 0.43569575 0.5585949484375 0.43831960625 0.5615467875 0.44159942812499997 0.565482571875 0.4435673203125 0.5667945015625 0.4435673203125 0.5674504640625 0.4435673203125 0.567778446875 0.43536776718750003 0.5720422140625 0.43307189218750003 0.5733541421874999 0.4294640890625 0.5746660718750001 0.427824178125 0.5756500171875001 0.42388839375 0.576961946875 0.42192050156249994 0.578273875 0.417984715625 0.579585803125 0.4147048953125 0.581553696875 0.410769109375 0.5825376421875 0.40519341249999996 0.5848335171875 0.3992897359375 0.5887693031250001 0.3950259671875 0.5907371953125 0.39338605625 0.5989367484375 0.39338605625 0.6015606046875 0.39437000312500003 0.6097601578125 0.3946979859375 0.613039978125 0.39633789531249997 0.620255584375 0.397649825 0.6215675140625 0.40486543125 0.6241913718750001 0.406177359375 0.624847334375 0.40945718124999997 0.629111103125 0.410769109375 0.631406978125 0.41208103749999997 0.6323909234375 0.4137209484375 0.6343588171875 0.4140245359375 0.6344600125000001
6 0.6221967921875 0.740916865625 0.611674384375 0.808611034375 0.613077371875 0.8170289625 0.6127380046875001 0.818282009375 0.6553263828125 0.8267320843749999 0.6600438937499999 0.8263691984375001 0.6647614078124999 0.8202001453125 0.6716562328125 0.8183857171875 0.673107775 0.8100393499999999 0.666575834375 0.7944352703125 0.6792768296875 0.7599611421875 0.6778252874999999 0.7490745750000001 0.6741964312500001 0.7443570640625 0.664398521875 0.7381880093750001 0.656052153125 0.7265756703124999 0.6477057859375 0.7196808453125 0.637544990625 0.70589119375 0.6321017078125 0.70371388125 0.6310650296875 0.7016405265625 0.62608113125 0.7016405265625 0.538274671875 0.6892234515625 0.53884011875 0.698270596875 0.5413803171875 0.729841640625 0.5471864859375 0.7468972625 0.576100075 0.778702209375 0.585368359375 0.7300437093750001 0.5909803109375 0.72758848125 0.613778865625 0.73320043125 0.6221967921875 0.740916865625
1 0.6397096640625 0.5078125 0.5485499203125 0.5078125 0.5361328125 0.59776081875 0.5361328125 0.6889205625 0.62608113125 0.7016405265625 0.6627267421874999 0.7016405265625 0.6869552453125001 0.5141724828124999 0.6397096640625 0.5078125
6 0.613778865625 0.73320043125 0.5909803109375 0.72758848125 0.585368359375 0.7300437093750001 0.57133848125 0.8037005765625 0.566428021875 0.8068573000000001 0.564323540625 0.8233424078124999 0.5692339984375 0.8282528656249999 0.5801071546875 0.8321110812500001 0.5986967453125 0.8349170593749999 0.6085176609375 0.8338648171875 0.613077371875 0.8170289625 0.611674384375 0.808611034375 0.6221967921875 0.740916865625 0.613778865625 0.73320043125
3 0.433885571875 0.6986301921875 0.441186215625 0.6875054015625001 0.4450103625 0.670122915625 0.44674861093749996 0.66838466875 0.454744553125 0.670122915625 0.4568304515625 0.678814159375 0.463435796875 0.68924365 0.476298834375 0.6972395921875 0.48603302656249997 0.6972395921875 0.491943071875 0.6927201468749999 0.49820076718750006 0.6840289046875 0.5016772640625 0.670122915625 0.5009819640625001 0.6551739796875 0.4975054671875 0.6433538890625 0.49055247343749997 0.6343149984374999 0.4783847328125 0.63118615 0.46691229375 0.636053246875 0.45995929999999996 0.642310940625 0.45370160468750004 0.6589981265625 0.44605331093749995 0.6589981265625 0.43944796718749995 0.6370961953125 0.434233221875 0.6301432015625 0.42415138125 0.6266667046875 0.4140695390625 0.6343149984374999 0.4078118453125 0.6544786796875 0.4071165453125 0.6690799671875001 0.4102453921875 0.6868101015625 0.4168507375 0.6979348921875 0.4258896296875 0.7014113890625 0.433885571875 0.6986301921875