5 0.683515696875 0.823566540625 0.689284740625 0.8484766859375 0.68619795625 0.8619246203125 0.676228425 0.8834899890625 0.7251521078125001 0.8892241406249999 0.88116401875 0.8976221375 0.899930734375 0.8967925265625001 0.9030915593750001 0.8936753875000001 0.90892980625 0.7976954484375 0.9150299531250001 0.7330717390625 0.90896361875 0.729151771875 0.7166129734375 0.717725403125 0.7142249374999999 0.7357184078125 0.6963018640625 0.732919740625 0.6758030749999999 0.7263082109375001 0.6763428499999999 0.7917559875 0.6751028125 0.8107586609374999 0.683515696875 0.823566540625
6 0.46944698906250004 0.25532821875 0.42736737968750005 0.2642291328125 0.4053289484375 0.2757009125 0.37843220624999996 0.3029050078125 0.36335976875 0.3287857328125 0.3499666125 0.3644797328125 0.3453086109375 0.41147975312499996 0.3460179484375 0.42162375625 0.3872501234375 0.4225361875 0.4012330609375 0.4154990953125 0.409249303125 0.41146481875 0.41060902187500004 0.411668728125 0.49545411718750004 0.33585475468750003 0.525317434375 0.334378071875 0.5645627156249999 0.42077820781249997 0.596115278125 0.40518590625 0.5958856640625 0.4019022625 0.5866633921875 0.3623278 0.5712248843750001 0.3261672296875 0.5442458765625 0.290162709375 0.5418671374999999 0.29218605468750003 0.523155309375 0.2952973125 0.48550575937499996 0.324070609375 0.47692140937499994 0.32376948437499997 0.4729256421875 0.31818979999999997 0.47236111562499994 0.31011668124999997 0.507558021875 0.272050196875 0.5104566312500001 0.26507474375 0.5010256640625 0.2595749796875 0.46944698906250004 0.25532821875
3 0.62221324375 0.77464921875 0.5951863187499999 0.7686142546875 0.510792634375 0.759798021875 0.5053512765625 0.75997898125 0.5054957234375 0.763997765625 0.504370609375 0.7652920609375 0.4901189046875 0.7662886375 0.49700216406250003 0.7808039515625 0.4951804984375 0.7958893453125 0.49733839375000005 0.802066840625 0.552699296875 0.8862177671874999 0.6666164828125 0.8863062140625001 0.6752041125 0.885705709375 0.68619795625 0.8619246203125 0.689284740625 0.8484766859375 0.683515696875 0.823566540625 0.6332953359375 0.7471104640624999 0.6234803375 0.7361040203125 0.62635335 0.7771900234375 0.62221324375 0.77464921875
5 0.8101237171875001 0.5196090390625 0.815352909375 0.493332378125 0.8243317796875 0.478571240625 0.8246022921874999 0.4655968234375 0.7860971343750001 0.4370783875 0.7771139484375 0.43264711718750004 0.7402057015625 0.5219485500000001 0.731406396875 0.5230861421874999 0.7267839890625 0.5316538828125 0.7410943546875 0.5332669828125 0.734056484375 0.586294809375 0.76432756875 0.6647330359375 0.776100759375 0.6290924734375001 0.771734909375 0.6147645875000001 0.7579102546875001 0.5801502515625 0.7598625625000001 0.575452059375 0.7748650328125 0.5812454921875 0.790787425 0.584632053125 0.7930018875 0.57792829375 0.7952886546875 0.5601017953125 0.8101237171875001 0.5196090390625
6 0.279424228125 0.7204883093750001 0.2790179796875 0.7208021828125 0.2919682609375 0.724853265625 0.2831207203125 0.7128229390625 0.279424228125 0.7204883093750001
5 0.636602271875 0.384032915625 0.6216654015625 0.3925598265625 0.5645627156249999 0.42077820781249997 0.591818896875 0.48078384218750003 0.5916358749999999 0.4869122671875 0.5738299796875 0.5016204828124999 0.576763965625 0.511371959375 0.6190799828125 0.5195132203124999 0.63587853125 0.5214067953125 0.6457607796875 0.51564358125 0.6798665109375001 0.499104096875 0.6210465625 0.42373474843750003 0.636602271875 0.384032915625
1 0.595127628125 0.6463489421874999 0.5992440453125 0.6647411437499999 0.6046289375 0.6688930921875 0.61890858125 0.6707248734375 0.6216653734375 0.7101488453125 0.6279016765625001 0.7108584437500001 0.6963018640625 0.732919740625 0.7142249374999999 0.7357184078125 0.7410943546875 0.5332669828125 0.7267839890625 0.5316538828125 0.7226215828125 0.5393689984375001 0.7133025359375 0.5405429359375 0.712263046875 0.5406156234374999 0.7031938484375 0.52899474375 0.6190799828125 0.5195132203124999 0.5648091625 0.5090719515625 0.5247138171875 0.54219193125 0.522154278125 0.560540084375 0.5547234375000001 0.5461509734375001 0.595127628125 0.6463489421874999
3 0.48827228125 0.766417765625 0.389837290625 0.7733010109375 0.39093708125000004 0.7763316453125 0.3973001703125 0.783236971875 0.4054433015625 0.7875677328124999 0.4151618859375 0.7863981250000001 0.4321029375 0.7763931578125 0.44171922343750003 0.773760646875 0.46257494218749995 0.7776924765625 0.4799251765625 0.7735391203125 0.48827228125 0.766417765625
3 0.48550575937499996 0.324070609375 0.523155309375 0.2952973125 0.5418671374999999 0.29218605468750003 0.5984449765625001 0.24406117656249998 0.602073821875 0.23794832656249998 0.60064364375 0.23038644062500002 0.5828854078125 0.195572240625 0.576960734375 0.19463443593750002 0.516816775 0.2497691765625 0.507558021875 0.272050196875 0.47236111562499994 0.31011668124999997 0.4729256421875 0.31818979999999997 0.47692140937499994 0.32376948437499997 0.48550575937499996 0.324070609375
5 0.6046289375 0.6688930921875 0.5992440453125 0.6647411437499999 0.595127628125 0.6463489421874999 0.5547234375000001 0.5461509734375001 0.4799036859375 0.57920646875 0.4480729296875 0.6054996453125 0.5020671250000001 0.668608684375 0.5053512765625 0.75997898125 0.510792634375 0.759798021875 0.5951863187499999 0.7686142546875 0.62221324375 0.77464921875 0.62635335 0.7771900234375 0.61890858125 0.6707248734375 0.6046289375 0.6688930921875
5 0.8930401640625 0.712112915625 0.8962273421875 0.7055037046875 0.8967956062500001 0.6940597859375 0.8926246046875 0.621364678125 0.8895612890625 0.610174703125 0.8823172156249999 0.5979085734375 0.831357653125 0.593261 0.7748650328125 0.5812454921875 0.7598625625000001 0.575452059375 0.7579102546875001 0.5801502515625 0.771734909375 0.6147645875000001 0.7835755109375 0.65362316875 0.7971557640625 0.678218915625 0.79753668125 0.6836662875 0.78796249375 0.6902659546875001 0.7830769546874999 0.7052049390625 0.7787596796875 0.7087000031249999 0.7815785953125001 0.7098713875 0.7854419218750001 0.7064080671874999 0.7846419109375 0.7210613625 0.8056156203124999 0.7013480453125001 0.8319954140625001 0.6871868734375 0.8516738765625 0.68809165625 0.8877515078125 0.7147635718750001 0.8930401640625 0.712112915625
6 0.2393059515625 0.5449766140625 0.227493190625 0.5292025578125 0.213377446875 0.5264412203125 0.15321036562499998 0.5236871875 0.137894665625 0.5343969234375 0.131600678125 0.5439403140625 0.1154537484375 0.62699886875 0.104263 0.7043559859374999 0.105652921875 0.716574984375 0.11754020937500001 0.733414803125 0.1879214078125 0.75205468125 0.21493443124999997 0.7324946875 0.26723128749999997 0.729908709375 0.279424228125 0.7204883093750001 0.2831207203125 0.7128229390625 0.2535502203125 0.6726148515625 0.2522926 0.6662194828125 0.2565956796875 0.6582196515625001 0.2990750109375 0.5957019484375 0.28308021562499996 0.56326631875 0.2583554703125 0.55703170625 0.2393059515625 0.5449766140625
1 0.67447520625 0.29151644375 0.67255609375 0.30888606093750004 0.6546375140625 0.3513995953125 0.64187646875 0.3705719234375 0.6210465625 0.42373474843750003 0.712263046875 0.5406156234374999 0.7133025359375 0.5405429359375 0.7226215828125 0.5393689984375001 0.731406396875 0.5230861421874999 0.7402057015625 0.5219485500000001 0.7866631703125 0.4095422796875 0.8260658484375 0.3232213109375 0.8212173609375 0.3136369296875 0.831499646875 0.2888927921875 0.8290935749999999 0.2843604734375 0.7392180140625 0.23893892968750002 0.69941223125 0.2223978625 0.67447520625 0.29151644375
5 0.541583040625 0.4710608484375 0.5387303484375 0.4908560140625 0.5326528125000001 0.502402871875 0.5191341453125 0.50599625625 0.412215921875 0.4917585671875 0.3762264421875 0.46938338125 0.3519800359375 0.4640571015625 0.3469499984375 0.46855172968750003 0.276775025 0.540730746875 0.2797072546875 0.5564263375 0.2990750109375 0.5957019484375 0.3528537140625 0.5165547328125 0.36495076875 0.5157088234375 0.3754348828125 0.514975703125 0.43631749375 0.5917597578125 0.4480729296875 0.6054996453125 0.5916358749999999 0.4869122671875 0.591818896875 0.48078384218750003 0.525317434375 0.334378071875 0.49545411718750004 0.33585475468750003 0.41060902187500004 0.411668728125 0.53449214375 0.43024686875 0.5392612406249999 0.43785757812500004 0.541689990625 0.44986884531250004 0.541583040625 0.4710608484375
3 0.541689990625 0.44986884531250004 0.5392612406249999 0.43785757812500004 0.53449214375 0.43024686875 0.409249303125 0.41146481875 0.3872501234375 0.4225361875 0.3124589390625 0.420881125 0.3072143515625 0.42919205937499993 0.30681257031250003 0.446167775 0.3122192640625 0.4553227390625 0.3762264421875 0.46938338125 0.412215921875 0.4917585671875 0.5191341453125 0.50599625625 0.5326528125000001 0.502402871875 0.5387303484375 0.4908560140625 0.541583040625 0.4710608484375 0.541689990625 0.44986884531250004
5 0.5020671250000001 0.668608684375 0.43631749375 0.5917597578125 0.3754348828125 0.514975703125 0.36495076875 0.5157088234375 0.3528537140625 0.5165547328125 0.2565956796875 0.6582196515625001 0.2522926 0.6662194828125 0.2535502203125 0.6726148515625 0.329225553125 0.7755133625 0.384609759375 0.77366655625 0.504370609375 0.7652920609375 0.5054957234375 0.763997765625 0.5020671250000001 0.668608684375