5 0.41251531718749995 0.45211816718750003 0.4285536875 0.45130313125 0.446132690625 0.45259233437499996 0.4530234875 0.42226111250000004 0.4874008265625 0.415117565625 0.5057975859375 0.424149834375 0.5068966703125 0.41767486875 0.5095362078125001 0.411206428125 0.5076217562500001 0.40665243906250004 0.42781952656250005 0.381438440625 0.33549098593750004 0.3481857578125 0.3175495203125 0.34528774218749997 0.299213596875 0.44944464687499996 0.3255608921875 0.46825801718750004 0.32617585625 0.46891543125 0.35351635937500003 0.47919506093750003 0.353586984375 0.47883092187500004 0.3630475390625 0.46903422812500006 0.3800156984375 0.46017666406249996 0.41251531718749995 0.45211816718750003
5 0.5602828953125 0.8056764890625001 0.5670101671875 0.8081300046875001 0.6312641125 0.8070084484375 0.634737884375 0.8061072765624999 0.6345158921875 0.7857743828125 0.6030074484375 0.708938753125 0.5936399437500001 0.7135687453124999 0.5906544515625 0.7192769265625001 0.5959472984375 0.7279257390625 0.5872984875 0.7332185859375 0.5853320859375 0.738394790625 0.58660240625 0.7522556984375 0.56340516875 0.7682094546875 0.5594116453125 0.7741318749999999 0.5507572781250001 0.7943443796875 0.5508329328125 0.7945293 0.5602828953125 0.8056764890625001
3 0.8753140046875 0.42529308125 0.8905320765625 0.42719671249999996 0.9011763609375001 0.4156222828125 0.9085014984375 0.400309578125 0.9135066203125 0.376360315625 0.9121952015625 0.363367628125 0.9072117484375 0.357489140625 0.878394171875 0.3424334578125 0.885932609375 0.3999085046875 0.88365733125 0.4071534359375 0.879704546875 0.41002445937500004 0.8486706796875 0.414855175 0.8753140046875 0.42529308125
5 0.3255608921875 0.46825801718750004 0.2923968953125 0.444577159375 0.2544106484375 0.4225977875 0.20782002031250002 0.50993743125 0.19858709218749998 0.5240140375 0.288204334375 0.5224497625 0.29239782812500004 0.6701184718750001 0.2926959765625 0.6701875046875 0.320990384375 0.6696936234375 0.3134415640625 0.6310098078124999 0.31370465937500003 0.6229186359375001 0.32163355781249997 0.6138849984375 0.33496028437500003 0.589796971875 0.34978770312499996 0.5606608078125 0.3490967625 0.528137259375 0.35015064375 0.49654875781249996 0.350472503125 0.49488924062499995 0.3255608921875 0.46825801718750004
6 0.2980759953125 0.8700681484375 0.184304653125 0.8720540343750001 0.19242139375 0.888634378125 0.2037393296875 0.903188675 0.22348432968749998 0.9175958796874999 0.2615624015625 0.9258877062499999 0.280468134375 0.9223965937499999 0.29772024375 0.9147195312499999 0.3164513 0.90122128125 0.3298970546875 0.88676158125 0.34989560937499997 0.85532824375 0.3638063671875 0.8071419046875 0.364889996875 0.7786729859375 0.3629237984375 0.756579525 0.35042340156249996 0.7225659906249999 0.3448332828125 0.7170442578125 0.34547605 0.7149975609375 0.3345521453125 0.7007015984375 0.323862028125 0.6919317125 0.2927269375 0.6817076546874999 0.2980759953125 0.8700681484375
0 0.906579215625 0.7084285203125 0.8992325234375 0.7425987671875001 0.9109661062500001 0.7238725500000001 0.9209378328125 0.717941203125 0.9590461203125 0.7297501484375 0.95697230625 0.5834552203125 0.9431803000000001 0.5904128 0.9269960984375001 0.6252390375 0.9147099515624999 0.636008525 0.8730854609375 0.6118578375 0.8729783 0.6149070453125 0.865521225 0.6273150625 0.906579215625 0.7084285203125
6 0.711079303125 0.33531160781249997 0.7224327125000001 0.3207030015625 0.7367549359375001 0.31564952968750004 0.82671209375 0.3010943734375 0.8101085234375001 0.17291014843750002 0.801919465625 0.1592713703125 0.7801933734375 0.1596506 0.6640583171875 0.1871209203125 0.5311698015624999 0.226545128125 0.5331029515625 0.337295209375 0.5393725921875 0.43015951093749993 0.5658883875 0.4131526984375 0.5773430359375 0.4218756953125 0.5865020015625 0.43539766249999995 0.5893787390624999 0.4722110546875 0.5926170265625 0.47688946874999993 0.6213338875 0.472512196875 0.74938015 0.460151190625 0.757019096875 0.4533197890625 0.777297771875 0.45745614999999995 0.8425288156249999 0.45115904218749997 0.8466200609375001 0.44260657031250006 0.847393134375 0.42616102656250004 0.8454418671875 0.41535777031250004 0.7435756015625 0.4312142203125 0.7270499765625 0.42469774843749997 0.7192861328125 0.41562660156250003 0.709360796875 0.3973865203125 0.68538565 0.39980645625 0.67800800625 0.3899279890625 0.67697018125 0.3763362515625 0.6792664125 0.370291825 0.7055657328125 0.3634281328125 0.711079303125 0.33531160781249997
3 0.5893787390624999 0.4722110546875 0.5926296390625 0.5138125640625 0.593480571875 0.57962755 0.5937354640625 0.5993420406250001 0.62762176875 0.5690379953125 0.626372778125 0.5500845578125 0.6122203796875 0.5052107921875 0.5893787390624999 0.4722110546875
3 0.4992912984375 0.6872825921875 0.5063461046875 0.6849185859375 0.5075709749999999 0.690531675 0.5219699203125 0.6961820578125 0.5647911437500001 0.6920923296875 0.567732878125 0.690401671875 0.555274225 0.6911387875 0.5452195546875 0.6603814390625 0.5331909828125 0.652858184375 0.5276520078125 0.642247340625 0.5252220046875 0.640935759375 0.5084353593750001 0.6318752421875 0.5071006734375 0.6235704640625 0.4902843671875 0.6178711703124999 0.4937419375 0.6692104 0.490317715625 0.6722859546875 0.488840221875 0.674123221875 0.48892545312499996 0.67900614375 0.49626702500000003 0.6860958171875 0.4992912984375 0.6872825921875
3 0.8317797656250001 0.8681647937499999 0.8465682609374999 0.8606600484375001 0.864176103125 0.8437281249999999 0.8733057484375 0.8295018187500001 0.88148588125 0.8097132125 0.7610875859374999 0.8118147734375001 0.768039559375 0.8254738749999999 0.778202990625 0.8358656921875 0.781322421875 0.8463804640625 0.7809766109375 0.8562202093750001 0.78648976875 0.86213499375 0.7955428734375001 0.8679447671875 0.8160720421875001 0.8718491421874999 0.8317797656250001 0.8681647937499999
1 0.047091057812499997 0.8744491062499999 0.2980759953125 0.8700681484375 0.288204334375 0.5224497625 0.041022198437500004 0.52676434375 0.047091057812499997 0.8744491062499999
3 0.41251531718749995 0.45211816718750003 0.3800156984375 0.46017666406249996 0.3630475390625 0.46903422812500006 0.353586984375 0.47883092187500004 0.35015064375 0.49654875781249996 0.3490967625 0.528137259375 0.3520966875 0.669347746875 0.36532294374999996 0.6705069890625001 0.39920975937500003 0.601533515625 0.4114453046875 0.5902190125 0.42292476875 0.5864663390625 0.434016925 0.587125084375 0.440260190625 0.5874958609375 0.455429621875 0.5969399265625001 0.46394708749999997 0.536878915625 0.45538581406249995 0.4894393484375 0.4452896203125 0.4563032734375 0.446132690625 0.45259233437499996 0.4285536875 0.45130313125 0.41251531718749995 0.45211816718750003
5 0.49308553125000004 0.662948190625 0.48847604999999994 0.6532598296875001 0.483133728125 0.65246500625 0.4770508234375 0.660119815625 0.47307120156250004 0.6610773546875001 0.459529440625 0.6484366484375 0.4566645734375 0.6369416875 0.449874321875 0.6295115796874999 0.4497813421875 0.62418475625 0.45579451249999997 0.612534828125 0.4558392265625 0.6120139046874999 0.45514540937500003 0.6119852328125 0.4538833859375 0.6078432234375 0.455429621875 0.5969399265625001 0.440260190625 0.5874958609375 0.42292476875 0.5864663390625 0.4114453046875 0.5902190125 0.39920975937500003 0.601533515625 0.3490398515625 0.703649715625 0.3448332828125 0.7170442578125 0.42390307656250004 0.79514675 0.4391584578125 0.8042052468750001 0.46244831875000003 0.8410978468750001 0.5312531218750001 0.8398968531250001 0.5594116453125 0.7741318749999999 0.5685011359375001 0.7606521015625 0.56797975 0.7562208312500001 0.5567659765624999 0.749756009375 0.527346721875 0.717854809375 0.5241464265625 0.7125822234375 0.5244121171875 0.7023647296875 0.5151289171875 0.70474695625 0.5092419671874999 0.6981891546875 0.5063461046875 0.6849185859375 0.49795845781250003 0.687729215625 0.48892545312499996 0.67900614375 0.488840221875 0.674123221875 0.4931862609375 0.668718915625 0.49308553125000004 0.662948190625
3 0.8538094578125 0.561764615625 0.8544651343749999 0.5641532890625001 0.8607504203125 0.58705094375 0.8536004421875001 0.603764571875 0.865521225 0.6273150625 0.8729783 0.6149070453125 0.873345765625 0.6044510765625 0.8572985203125001 0.567332775 0.8538094578125 0.561764615625
6 0.6345158921875 0.7857743828125 0.6352823421875 0.8559757515624999 0.6379172343749999 0.8723707703124999 0.6576058671875 0.890229653125 0.6619197921875 0.9018979312500001 0.68429751875 0.9056175796874999 0.714801034375 0.9039107812499999 0.72221686875 0.891450578125 0.7409598875000001 0.8887747031250001 0.7549044453125 0.88031079375 0.770186940625 0.88121839375 0.780537775 0.8687069624999999 0.781322421875 0.8463804640625 0.778202990625 0.8358656921875 0.768039559375 0.8254738749999999 0.7610875859374999 0.8118147734375001 0.723509684375 0.8124706984375001 0.6380340234374999 0.7943536046874999 0.6345158921875 0.7857743828125
3 0.8421338203125 0.29859912187500004 0.7367549359375001 0.31564952968750004 0.7224327125000001 0.3207030015625 0.711079303125 0.33531160781249997 0.7055657328125 0.3634281328125 0.6792664125 0.370291825 0.67697018125 0.3763362515625 0.67800800625 0.3899279890625 0.68538565 0.39980645625 0.709360796875 0.3973865203125 0.7192861328125 0.41562660156250003 0.7270499765625 0.42469774843749997 0.7435756015625 0.4312142203125 0.879704546875 0.41002445937500004 0.88365733125 0.4071534359375 0.885932609375 0.3999085046875 0.8734656578125 0.30485715 0.8693522203124999 0.2985243140625 0.8645082953125 0.296207125 0.8421338203125 0.29859912187500004
0 0.8433298562499999 0.58347418125 0.8536004421875001 0.603764571875 0.8607504203125 0.58705094375 0.8504632453125 0.549574171875 0.8193025109375001 0.5203433078125 0.8142332781249999 0.5190070640625 0.8433298562499999 0.58347418125
5 0.8848152375 0.8096550984374999 0.906579215625 0.7084285203125 0.8433298562499999 0.58347418125 0.78738120625 0.4595129296875 0.757019096875 0.4533197890625 0.5937354640625 0.5993420406250001 0.5943289828125 0.645247528125 0.58963291875 0.6763239890625 0.6380340234374999 0.7943536046874999 0.723509684375 0.8124706984375001 0.8848152375 0.8096550984374999
5 0.555274225 0.6911387875 0.583798171875 0.6894511734375001 0.5879298015625001 0.6875944671875 0.5943289828125 0.645247528125 0.5926296390625 0.5138125640625 0.5865020015625 0.43539766249999995 0.5773430359375 0.4218756953125 0.5658883875 0.4131526984375 0.5382393875 0.430886328125 0.5108010046875 0.4266063671875 0.4874008265625 0.415117565625 0.4530234875 0.42226111250000004 0.4452896203125 0.4563032734375 0.45538581406249995 0.4894393484375 0.46394708749999997 0.536878915625 0.4538833859375 0.6078432234375 0.45514540937500003 0.6119852328125 0.4753853375 0.61282166875 0.5071006734375 0.6235704640625 0.5084353593750001 0.6318752421875 0.5276520078125 0.642247340625 0.5331909828125 0.652858184375 0.5452195546875 0.6603814390625 0.555274225 0.6911387875
6 0.25608798906249997 0.7327204703125 0.21426386718749998 0.759936921875 0.21092092031249998 0.772250178125 0.19722001875 0.7800003984375 0.197780775 0.789478278125 0.202272828125 0.7977015781250001 0.20627310625 0.800398990625 0.2168538046875 0.79507515 0.21720071562499998 0.7923018578125001 0.23535918125 0.7907989421875 0.2729119921875 0.7680055625 0.2735920203125 0.76166858125 0.277447434375 0.7560668109375001 0.27369749374999996 0.7450633203125 0.264747878125 0.730592715625 0.25608798906249997 0.7327204703125