5 0.353901765625 0.47664173749999994 0.353978734375 0.4762788859375 0.36360882499999997 0.46664879375 0.3807289859375 0.4580887140625 0.4133642953125 0.4505986421875 0.42941444687499997 0.4500636375 0.44696827343749995 0.451659440625 0.4543873734375 0.4214531 0.4888841484375 0.41491060781250005 0.5071204703125 0.42426256875 0.5083323921875 0.4178077703125 0.5110844171875 0.41138638125 0.509249734375 0.40679967499999997 0.4298997046875 0.38019677500000004 0.338165565625 0.3453378015625 0.320277409375 0.34212710625 0.30012649062499996 0.445948140625 0.326141434375 0.46521846875 0.32674483125 0.465886515625 0.353901765625 0.47664173749999994
5 0.5587146109375001 0.769275178125 0.5546183359375 0.775127 0.5456125296875001 0.7951853859375 0.5456849453125 0.7953715984375 0.5549389234375 0.8066820140625 0.5616223515625001 0.8092525640625 0.625886084375 0.8092525640625 0.6293750546875 0.8084121546875 0.6295079546875 0.7880784843749999 0.5993452765625 0.7107046593749999 0.58989839375 0.715170459375 0.586813734375 0.7208256671875 0.5919548328124999 0.7295655359375 0.5832149656250001 0.734706634375 0.5811585265625 0.7398477328124999 0.5821867468749999 0.7537286984375 0.5587146109375001 0.769275178125
3 0.8876206671875 0.4066592015625 0.88521929375 0.4138633203125 0.88121700625 0.416664921875 0.8501035578125 0.4209532859375 0.8765606578125 0.4318545921875 0.8917431890625 0.434023525 0.9025878546874999 0.4226366265625 0.91017911875 0.4074540953125 0.9156014515625 0.3835958328125 0.9145169859375001 0.3705822359375 0.9096368859374999 0.36461767031250003 0.88108645625 0.3490613453125 0.8876206671875 0.4066592015625
5 0.3487519046875 0.5580300031250001 0.3486286828125 0.52549935 0.35023369843749996 0.49393405156250003 0.350584471875 0.4922804046875 0.326141434375 0.46521846875 0.29339577656250004 0.4409624265625 0.2557989078125 0.4183234515625 0.20769108906249997 0.5048366734374999 0.1982138953125 0.51875 0.2878447890625 0.51875 0.2894604703125 0.6664694046874999 0.28975736875 0.6665436296875 0.3180560859375 0.6665436296875 0.311183540625 0.6277339609375 0.3115878078125 0.6196486125 0.31967315625000003 0.6107547296875 0.333418246875 0.5869029546875 0.3487519046875 0.5580300031250001
6 0.341747359375 0.7122680015625 0.3310746171875 0.6977835671875 0.320539184375 0.6888284484375 0.2895872703125 0.678062565625 0.2916481703125 0.866487725 0.177859496875 0.866487725 0.18568563437500002 0.8832072 0.19674783906249999 0.8979568062500001 0.216238390625 0.9127064140625001 0.2541659515625 0.92166153125 0.2731297328125 0.9185009015625001 0.2905131984375 0.9111260984375 0.309476978125 0.8979568062500001 0.3231730421875 0.8837339703125 0.3437171375 0.8526544421875 0.3584667453125 0.80471821875 0.3600470609375 0.7762725484375 0.3584667453125 0.7541481375 0.3465618703125 0.719921621875 0.3410689703125 0.71430316875 0.341747359375 0.7122680015625
0 0.9122731125 0.643225496875 0.87107645 0.618352040625 0.8709160890625001 0.6213989140625 0.8632436 0.633674896875 0.9028797125000001 0.7154925609375 0.8949377859375 0.7495293859375 0.9069964 0.7310108 0.9170701234375 0.7252543874999999 0.9549665125000001 0.737726615625 0.9554462125000001 0.5914177765625 0.94153488125 0.5981335921875 0.9247453421875 0.632672071875 0.9122731125 0.643225496875
6 0.679901915625 0.393051421875 0.6791014578125 0.3794436421875 0.6815028296875 0.3734402109375 0.70791793125 0.36703655 0.7139213640625 0.3390205328125 0.7255279984375 0.3246122953125 0.7399362359375 0.31980955 0.8301337156249999 0.3068265796875 0.815769796875 0.17837210625 0.807820015625 0.1645924859375 0.7860906140624999 0.1645924859375 0.6694938234375 0.1900317859375 0.5359375 0.2271307640625 0.5359375 0.337897715625 0.5405854796875 0.43085729375000004 0.567394046875 0.4143158359375 0.5786947140625001 0.42323741562499995 0.58761629375 0.4369171703125 0.5898501109375001 0.47377516093749994 0.5930062546875 0.47850937812499994 0.6217951359375 0.47463395156250004 0.7500376265625001 0.46450954375000003 0.7577946343749999 0.4578125 0.77799803125 0.46230214375 0.8433290390625 0.45714443281249995 0.847568921875 0.44866466562499996 0.8486288921874999 0.43223511875 0.846866465625 0.421399453125 0.74473898125 0.43547567656249997 0.7283296015625 0.4286717859375 0.720725253125 0.4194665234375 0.7111197625 0.4010559984375 0.6871060328125 0.4030571421875 0.679901915625 0.393051421875
3 0.5919874296875001 0.6009628203124999 0.6263974515624999 0.5712547875 0.6254794343750001 0.5522824390625 0.6121123468749999 0.5071685140625 0.5898501109375001 0.47377516093749994 0.59237446875 0.5154270703125 0.5920766421875 0.5812468828124999 0.5919874296875001 0.6009628203124999
3 0.48731238593750004 0.6720907359375 0.4858030515625 0.6739019374999999 0.4858030515625 0.6787856031249999 0.4930197734375 0.686002325 0.496022875 0.6872417000000001 0.5031178640625 0.6850011765625 0.5042445859375 0.6906347875 0.518542725 0.69653560625 0.5614288015625 0.6931938343749999 0.5643995953125 0.691554775 0.551929975 0.69207434375 0.542413625 0.6611462015625 0.530518184375 0.653414165625 0.5251652375 0.6427082703125 0.5227584953125 0.641354478125 0.506132534375 0.632002375 0.504942990625 0.6236755671875 0.48822871093750003 0.61768365625 0.49078976250000006 0.6690754109375 0.48731238593750004 0.6720907359375
3 0.7747169171875 0.8610696734375001 0.7801260078125 0.867079775 0.7890763390625 0.8730466625 0.8095342406249999 0.877308725 0.825303871875 0.873899075 0.8402210906249999 0.86665356875 0.8581217546875 0.8500315234375 0.8674982921875 0.8359667171874999 0.8760225374999999 0.8163238890625 0.755605903125 0.8163238890625 0.7623184328125 0.8301022390625 0.7722989546875 0.8406698499999999 0.775234403125 0.8512374625 0.7747169171875 0.8610696734375001
1 0.040625 0.866487725 0.2916481703125 0.866487725 0.2878447890625 0.51875 0.040625 0.51875 0.040625 0.866487725
3 0.45557691718750004 0.48866233125 0.446060565625 0.4553551015625 0.44696827343749995 0.451659440625 0.42941444687499997 0.4500636375 0.4133642953125 0.4505986421875 0.3807289859375 0.4580887140625 0.36360882499999997 0.46664879375 0.353978734375 0.4762788859375 0.35023369843749996 0.49393405156250003 0.3486286828125 0.52549935 0.34916368750000004 0.6667406859375 0.3623676984375 0.66813058125 0.39745310625 0.59975901875 0.409884253125 0.5886597796874999 0.42142746249999996 0.585108021875 0.4325064328125 0.5859602515625 0.4387422765625 0.5864399312499999 0.453744575 0.5961473015625 0.463308953125 0.5362440890625 0.45557691718750004 0.48866233125
5 0.4946824421875 0.68766499375 0.4858030515625 0.6787856031249999 0.4858030515625 0.6739019374999999 0.490242746875 0.668574303125 0.490242746875 0.6628026984375001 0.4858030515625 0.6530353671875 0.48047541562499996 0.6521474281249999 0.4742598421875 0.6596949109375 0.47026411562500003 0.66058285 0.456945028125 0.6477077328124999 0.4542812109375 0.6361645234375 0.4476216671875 0.628617040625 0.4476216671875 0.62328940625 0.4538372421875 0.611746196875 0.453891040625 0.6112261328125 0.4531978296875 0.61118535625 0.4520082859375 0.6070219531250001 0.453744575 0.5961473015625 0.4387422765625 0.5864399312499999 0.42142746249999996 0.585108021875 0.409884253125 0.5886597796874999 0.39745310625 0.59975901875 0.34550866562500004 0.70098408125 0.3410689703125 0.71430316875 0.4187636453125 0.7937737234375 0.4338586109375 0.8030970843749999 0.456501059375 0.8403905281249999 0.5253163437499999 0.8403905281249999 0.5546183359375 0.775127 0.563941696875 0.7618079125 0.5634977265625001 0.7573682171875 0.5523984875 0.7507086734375 0.523540465625 0.7182988953125 0.5204326781249999 0.7129712593749999 0.520876646875 0.702759959375 0.5115532859374999 0.7049798078125 0.50578168125 0.6983202640624999 0.5031178640625 0.6850011765625 0.4946824421875 0.68766499375
3 0.8632436 0.633674896875 0.8709160890625001 0.6213989140625 0.8714659812500001 0.61095095 0.8560689828125 0.5735582390625 0.8526776296874999 0.567930034375 0.8532915187500001 0.5703297875 0.859176228125 0.5933336484375 0.8517356453125 0.6099199468750001 0.8632436 0.633674896875
6 0.7623184328125 0.8301022390625 0.755605903125 0.8163238890625 0.7180222765625001 0.8163238890625 0.632875821875 0.7967177984375 0.6295079546875 0.7880784843749999 0.6290491046875 0.8582825375 0.6313974625000001 0.8747210437499999 0.6507714171875 0.8929208203125001 0.6548810453125 0.9046626109375 0.677190446875 0.9087722375 0.7077191046875 0.9075980593749999 0.71535126875 0.895269178125 0.734138134375 0.8929208203125001 0.7482282828125 0.8847015671875 0.7634926109375 0.8858757453124999 0.7740602234375 0.873546865625 0.775234403125 0.8512374625 0.7722989546875 0.8406698499999999 0.7623184328125 0.8301022390625
3 0.8876206671875 0.4066592015625 0.8768144890625 0.3114047453125 0.8728122015625001 0.305001084375 0.8680094546875001 0.3025997109375 0.8455966421875001 0.3046008546875 0.7399362359375 0.31980955 0.7255279984375 0.3246122953125 0.7139213640625 0.3390205328125 0.70791793125 0.36703655 0.6815028296875 0.3734402109375 0.6791014578125 0.3794436421875 0.679901915625 0.393051421875 0.6871060328125 0.4030571421875 0.7111197625 0.4010559984375 0.720725253125 0.4194665234375 0.7283296015625 0.4286717859375 0.74473898125 0.43547567656249997 0.88121700625 0.416664921875 0.88521929375 0.4138633203125 0.8876206671875 0.4066592015625
0 0.859176228125 0.5933336484375 0.8495446796874999 0.5556830484375 0.818898840625 0.52591280625 0.8138536999999999 0.5244882953125 0.841820740625 0.5894534 0.8517356453125 0.6099199468750001 0.859176228125 0.5933336484375
5 0.591779696875 0.6468716734375 0.5865419890625 0.67786144375 0.632875821875 0.7967177984375 0.7180222765625001 0.8163238890625 0.8793524015624999 0.8163238890625 0.9028797125000001 0.7154925609375 0.841820740625 0.5894534 0.7880440328125 0.4645345890625 0.7577946343749999 0.4578125 0.5919874296875001 0.6009628203124999 0.591779696875 0.6468716734375
5 0.506132534375 0.632002375 0.5251652375 0.6427082703125 0.530518184375 0.653414165625 0.542413625 0.6611462015625 0.551929975 0.69207434375 0.5804790296875 0.6908847984375 0.584642434375 0.6891004828125 0.591779696875 0.6468716734375 0.59237446875 0.5154270703125 0.58761629375 0.4369171703125 0.5786947140625001 0.42323741562499995 0.567394046875 0.4143158359375 0.5394397640624999 0.4315642234375 0.5120802546875 0.4268060484375 0.4888841484375 0.41491060781250005 0.4543873734375 0.4214531 0.446060565625 0.4553551015625 0.45557691718750004 0.48866233125 0.463308953125 0.5362440890625 0.4520082859375 0.6070219531250001 0.4531978296875 0.61118535625 0.4734200765625 0.6123749 0.504942990625 0.6236755671875 0.506132534375 0.632002375
6 0.26905975625 0.7576773640625001 0.2730123484375 0.7521437328125 0.269455015625 0.7410764734375 0.26075931093750004 0.7264518796874999 0.25206360625 0.728428175 0.20977086093750003 0.7549105484374999 0.206213528125 0.7671635875 0.192379453125 0.7746735140625 0.1927747125 0.7841597359375 0.1971225640625 0.79246018125 0.20107515625 0.795226996875 0.2117471578125 0.7900886265625 0.21214241718750002 0.7873218109375 0.23032434531249998 0.7861360328125 0.2682692375 0.7640015124999999 0.26905975625 0.7576773640625001