7 0.5981891078125 0.7789669421875 0.5904279046875 0.7789669421875 0.581926575 0.7783597046875 0.576461434375 0.7765379921875 0.5734252453125 0.7728945640625 0.5716035328125 0.7704656125 0.56917458125 0.7662149484375 0.5631022031249999 0.75832085625 0.5606732515624999 0.7564991421875 0.5473140187500001 0.7516412406249999 0.5454923046875 0.7492122890624999 0.5429031984375 0.7373024 0.523776875 0.7393086578125 0.52169323125 0.7363915546875 0.5196095859375001 0.7176387562500001 0.5158590265624999 0.7405588437499999 0.513358653125 0.7447261328125 0.48378930468750003 0.7428049609375 0.4812240796875 0.745553415625 0.5923814515625 0.7960306765625 0.5981891078125 0.7789669421875
3 0.391448875 0.493016128125 0.39625647656249996 0.5194579359375 0.3964797015625 0.5193211203125 0.397121565625 0.487227921875 0.3962534890625 0.48340195625 0.3890129671875 0.4725411734375 0.3804249671875 0.4691806515625 0.391448875 0.493016128125
3 0.23534717343749997 0.5568141796875 0.23583438124999997 0.581174534375 0.2402192453125 0.604560475 0.2475273515625 0.6235615515624999 0.25580987187500004 0.6357417296875 0.26693050625 0.6409048796875 0.2674471546875 0.6226499390625 0.268263446875 0.6189766265625 0.2788752359375 0.6161196062500001 0.3092701015625 0.6155669734375 0.2998071625 0.5879667328125 0.2987163921875 0.5765136421875 0.301705421875 0.5739322062500001 0.287701396875 0.531127446875 0.28516064218750004 0.5099544921875 0.29227513906249997 0.50238099375 0.2889399546875 0.49932374218750003 0.2655540140625 0.49347725625 0.2533738375 0.4998109484375 0.245091315625 0.512965540625 0.2382704171875 0.5339154453125 0.23534717343749997 0.5568141796875
5 0.6969030953125 0.7523831765625 0.68985854375 0.7576386359375 0.6856855687500001 0.7513791734375 0.6867288125 0.726341321875 0.6752531296875001 0.715908884375 0.6669071796875 0.714865640625 0.6642788984375 0.7099845484375 0.635210925 0.71059974375 0.6306893078125 0.71059974375 0.6300688421875 0.709048578125 0.6282110421875 0.71239261875 0.6165984828125 0.7244518156249999 0.6094522921875 0.727578275 0.59917964375 0.743210565625 0.5880137203125 0.738744196875 0.583302384375 0.730263790625 0.5833691046875 0.733057725 0.5429031984375 0.7373024 0.5454923046875 0.7492122890624999 0.5473140187500001 0.7516412406249999 0.5606732515624999 0.7564991421875 0.5631022031249999 0.75832085625 0.56917458125 0.7662149484375 0.5716035328125 0.7704656125 0.5734252453125 0.7728945640625 0.576461434375 0.7765379921875 0.581926575 0.7783597046875 0.5904279046875 0.7789669421875 0.6092522781249999 0.7789669421875 0.6122884671875 0.77957418125 0.61593189375 0.78139589375 0.619575321875 0.7820031328125 0.632934553125 0.7826103703125 0.6632964453125 0.785039321875 0.6839425328125001 0.7892899859375 0.6900149109375 0.7898972234375 0.6912293859374999 0.7892899859375 0.6924438625 0.7880755109375001 0.6912293859374999 0.785646559375 0.6906221484375 0.7838248453125 0.6936583374999999 0.7789669421875 0.6948728125 0.774716278125 0.6969030953125 0.7523831765625
5 0.5107455359374999 0.48862752968749995 0.5170628921875 0.48465662031249995 0.5174280234374999 0.392643415625 0.5162517953125 0.3887226578125 0.506449896875 0.3875464296875 0.399021096875 0.392251340625 0.3964797015625 0.5193211203125 0.4677858125 0.475617375 0.47214889531250004 0.4783443015625 0.4765119765625 0.48925200625 0.48264475312500005 0.5102786671875 0.4911252390625 0.509063696875 0.49511324375 0.5033665484375 0.5107455359374999 0.48862752968749995
1 0.7441651296875 0.601362359375 0.7359210609375 0.58574201875 0.7357671875 0.5852598859375 0.7254480859375 0.5828086046875 0.727180971875 0.6290189046875 0.7295290359375 0.627844871875 0.73333190625 0.6166091203125 0.7441651296875 0.601362359375
3 0.33803258125 0.8824026125 0.35096656249999997 0.8052606593749999 0.36092479375000003 0.7661745984375 0.3609011953125 0.7661058234375 0.3393471359375 0.8239824609375 0.3213139203125 0.8577947421875001 0.30609839375000003 0.87864565 0.33803258125 0.8824026125
6 0.6247693515625 0.5273613765625 0.6050475453125 0.53235936875 0.6256059046875 0.5581207703125 0.6247693515625 0.5273613765625
7 0.592508115625 0.7960881953125 0.47373278281250003 0.7421515703125 0.368782584375 0.735332771875 0.365775215625 0.7471366953125 0.3767857984375 0.7789781125 0.3808514890625 0.7810109578125 0.39792739374999997 0.7789781125 0.3995536703125 0.782230665625 0.3845106125 0.7976802937499999 0.3601164625 0.8074379531250001 0.3540179265625 0.8066248140625 0.35279821875 0.8029656921875 0.3682478453125 0.7875160640625001 0.36092479375000003 0.7661745984375 0.35096656249999997 0.8052606593749999 0.333844628125 0.9073807593750001 0.33629061875 0.910438246875 0.4402452125 0.9269486828125 0.482438546875 0.9526315828125 0.5179054078124999 0.9819834671875001 0.53258135 0.9819834671875001 0.55031478125 0.9245026921875 0.57599768125 0.8639644296875 0.592508115625 0.7960881953125
1 0.8724465609375001 0.7688134515625 0.8112388875000001 0.6931670453125001 0.784066865625 0.70056874375 0.7685366484375 0.6966203828124999 0.75757693125 0.6938340140625 0.73018903125 0.670935934375 0.7287844625 0.6717786765625 0.729890953125 0.7012850687500001 0.7321099171875 0.705476446875 0.7227207234375 0.7331224062499999 0.698030378125 0.7515421890625 0.7314284109375 0.7790147640625 0.7542313453125 0.8210201703125 0.763232503125 0.8300213296875001 0.7716335859375001 0.8456233375 0.8088383734375 0.8804278171875 0.8364419265624999 0.861825421875 0.843642853125 0.8516241093750001 0.8640454796875 0.8444231828125 0.8676459421875 0.8342218703125001 0.8610450937499999 0.82402055625 0.856844553125 0.8258207890625 0.849643625 0.8396225640624999 0.846360590625 0.833834146875 0.8478433937500001 0.83062140625 0.852043934375 0.8288211750000001 0.8616451703125 0.7994173906250001 0.8718464828125001 0.7814150734374999 0.8724465609375001 0.7688134515625
5 0.39625647656249996 0.5194579359375 0.396823040625 0.522574040625 0.39778476406249996 0.5224362578124999 0.48264475312500005 0.5102786671875 0.4765119765625 0.48925200625 0.47214889531250004 0.4783443015625 0.4677858125 0.475617375 0.39625647656249996 0.5194579359375
3 0.716600040625 0.452867546875 0.7075568046875 0.4443267140625 0.67540308125 0.43980509687499997 0.6387277390625 0.44884833124999995 0.6266700921874999 0.45839396875 0.6231532796875 0.46793960468750007 0.7152674484375 0.6456945625 0.715372628125 0.6453439640624999 0.723454303125 0.6457929453125 0.7273755421875 0.6342074656250001 0.7211216578124999 0.467437203125 0.716600040625 0.452867546875
1 0.47144148750000003 0.546690328125 0.4826074109375 0.5212320234375001 0.4911252390625 0.509063696875 0.396823040625 0.522574040625 0.40161189375 0.548912728125 0.401188434375 0.5662745515625 0.40584648437500004 0.6065031656250001 0.41045991875 0.62812864375 0.43111358906249997 0.6336698734375 0.42458325781250006 0.6610156359375 0.420909946875 0.689177690625 0.4200936546875 0.7283596796875 0.41682848906250003 0.7312166999999999 0.4037678265625 0.7308085546875 0.3635535265625 0.725542396875 0.3637529859375 0.7322242671875 0.36583663125 0.73514136875 0.513358653125 0.7447261328125 0.5158590265624999 0.7405588437499999 0.5196095859375001 0.7176387562500001 0.52169323125 0.7363915546875 0.523776875 0.7393086578125 0.5833691046875 0.733057725 0.583302384375 0.730263790625 0.5813141671875 0.726685 0.5625554171875 0.729811459375 0.55228276875 0.7213253578125001 0.5397769343750001 0.7052464296875 0.5076190781250001 0.6538831843749999 0.48930696406249996 0.630658065625 0.4778099796875 0.609580259375 0.4759078578125 0.6060930359375 0.47144148750000003 0.5913540187499999 0.4687616671875 0.5770616375000001 0.4687616671875 0.560536071875 0.47144148750000003 0.546690328125
3 0.8020017328125 0.5001699234375 0.7706252984375 0.4778261 0.7473306734375 0.47497369687499996 0.7363964609375 0.4825801046875 0.729740853125 0.49636672031250006 0.7254622484375 0.5172843421875 0.7254622484375 0.5396281671875001 0.7287900515625 0.56339819375 0.7359210609375 0.58574201875 0.7441651296875 0.601362359375 0.74545441875 0.59954780625 0.767903515625 0.5865273296875 0.8006791968750001 0.57530278125 0.84387043125 0.566374984375 0.8443123796875 0.565775196875 0.8481155843750001 0.5481853765625 0.84573858125 0.5258415515625 0.840509175 0.5130057375 0.8290995625 0.49684212031249997 0.81198514375 0.49351431718749994 0.8020017328125 0.5001699234375
3 0.5397769343750001 0.7052464296875 0.55228276875 0.7213253578125001 0.5625554171875 0.729811459375 0.5813141671875 0.726685 0.5880137203125 0.738744196875 0.59917964375 0.743210565625 0.6094522921875 0.727578275 0.6165984828125 0.7244518156249999 0.6282110421875 0.71239261875 0.643843334375 0.6842544937499999 0.6470667046874999 0.6798435640625 0.636653109375 0.667398046875 0.651258521875 0.650706146875 0.6578006203125 0.6282013296875 0.65500925625 0.6226186015625 0.6559025296875001 0.6038598515625 0.6425034234375 0.579294821875 0.5701482437500001 0.48862752968749995 0.55228276875 0.47746160781249997 0.5379903875000001 0.475675059375 0.526377828125 0.4788015171875 0.5107455359374999 0.48862752968749995 0.49511324375 0.5033665484375 0.4826074109375 0.5212320234375001 0.47144148750000003 0.546690328125 0.4687616671875 0.560536071875 0.4687616671875 0.5770616375000001 0.47144148750000003 0.5913540187499999 0.4759078578125 0.6060930359375 0.48930696406249996 0.630658065625 0.5076190781250001 0.6538831843749999 0.5397769343750001 0.7052464296875
5 0.2674471546875 0.6226499390625 0.26499828124999997 0.70917683125 0.26663086406250003 0.7128501421875 0.32021817656249996 0.7198675296875 0.3129544421875 0.7147401859375 0.3076690421875 0.706608803125 0.304823059375 0.6944117296875 0.31417414843749997 0.6830277921875 0.327386490625 0.6763133234375001 0.31515771875 0.621994825 0.3136925078125 0.615486565625 0.2788752359375 0.6161196062500001 0.268263446875 0.6189766265625 0.2674471546875 0.6226499390625
5 0.37190696875 0.691159175 0.362555878125 0.7212452921875 0.3623195625 0.72538080625 0.4037678265625 0.7308085546875 0.41682848906250003 0.7312166999999999 0.4200936546875 0.7283596796875 0.420909946875 0.689177690625 0.42458325781250006 0.6610156359375 0.43111358906249997 0.6336698734375 0.41045991875 0.62812864375 0.4126218296875 0.6382625984375 0.410081075 0.6420737296875 0.3617522 0.666988615625 0.3670281390625 0.67164385625 0.37190696875 0.691159175
3 0.39792739374999997 0.7789781125 0.3808514890625 0.7810109578125 0.3767857984375 0.7789781125 0.3617427390625 0.7354752125 0.362555878125 0.7212452921875 0.37190696875 0.691159175 0.3670281390625 0.67164385625 0.3617522 0.666988615625 0.3419041609375 0.677220834375 0.32835346875 0.6806085078125 0.327386490625 0.6763133234375001 0.31417414843749997 0.6830277921875 0.304823059375 0.6944117296875 0.3076690421875 0.706608803125 0.3129544421875 0.7147401859375 0.3267777921875 0.7244978453125 0.3381617296875 0.72897010625 0.3540179265625 0.7460460109375 0.3682478453125 0.7875160640625001 0.35279821875 0.8029656921875 0.3540179265625 0.8066248140625 0.3601164625 0.8074379531250001 0.3845106125 0.7976802937499999 0.3995536703125 0.782230665625 0.39792739374999997 0.7789781125
6 0.909332828125 0.666446115625 0.9263941421874999 0.6547725843750001 0.9371697078125001 0.6417521078124999 0.9394146187500001 0.6350173796874999 0.9362717453125 0.6251397765625 0.92729210625 0.6175070828125 0.9228022859375 0.6067315171875001 0.9290880328125001 0.593711040625 0.9263941421874999 0.5811395453125 0.9021491171875 0.5622823046875001 0.881046965625 0.5586904484375 0.8006791968750001 0.57530278125 0.767903515625 0.5865273296875 0.74545441875 0.59954780625 0.73333190625 0.6166091203125 0.723454303125 0.6457929453125 0.715372628125 0.6453439640624999 0.71402568125 0.6498337828125 0.711582909375 0.6507498234375 0.71385315 0.65122776875 0.7167574953125 0.6735912265625 0.723454303125 0.674976771875 0.73018903125 0.670935934375 0.75757693125 0.6938340140625 0.784066865625 0.70056874375 0.909332828125 0.666446115625
6 0.4126218296875 0.6382625984375 0.40584648437500004 0.6065031656250001 0.401188434375 0.5662745515625 0.40161189375 0.548912728125 0.391448875 0.493016128125 0.3757808875 0.45913940000000003 0.37154629687499996 0.4582924828125 0.29828787343749996 0.4959803421875 0.28516064218750004 0.5099544921875 0.287701396875 0.531127446875 0.310144728125 0.5997278203125 0.32835346875 0.6806085078125 0.3419041609375 0.677220834375 0.410081075 0.6420737296875 0.4126218296875 0.6382625984375
5 0.7321099171875 0.705476446875 0.7274153203125 0.6966088734375 0.7190693703125 0.6913926546875 0.71385315 0.65122776875 0.69403151875 0.64705479375 0.6841207015624999 0.6261899171875001 0.6726450203125001 0.6105412609374999 0.6642990703125 0.6058466625000001 0.651258521875 0.650706146875 0.636653109375 0.667398046875 0.6580396078125 0.6929575203125 0.6596044734375 0.7013034703125001 0.6669071796875 0.714865640625 0.6752531296875001 0.715908884375 0.6867288125 0.726341321875 0.6856855687500001 0.7513791734375 0.68985854375 0.7576386359375 0.7227207234375 0.7331224062499999 0.7321099171875 0.705476446875