7 0.52983114375 0.78102101875 0.52841183125 0.7783369921875 0.526677734375 0.7737586890625 0.521915025 0.7650118578125 0.5198009578125 0.7628326000000001 0.5073661421875 0.7559446624999999 0.505946828125 0.7532606359375 0.505252715625 0.741092353125 0.48604802031250005 0.74008189375 0.48444636562500004 0.7368747515625 0.48532195624999996 0.7180268765625 0.47803208125 0.7400780640625 0.474910584375 0.7438029015625001 0.44600582031249997 0.7372797171875 0.443042225 0.7395930453124999 0.5449346828125 0.806837690625 0.5533401921875 0.79089255625 0.5456745421875 0.7896784375 0.5373728718749999 0.7877487750000001 0.53225999375 0.7850945546875 0.52983114375 0.78102101875
3 0.4001272875 0.46737677499999997 0.3946749078125 0.45551704062500004 0.3867183421875 0.4508544328125 0.3938778375 0.4761209734375 0.3944898390625 0.5029893140625 0.39473171875 0.502889103125 0.4003861625 0.471291434375 0.4001272875 0.46737677499999997
3 0.23758157343750003 0.595870771875 0.2477575984375 0.6027100046875 0.2511235890625 0.584760634375 0.2525044640625 0.58126024375 0.263432540625 0.580098446875 0.2935396453125 0.584307421875 0.2885108390625 0.55556665625 0.28922515625 0.5440839390625001 0.2925812125 0.5420018718749999 0.2854457390625 0.4975333984375 0.2862484453125 0.47622365625 0.2944601078125 0.46985635156249994 0.29164424375000003 0.46631500312499996 0.269460815625 0.45688212968749997 0.2564397890625 0.46123244375 0.24620140781250002 0.472929409375 0.2361871984375 0.49255436250000006 0.22971779374999998 0.5147138796874999 0.22638820312500002 0.5388505343750001 0.22706071562500002 0.5626344984375 0.23130642343750002 0.5825448796875 0.23758157343750003 0.595870771875
5 0.6393198812499999 0.7406663171875 0.631239884375 0.7383303234375 0.6294075328125001 0.733098171875 0.6006011953125 0.729158559375 0.5961352468750001 0.7284512234375 0.5957650765625 0.72682209375 0.5934070265625 0.7298343390625 0.5800509625 0.7399284625 0.5725036671875 0.7418985203124999 0.5599120625 0.7557313546875 0.5495823046874999 0.7495732390625001 0.5462556015625 0.740460225 0.5458844328125 0.7432301984375 0.505252715625 0.741092353125 0.505946828125 0.7532606359375 0.5073661421875 0.7559446624999999 0.5198009578125 0.7628326000000001 0.521915025 0.7650118578125 0.526677734375 0.7737586890625 0.52841183125 0.7783369921875 0.52983114375 0.78102101875 0.53225999375 0.7850945546875 0.5373728718749999 0.7877487750000001 0.5456745421875 0.7896784375 0.56426715625 0.7926232171875001 0.567170971875 0.7936979453124999 0.5704845640625 0.7960671875 0.5739881421875 0.7972369078125 0.5870879062500001 0.7999265140625 0.616696021875 0.8070752062500001 0.6364229703125 0.8145032984375 0.6423255953125 0.8160529890625 0.6436201109375 0.8156432125 0.6450096203125 0.8146336765625 0.64419006875 0.8120446421875 0.6438752859375 0.8101503640625 0.6476340375 0.8058272343749999 0.6494985109375 0.8018188890625 0.6549974640625 0.7800783515624999 0.6472175078125 0.784167096875 0.6440751046875001 0.7773319015625 0.6490222875 0.75276550625 0.6393198812499999 0.7406663171875
5 0.5239621015625 0.38993990625 0.41711991875 0.377781325 0.39473171875 0.502889103125 0.47199670625 0.47087815624999996 0.47587948593749996 0.47425404687499995 0.47848250937500003 0.48570999531250003 0.4812504875 0.5074371609375 0.489816628125 0.5075637890625 0.4946467640625 0.50256064375 0.5123922875 0.49044851562499997 0.519253053125 0.48751474687499996 0.534007725 0.396691496875 0.5334593203125 0.3926350078125 0.5239621015625 0.38993990625
1 0.70420099375 0.6629694015625 0.7067038078125 0.662177140625 0.7122175171875 0.6516746203125 0.7253024859375 0.6383102625 0.719603475 0.6215925765625 0.7195269171875001 0.621092309375 0.7097183265625 0.61705694375 0.70420099375 0.6629694015625
3 0.290643015625 0.7948620546875 0.2675424140625 0.825437034375 0.2492524140625 0.843651 0.2802057203125 0.8523573156250001 0.3050481234375 0.778188428125 0.320998159375 0.7411413921875 0.3209856109375 0.741069771875 0.290643015625 0.7948620546875
6 0.598692115625 0.5483940281249999 0.6149673953125 0.5770543 0.618952971875 0.5465427390625 0.598692115625 0.5483940281249999
7 0.334660978125 0.75626848125 0.33835860625 0.7589123125 0.355542284375 0.7595757546875 0.356639728125 0.7630426703125 0.3393650203125 0.7759488343750001 0.31374476875 0.781770275 0.30784851875 0.7800131265625 0.30721624062499997 0.77620825 0.3248925109375 0.7633656859375 0.320998159375 0.7411413921875 0.3050481234375 0.778188428125 0.2721618859375 0.8763728000000001 0.274099465625 0.87977528125 0.3741914046875 0.912344528125 0.411847578125 0.9443117203125 0.4422861359375 0.9788504734375 0.45678139375000004 0.981146296875 0.483288471875 0.927147325 0.5181254421875 0.8713720796875 0.5450507890625 0.806914315625 0.43617532499999995 0.735061184375 0.3335839328125 0.7119085093749999 0.3287670484375 0.72309665 0.334660978125 0.75626848125
1 0.7240834109375001 0.7317415046875 0.7006147515625 0.7048409265625 0.699095640625 0.7054535703125 0.6955726921875 0.734769784375 0.6971086609375 0.73925668125 0.6835102828124999 0.7650934796875 0.656242428125 0.7794240640625001 0.6849316171875001 0.8117830093749999 0.7008827171875 0.8568384234374999 0.7083649640624999 0.8671368546875 0.7142219234375 0.8838609953125 0.7455240390625 0.9240570859374999 0.7756978015625 0.9100018640625 0.784405909375 0.90105261875 0.8056838187500001 0.897132021875 0.8108357906249999 0.887619540625 0.8059120468750001 0.876511221875 0.8014816031249999 0.8776321812500001 0.7922102578125 0.8901375609375 0.7898731515625 0.883906828125 0.79184028125 0.880965603125 0.7962707250000001 0.8798446453125001 0.8103535187500001 0.852304834375 0.82324541875 0.8361199921875 0.8258094375 0.823767390625 0.7771890375 0.7394773265625 0.7491936671875 0.7425372578125 0.7344723125 0.7362080468750001 0.7240834109375001 0.7317415046875
5 0.47848250937500003 0.48570999531250003 0.47587948593749996 0.47425404687499995 0.47199670625 0.47087815624999996 0.3944898390625 0.5029893140625 0.3945619625 0.506155684375 0.39553340000000003 0.50617004375 0.4812504875 0.5074371609375 0.47848250937500003 0.48570999531250003
3 0.631619190625 0.4787217765625 0.626652409375 0.4875997390625 0.6898254984375 0.67757606875 0.6899842281249999 0.6772462406249999 0.69789616875 0.678953946875 0.7035814984375001 0.6681245203125 0.7234932265625 0.502429153125 0.721306475 0.48733153749999997 0.71371065625 0.4774811828125 0.6826601359375 0.4679852828125 0.6450216546875 0.4711798921875 0.631619190625 0.4787217765625
1 0.395171578125 0.532919240625 0.3920373453125 0.5500010671875 0.3903449046875 0.5904630796875 0.39151857031250004 0.6125440125 0.4110511203125 0.6212479671875 0.40032336874999996 0.6472354890625 0.392289765625 0.6744761890625 0.38535410937500003 0.7130480859375 0.3816822078125 0.7153591484375 0.36884619218750003 0.7129128890625 0.32995080468750004 0.7014206640625 0.329102534375 0.708051471875 0.330704190625 0.7112586140625 0.474910584375 0.7438029015625001 0.47803208125 0.7400780640625 0.48532195624999996 0.7180268765625 0.48444636562500004 0.7368747515625 0.48604802031250005 0.74008189375 0.5458844328125 0.7432301984375 0.5462556015625 0.740460225 0.5448517078124999 0.7366144703125 0.5258348234375 0.7367679218750001 0.5170161671875 0.726779303125 0.5071795984375 0.7089419890624999 0.48345264062500004 0.6531805140625 0.46899918906250004 0.6273766890625 0.46094104687500004 0.6047598609375 0.4596078640625 0.6010180125 0.45750217343750005 0.5857617640624999 0.4570911671875 0.5712261296875 0.459676334375 0.5549040203125 0.4644891140625 0.5416479578125 0.479500121875 0.518249821875 0.489816628125 0.5075637890625 0.3945619625 0.506155684375 0.395171578125 0.532919240625
3 0.7274807328125 0.5323508390625 0.7199825671875 0.552341609375 0.7164872234375 0.5744103453125 0.7160556031249999 0.59840830625 0.719603475 0.6215925765625 0.7253024859375 0.6383102625 0.726859759375 0.6367197375 0.751069321875 0.627371378125 0.7851973859375 0.62141226875 0.8292534796875 0.619350984375 0.829783815625 0.61882771875 0.83629185 0.602049409375 0.8374394562499999 0.5796088296875 0.834282396875 0.5661129859375 0.8255418015625 0.5483635125 0.8091586734374999 0.5423993953124999 0.7982570078125 0.5474113109375 0.7707622140625 0.520434221875 0.7482005984375 0.5139728531250001 0.7362111 0.5197751265624999 0.7274807328125 0.5323508390625
3 0.5495823046874999 0.7495732390625001 0.5599120625 0.7557313546875 0.5725036671875 0.7418985203124999 0.5800509625 0.7399284625 0.5934070265625 0.7298343390625 0.6132486312500001 0.7044880703125 0.6171223375 0.7006356921875 0.608783859375 0.6867143546875 0.62582064375 0.67251275 0.6358027265625 0.6513084140625 0.6339190593749999 0.645357753125 0.63773585 0.62696969375 0.6283445265625 0.6006110171875 0.5710636484375 0.49974114687500004 0.5551648625000001 0.4859179203125 0.541327921875 0.48191754531250003 0.529369246875 0.4831889078125 0.5123922875 0.49044851562499997 0.4946467640625 0.50256064375 0.479500121875 0.518249821875 0.4644891140625 0.5416479578125 0.459676334375 0.5549040203125 0.4570911671875 0.5712261296875 0.45750217343750005 0.5857617640624999 0.4596078640625 0.6010180125 0.46899918906250004 0.6273766890625 0.48345264062500004 0.6531805140625 0.5071795984375 0.7089419890624999 0.5170161671875 0.726779303125 0.5258348234375 0.7367679218750001 0.5448517078124999 0.7366144703125 0.5495823046874999 0.7495732390625001
5 0.28166451718749996 0.68283600625 0.2777162171875 0.673977915625 0.2768133171875 0.6614857984375 0.28783011875 0.6517048484375 0.30193016875 0.6471399124999999 0.2983492390625 0.5915771624999999 0.2979201828125 0.584919821875 0.263432540625 0.580098446875 0.2525044640625 0.58126024375 0.2511235890625 0.584760634375 0.2351690765625 0.6698391484374999 0.23620692656250003 0.673722628125 0.2880367296875 0.6890365218750001 0.28166451718749996 0.68283600625
5 0.3816822078125 0.7153591484375 0.38535410937500003 0.7130480859375 0.392289765625 0.6744761890625 0.40032336874999996 0.6472354890625 0.4110511203125 0.6212479671875 0.39151857031250004 0.6125440125 0.3920685640625 0.6228913984375 0.3889628984375 0.6262581468749999 0.337331484375 0.6433059875 0.341814228125 0.648729253125 0.3435801234375 0.6687675234375 0.3296376546875 0.6970203984375 0.3287573109375 0.7010680296875 0.36884619218750003 0.7129128890625 0.3816822078125 0.7153591484375
3 0.3296376546875 0.6970203984375 0.3435801234375 0.6687675234375 0.341814228125 0.648729253125 0.337331484375 0.6433059875 0.3161271359375 0.6503073140625 0.3022133265625 0.651533484375 0.30193016875 0.6471399124999999 0.28783011875 0.6517048484375 0.2768133171875 0.6614857984375 0.2777162171875 0.673977915625 0.28166451718749996 0.68283600625 0.2937912453125 0.69463598125 0.3043354109375 0.7008340203125 0.3173251328125 0.7201801484375 0.3248925109375 0.7633656859375 0.30721624062499997 0.77620825 0.30784851875 0.7800131265625 0.31374476875 0.781770275 0.3393650203125 0.7759488343750001 0.356639728125 0.7630426703125 0.355542284375 0.7595757546875 0.33835860625 0.7589123125 0.334660978125 0.75626848125 0.3266084765625 0.710947921875 0.3296376546875 0.6970203984375
6 0.9113243421874999 0.6918470359375 0.9036492734375001 0.6829035875 0.9009003999999999 0.671558325 0.9091456109375 0.659681459375 0.9084515015625 0.646843321875 0.8874548953125 0.6244254875 0.8671744359375 0.61757675 0.7851973859375 0.62141226875 0.751069321875 0.627371378125 0.726859759375 0.6367197375 0.7122175171875 0.6516746203125 0.69789616875 0.678953946875 0.6899842281249999 0.6772462406249999 0.6879515015625 0.6814700734375 0.6853955046875 0.6819927015625 0.687563028125 0.6828199078125 0.6869332 0.7053623734375 0.6933308125 0.707778471875 0.7006147515625 0.7048409265625 0.7240834109375001 0.7317415046875 0.7491936671875 0.7425372578125 0.878255353125 0.72843065 0.89693275625 0.7195698171875 0.9096125078125 0.7083953140625 0.9128833234375 0.7020946828125 0.9113243421874999 0.6918470359375
6 0.3938778375 0.4761209734375 0.3837022375 0.4402103109375 0.37965226875 0.4387113859375 0.301400096875 0.46447510156250005 0.2862484453125 0.47622365625 0.2854457390625 0.4975333984375 0.29688129375 0.568800096875 0.3022133265625 0.651533484375 0.3161271359375 0.6503073140625 0.3889628984375 0.6262581468749999 0.3920685640625 0.6228913984375 0.3903449046875 0.5904630796875 0.3920373453125 0.5500010671875 0.395171578125 0.532919240625 0.3938778375 0.4761209734375
5 0.66863823125 0.675597521875 0.66211341875 0.6534391328125 0.6532270109375 0.6361879453125 0.645718209375 0.6302455515625 0.62582064375 0.67251275 0.608783859375 0.6867143546875 0.625908671875 0.715304734375 0.6261486765625001 0.72379273125 0.631239884375 0.7383303234375 0.6393198812499999 0.7406663171875 0.6490222875 0.75276550625 0.6440751046875001 0.7773319015625 0.6472175078125 0.784167096875 0.6835102828124999 0.7650934796875 0.6971086609375 0.73925668125 0.69385905625 0.7297638859375 0.6864318546875 0.72330629375 0.687563028125 0.6828199078125 0.66863823125 0.675597521875