5 0.476640146875 0.5013629 0.47826359375000005 0.50002840625 0.474435459375 0.5004654734375 0.476640146875 0.5013629
6 0.605414190625 0.8251848546874999 0.6099195109375 0.8354104984375 0.624570696875 0.8521150953125 0.6816002109375 0.9359481562499999 0.6913211984375 0.945343434375 0.7110250703125 0.9509055671875 0.7300631765625 0.9361306062500001 0.7373877 0.92798554375 0.735817746875 0.9280469671875 0.687684446875 0.9186908015625 0.6919127140625 0.896938253125 0.7010520765625 0.877100940625 0.6948024015625001 0.8499495359375 0.6988507421875 0.8291226281249999 0.664811671875 0.8027229453125001 0.6584389390625 0.8067524531249999 0.636192428125 0.8261104140625 0.6118989109374999 0.8213882312499999 0.605414190625 0.8251848546874999
5 0.37955119375 0.5610925375 0.3795583421875 0.561103946875 0.42736458749999995 0.49310345 0.32490423281249997 0.526344959375 0.33103890156250004 0.5378935328125001 0.3534042 0.5407331890625 0.37955119375 0.5610925375
5 0.3054673671875 0.5921016921875 0.3308418515625 0.6036456718750001 0.358944315625 0.5904257234375 0.33103890156250004 0.5378935328125001 0.3214293890625 0.5366734390625 0.3048529015625 0.585944715625 0.3054673671875 0.5921016921875
5 0.8447096453125 0.75084651875 0.8403309875 0.740191815625 0.75056021875 0.8055818890625 0.7386536125000001 0.8083225359374999 0.729434925 0.790733553125 0.7119799984374999 0.7797580734375 0.695963828125 0.787386840625 0.68410855 0.7996156953125 0.6729291749999999 0.80186581875 0.6689715203125 0.800092653125 0.664811671875 0.8027229453125001 0.6988507421875 0.8291226281249999 0.6948024015625001 0.8499495359375 0.7010520765625 0.877100940625 0.6919127140625 0.896938253125 0.687684446875 0.9186908015625 0.735817746875 0.9280469671875 0.826323496875 0.9245059859375001 0.8344223156250001 0.9174347062500001 0.84263710625 0.914708734375 0.872551359375 0.8893035062499999 0.8765877640624999 0.8833638015625 0.8712377218749999 0.8515841953125 0.8725481546875 0.8374297 0.8447096453125 0.75084651875
5 0.863198384375 0.489419628125 0.8017018625000001 0.47746591406250005 0.6715827875 0.563988253125 0.6972032828125 0.6340713734375 0.7081211890625 0.6789371640625 0.7206645078125 0.7570429953125 0.720819615625 0.7651597671875 0.7157334328125 0.770524884375 0.67682069375 0.7951295843749999 0.6689715203125 0.800092653125 0.6729291749999999 0.80186581875 0.68410855 0.7996156953125 0.695963828125 0.787386840625 0.7119799984374999 0.7797580734375 0.729434925 0.790733553125 0.7386536125000001 0.8083225359374999 0.75056021875 0.8055818890625 0.8977815328125001 0.6983441703125 0.9118998265625 0.6322133437499999 0.8659048140625 0.49500076093749995 0.863198384375 0.489419628125
3 0.47698874687500004 0.9294256624999999 0.495511328125 0.9317609859375 0.5065354906249999 0.9661639531249999 0.5215022984375 0.9640128000000001 0.541513725 0.9489261062500001 0.5560223375 0.92960701875 0.55522583125 0.9174337296875 0.54330521875 0.8974051765625 0.54616443125 0.8631706609375 0.543793446875 0.8525889765624999 0.5173191859374999 0.7981717640625 0.4787801640625 0.784869434375 0.421507384375 0.8157102109375 0.466948078125 0.9192507953125 0.47698874687500004 0.9294256624999999
5 0.4787801640625 0.784869434375 0.399966728125 0.7576657765625 0.3939042703125 0.7264513375 0.41548464999999996 0.6154299062499999 0.41324101406249997 0.6166170734375 0.4079613203125 0.6160401265625 0.40281344687500004 0.6078503578125 0.40078046250000005 0.5998167421875 0.39409339375 0.594922346875 0.3942972078125 0.5846275984375 0.385530503125 0.5706356859375 0.358944315625 0.5904257234375 0.3304489140625 0.6038305171875 0.3168944640625 0.6150878718749999 0.267441821875 0.6420998109375 0.219612228125 0.67700473125 0.2210671171875 0.698757103125 0.234642878125 0.7588586328125 0.23853304375 0.8038168562499999 0.25111132187499996 0.859304290625 0.2618115 0.8822223062500001 0.274217403125 0.883370853125 0.3245834484375 0.8679027046875 0.4787801640625 0.784869434375
7 0.4356415125 0.5360497765625001 0.42736458749999995 0.49310345 0.4105004296875 0.44579201093750004 0.40565369687499997 0.44529922187500004 0.38293689375 0.4673934125 0.378920584375 0.476497765625 0.364681525 0.48271637656250005 0.3493483953125 0.49456348281249995 0.3204869734375 0.5320881281250001 0.3200783453125 0.5365019 0.3534042 0.5407331890625 0.37955119375 0.5610925375 0.3942972078125 0.5846275984375 0.39409339375 0.594922346875 0.40078046250000005 0.5998167421875 0.40281344687500004 0.6078503578125 0.4079613203125 0.6160401265625 0.41324101406249997 0.6166170734375 0.41548464999999996 0.6154299062499999 0.42041065624999996 0.5900878046875 0.4360165703125 0.54272503125 0.4356415125 0.5360497765625001
5 0.7157334328125 0.770524884375 0.720819615625 0.7651597671875 0.7206645078125 0.7570429953125 0.7081211890625 0.6789371640625 0.6972032828125 0.6340713734375 0.6319642671875 0.45561448281250005 0.5579383499999999 0.44122530156249995 0.5093015734375 0.47451483281250006 0.4666790515625 0.5095510328125 0.4429478859375 0.5216890171874999 0.42041065624999996 0.5900878046875 0.3939042703125 0.7264513375 0.399966728125 0.7576657765625 0.5493650375 0.809232878125 0.636192428125 0.8261104140625 0.6584389390625 0.8067524531249999 0.7157334328125 0.770524884375
3 0.6183691671875 0.5879301124999999 0.6085231984374999 0.58601625 0.6042656578125001 0.5874610671875 0.593574271875 0.5973858812499999 0.5623167125 0.631581825 0.5792850015625 0.6356803484375 0.5950233609375 0.6510863109375 0.6061000765625 0.65323940625 0.639865378125 0.6525649734375001 0.6494375328124999 0.64931661875 0.6568556453125 0.641817815625 0.6611964171875 0.6260573484374999 0.6564319734375 0.60895275625 0.6183691671875 0.5879301124999999
3 0.6424030875 0.5520580859375 0.6488730265625 0.5385145421875001 0.6466710390625 0.521640771875 0.6329209203125 0.49649216406249996 0.618511425 0.48601656249999997 0.6091207515625 0.48638396562499997 0.59377353125 0.49765375 0.48065237656250004 0.6170986484375 0.4343051171875 0.6919629640625 0.4018799890625 0.7262263328125 0.3991955171875 0.7372165468749999 0.4027174765625 0.7444794453125 0.41034777968749997 0.7503481578125 0.417728196875 0.749041809375 0.437770146875 0.7277207578125 0.4558463671875 0.7136922875 0.5147561375 0.6785469046875 0.5399628953125 0.656037021875 0.593574271875 0.5973858812499999 0.6424030875 0.5520580859375