5 0.47666748906249995 0.501770378125 0.4782674 0.5004077546875 0.4744474765625 0.5009115656249999 0.47666748906249995 0.501770378125
6 0.61107339375 0.8232955953125 0.615756490625 0.833441053125 0.6306969796875 0.8498874078125 0.6891808968750001 0.9327124 0.6990643734375 0.941936590625 0.7188623187500001 0.9471539968749999 0.7376396656249999 0.9320490250000001 0.7448209218749999 0.9237773734375001 0.7432522796875001 0.9238661875 0.6949630234375 0.9153514890625001 0.6988110125 0.8935284593749999 0.707602775 0.8735346640625 0.70088019375 0.846496465625 0.7045644375 0.8256020765625 0.6700698140625 0.7998004796875 0.6637683765625 0.8039405921875 0.641863096875 0.8236838593750001 0.617490865625 0.819386378125 0.61107339375 0.8232955953125
5 0.38063575 0.5631853546875 0.3806430984375 0.5631966375 0.4272552890625 0.49437216250000005 0.32539068437499996 0.5293967890625 0.33172596875 0.5408365390625 0.35413741875000004 0.543285434375 0.38063575 0.5631853546875
5 0.30710439218749996 0.595482728125 0.33267648125 0.6065821015624999 0.3605439453125 0.5928737125 0.33172596875 0.5408365390625 0.3220966265625 0.539784340625 0.306382565625 0.5893374125 0.30710439218749996 0.595482728125
5 0.8490350203125001 0.7447923015625 0.844471078125 0.7342156390625 0.755855196875 0.80116246875 0.7439982359374999 0.804110496875 0.7344739812500001 0.78668508125 0.7168301640625 0.776015903125 0.700949575 0.7839230296874999 0.6893095234375 0.796356925 0.678171121875 0.7988018125 0.674183125 0.7970979890625001 0.6700698140625 0.7998004796875 0.7045644375 0.8256020765625 0.70088019375 0.846496465625 0.707602775 0.8735346640625 0.6988110125 0.8935284593749999 0.6949630234375 0.9153514890625001 0.7432522796875001 0.9238661875 0.833682446875 0.9187462 0.8416566218750001 0.9115346546875 0.8498225859374999 0.9086657296875 0.8792889015625001 0.8827422953124999 0.8832210296874999 0.87673305 0.8773171703125 0.8450516546875001 0.8783803734375001 0.8308764453125 0.8490350203125001 0.7447923015625
5 0.8629584140625 0.48308255312500004 0.8012626375 0.4722039234375 0.672673403125 0.5609839734375 0.6995131156250001 0.6306092828125001 0.711212375 0.6752776953125 0.7251169187500001 0.7531527203125 0.725413659375 0.761265546875 0.720421884375 0.766718615625 0.681944484375 0.7919986875 0.674183125 0.7970979890625001 0.678171121875 0.7988018125 0.6893095234375 0.796356925 0.700949575 0.7839230296874999 0.7168301640625 0.776015903125 0.7344739812500001 0.78668508125 0.7439982359374999 0.804110496875 0.755855196875 0.80116246875 0.9011825312499999 0.691371715625 0.914144534375 0.6250045640625 0.8657618359375 0.48861560312499996 0.8629584140625 0.48308255312500004
3 0.4844867625 0.9297618609375 0.5030472796875001 0.9317735656250001 0.514670178125 0.96597889375 0.5295971625 0.9635668624999999 0.54934224375 0.9481332171875 0.5635114812500001 0.9285638640625 0.5625026421875 0.916406328125 0.5502343 0.89658886875 0.5524956015625 0.86230966875 0.549940303125 0.851770975 0.5225203640625 0.797824090625 0.483755053125 0.7851963843750001 0.42702924218750005 0.8170320109375 0.47427004687499996 0.9197637765625 0.4844867625 0.9297618609375
5 0.483755053125 0.7851963843750001 0.4044788515625 0.7593723531250001 0.39787255 0.7282684734375 0.41751205156250004 0.6168873234375 0.4152894765625 0.618113465625 0.41000051718749997 0.6176287484375 0.40471049687500005 0.6095300703125 0.40253761718750003 0.601533159375 0.395766146875 0.5967562156249999 0.3957902625 0.586459478125 0.3867807 0.5726226953125 0.3605439453125 0.5928737125 0.33228683124999997 0.6067737765625 0.3189309125 0.6182659765625 0.269957225 0.64613686875 0.222744090625 0.6818712140625001 0.2245783890625 0.70359488125 0.239201 0.763450328125 0.2438752015625 0.8083338109374999 0.257419953125 0.8635932734375 0.2685184765625 0.8863210546875001 0.2809425359375 0.8872529140625 0.331030953125 0.8709081125000001 0.483755053125 0.7851963843750001
7 0.43628047031249995 0.537167496875 0.4272552890625 0.49437216250000005 0.40956800156249995 0.44736225 0.40471340468749994 0.44695412343749996 0.382385659375 0.46944141093749997 0.37852885625 0.478614471875 0.36440049375 0.4850806421875 0.349276459375 0.49719354375 0.3210743296875 0.5352161765625 0.32074279375 0.53963640625 0.35413741875000004 0.543285434375 0.38063575 0.5631853546875 0.3957902625 0.586459478125 0.395766146875 0.5967562156249999 0.40253761718750003 0.601533159375 0.40471049687500005 0.6095300703125 0.41000051718749997 0.6176287484375 0.4152894765625 0.618113465625 0.41751205156250004 0.6168873234375 0.4219950265625 0.591463109375 0.43677197031250004 0.5438351890625001 0.43628047031249995 0.537167496875
5 0.720421884375 0.766718615625 0.725413659375 0.761265546875 0.7251169187500001 0.7531527203125 0.711212375 0.6752776953125 0.6995131156250001 0.6306092828125001 0.631169534375 0.45331814843749996 0.556903765625 0.44022308906249996 0.5088553796874999 0.4743563796875 0.46685081562499997 0.510131109375 0.4433351 0.5226814109375 0.4219950265625 0.591463109375 0.39787255 0.7282684734375 0.4044788515625 0.7593723531250001 0.554754378125 0.8083242421874999 0.641863096875 0.8236838593750001 0.6637683765625 0.8039405921875 0.720421884375 0.766718615625
3 0.61988573125 0.58585089375 0.610007859375 0.584109159375 0.605776184375 0.5856280593750001 0.5952596390625 0.595737953125 0.564603640625 0.6304742078125 0.581640875 0.63427596875 0.5976457078124999 0.6494049125 0.6087583140625 0.651364365625 0.6425067015625 0.65010075 0.65202070625 0.6466858328125 0.6593068171875001 0.6390587078125 0.6633718703125 0.623224884375 0.6583096359375 0.6062060484375 0.61988573125 0.58585089375
3 0.6432899375 0.54956488125 0.649522525 0.535910484375 0.6470263843749999 0.5190777125 0.6328394562499999 0.494172909375 0.6182493296875 0.4839503828125 0.6088665 0.4844816203125 0.5937183 0.49601753281249994 0.4826989765625 0.6174184765625 0.4376653390625 0.6930802609375 0.405843128125 0.7279043078125 0.40335086875000004 0.7389396984375 0.4069990484375 0.7461400234375 0.4147306109375 0.7518746765625 0.42208710624999995 0.7504397203125001 0.4417539 0.728772134375 0.45958253750000005 0.714430328125 0.5178699640625 0.6782621796875 0.5426800296875001 0.655315809375 0.5952596390625 0.595737953125 0.6432899375 0.54956488125