1 0.7223381 0.5300407234375 0.722996675 0.52591365 0.686838765625 0.5175695171875 0.68842575625 0.5276685484375 0.6989024625 0.5943384968750001 0.7223381 0.5300407234375
1 0.5943434640625 0.532444378125 0.6127732015625 0.502060215625 0.5935299390625 0.4943054671875 0.5886637421875001 0.510728884375 0.5859917109375 0.5557716875 0.5943434640625 0.532444378125
1 0.4800326265625 0.7870448828125001 0.45064470156249997 0.7458254546875 0.44119712968749997 0.729063634375 0.34455909687499997 0.749603425 0.2839906828125 0.749603425 0.2640625 0.8595520203125 0.2640625 0.8660054953125 0.26452346250000003 0.8673883828125 0.4095441953125 0.9086406140625 0.416001040625 0.8707066453125 0.4312572421875 0.8373337046874999 0.44746695625 0.813495890625 0.4751188203125 0.7891813203125 0.4800326265625 0.7870448828125001
3 0.5705390015625 0.584905015625 0.5664721703125 0.611847778125 0.566776934375 0.615243721875 0.5723842421875001 0.6143583578125 0.5769169640625 0.58111839375 0.5830233953125 0.5640625 0.5705390015625 0.5640625 0.5705390015625 0.584905015625
6 0.8182130296875 0.771153796875 0.8158313843749999 0.7673431625 0.8158313843749999 0.75829290625 0.8101154328125 0.7563875890625 0.8082101156249999 0.764961515625 0.8063047984375 0.7654378453125 0.8077337859375 0.755911259375 0.8061097390624999 0.7549058984375 0.8004568921875 0.7674016671875 0.779649603125 0.789896034375 0.7818660109375 0.7912812890625001 0.7820120046875 0.7911596265624999 0.790109603125 0.79449393125 0.800588846875 0.7906832968749999 0.8077337859375 0.79592291875 0.8144023953125 0.7873489921875 0.8182130296875 0.771153796875
6 0.44724130000000006 0.5383867046875 0.44452740156250004 0.5460195437500001 0.42034029687499996 0.5814043812499999 0.40544401875 0.600409978125 0.4363035375 0.6400865015625 0.45887939375000003 0.6655443828125 0.46080074375 0.6818758546875 0.46315466875 0.6843867078125 0.513780290625 0.61875 0.5218230421875 0.61875 0.5280891624999999 0.6263783218750001 0.529431990625 0.6178225937499999 0.5345895015625 0.6172495375 0.5454775828125 0.6172495375 0.5523542640625 0.6161034234375 0.556239596875 0.6159268171875001 0.5518039781249999 0.6046361515625 0.5046221281250001 0.51813609375 0.495102984375 0.509030825 0.4826867078125 0.507375321875 0.4706843078125 0.516066715625 0.44724130000000006 0.5383867046875
0 0.757630665625 0.57409520625 0.7819590328125 0.5503750468749999 0.7938387515625001 0.5422620703125001 0.776420340625 0.509008740625 0.7493792203125 0.479563965625 0.73135180625 0.4735548265625 0.7223381 0.5300407234375 0.6989024625 0.5943384968750001 0.6790723078124999 0.468146603125 0.6165772734375 0.4957886375 0.5943434640625 0.532444378125 0.5769169640625 0.58111839375 0.5723842421875001 0.6143583578125 0.575849596875 0.613811196875 0.582153221875 0.6132381390625 0.5855915625 0.613811196875 0.590749075 0.614384253125 0.594760471875 0.6161034234375 0.6004910406249999 0.6183956515625 0.603356325 0.6212609359375 0.6085138375 0.6246992765625 0.6194019171875 0.6338681859374999 0.6239863734375 0.6367334703124999 0.6331552828125 0.6447562671875 0.6446164203125 0.6539251765625 0.6486278171875 0.6573635171875 0.6532122734375 0.661374915625 0.67899983125 0.6831510765625 0.681865115625 0.6860163609375001 0.68538005 0.6888922156249999 0.69032543125 0.6837566265625 0.696834215625 0.6769975046875001 0.681465353125 0.673179153125 0.6705413609375 0.66013770625 0.701514434375 0.6611209796875 0.70237523125 0.6609694296875 0.703500046875 0.6537706109375 0.7187052781250001 0.6203191046875001 0.757630665625 0.57409520625
0 0.751778053125 0.7473334453125 0.7552163937499999 0.7524909578125001 0.7586547359375 0.7673904359375 0.75980085 0.7771324015625 0.76037390625 0.7794246296875 0.7615200203125 0.7811437999999999 0.7775656125 0.7885935390625 0.779649603125 0.789896034375 0.8004568921875 0.7674016671875 0.8232916156250001 0.7169249093750001 0.8311034953125 0.6796682546875 0.831221771875 0.67056086875 0.7989913484375 0.6842151375000001 0.78013440625 0.7006027171875 0.7558060375 0.7109422734375 0.7187052781250001 0.7115504828125 0.716064434375 0.7144847546875 0.7153516765625 0.71527670625 0.721979096875 0.7215458859375 0.7328671765625 0.7301417390625 0.7357324609375 0.7324339671875 0.746047484375 0.7410298203125001 0.751778053125 0.7473334453125
5 0.8944777343749999 0.59234148125 0.861026228125 0.6203191046875001 0.8312239781249999 0.656203446875 0.7989913484375 0.6842151375000001 0.875553609375 0.65177989375 0.949299021875 0.6119573703125 0.961589925 0.6011413765625 0.960115015625 0.5927835625 0.9463492062500001 0.5632853984375 0.9424161171875 0.54706140625 0.9443826609375 0.5426366828125 0.9379913921874999 0.54312831875 0.9270313078125 0.5480358187500001 0.9267965109375 0.548714121875 0.9230635656249999 0.5594981859375 0.8944777343749999 0.59234148125
5 0.509375 0.745614275 0.5280891624999999 0.6263783218750001 0.5218230421875 0.61875 0.513780290625 0.61875 0.46315466875 0.6843867078125 0.482415925 0.7049320484375 0.482415925 0.7203028453125 0.44119712968749997 0.729063634375 0.45064470156249997 0.7458254546875 0.4800326265625 0.7870448828125001 0.497049609375 0.7796461953125 0.509375 0.777926371875 0.509375 0.745614275
1 0.3083629625 0.6924858953124999 0.2994047765625 0.68935053125 0.2913424078125 0.68039234375 0.28820704375 0.67322579375 0.28820704375 0.6669550640625 0.2989568671875 0.653069875 0.2994047765625 0.6244036765625001 0.30657132656249997 0.602904028125 0.351883225 0.5326321843749999 0.3508034828125 0.529608903125 0.343118084375 0.51808080625 0.2830759109375 0.44795154843749996 0.175 0.47100774375 0.175 0.611746596875 0.20382024375 0.749603425 0.34455909687499997 0.749603425 0.482415925 0.7203028453125 0.482415925 0.7049320484375 0.46080074375 0.6818758546875 0.45887939375000003 0.6655443828125 0.4363035375 0.6400865015625 0.40544401875 0.600409978125 0.35539344375000004 0.6642676078124999 0.33926870781249996 0.675465340625 0.319560696875 0.678152796875 0.3083629625 0.6924858953124999
6 0.28820704375 0.67322579375 0.2913424078125 0.68039234375 0.2994047765625 0.68935053125 0.3083629625 0.6924858953124999 0.319560696875 0.678152796875 0.33926870781249996 0.675465340625 0.35539344375000004 0.6642676078124999 0.42034029687499996 0.5814043812499999 0.44452740156250004 0.5460195437500001 0.45169395 0.5258636234375 0.45258976874999995 0.510186796875 0.44811067656250003 0.4851038734375 0.44094412656250004 0.4671875 0.40421556093750005 0.4671875 0.3786847296875 0.49450996875 0.359424628125 0.5209366203125 0.30657132656249997 0.602904028125 0.2994047765625 0.6244036765625001 0.2989568671875 0.653069875 0.28820704375 0.6669550640625 0.28820704375 0.67322579375
6 0.6429370328124999 0.9932330109375 0.649611621875 0.9550925078124999 0.649611621875 0.93872668125 0.5368817296875 0.9203966187500001 0.5345895015625 0.917531334375 0.5288589328125 0.91008159375 0.530005046875 0.9054971390625 0.5282858765625 0.9026318546875001 0.5259936484375001 0.8997665703125 0.5185439093750001 0.8928898890625 0.512240284375 0.8871593203125 0.509375 0.883720978125 0.509375 0.777926371875 0.497049609375 0.7796461953125 0.4751188203125 0.7891813203125 0.44746695625 0.813495890625 0.4312572421875 0.8373337046874999 0.416001040625 0.8707066453125 0.40837294062499996 0.9155217359375 0.40837294062499996 0.9598600703125 0.415524284375 0.9941865234374999 0.6429370328124999 0.9932330109375
5 0.8618049703124999 0.86309093125 0.8583666296875 0.8590795343750001 0.8474785499999999 0.8447531125 0.8417479812499999 0.8384494859375 0.8348712984375 0.8287075203125 0.8291407296875001 0.82240389375 0.8274215593750001 0.8195386093750001 0.821117934375 0.8120888703125001 0.8199718203125 0.80979664375 0.8142412515625 0.8046391312500001 0.810229853125 0.801200790625 0.8096567968749999 0.8000546765625 0.80736456875 0.79833550625 0.8044992843750001 0.7989085625000001 0.8004878859375 0.79776245 0.791892034375 0.7954702218749999 0.7821500671875 0.7914588234375 0.7775656125 0.7885935390625 0.7615200203125 0.7811437999999999 0.76037390625 0.7794246296875 0.75980085 0.7771324015625 0.7586547359375 0.7673904359375 0.7552163937499999 0.7524909578125001 0.751778053125 0.7473334453125 0.746047484375 0.7410298203125001 0.7357324609375 0.7324339671875 0.7328671765625 0.7301417390625 0.721979096875 0.7215458859375 0.7153516765625 0.71527670625 0.7077575125 0.7237146671875 0.6986343734375 0.7231064578125 0.6895112359375 0.7085094375 0.6846455625 0.689654953125 0.68538005 0.6888922156249999 0.681865115625 0.6860163609375001 0.67899983125 0.6831510765625 0.6532122734375 0.661374915625 0.6486278171875 0.6573635171875 0.6446164203125 0.6539251765625 0.6331552828125 0.6447562671875 0.6239863734375 0.6367334703124999 0.6194019171875 0.6338681859374999 0.6085138375 0.6246992765625 0.603356325 0.6212609359375 0.6004910406249999 0.6183956515625 0.594760471875 0.6161034234375 0.590749075 0.614384253125 0.5855915625 0.613811196875 0.582153221875 0.6132381390625 0.575849596875 0.613811196875 0.5649615156250001 0.6155303671875 0.5523542640625 0.6161034234375 0.5454775828125 0.6172495375 0.5345895015625 0.6172495375 0.529431990625 0.6178225937499999 0.509375 0.745614275 0.509375 0.883720978125 0.512240284375 0.8871593203125 0.5185439093750001 0.8928898890625 0.5259936484375001 0.8997665703125 0.5282858765625 0.9026318546875001 0.530005046875 0.9054971390625 0.5288589328125 0.91008159375 0.5345895015625 0.917531334375 0.5368817296875 0.9203966187500001 0.6778537171875 0.9433188921875001 0.80736456875 0.9433188921875001 0.8119490234375 0.9398805515624999 0.8440402078125 0.9163852203125 0.850916890625 0.912373821875 0.8543552312499999 0.9106546515625 0.8618049703124999 0.86309093125
6 0.703500046875 0.6537706109375 0.7004590015625001 0.6732333046875 0.6846455625 0.689654953125 0.6895112359375 0.7085094375 0.6986343734375 0.7231064578125 0.7077575125 0.7237146671875 0.7187052781250001 0.7115504828125 0.7558060375 0.7109422734375 0.78013440625 0.7006027171875 0.8312239781249999 0.656203446875 0.861026228125 0.6203191046875001 0.8944777343749999 0.59234148125 0.9230635656249999 0.5594981859375 0.9285374484375 0.543684746875 0.9285374484375 0.5284795171875001 0.9188061015625 0.4950280109375 0.903600871875 0.4725242703125 0.8835299687499999 0.4634011328125 0.87197399375 0.46644217968749996 0.8592015999999999 0.4767817359375 0.8068956109375 0.533345190625 0.7819590328125 0.5503750468749999 0.757630665625 0.57409520625 0.7187052781250001 0.6203191046875001 0.703500046875 0.6537706109375