1 0.7122623953125 0.5583662328125001 0.7241768015625001 0.49097573125 0.7241087125 0.486796996875 0.6870511796875001 0.4848583859375 0.6903677390625 0.49452841249999996 0.7122623953125 0.5583662328125001
1 0.59436995625 0.5399920859375 0.59854408125 0.5155689046874999 0.6114176765625 0.48244605468749996 0.5911201640625 0.4781506765625 0.5891797921874999 0.49516959062500004 0.59436995625 0.5399920859375
1 0.3306155296875 0.7833210125 0.33008247343749997 0.895059734375 0.3312031078125 0.901415165625 0.331897203125 0.9026970000000001 0.4818781203125 0.91813993125 0.48164970625 0.8796610453125 0.49087898281250003 0.844145903125 0.5027030406249999 0.8178554515625001 0.52571263125 0.789108578125 0.5301807968750001 0.7861513234374999 0.4940816609375 0.750661271875 0.481866959375 0.7357946546874999 0.39026377343749996 0.7728034171875 0.3306155296875 0.7833210125
3 0.5898344843750001 0.5665295328125 0.5928864203125 0.5486723859375 0.5805916921875001 0.550840278125 0.58421095625 0.5713661484375 0.5848844718749999 0.5986057875 0.5857743046875 0.6018972171875 0.5911426828125 0.60005160625 0.5898344843750001 0.5665295328125
6 0.8495377953125001 0.7074160296875001 0.8477441390625 0.7082159781249999 0.8474971421875 0.69858598125 0.8457231890625 0.69787790625 0.8423260890625001 0.71116544375 0.825741015625 0.73693121875 0.8281642984375001 0.737910553125 0.828286946875 0.7377653875 0.8368405203125 0.739642903125 0.8464988515625 0.734070459375 0.8544450937500001 0.7379897734374999 0.8595235453125 0.7283881125 0.8604640218749999 0.7117772484375 0.8574568484375 0.708438075 0.8558852890624999 0.6995253124999999 0.8499253203125001 0.69864150625 0.8495377953125001 0.7074160296875001
6 0.4615969953125 0.649019046875 0.48825058906249996 0.670169909375 0.4929786796875 0.68591963125 0.4957328484375 0.687983584375 0.5341916578125 0.6145529984375 0.542112221875 0.6131563890625 0.549607790625 0.61958071875 0.54944453125 0.6109217921875 0.554424178125 0.60946185 0.5651468453125 0.6075711546875 0.5717200328125001 0.6052483296875 0.5755156718750001 0.604399725 0.5691868359375001 0.5940508265625 0.5077012078124999 0.5170579421875 0.4967455671875 0.509743984375 0.484230446875 0.5102696953125 0.47391963437499995 0.5209132421875 0.4547086046875 0.5469649765625 0.453361365625 0.5549531187500001 0.4356862296875 0.594000428125 0.424316546875 0.6153039984374999 0.4615969953125 0.649019046875
0 0.7420419093749999 0.4365701875 0.723244896875 0.43378276875 0.7241768015625001 0.49097573125 0.7122623953125 0.5583662328125001 0.6708205125 0.43753494843749996 0.6140749078125001 0.4756091859375 0.59854408125 0.5155689046874999 0.5898344843750001 0.5665295328125 0.5911426828125 0.60005160625 0.594460378125 0.5989110046875 0.6005687265625 0.597252040625 0.6040543406250001 0.5972193296875 0.609233009375 0.5968880875 0.6134819953124999 0.59788456875 0.6195235453125 0.59914686875 0.62284285 0.601471071875 0.6285190703125 0.603961584375 0.6408339 0.6111005015625001 0.6458462593750001 0.6131261734375 0.6562690171875001 0.619434921875 0.6691481984375 0.6264743296875 0.6736957140625 0.6291638625 0.6789070953125 0.6323182359375 0.708084271875 0.64928560625 0.711403578125 0.6516098078125 0.7153645 0.6538316109375 0.7193429640625 0.6479152859374999 0.72457915625 0.6401286125000001 0.70878073125 0.6390370453124999 0.695758075 0.6280906578125001 0.7264313421875 0.6236805750000001 0.7272527453125 0.6233818515625 0.7271104109375 0.6160970781249999 0.736275846875 0.5805134140625 0.766583175 0.5282324375 0.7864229765624999 0.5006480640625 0.7967134125 0.49059545 0.7737852453125 0.46087198906250004 0.7420419093749999 0.4365701875
0 0.80493981875 0.7299660875 0.8063670515625001 0.73146011875 0.8234625093749999 0.7360103921875 0.825741015625 0.73693121875 0.8423260890625001 0.71116544375 0.8560487046875 0.6574903328125 0.8572723546875001 0.619443171875 0.8558073531250001 0.610453609375 0.8264376203125 0.6294971921875 0.81071283125 0.6489102812499999 0.7885495109375 0.6633173343750001 0.752118009375 0.6703587828125 0.7500268171875 0.6737070546874999 0.7494624078125 0.67461074375 0.7570777750000001 0.679633840625 0.76929309375 0.6862084078125 0.7725128906250001 0.6879682609375 0.784163859375 0.6946423390625001 0.79090198125 0.69985509375 0.795183678125 0.704337190625 0.8011570515624999 0.7184132515625 0.8039774281250001 0.7278081937499999 0.80493981875 0.7299660875
5 0.8962044078125 0.5842598156250001 0.961914353125 0.5322365296875 0.9721403531249999 0.5194505625 0.96923653125 0.5114758375 0.9505575531250001 0.484816225 0.94386695 0.4695216859375 0.945035271875 0.46482269687500005 0.9388264734374999 0.4664166953125 0.928885075 0.4731528390625 0.9287716312500001 0.47386160781250003 0.92696803125 0.48513005781249996 0.9045196609374999 0.5224382671875001 0.8764346218749999 0.555799640625 0.8533163859374999 0.596313925 0.8264376203125 0.6294971921875 0.8962044078125 0.5842598156250001
5 0.4957328484375 0.687983584375 0.51826914375 0.7048721125 0.5209382546875 0.7200093921875 0.481866959375 0.7357946546874999 0.4940816609375 0.750661271875 0.5301807968750001 0.7861513234374999 0.545654484375 0.775910071875 0.55749398125 0.77207609375 0.55188304375 0.7402548906249999 0.549607790625 0.61958071875 0.542112221875 0.6131563890625 0.5341916578125 0.6145529984375 0.4957328484375 0.687983584375
1 0.320416096875 0.701196103125 0.32859146875 0.6856551734375 0.324054740625 0.6573467 0.3273790390625 0.634929221875 0.3597999703125 0.5578566359375 0.3582116453125 0.5550667812500001 0.348641171875 0.5450483765625 0.27733335625 0.4864107546875 0.174903028125 0.5278838593749999 0.1993420734375 0.6664845734375 0.251663059375 0.7972424625000001 0.39026377343749996 0.7728034171875 0.5209382546875 0.7200093921875 0.51826914375 0.7048721125 0.4929786796875 0.68591963125 0.48825058906249996 0.670169909375 0.4615969953125 0.649019046875 0.424316546875 0.6153039984374999 0.3861151125 0.686882678125 0.3721798140625 0.7007103234375001 0.35323788437500003 0.7067792125000001 0.34469918437499997 0.7228390250000001 0.33533264375 0.721306865625 0.3258371875 0.7138847890625 0.32150499843749997 0.707371565625 0.320416096875 0.701196103125
6 0.35323788437500003 0.7067792125000001 0.3721798140625 0.7007103234375001 0.3861151125 0.686882678125 0.4356862296875 0.594000428125 0.453361365625 0.5549531187500001 0.4569189984375 0.5338589546875 0.45507895468750004 0.5182647375 0.44631230625 0.49434066562499995 0.4361434875 0.47794094062500003 0.3999729109375 0.4843187890625 0.379574446875 0.51565955 0.365195890625 0.545029203125 0.3273790390625 0.634929221875 0.324054740625 0.6573467 0.32859146875 0.6856551734375 0.320416096875 0.701196103125 0.32150499843749997 0.707371565625 0.3258371875 0.7138847890625 0.33533264375 0.721306865625 0.34469918437499997 0.7228390250000001 0.35323788437500003 0.7067792125000001
6 0.5100827984375 1 0.7264145109375 0.9609189375 0.7263646703125 0.9221988453125001 0.7235227734375 0.9060816515625 0.6093225203125 0.9076054046875001 0.6065675640625 0.905181690625 0.5996304218749999 0.89884023125 0.5999630421875 0.8941264046875 0.5977724390625 0.89160318125 0.5950174828125 0.8891794687499999 0.5864867984375 0.8837008921875 0.5792838375 0.879151996875 0.575865021875 0.8762634421875 0.55749398125 0.77207609375 0.545654484375 0.775910071875 0.52571263125 0.789108578125 0.5027030406249999 0.8178554515625001 0.49087898281250003 0.844145903125 0.48164970625 0.8796610453125 0.481919553125 0.9251198984375 0.489618825 0.968784634375 0.50208404375 1 0.5100827984375 1
5 0.8868633125000001 0.7655639234375 0.880125190625 0.760351165625 0.8779345875000001 0.7578279421875 0.8704330953125 0.7515859953125 0.8689063515625 0.7495276125 0.8623672515624999 0.7454435578124999 0.8578197328125 0.742754025 0.8570563625000001 0.7417248328125 0.8545004265625 0.7404298218750001 0.8517781828125001 0.7414917234375 0.8476287062500001 0.7410595953125 0.8387654046874999 0.7402948453125 0.8284748671875001 0.7380360640625 0.8234625093749999 0.7360103921875 0.8063670515625001 0.73146011875 0.80493981875 0.7299660875 0.8039774281250001 0.7278081937499999 0.8011570515624999 0.7184132515625 0.795183678125 0.704337190625 0.79090198125 0.69985509375 0.784163859375 0.6946423390625001 0.7725128906250001 0.6879682609375 0.76929309375 0.6862084078125 0.7570777750000001 0.679633840625 0.7494624078125 0.67461074375 0.7434488531250001 0.684239225 0.7343587015625 0.685224471875 0.72283941875 0.6724334296875 0.71477361875 0.654710303125 0.7153645 0.6538316109375 0.711403578125 0.6516098078125 0.708084271875 0.64928560625 0.6789070953125 0.6323182359375 0.6736957140625 0.6291638625 0.6691481984375 0.6264743296875 0.6562690171875001 0.619434921875 0.6458462593750001 0.6131261734375 0.6408339 0.6111005015625001 0.6285190703125 0.603961584375 0.62284285 0.601471071875 0.6195235453125 0.59914686875 0.6134819953124999 0.59788456875 0.609233009375 0.5968880875 0.6040543406250001 0.5972193296875 0.6005687265625 0.597252040625 0.594460378125 0.5989110046875 0.5840362421874999 0.602494753125 0.5717200328125001 0.6052483296875 0.5651468453125 0.6075711546875 0.554424178125 0.60946185 0.54944453125 0.6109217921875 0.55188304375 0.7402548906249999 0.575865021875 0.8762634421875 0.5792838375 0.879151996875 0.5864867984375 0.8837008921875 0.5950174828125 0.8891794687499999 0.5977724390625 0.89160318125 0.5999630421875 0.8941264046875 0.5996304218749999 0.89884023125 0.6065675640625 0.905181690625 0.6093225203125 0.9076054046875001 0.7521332375 0.9056999078124999 0.879676528125 0.883210584375 0.8835942734375 0.8790283984375 0.9111179984375 0.8503174375 0.9171936374999999 0.8451728578125 0.9202812109374999 0.84288274375 0.9193584187500001 0.794747990625 0.9152757421875 0.791394596875 0.9020653203125001 0.7791765203125001 0.8953271984375 0.7739637640625 0.8868633125000001 0.7655639234375
6 0.7343587015625 0.685224471875 0.7434488531250001 0.684239225 0.752118009375 0.6703587828125 0.7885495109375 0.6633173343750001 0.81071283125 0.6489102812499999 0.8533163859374999 0.596313925 0.8764346218749999 0.555799640625 0.9045196609374999 0.5224382671875001 0.92696803125 0.48513005781249996 0.929612778125 0.4686063296875 0.9269724171875 0.453632103125 0.9115801187500001 0.42237862968749995 0.8926981578125 0.4028571328125 0.871347959375 0.397357871875 0.8604956187499999 0.40235939218750005 0.8497127109375 0.4147597703125 0.808023509375 0.4795467390625 0.7864229765624999 0.5006480640625 0.766583175 0.5282324375 0.736275846875 0.5805134140625 0.7271104109375 0.6160970781249999 0.7274952265625 0.6357921609375 0.71477361875 0.654710303125 0.72283941875 0.6724334296875 0.7343587015625 0.685224471875