1 0.6838373765625 0.6211022734375 0.7159934609375 0.5606918515625 0.717220003125 0.5566965984375 0.682575259375 0.5434014625 0.6827412921875 0.5536230765625 0.6838373765625 0.6211022734375
1 0.5773929265625 0.5671966546875 0.5889099359375 0.5452587046875 0.6113889734375 0.5177351625 0.5934122375 0.5073777374999999 0.5863077 0.5229640796874999 0.5773929265625 0.5671966546875
1 0.2513547875 0.717111615625 0.21631865781249998 0.82321673125 0.2154205078125 0.8296074015625001 0.2156845234375 0.831040984375 0.3535527234375 0.8920747375 0.36522611875 0.8554085578124999 0.38497846406249997 0.8244836531249999 0.40434800937500004 0.8031337828125 0.4351147015625 0.7829042359375 0.44027802187500004 0.7814724609375 0.41691273281249996 0.73656416875 0.4098898984375 0.718650625 0.3113337546875 0.725541109375 0.2513547875 0.717111615625
3 0.564878915625 0.591033728125 0.5732996406249999 0.574993671875 0.56093674375 0.5732561796875 0.5580360265625 0.5938958578125 0.5502590656249999 0.620010421875 0.5500882390624999 0.6234157312499999 0.555764196875 0.6233193703125 0.564878915625 0.591033728125
6 0.7683351203125001 0.8052774859375 0.766382053125 0.8054840109375 0.769122978125 0.7962490140625 0.76765465625 0.7950274140625 0.760317746875 0.8066148500000001 0.7365823421875 0.8259944890625001 0.738584390625 0.8276747265625 0.7387458953125 0.8275745656250001 0.7463006421875 0.8320033890625 0.757208240625 0.82968826875 0.76355443125 0.8358712828125 0.771351403125 0.8283088875000001 0.7773788875000001 0.8128016406249999 0.7755507578125 0.8086966296875 0.7768103109375 0.79973445 0.7714151546875 0.79705216875 0.7683351203125001 0.8052774859375
6 0.41742715468749997 0.6298583546875001 0.4362402515625 0.658210434375 0.4358700015625 0.67465036875 0.437851575 0.677464390625 0.49711937656250005 0.6195121796875 0.50508385625 0.6206315140625 0.5102273375 0.629057671875 0.512747825 0.6207720937500001 0.517934896875 0.6209224015625 0.5287170156250001 0.6224377296875 0.5356862828125 0.62225981875 0.5395583828125 0.6226256640625001 0.5367372875 0.610827559375 0.5020530890625 0.5186028703125001 0.49389379375000003 0.5082614046875 0.481828753125 0.5048940015625 0.46873355156249996 0.5118304 0.44241234687500003 0.5306705359375 0.43866257500000005 0.537851390625 0.4097862390625 0.5695256718749999 0.3923898625 0.5862731453125 0.41742715468749997 0.6298583546875001
0 0.749796425 0.5144697265625 0.7327807625 0.5060101375 0.7159934609375 0.5606918515625 0.6838373765625 0.6211022734375 0.681762725 0.493378646875 0.616028859375 0.5120540421875 0.5889099359375 0.5452587046875 0.564878915625 0.591033728125 0.555764196875 0.6233193703125 0.5592719765624999 0.6232598171875 0.565594009375 0.62356963125 0.568919134375 0.6246156375 0.5739467 0.625900903125 0.5776797953125 0.628161621875 0.583035578125 0.6312290828125 0.5854742078124999 0.634465253125 0.5901030031250001 0.63858791875 0.5996090546875 0.6491829250000001 0.603750125 0.6526583578125 0.6117132468750001 0.6618791421875 0.6217867796875 0.6725539031250001 0.6252806125 0.6765170609375 0.629262175 0.681127453125 0.6517681140625 0.706280625 0.65420674375 0.7095167953125 0.657287228125 0.7128538453125 0.6628992171875 0.7084564999999999 0.670285346875 0.7026690046875 0.655597465625 0.69674888125 0.646594803125 0.6823140265625 0.677129603125 0.68759835 0.6780031140625 0.687568075 0.680118865625 0.6805958578125 0.6998316703125 0.649586059375 0.7448113625 0.609229375 0.7722041749999999 0.5891259140625 0.7850973890625 0.5827452296875 0.7724764625 0.54739134375 0.749796425 0.5144697265625
0 0.7189515734375 0.8129423328125001 0.7198472703125 0.8148042796875 0.7346999046875 0.8244146328124999 0.7365823421875 0.8259944890625001 0.760317746875 0.8066148500000001 0.7899552515625 0.7598073078125 0.80287623125 0.7240004359375 0.804260859375 0.71499814375 0.7704437937499999 0.724033921875 0.7494896546875001 0.7376376390625 0.7239590609375 0.7444907171875 0.6871347171875 0.7399295796875001 0.6841112015624999 0.7424677609375 0.6832951625 0.743152809375 0.688985584375 0.7502833359375 0.6985713890625 0.7603108625 0.7010897734375 0.762979553125 0.7101081 0.7729273265625001 0.714905603125 0.7799671453125 0.7175926953125 0.7855529906250001 0.7189239703125 0.8007859921874999 0.7187031109375 0.8105926578125 0.7189515734375 0.8129423328125001
5 0.85077506875 0.7025697421875 0.9293450203125 0.673398146875 0.9430216046875 0.6643979765625 0.94272423125 0.6559162328125 0.9331977406249999 0.6247893125 0.9315608718749999 0.60817583125 0.9341240796875001 0.6040678578125 0.9277265874999999 0.6036652171875 0.916190175 0.6069996093750001 0.9158632609374999 0.6076386328125001 0.91066579375 0.617798221875 0.877787253125 0.6463435093750001 0.8407675625 0.6693933078125001 0.8062612109374999 0.700780753125 0.7704437937499999 0.724033921875 0.85077506875 0.7025697421875
5 0.437851575 0.677464390625 0.4540660234375 0.7004904328125 0.451926821875 0.7157116421875 0.4098898984375 0.718650625 0.41691273281249996 0.73656416875 0.44027802187500004 0.7814724609375 0.45815909374999997 0.7765140828125 0.4706038875 0.776526359375 0.4751008625 0.744528721875 0.5102273375 0.629057671875 0.50508385625 0.6206315140625 0.49711937656250005 0.6195121796875 0.437851575 0.677464390625
1 0.26703254374999996 0.6358543859375 0.2796101953125 0.6236004125 0.284043309375 0.5952755296875 0.2941322890625 0.5749825046875 0.348783165625 0.5117007390625 0.348134690625 0.508556609375 0.3421284859375 0.49607110312499997 0.2924307453125 0.4182680828125 0.1821978203125 0.4260586359375 0.1626107578125 0.565427828125 0.1719645625 0.705954046875 0.3113337546875 0.725541109375 0.451926821875 0.7157116421875 0.4540660234375 0.7004904328125 0.4358700015625 0.67465036875 0.4362402515625 0.658210434375 0.41742715468749997 0.6298583546875001 0.3923898625 0.5862731453125 0.3339391125 0.6425436234374999 0.316412878125 0.6513882515625 0.2965226421875 0.651306728125 0.2834391015625 0.6639419156249999 0.2750044546875 0.659590325 0.2682672875 0.6495972531249999 0.266159828125 0.6420640890625 0.26703254374999996 0.6358543859375
6 0.2965226421875 0.651306728125 0.316412878125 0.6513882515625 0.3339391125 0.6425436234374999 0.4097862390625 0.5695256718749999 0.43866257500000005 0.537851390625 0.44856454062499995 0.5188890171875 0.451633434375 0.50348943125 0.4506888 0.47802724375 0.44608547187500003 0.45928784062499994 0.40971434531249995 0.4541762109375 0.3806294265625 0.47767957499999997 0.357878884375 0.50116855625 0.2941322890625 0.5749825046875 0.284043309375 0.5952755296875 0.2796101953125 0.6236004125 0.26703254374999996 0.6358543859375 0.266159828125 0.6420640890625 0.2682672875 0.6495972531249999 0.2750044546875 0.659590325 0.2834391015625 0.6639419156249999 0.2965226421875 0.651306728125
6 0.5755946140625 1 0.5848189765625 0.9714854921875 0.587096659375 0.9552789359375 0.4780148984375 0.9214382921875 0.47614374843749996 0.9182818765625 0.47150575312500004 0.9101070953124999 0.47327874531249997 0.9057267640625 0.47197507656250004 0.9026501015624999 0.4701039265625 0.8994936859375 0.46368373749999997 0.8916471250000001 0.458239 0.88509503125 0.455880125 0.8812913796874999 0.4706038875 0.776526359375 0.45815909374999997 0.7765140828125 0.4351147015625 0.7829042359375 0.40434800937500004 0.8031337828125 0.38497846406249997 0.8244836531249999 0.36522611875 0.8554085578124999 0.3514352 0.898725884375 0.345264496875 0.942632721875 0.347568925 0.9776203875 0.5118016765625 1 0.5755946140625 1
5 0.785865109375 0.8721136390625001 0.7810676046875 0.8650738171875 0.7797639359375 0.8619971546875 0.7745584609375 0.8537426218749999 0.7737425171875 0.8513131953125 0.7687855046875 0.845408334375 0.76529166875 0.8414451765625 0.7648836984375 0.8402304624999999 0.762853040625 0.8382090062499999 0.7599358875 0.8383777140625 0.7561230343750001 0.8366844765625 0.7479298546875001 0.8332182453125 0.7388409734375 0.827890065625 0.7346999046875 0.8244146328124999 0.7198472703125 0.8148042796875 0.7189515734375 0.8129423328125001 0.7187031109375 0.8105926578125 0.7189239703125 0.8007859921874999 0.7175926953125 0.7855529906250001 0.714905603125 0.7799671453125 0.7101081 0.7729273265625001 0.7010897734375 0.762979553125 0.6985713890625 0.7603108625 0.688985584375 0.7502833359375 0.6832951625 0.743152809375 0.6746005671875 0.7504517484375001 0.665650859375 0.7485797625 0.6586480203125 0.7328551046875 0.6564537359375 0.7135069390625 0.657287228125 0.7128538453125 0.65420674375 0.7095167953125 0.6517681140625 0.706280625 0.629262175 0.681127453125 0.6252806125 0.6765170609375 0.6217867796875 0.6725539031250001 0.6117132468750001 0.6618791421875 0.603750125 0.6526583578125 0.5996090546875 0.6491829250000001 0.5901030031250001 0.63858791875 0.5854742078124999 0.634465253125 0.583035578125 0.6312290828125 0.5776797953125 0.628161621875 0.5739467 0.625900903125 0.568919134375 0.6246156375 0.565594009375 0.62356963125 0.5592719765624999 0.6232598171875 0.5482505953125 0.6234469296875 0.5356862828125 0.62225981875 0.5287170156250001 0.6224377296875 0.517934896875 0.6209224015625 0.512747825 0.6207720937500001 0.4751008625 0.744528721875 0.455880125 0.8812913796874999 0.458239 0.88509503125 0.46368373749999997 0.8916471250000001 0.4701039265625 0.8994936859375 0.47197507656250004 0.9026501015624999 0.47327874531249997 0.9057267640625 0.47150575312500004 0.9101070953124999 0.47614374843749996 0.9182818765625 0.4780148984375 0.9214382921875 0.6144247921875 0.963756996875 0.742675253125 0.9817814234375 0.7476936171874999 0.9790145765625 0.7827424093750001 0.9602141312500001 0.7901104484375 0.9571988203125 0.7937545890625 0.9559749046875 0.80775141875 0.9099108749999999 0.8049048187500001 0.9054599921875001 0.796116553125 0.8897576656249999 0.7913190484375 0.8827178453125001 0.785865109375 0.8721136390625001
6 0.665650859375 0.7485797625 0.6746005671875 0.7504517484375001 0.6871347171875 0.7399295796875001 0.7239590609375 0.7444907171875 0.7494896546875001 0.7376376390625 0.8062612109374999 0.700780753125 0.8407675625 0.6693933078125001 0.877787253125 0.6463435093750001 0.91066579375 0.617798221875 0.918287209375 0.6029004953125 0.9204033687500001 0.5878432421875 0.9154222765625001 0.5533629421875 0.9034969390625 0.528962046875 0.884891059375 0.517134365625 0.8730243140624999 0.5185375359375 0.8589372328125 0.5269988953125 0.7992681703125 0.575732290625 0.7722041749999999 0.5891259140625 0.7448113625 0.609229375 0.6998316703125 0.649586059375 0.680118865625 0.6805958578125 0.6743987328125 0.6994459109375 0.6564537359375 0.7135069390625 0.6586480203125 0.7328551046875 0.665650859375 0.7485797625