3 0.21264404374999998 0.7589508265625 0.21401775625 0.7748023203125001 0.224263534375 0.7999772046875 0.28927648906250003 0.8129445296875 0.3169219234375 0.7809630984375 0.32391836875 0.7736942250000001 0.2500963375 0.7690074453125 0.2391667765625 0.7598770218750001 0.21264404374999998 0.7589508265625
6 0.3261219984375 0.7738341281250001 0.34314810156250003 0.77863158125 0.36063147500000003 0.780305253125 0.3635718953125 0.7762117296875 0.3261219984375 0.7738341281250001
3 0.6626828078125 0.5009213296875 0.6588807984375 0.488707009375 0.64900323125 0.47748867968750003 0.6328815546875 0.4720930765625 0.4766160109375 0.4666361640625 0.4535415359375 0.4700589296875 0.42338784843750005 0.48592011093750004 0.4046765859375 0.5027849515625 0.3978597453125 0.5025469015625 0.411010021875 0.5143069078125 0.5034803109375 0.5121975703125 0.5204453874999999 0.5152884921875 0.5207541531250001 0.5162586828125 0.52787629375 0.5069761921875 0.534372303125 0.50173188125 0.5398221171875 0.50234305 0.5508631937499999 0.5115666359375 0.5672900328125 0.5352874765625 0.580324746875 0.559731578125 0.5794787171875 0.5719069218749999 0.560206153125 0.5913048875 0.62219373125 0.6159937234374999 0.621270790625 0.6114555921875 0.624861265625 0.5725334937500001 0.6235471203125 0.5462700093749999 0.6287948671875 0.5397594109375 0.6491048953125 0.533216978125 0.662504846875 0.5356326484375 0.66270961875 0.5347506125 0.6626828078125 0.5009213296875
3 0.8442423531250001 0.83522330625 0.8445471328125 0.8264955531249999 0.8434211078124999 0.8236229625 0.7877406359375 0.7809736468749999 0.78374660625 0.7866123968750001 0.785905678125 0.7936334031250001 0.7893399062500001 0.8006520625 0.8022120640624999 0.81397920625 0.804599253125 0.8246406265624999 0.796052321875 0.8454982781249999 0.7860369140625 0.8557265921875 0.7847813421875001 0.8653409734374999 0.792018740625 0.8688131171875 0.8076849484374999 0.867980446875 0.8349852453125 0.8500772546875 0.8442423531250001 0.83522330625
1 0.42381415312500004 0.8378918859375 0.42831277187500005 0.780321965625 0.3960555046875 0.7782740328125 0.3949184921875 0.778541871875 0.3938588625 0.7781345734375 0.3932619484375 0.7780966765625 0.3881329234375 0.8091861796875 0.3843815609375 0.8152495249999999 0.385562803125 0.8321040046875 0.4146519984375 0.8353320890625 0.42381415312500004 0.8378918859375
3 0.5508631937499999 0.5115666359375 0.5398221171875 0.50234305 0.534372303125 0.50173188125 0.52787629375 0.5069761921875 0.5207541531250001 0.5162586828125 0.5241977984374999 0.5270791499999999 0.519837621875 0.5819320359375 0.533758925 0.5807713062500001 0.560206153125 0.5913048875 0.5794787171875 0.5719069218749999 0.580324746875 0.559731578125 0.5672900328125 0.5352874765625 0.5508631937499999 0.5115666359375
6 0.6732268125 0.679477240625 0.63638713125 0.6965213171875 0.68332924375 0.6988953375 0.681790746875 0.7429521328125 0.6827057109375 0.7400063984374999 0.6896583828125 0.7318052359375 0.7025773296875 0.73092311875 0.7082470296875 0.7287087125 0.707415715625 0.7256523546875 0.707382971875 0.7254363500000001 0.6964420875 0.706524428125 0.6800714546875 0.6842013140625001 0.6783987578125 0.6808625375 0.6732268125 0.679477240625
1 0.6757981281250001 0.7850958890624999 0.676697159375 0.7593509984375 0.681790746875 0.7429521328125 0.68332924375 0.6988953375 0.6228673437500001 0.6958375765625 0.619949125 0.6981016343750001 0.57549016875 0.697495478125 0.5204190953125 0.702670246875 0.514680790625 0.7003920515625001 0.5145834 0.7826179171875001 0.5126019703125 0.7856732796875 0.42831277187500005 0.780321965625 0.42310959531250003 0.8469082796875 0.421172609375 0.9159267874999999 0.425370640625 0.93121555625 0.450056225 0.9424878390625 0.4791108828125 0.9506003406250001 0.4840681046875 0.9441487515625001 0.48625564531250004 0.9357076718749999 0.49600504843750004 0.9275306593750001 0.5011438171875 0.9158802875 0.5115743890625 0.9152981453125 0.5662598625 0.9347159390625001 0.5818562046875 0.935260575 0.64656565 0.9521892546874999 0.6743675015624999 0.9555260828125001 0.679737484375 0.8017499078125001 0.679219503125 0.8016588578125001 0.6757981281250001 0.7850958890624999
4 0.31394680625000004 0.491636803125 0.278462246875 0.49039765468749996 0.2699706546875 0.4936910859375 0.26421220624999997 0.49867549999999994 0.25994996718749996 0.5065043593749999 0.2571143765625 0.5191696546875 0.25582114375 0.53137234375 0.26397429687499996 0.5326507281249999 0.2777392953125 0.5318482890625 0.2855577484375 0.517047078125 0.31394680625000004 0.491636803125
6 0.6240166328125001 0.6167197625 0.631228796875 0.6222613875 0.6333087859375001 0.6282892921875 0.6632062859375 0.6373691265625 0.6626039687499999 0.63339570625 0.663143778125 0.617937571875 0.6661027749999999 0.6050736984375 0.6773790609375 0.5816245515625 0.6896606875 0.565321559375 0.6937640796875 0.5617146953125001 0.7047647 0.5520452046875 0.7163181390625 0.545333815625 0.6491048953125 0.533216978125 0.6287948671875 0.5397594109375 0.6235471203125 0.5462700093749999 0.624861265625 0.5725334937500001 0.621270790625 0.6114555921875 0.62219373125 0.6159937234374999 0.6240166328125001 0.6167197625
6 0.8954216578124999 0.6678861265625 0.9018827421875001 0.610656175 0.8993057437499999 0.5726343453125 0.7987743843749999 0.5601985765624999 0.7588791015624999 0.5530064718750001 0.760330428125 0.553985603125 0.7902845171874999 0.5943322 0.7971395328125 0.6035655515625 0.8111564296875 0.6013855234375 0.8153572734375001 0.6263637046875 0.8159043890625 0.6250852234375001 0.8382846484375 0.63934864375 0.8732378546874999 0.6679415468750001 0.88458973125 0.67510583125 0.8918453375000001 0.6744550921875 0.8954216578124999 0.6678861265625
6 0.519837621875 0.5819320359375 0.5241977984374999 0.5270791499999999 0.5204453874999999 0.5152884921875 0.5034803109375 0.5121975703125 0.411010021875 0.5143069078125 0.4131424640625 0.5169164687500001 0.41660421875000003 0.523753065625 0.4186324734375 0.523634828125 0.49190598281250003 0.5193632984375001 0.51065228125 0.5193930234375 0.51489055625 0.52329049375 0.514820603125 0.5823503421875 0.519837621875 0.5819320359375
6 0.8153572734375001 0.6263637046875 0.8111564296875 0.6013855234375 0.7971395328125 0.6035655515625 0.8148848703124999 0.6274675968750001 0.8153572734375001 0.6263637046875
3 0.33648360781250003 0.4819878203125 0.315737271875 0.49003420625 0.2855577484375 0.517047078125 0.2777392953125 0.5318482890625 0.41660421875000003 0.523753065625 0.41249231249999996 0.5156324890625 0.381873396875 0.48825066093749997 0.3517494984375 0.48018201875 0.33648360781250003 0.4819878203125
3 0.3938588625 0.7781345734375 0.3949184921875 0.778541871875 0.3960555046875 0.7782740328125 0.3938588625 0.7781345734375
5 0.709086428125 0.7283808703125 0.7025773296875 0.73092311875 0.6896583828125 0.7318052359375 0.6827057109375 0.7400063984374999 0.676697159375 0.7593509984375 0.6757981281250001 0.7850958890624999 0.679219503125 0.8016588578125001 0.7013048703125 0.8055410265624999 0.7090367921875 0.80047800625 0.7210581234375 0.7871208203125 0.72075375 0.7831104234375 0.7128104578125 0.78149978125 0.716181109375 0.7740623703125 0.70456279375 0.7758787421875 0.702039034375 0.7717908421875 0.705167315625 0.7585675234375 0.7264114296875 0.761087059375 0.727837075 0.7597576218750001 0.7248449953125 0.7556204234375 0.709086428125 0.7283808703125
1 0.4418038328125 0.5934294812500001 0.4382531015625 0.5890736671875 0.438019965625 0.580601890625 0.444348221875 0.5660115171875 0.48999954062500006 0.5765983078125 0.5024581328125 0.5833811 0.514820603125 0.5823503421875 0.51489055625 0.52329049375 0.51065228125 0.5193930234375 0.49190598281250003 0.5193632984375001 0.26397429687499996 0.5326507281249999 0.22295475781250002 0.5262190062500001 0.22092973749999997 0.53052266875 0.236010390625 0.5460471671875 0.236997140625 0.5535805578125 0.2200479890625 0.6273531140624999 0.204798909375 0.6524419640625 0.199034928125 0.6922349984375 0.1975230875 0.753423503125 0.20546267343750002 0.7587000484375 0.2391667765625 0.7598770218750001 0.2500963375 0.7690074453125 0.5126019703125 0.7856732796875 0.5145834 0.7826179171875001 0.514750559375 0.6414884734374999 0.5147120953125001 0.6414675328125 0.502038815625 0.6256846328125001 0.4418038328125 0.5934294812500001
5 0.8367815343749999 0.6645759359375 0.8353332015625 0.682093828125 0.8431053734375 0.699097115625 0.8395097453125 0.7182132109375 0.8228751703125001 0.739383759375 0.8073334750000001 0.7651937359375001 0.7960770859374999 0.7760946703125 0.7892903609374999 0.7787857515625001 0.7877406359375 0.7809736468749999 0.8604019218750001 0.8366296796875 0.8752288296874999 0.84490974375 0.901355334375 0.7869920593749999 0.904231078125 0.7748362234374999 0.9174271078125 0.7479247265625 0.9229506046875 0.730141765625 0.930229340625 0.7205909375 0.9313589109375 0.7116424593749999 0.9068153703125 0.68913265625 0.8732378546874999 0.6679415468750001 0.8382846484375 0.63934864375 0.8159043890625 0.6250852234375001 0.8148848703124999 0.6274675968750001 0.8250503328125 0.64115994375 0.8367815343749999 0.6645759359375
3 0.444348221875 0.5660115171875 0.438019965625 0.580601890625 0.4382531015625 0.5890736671875 0.4418038328125 0.5934294812500001 0.502038815625 0.6256846328125001 0.5147120953125001 0.6414675328125 0.5219796078125001 0.6454241609375 0.6142953 0.683031415625 0.623952890625 0.679136846875 0.6297528140625 0.6645280234375 0.6336306140625 0.629221965625 0.631228796875 0.6222613875 0.6240166328125001 0.6167197625 0.533758925 0.5807713062500001 0.5024581328125 0.5833811 0.48999954062500006 0.5765983078125 0.444348221875 0.5660115171875
3 0.6964420875 0.706524428125 0.7248449953125 0.7556204234375 0.736017821875 0.7710692765625 0.745349734375 0.7793427937499999 0.7629989328125 0.7770310406250001 0.768871828125 0.7885301421875 0.7791706203125 0.7930727546874999 0.7892903609374999 0.7787857515625001 0.7960770859374999 0.7760946703125 0.8073334750000001 0.7651937359375001 0.8228751703125001 0.739383759375 0.8395097453125 0.7182132109375 0.8431053734375 0.699097115625 0.8353332015625 0.682093828125 0.8367815343749999 0.6645759359375 0.8250503328125 0.64115994375 0.760330428125 0.553985603125 0.7439836671875 0.5429573375000001 0.7306728265625 0.540819325 0.719708228125 0.5433645125 0.7047647 0.5520452046875 0.6896606875 0.565321559375 0.6773790609375 0.5816245515625 0.6661027749999999 0.6050736984375 0.663143778125 0.617937571875 0.6626039687499999 0.63339570625 0.6646438296875 0.6468524421875 0.668340253125 0.6607853203125 0.6800714546875 0.6842013140625001 0.6964420875 0.706524428125