6 0.44942653281249995 0.827762865625 0.448923790625 0.8052820296875 0.449842371875 0.7997475234375 0.4451840625 0.8028813890625001 0.4363263984375 0.8166263859375 0.4447091125 0.8240649109374999 0.44721586406249997 0.8291392984374999 0.445841965625 0.8386308187499999 0.43802028281250005 0.854807675 0.43007982343749995 0.8644179703124999 0.42056093125 0.8706938515625 0.4202066015625 0.886181103125 0.42679922968749995 0.9074044140625 0.444962284375 0.9300676390625 0.467712965625 0.93819315 0.494901165625 0.93420895625 0.5147163890625001 0.919492821875 0.52496919375 0.9070839078124999 0.5280850328125 0.9007629734375 0.5248899984375 0.90189904375 0.5181681765625 0.8991199515625 0.5063384906249999 0.8865709531249999 0.506877225 0.876263809375 0.5069102062499999 0.8762051265625 0.5036490625 0.8764713875 0.4937603359375 0.8717486015624999 0.48675274843749994 0.8615914968749999 0.48042764531250004 0.85728480625 0.4730330109375 0.8576107828125 0.46085749531250003 0.8539865765625001 0.45245439843749996 0.8410675015625 0.44942653281249995 0.827762865625
5 0.5112502765625 0.48072278125 0.5170555 0.4846754921875 0.5232362671875 0.4945667875 0.55344450625 0.490819396875 0.5807826890625 0.49299255000000003 0.516389409375 0.478126190625 0.5112502765625 0.48072278125
5 0.5170555 0.4846754921875 0.45921108281249995 0.51664770625 0.493666334375 0.6129185546875 0.5170555 0.4846754921875
5 0.4700105828125 0.742623321875 0.534757121875 0.727729640625 0.493666334375 0.6129185546875 0.4700105828125 0.742623321875
5 0.8342589281249999 0.67461179375 0.8416097375 0.689698346875 0.8388773171875 0.6994021390625 0.8276985453125001 0.7115850609375001 0.8149375296875 0.7327530624999999 0.811343378125 0.7333996609375 0.8071377796875 0.7388263453125 0.8111270421875 0.7407315875 0.8192146390625 0.7312798859375 0.822808790625 0.7306332875 0.8261144968749999 0.7397625921875 0.821477434375 0.7470581625 0.8042974921875 0.7489973578125 0.796857096875 0.755645728125 0.772021028125 0.7651677390625 0.7656719765625 0.7557226140625 0.76273001875 0.7598653921875 0.74939513125 0.7807949953125 0.7487556046875 0.7816448375 0.7536212250000001 0.7820147375000001 0.7729432265625 0.7902485359375 0.7728956078125 0.797415459375 0.7791063312500001 0.79537528125 0.7920701765625 0.80378866875 0.7972808687499999 0.8203495875 0.8144358281249999 0.8125658187499999 0.8325124625000001 0.8262249234375 0.834391940625 0.8356929140625 0.8297714296875001 0.8576630875 0.82348634375 0.8683680624999999 0.846012209375 0.8811781671875 0.86691008125 0.896904403125 0.8733979218749999 0.906578425 0.8743127749999999 0.91442074375 0.884145209375 0.9166907406249999 0.90887621875 0.8095689671875 0.8921975249999999 0.7991774390625 0.8890133406249999 0.7940816796875 0.89243846875 0.7768848203125 0.8963890828125001 0.6747769390625 0.8342589281249999 0.67461179375
3 0.32272793593750004 0.7452250078125 0.3205196203125 0.7406282140625 0.3037755890625 0.7334929812500001 0.2958950171875 0.7410736203125 0.2909987921875 0.7534302125 0.299445040625 0.76110193125 0.300996603125 0.7667731859375 0.31415891875 0.7734902124999999 0.318604246875 0.794951309375 0.3340936546875 0.8128316874999999 0.409932240625 0.86671436875 0.4204383375 0.870774678125 0.43007982343749995 0.8644179703124999 0.43802028281250005 0.854807675 0.445841965625 0.8386308187499999 0.44721586406249997 0.8291392984374999 0.4447091125 0.8240649109374999 0.3917931046875 0.777109109375 0.37525842656249997 0.7655265499999999 0.364633553125 0.7548996812500001 0.3540977609375 0.7491977328125 0.34538227187500004 0.7480029953125 0.3330548734375 0.7500613453125 0.32272793593750004 0.7452250078125
1 0.6896477875 0.7316728203125 0.6498165765625 0.7162130906249999 0.6224537640625 0.700302953125 0.599098153125 0.6828009421875 0.5944196859375 0.6889353671875 0.5626299703125001 0.724173828125 0.6034464921875 0.7189667562500001 0.63255035 0.7126736796875 0.6450823765625 0.7147536624999999 0.6520904609375 0.7196246640624999 0.6568413015625 0.7272275968749999 0.65909705625 0.7403539765625 0.6570323984375 0.8196879984375001 0.6628599687500001 0.8115242453124999 0.6729975125000001 0.80241538125 0.6896477875 0.7316728203125
1 0.54178071875 0.9456837968749999 0.5249731671875 0.9706435515624999 0.5942987421875 0.9866486203125 0.6141989625 0.9562666765625 0.6428822828125 0.930366946875 0.659797553125 0.858498484375 0.6545896015625 0.8534755859375001 0.6523822140625 0.8539031593749999 0.6523153890625 0.854271840625 0.644890215625 0.8635366734375 0.62716021875 0.871642346875 0.5595990375000001 0.8719032734375001 0.5069102062499999 0.8762051265625 0.506877225 0.876263809375 0.5063384906249999 0.8865709531249999 0.5181681765625 0.8991199515625 0.5248899984375 0.90189904375 0.5489558578125 0.893341853125 0.5523613515625 0.8971961671875001 0.54178071875 0.9456837968749999
6 0.6734776359375 0.5374092453125 0.676846671875 0.5285473203125 0.678398365625 0.5261394593750001 0.6754490765625001 0.5226408 0.674828246875 0.5209969546875 0.6746459359375 0.51745366875 0.675522978125 0.5136547828125 0.6761444203125 0.5087965453125001 0.675597490625 0.4981666859375 0.6765841640625 0.4938929390625 0.6785205578125 0.48983845156249994 0.693216678125 0.48959945468750005 0.6908881359375 0.48203685937499996 0.682635715625 0.46518700468749996 0.6732912234375 0.4550903203125 0.6653102546875 0.45324776875 0.6486996296875 0.456418203125 0.6365568078125 0.46248818593749996 0.6116903406249999 0.48523551875 0.60409904375 0.498587353125 0.61351349375 0.5029859046875 0.61643843125 0.49993047187500006 0.62452485 0.5081305484375 0.6326506546874999 0.511927028125 0.6734776359375 0.5374092453125
6 0.6401734484375 0.6341891140625 0.6624287 0.6088571671875 0.635817609375 0.5195820296875 0.6062290234375001 0.5105953703125 0.5879519140625 0.5296879109375 0.561830146875 0.5604269093750001 0.6350767703125 0.6385376515625001 0.6401734484375 0.6341891140625
5 0.3230660421875 0.7033185453125 0.32152400000000003 0.7099978640625 0.33167878906250003 0.714411496875 0.353621121875 0.716166540625 0.37801106406249996 0.7234527734375 0.40518188593750004 0.7276564375000001 0.40944315781249996 0.73070944375 0.42313456406250005 0.7305596125 0.4490961109375 0.738208678125 0.46151810624999995 0.738179621875 0.4700105828125 0.742623321875 0.492362478125 0.7452749828125 0.4971881625 0.737131465625 0.5045832953125 0.7315193859375 0.51518554375 0.727867625 0.5297074312500001 0.72837384375 0.5313911328125 0.72815905 0.5328094953125 0.7249084515625001 0.509337815625 0.690909140625 0.49180605312500003 0.671224165625 0.48478677656249997 0.661784915625 0.4830073171875 0.6535553703125 0.49560506093749995 0.6348473171875 0.52227758125 0.6069707078125 0.547835071875 0.5768957265625 0.5517532375 0.5570567203125 0.5514219875 0.5441511171875 0.5556852812499999 0.5256847609374999 0.5242531875 0.518428090625 0.4882265484375 0.516732171875 0.47250999531250004 0.5184836765624999 0.396709628125 0.5080191125 0.3891838640625 0.5083508671875 0.3819597875 0.5145460734375 0.3670275203125 0.5326185156250001 0.35523947499999997 0.5406569453125 0.3338689328125 0.5651060125 0.335288178125 0.5786766421875 0.331932978125 0.5824543046875 0.32445976718749997 0.6668082953125001 0.3240342734375 0.6919544765625 0.3275097421875 0.6948260671875001 0.3278720703125 0.698634303125 0.3230660421875 0.7033185453125
5 0.49560506093749995 0.6348473171875 0.4830073171875 0.6535553703125 0.48478677656249997 0.661784915625 0.49180605312500003 0.671224165625 0.509337815625 0.690909140625 0.534757121875 0.727729640625 0.5626299703125001 0.724173828125 0.5944196859375 0.6889353671875 0.62871858125 0.6439625234374999 0.6401734484375 0.6341891140625 0.6663759015624999 0.6043642828125 0.6674869296875 0.6026402296875 0.6641040406250001 0.5912957750000001 0.6659067015625 0.5644224875 0.635817609375 0.5195820296875 0.61643843125 0.49993047187500006 0.5879519140625 0.5296879109375 0.52227758125 0.6069707078125 0.49560506093749995 0.6348473171875
3 0.62716021875 0.871642346875 0.644890215625 0.8635366734375 0.6523153890625 0.854271840625 0.6523822140625 0.8539031593749999 0.6457030296874999 0.8551969250000001 0.6387114281249999 0.8507530624999999 0.638368196875 0.8379400671875 0.6401597921875 0.8322226234375 0.6510098640625 0.828124871875 0.6570323984375 0.8196879984375001 0.65909705625 0.7403539765625 0.6568413015625 0.7272275968749999 0.6520904609375 0.7196246640624999 0.6450823765625 0.7147536624999999 0.63255035 0.7126736796875 0.6034464921875 0.7189667562500001 0.5297074312500001 0.72837384375 0.51518554375 0.727867625 0.5045832953125 0.7315193859375 0.4971881625 0.737131465625 0.487861759375 0.7528701109375 0.466271209375 0.7600845046875 0.458341309375 0.768012915625 0.4520437640625 0.7864839890625 0.448923790625 0.8052820296875 0.44942653281249995 0.827762865625 0.45245439843749996 0.8410675015625 0.46085749531250003 0.8539865765625001 0.4730330109375 0.8576107828125 0.48042764531250004 0.85728480625 0.48675274843749994 0.8615914968749999 0.4937603359375 0.8717486015624999 0.5036490625 0.8764713875 0.5595990375000001 0.8719032734375001 0.62716021875 0.871642346875
5 0.8281991296875001 0.653938753125 0.8238429015625 0.6532342953125 0.8193293640625001 0.6439708640624999 0.68449459375 0.516679559375 0.678398365625 0.5261394593750001 0.6765341593749999 0.523928003125 0.6805119140625 0.678362475 0.6878916484375 0.6680621171875 0.6920933265625 0.6585285625 0.6962784375 0.6404008546875 0.7086350984374999 0.6451763515625 0.709098240625 0.64513915 0.728562659375 0.670450796875 0.8297333421875001 0.6537927828125001 0.8281991296875001 0.653938753125
5 0.8842382046875 0.6083563890625 0.8878547812500001 0.6056901453125 0.8886585328125 0.6043751937499999 0.8884762234375 0.6008319078125 0.8885131749999999 0.5963388984375 0.8873811437500001 0.5925763515625 0.8794938734375 0.5617455171875 0.874600515625 0.5461108375 0.8710215015625 0.5377819921875 0.8673328546875 0.5299280078125 0.86404578125 0.5246675890625 0.8609046765624999 0.52094138125 0.8550240359375 0.51608253125 0.8539646843750001 0.51633813125 0.8506769984375 0.51757979375 0.8474256515624999 0.5208305296875 0.8434438453125 0.5229122828125 0.8415444015625001 0.5224737625 0.839170096875 0.5219256109375 0.8371246828125001 0.5199528765625 0.8347503796875 0.519404725 0.826457875 0.5249928140625 0.82327981875 0.5257596140625 0.8202846828125001 0.5235676203125 0.8148789046875 0.5188184015624999 0.8124319203124999 0.514252103125 0.8114828093750001 0.5075307609374999 0.8109001515625 0.488389746875 0.8080509875 0.487731965625 0.763026171875 0.4884641796875 0.7718236671875001 0.49234145937499996 0.7882944609375 0.51416528125 0.794490796875 0.5376863671875001 0.79198251875 0.5737310953125 0.7890305953125 0.5817867046874999 0.8193293640625001 0.6439708640624999 0.8297333421875001 0.6537927828125001 0.8313771859375001 0.6531719515625001 0.8332402890624999 0.6516014 0.8366012640625 0.647875803125 0.8413868234375 0.6444790968749999 0.8520542453125 0.632937078125 0.8570590640625 0.6285906515625 0.867324303125 0.6209571484375 0.879087415625 0.611168603125 0.8842382046875 0.6083563890625
6 0.6899262609375 0.8781404140625 0.6956609125 0.8759895875 0.7015758609375 0.865106534375 0.7398455078125 0.8382571640625001 0.7495465390625 0.8138462890625 0.7605330046875001 0.8014764828125 0.7728956078125 0.797415459375 0.7729432265625 0.7902485359375 0.7536212250000001 0.7820147375000001 0.7323008843750001 0.7803938921875 0.7215541859375 0.7840438890625 0.71507829375 0.78962311875 0.70350576875 0.7845932890625 0.6866624015625 0.7901371 0.6628599687500001 0.8115242453124999 0.6510098640625 0.828124871875 0.6401597921875 0.8322226234375 0.638368196875 0.8379400671875 0.6387114281249999 0.8507530624999999 0.6457030296874999 0.8551969250000001 0.6545896015625 0.8534755859375001 0.6738761828125 0.872076859375 0.6899262609375 0.8781404140625
6 0.7764973484375 0.5560638921875001 0.7890305953125 0.5817867046874999 0.79198251875 0.5737310953125 0.794490796875 0.5376863671875001 0.7882944609375 0.51416528125 0.7718236671875001 0.49234145937499996 0.7496626640625 0.4825745453125 0.724825859375 0.48439781093749995 0.7014314796875001 0.49759936250000003 0.6849993703125 0.5158962625 0.676846671875 0.5285473203125 0.6664849 0.5558029624999999 0.6641040406250001 0.5912957750000001 0.672295425 0.6187654390625 0.6899552296875 0.6379571140625 0.7086350984374999 0.6451763515625 0.709098240625 0.64513915 0.706512325 0.641776409375 0.7073043484375 0.6276876437500001 0.71424296875 0.606159684375 0.715466459375 0.59020203125 0.7307441625 0.5602646796874999 0.7713942640625 0.5504566296875 0.7764973484375 0.5560638921875001
1 0.8192146390625 0.7312798859375 0.8111270421875 0.7407315875 0.8071377796875 0.7388263453125 0.811343378125 0.7333996609375 0.8149375296875 0.7327530624999999 0.8276985453125001 0.7115850609375001 0.8388773171875 0.6994021390625 0.8416097375 0.689698346875 0.7764973484375 0.5560638921875001 0.7713942640625 0.5504566296875 0.7307441625 0.5602646796874999 0.715466459375 0.59020203125 0.71424296875 0.606159684375 0.7073043484375 0.6276876437500001 0.706512325 0.641776409375 0.7299788781250001 0.6722924546875 0.7401826406249999 0.7090969140625 0.74557296875 0.7177232421874999 0.7493095421875 0.7313811421875 0.772021028125 0.7651677390625 0.796857096875 0.755645728125 0.8042974921875 0.7489973578125 0.821477434375 0.7470581625 0.8261144968749999 0.7397625921875 0.822808790625 0.7306332875 0.8192146390625 0.7312798859375
0 0.7920701765625 0.80378866875 0.7791063312500001 0.79537528125 0.7605330046875001 0.8014764828125 0.7495465390625 0.8138462890625 0.7398455078125 0.8382571640625001 0.7015758609375 0.865106534375 0.685870428125 0.8940033359375 0.6870218328125001 0.9281469578125 0.704999459375 0.9422349078125001 0.7239354421875001 0.9384759515625 0.741751184375 0.920003840625 0.7416171515625 0.942106390625 0.7531287125 0.9587668687500001 0.7742411953125 0.963189365625 0.796971709375 0.9508206625 0.807529328125 0.9383518499999999 0.8166691359374999 0.9183284468749999 0.8205965984375 0.8993601968749999 0.8178605296875 0.8779501421875 0.8297714296875001 0.8576630875 0.834391940625 0.8356929140625 0.8325124625000001 0.8262249234375 0.8144358281249999 0.8125658187499999 0.7972808687499999 0.8203495875 0.7920701765625 0.80378866875