6 0.5082887640625 0.6098008625 0.5086352562500001 0.5857239265625 0.5175163781250001 0.5750685546875001 0.519188678125 0.5537256671875 0.5358570296875 0.5285459046875001 0.5311603218750001 0.5315664124999999 0.519283684375 0.519817571875 0.5129160953125 0.5185798390625 0.5091134359375 0.521144765625 0.5049954765625 0.532616646875 0.4986662296875 0.5384665562500001 0.495837125 0.5530210421875 0.4890551484375 0.59276786875 0.49117907812499995 0.6158373296875 0.5147798953125 0.6601072875 0.5183694187500001 0.656674353125 0.521911471875 0.6573628578124999 0.5567437328125 0.727275796875 0.6004835484375 0.7480069609375 0.6063963078125 0.7491562843749999 0.60938474375 0.7465035265625 0.5963683843750001 0.7382304546875 0.5812615921875001 0.72208149375 0.611507340625 0.66515463125 0.5989984500000001 0.6559109171874999 0.588393365625 0.6563258359375 0.578433734375 0.6438654453125 0.5581512156249999 0.6399229234375 0.549401434375 0.630793128125 0.514917803125 0.623471103125 0.5082887640625 0.6098008625
3 0.4294977203125 0.9209168703125 0.45102449375000003 0.8894524 0.408779953125 0.8961856812500001 0.39336159843749996 0.9042667062499999 0.370989678125 0.9082265843749999 0.360937446875 0.9029492140625001 0.3525151828125 0.883587209375 0.3530781125 0.86730961875 0.3366987125 0.8933956140625 0.3329173640625 0.903091846875 0.4294977203125 0.9209168703125
0 0.4638777796875 0.7087888765625 0.4751295984375 0.6980279015625 0.4337395203125 0.671552215625 0.41344215625 0.6694340796875 0.4110463765625 0.68175929375 0.4161334265625 0.69005720625 0.456420659375 0.7058632046875 0.4626563375 0.709957034375 0.4638777796875 0.7087888765625
0 0.5577173265625001 0.7456051968749999 0.541209053125 0.7615282437500001 0.543285009375 0.7628911453125 0.6451965390625001 0.7869643749999999 0.6597388375000001 0.7873547484375 0.659544965625 0.7847490515625 0.6412132953125 0.780654415625 0.6270210984375 0.7672581593750001 0.625915103125 0.7646129015625001 0.5577173265625001 0.7456051968749999
1 0.8751246125 0.5327940328125 0.8620836374999999 0.538981978125 0.8107679031249999 0.536706746875 0.8046385812500001 0.5571231265625001 0.847184025 0.6303041859375 0.8503633687500001 0.63225676875 0.9094669015625 0.5707881593749999 0.9106454812500001 0.5670135046875 0.8831337125 0.5227777015624999 0.8751246125 0.5327940328125
6 0.6802135328125 0.9901047390625 0.6800397593749999 0.9892782484374999 0.663607409375 0.9337125171875 0.6331044125 0.9311351171875 0.618683040625 0.9341975078125 0.617584390625 0.9398495703125 0.593776321875 0.9373166140625001 0.59756208125 0.8617994328125 0.6247795390625 0.8683468890625001 0.646860225 0.8646784546875 0.6478804 0.8594301109375 0.6455356296875 0.8434723375000001 0.6499538499999999 0.840141425 0.7330811359375 0.822170809375 0.7275159625 0.8161040312500001 0.720809196875 0.8127844921875 0.719004628125 0.81617685625 0.699983034375 0.8040869171875 0.6694469187500001 0.8006905312500001 0.648972 0.80413745 0.6214076687500001 0.818584390625 0.6033079781249999 0.835283675 0.5968283750000001 0.8433147171875 0.5967088406250001 0.8440909578125 0.582584796875 0.8621488562499999 0.56828083125 0.8944914359375 0.559105728125 0.9310799796874999 0.5578375421875 0.960953428125 0.66060129375 0.9862925062500001 0.6802135328125 0.9901047390625
1 0.6215858390625 0.754258425 0.6209060671875 0.7526325859375 0.618401953125 0.7280713296875 0.621982553125 0.7125310359375 0.6267773125 0.7022655984374999 0.6360977109375 0.6917601125 0.645050646875 0.6869312828125 0.6314619140625 0.6863654640625 0.6217341953125 0.672711984375 0.611507340625 0.66515463125 0.5812615921875001 0.72208149375 0.5963683843750001 0.7382304546875 0.6215858390625 0.754258425
1 0.714077828125 0.6484453390625 0.71038023125 0.678133515625 0.7217399234374999 0.6832130234375 0.72900848125 0.6919042265625001 0.7349137812500001 0.7076087765625 0.7356490875 0.7239880000000001 0.7329074140625 0.7352123890625 0.716125134375 0.7610635984375 0.6948766015625 0.77820844375 0.675695071875 0.778958909375 0.6663039000000001 0.7826807859375 0.719004628125 0.81617685625 0.785432090625 0.6913015578125 0.7132914031250001 0.6448075453125 0.714077828125 0.6484453390625
3 0.65172766875 0.68720930625 0.645050646875 0.6869312828125 0.6360977109375 0.6917601125 0.6267773125 0.7022655984374999 0.621982553125 0.7125310359375 0.618401953125 0.7280713296875 0.6209060671875 0.7526325859375 0.6270210984375 0.7672581593750001 0.6412132953125 0.780654415625 0.6605300093750001 0.7849690765624999 0.675695071875 0.778958909375 0.6948766015625 0.77820844375 0.716125134375 0.7610635984375 0.7329074140625 0.7352123890625 0.7356490875 0.7239880000000001 0.7349137812500001 0.7076087765625 0.72900848125 0.6919042265625001 0.7217399234374999 0.6832130234375 0.71038023125 0.678133515625 0.7094620640625 0.685505509375 0.7014969453125001 0.702073271875 0.6704054953125 0.695598371875 0.6625708625 0.684563715625 0.6581904656249999 0.692180053125 0.65172766875 0.68720930625
1 0.799771628125 1 0.8148582390625 0.9962115546874999 0.8178942109375 0.9461059734375 0.8053638546874999 0.8812433625 0.7849274140625 0.8161008843750001 0.7790172359375 0.8120192546875 0.7658628078125 0.810719209375 0.7387361015625 0.8209483078125 0.6499538499999999 0.840141425 0.6455356296875 0.8434723375000001 0.6478804 0.8594301109375 0.646860225 0.8646784546875 0.6247795390625 0.8683468890625001 0.59756208125 0.8617994328125 0.593776321875 0.9373166140625001 0.617584390625 0.9398495703125 0.618683040625 0.9341975078125 0.6331044125 0.9311351171875 0.663607409375 0.9337125171875 0.6800397593749999 0.9892782484374999 0.682294040625 1 0.799771628125 1
1 0.65172766875 0.68720930625 0.6581904656249999 0.692180053125 0.6625708625 0.684563715625 0.6487333890625 0.6650743734375 0.6414369890625 0.6671067671875 0.6285846187499999 0.624494465625 0.6342740124999999 0.5863489859375 0.6707910499999999 0.5826638296875 0.68652659375 0.5749391625 0.6990879578125 0.5791061796875 0.708395996875 0.622162696875 0.7174580265625 0.61021876875 0.7324178046875 0.5788705140625 0.6926275359375 0.5548944515625001 0.6615753109375 0.5336979937499999 0.66014661875 0.5285689171875 0.6761830078125 0.5044503578125 0.6636584703125 0.48919693437499995 0.6541522765625001 0.4836107515625 0.649298653125 0.47332138593749995 0.6470293328125 0.4529423203125 0.651747996875 0.4382830078125 0.659018609375 0.4297272953125 0.6732772078125 0.42689133593750006 0.6999257953125 0.4083949765625 0.71992101875 0.40168961562499994 0.7350283421875 0.40031761093749996 0.7532263593749999 0.36762727812499996 0.748643446875 0.338311746875 0.740224775 0.3242936359375 0.7360489609374999 0.323481940625 0.68438286875 0.3344879375 0.6444325171874999 0.35210483125 0.64144979375 0.35152505 0.6339420109375 0.3296359015625 0.628174953125 0.3210858875 0.5440984375 0.35550798125 0.54868066875 0.4975498984375 0.5446054296875 0.51533028125 0.519188678125 0.5537256671875 0.5175163781250001 0.5750685546875001 0.5086352562500001 0.5857239265625 0.5082887640625 0.6098008625 0.514917803125 0.623471103125 0.549401434375 0.630793128125 0.5581512156249999 0.6399229234375 0.578433734375 0.6438654453125 0.588393365625 0.6563258359375 0.5989984500000001 0.6559109171874999 0.6217341953125 0.672711984375 0.6314619140625 0.6863654640625 0.65172766875 0.68720930625
3 0.649298653125 0.47332138593749995 0.6541522765625001 0.4836107515625 0.6636584703125 0.48919693437499995 0.6761830078125 0.5044503578125 0.681570246875 0.496348009375 0.72924950625 0.41069852500000004 0.7350283421875 0.40031761093749996 0.71992101875 0.40168961562499994 0.6999257953125 0.4083949765625 0.6732772078125 0.42689133593750006 0.659018609375 0.4297272953125 0.651747996875 0.4382830078125 0.6470293328125 0.4529423203125 0.649298653125 0.47332138593749995
3 0.8493371625 0.40823501406249996 0.8217723375 0.500051678125 0.8107679031249999 0.536706746875 0.8620836374999999 0.538981978125 0.8751246125 0.5327940328125 0.8841794843749999 0.5214698390625 0.8929826984375 0.4857973453125 0.8960492875 0.453994253125 0.8939964984375001 0.4292958515625 0.8899935265625001 0.42104101875 0.8814378125 0.4137704078125 0.86054133125 0.40908548125 0.8493371625 0.40823501406249996
3 0.5782818 0.8676503265625 0.5967088406250001 0.8440909578125 0.6009325046875 0.8166629296875 0.597343859375 0.8037795109375001 0.586950390625 0.79455849375 0.56761715 0.7885848828124999 0.5183511859375 0.7835757890624999 0.41732526875 0.881020284375 0.41193856562500003 0.88273013125 0.37813499375 0.821625296875 0.3726597109375 0.82269631875 0.3607700125 0.83257105 0.35371393281249996 0.84892436875 0.3525151828125 0.883587209375 0.360937446875 0.9029492140625001 0.370989678125 0.9082265843749999 0.39336159843749996 0.9042667062499999 0.408779953125 0.8961856812500001 0.4808030828125 0.8847060453125 0.509017334375 0.8962832671875001 0.529254309375 0.8919083999999999 0.5782818 0.8676503265625
5 0.41732526875 0.881020284375 0.563227765625 0.74029010625 0.521911471875 0.6573628578124999 0.5183694187500001 0.656674353125 0.36823636406250004 0.8002580796875 0.368076678125 0.803443440625 0.41193856562500003 0.88273013125 0.41732526875 0.881020284375
3 0.8463873 0.393005090625 0.8486156109375 0.3859728796875 0.8479285171875001 0.38070770781249996 0.83010550625 0.3579997078125 0.8160489734375 0.3467147015625 0.8030578140625 0.349748725 0.8002067546875 0.352422528125 0.8276299015624999 0.36888901406249996 0.8438299875 0.385379246875 0.8463873 0.393005090625
0 0.6342740124999999 0.5863489859375 0.6285846187499999 0.624494465625 0.6414369890625 0.6671067671875 0.6487333890625 0.6650743734375 0.6704054953125 0.695598371875 0.7014969453125001 0.702073271875 0.7094620640625 0.685505509375 0.714077828125 0.6484453390625 0.6990879578125 0.5791061796875 0.68652659375 0.5749391625 0.6707910499999999 0.5826638296875 0.6342740124999999 0.5863489859375
7 0.8503562656250001 0.40484044687500004 0.8438299875 0.385379246875 0.8276299015624999 0.36888901406249996 0.7977627796875 0.35095501875 0.7775379765625 0.345810875 0.7673934109375 0.348083915625 0.76077131875 0.35407375937499996 0.681570246875 0.496348009375 0.66014661875 0.5285689171875 0.6615753109375 0.5336979937499999 0.6926275359375 0.5548944515625001 0.777310578125 0.6059211453125 0.7900525203125001 0.60900435 0.792730640625 0.6077056609375 0.798750625 0.57673553125 0.8503562656250001 0.40484044687500004