6 0.60444350625 0.6262563703125 0.5837813671875 0.6262563703125 0.573450296875 0.6189638515625 0.53820311875 0.618356140625 0.52908746875 0.606201940625 0.5248334984375 0.5825012515625 0.5315183078125 0.5703470515625 0.52908746875 0.549077203125 0.54064505 0.5211795921875 0.536610975 0.5250407781249999 0.522710759375 0.5157739671875 0.516223990625 0.5157739671875 0.5129806078125 0.5190173515625001 0.5111272453125 0.5310642046875 0.5060304999999999 0.5380143125 0.5060304999999999 0.5528412109375 0.5069571796875 0.5931518375 0.5134439484375 0.6153921828125 0.5450582578125001 0.654345528125 0.547926796875 0.650290753125 0.5515351453124999 0.650290753125 0.5990674578124999 0.7122728859375 0.6459593421875 0.7242772093750001 0.65198276875 0.7242772093750001 0.654410128125 0.72110296875 0.6400543390625 0.7154655359375 0.622143734375 0.7024957890625 0.6409716265625 0.640843671875 0.626928775 0.6341566000000001 0.61659770625 0.636587440625 0.60444350625 0.6262563703125
3 0.42841678437499997 0.9046810625000001 0.4258634609375 0.8885951249999999 0.41476243906250004 0.9173271828124999 0.41290069375 0.927566784375 0.5111077703125 0.9266359109375 0.5262353328125 0.8916420296875 0.48605171406250003 0.906312240625 0.47245857031250005 0.9171867546874999 0.451253265625 0.9253426421875 0.4403787515625 0.9220802875 0.42841678437499997 0.9046810625000001
0 0.4473620140625 0.695393015625 0.45393891562500005 0.7025678171874999 0.4965018859375 0.7103962484374999 0.5034041359375 0.7132250390625 0.5043802421875 0.71184528125 0.5133720421875 0.6991350671875 0.46769061718750005 0.6810434140625 0.4473620140625 0.6828371140625 0.4473620140625 0.695393015625
0 0.71094635625 0.7490747953125 0.692170196875 0.7485532359375 0.6756826234375 0.73811110625 0.674092209375 0.7357254828124999 0.603520578125 0.730079753125 0.5903538687500001 0.748860175 0.5926517375 0.749801925 0.6972842531250001 0.753987225 0.71163385625 0.751595625 0.71094635625 0.7490747953125
1 0.8691619875000001 0.5629743578124999 0.915450859375 0.4913576125 0.9158875468750001 0.4874274265625 0.8804406578125 0.44925385156250003 0.8744899140625 0.46061436406249995 0.862869253125 0.46917695468750004 0.8120621984374999 0.4767350296875 0.80994111875 0.49794583281250004 0.8656684875 0.5616642953125 0.8691619875000001 0.5629743578124999
6 0.642298834375 0.8742149203125 0.6402737265625 0.911881921875 0.6447289640625 0.9414484921874999 0.7504395796875001 0.9467137718749999 0.7704188953125 0.9467137718749999 0.7700906125 0.9459356234375 0.7433577296875 0.8945262312500001 0.7129233687500001 0.8978164312500001 0.6993512890625 0.9035742843750001 0.6993512890625 0.9093321359375001 0.67549733125 0.9113885109375 0.664804178125 0.8365364359375 0.6927708875 0.8377702609375 0.71374591875 0.8299560328125001 0.71374591875 0.8246094562499999 0.7083993421875 0.8093922765625001 0.71210081875 0.8052795250000001 0.7902718671875 0.7717776468750001 0.7836513453125 0.7668842171875 0.7764344046875 0.7649053796875 0.7753102843749999 0.7685797437499999 0.7543313015625001 0.760341421875 0.723708159375 0.7628340031249999 0.7042671265625 0.770124390625 0.6799658359375 0.7895654234375 0.6653850609374999 0.8094114781249999 0.6605569015625 0.818531334375 0.6605876765625001 0.8193161218749999 0.6501687406250001 0.8397372390625 0.642298834375 0.8742149203125
1 0.6524525953125 0.6463108 0.6409716265625 0.640843671875 0.622143734375 0.7024957890625 0.6400543390625 0.7154655359375 0.6678667593750001 0.726387309375 0.6668892515625 0.7249210484375 0.6597446375 0.701288859375 0.6602942234375 0.6853508734375 0.6630421515625 0.6743591578125 0.6701867671875 0.662268271875 0.678053828125 0.6558198609375 0.6646067953125 0.6578572890625 0.6524525953125 0.6463108
1 0.717186465625 0.7457548640625 0.7753102843749999 0.7685797437499999 0.8166899578125 0.6333237984375 0.737003221875 0.6014491046875 0.738469321875 0.6048700046875 0.74050443125 0.6347182609375001 0.7526246296875 0.6375369125 0.761418003125 0.6446815265625 0.7702113749999999 0.65897075625 0.774058475 0.67490874375 0.7735088890624999 0.6864500453125 0.7619675890625001 0.7150285046875 0.74438084375 0.7359127625 0.725694928125 0.7403094484375 0.717186465625 0.7457548640625
3 0.7363522765625 0.6599131875 0.7045965953125 0.659489778125 0.6948003953125 0.6501527765625 0.69195374375 0.658465 0.6846612234375 0.654818740625 0.678053828125 0.6558198609375 0.6701867671875 0.662268271875 0.6630421515625 0.6743591578125 0.6602942234375 0.6853508734375 0.6597446375 0.701288859375 0.6668892515625 0.7249210484375 0.6756826234375 0.73811110625 0.692170196875 0.7485532359375 0.711955284375 0.749102821875 0.725694928125 0.7403094484375 0.74438084375 0.7359127625 0.7619675890625001 0.7150285046875 0.7735088890624999 0.6864500453125 0.774058475 0.67490874375 0.7702113749999999 0.65897075625 0.761418003125 0.6446815265625 0.7526246296875 0.6375369125 0.74050443125 0.6347182609375001 0.7410097765625 0.6421300046875 0.7363522765625 0.6599131875
1 0.8235563812500001 0.9743136078125 0.8334269843750001 0.9743136078125 0.8367171859375 0.96978958125 0.833838259375 0.959507703125 0.8375397359375001 0.9558062265625 0.8544020171875 0.9459356234375 0.871264296875 0.942234146875 0.903755034375 0.9270169671874999 0.8971746312500001 0.877252675 0.8724981234375001 0.8159726781250001 0.8400073875 0.7559265078124999 0.8334269843750001 0.7530475828125 0.8202661796875 0.7542814078125 0.795589671875 0.7694985875 0.71210081875 0.8052795250000001 0.7083993421875 0.8093922765625001 0.71374591875 0.8246094562499999 0.71374591875 0.8299560328125001 0.6927708875 0.8377702609375 0.664804178125 0.8365364359375 0.67549733125 0.9113885109375 0.6993512890625 0.9093321359375001 0.6993512890625 0.9035742843750001 0.7129233687500001 0.8978164312500001 0.7433577296875 0.8945262312500001 0.7700906125 0.9459356234375 0.7811950421875 0.9722572312500001 0.78695289375 0.980482734375 0.794767121875 0.9829503859375001 0.8169759796875 0.9808940093749999 0.8235563812500001 0.9743136078125
1 0.61659770625 0.636587440625 0.626928775 0.6341566000000001 0.6524525953125 0.6463108 0.6646067953125 0.6578572890625 0.6846612234375 0.654818740625 0.69195374375 0.658465 0.6948003953125 0.6501527765625 0.6774984125 0.6336618234375 0.6707238671875 0.6370490953125 0.6499768203125 0.59767205 0.648283184375 0.5591418218750001 0.6834261390624999 0.54855659375 0.697398640625 0.5379713671874999 0.710524321875 0.539665003125 0.7278769171875 0.58015439375 0.7344934421875 0.5667007921875 0.7431968390625 0.5330740328125 0.69956278125 0.51713081875 0.6650365984375 0.50224884375 0.6626554812500001 0.4974866109375 0.6737951984375 0.47075128906249997 0.65859028125 0.458167909375 0.6481928484374999 0.45449822656250005 0.641465096875 0.44532402187500003 0.6353489609375 0.42575238281249994 0.6371838015625 0.41046204062499997 0.6426883250000001 0.40067622187499996 0.6561438265625 0.3951716984375 0.6787735328125 0.37193037812499996 0.69712194375 0.3615329453125 0.7116899125 0.35730353593749997 0.723315971875 0.3217414703125 0.71322359375 0.29383900937499996 0.7022848140625 0.281684809375 0.69803084375 0.281684809375 0.6494140453125 0.30234695 0.61355915625 0.327263059375 0.6105206062499999 0.327263059375 0.5989741171875 0.30720862968749996 0.591681596875 0.299916109375 0.5157178484375 0.349748328125 0.5473187671875 0.48830620468749997 0.5467110578125001 0.506537503125 0.52908746875 0.549077203125 0.5315183078125 0.5703470515625 0.5248334984375 0.5825012515625 0.52908746875 0.606201940625 0.53820311875 0.618356140625 0.573450296875 0.6189638515625 0.5837813671875 0.6262563703125 0.60444350625 0.6262563703125 0.61659770625 0.636587440625
3 0.6561438265625 0.3951716984375 0.6426883250000001 0.40067622187499996 0.6371838015625 0.41046204062499997 0.6353489609375 0.42575238281249994 0.641465096875 0.44532402187500003 0.6481928484374999 0.45449822656250005 0.65859028125 0.458167909375 0.6737951984375 0.47075128906249997 0.6775374578125 0.4617698703125 0.707998021875 0.3685963765625 0.7116899125 0.35730353593749997 0.69712194375 0.3615329453125 0.6787735328125 0.37193037812499996 0.6561438265625 0.3951716984375
3 0.8732666859375 0.355416809375 0.8677621625 0.3480774453125 0.8579763437500001 0.342572921875 0.8365698640625 0.3419613078125 0.8254092703125 0.343264321875 0.815870334375 0.43865367187500004 0.8120621984374999 0.4767350296875 0.862869253125 0.46917695468750004 0.8744899140625 0.46061436406249995 0.8812176640624999 0.4477704765625 0.8830525046875 0.41107365468749996 0.8799944359375 0.3792697421875 0.8732666859375 0.355416809375
3 0.48605171406250003 0.906312240625 0.5545611578125 0.88130085625 0.5844660734375 0.8872818390624999 0.6034964734375 0.8791259531250001 0.6469945328125 0.8459586828125 0.6605876765625001 0.8193161218749999 0.659500225 0.7915861093750001 0.6535192421875 0.7796241421875 0.6415572765625 0.7725557078125 0.6214394234375 0.7703808046875 0.572122834375 0.77486413125 0.491546334375 0.8897949515624999 0.4865848546875 0.8925012140625 0.44174299687499996 0.8389690734374999 0.43657267187500004 0.8410651515625001 0.42678560781249997 0.8530271171875 0.42297952812500006 0.8704263421875 0.42841678437499997 0.9046810625000001 0.4403787515625 0.9220802875 0.451253265625 0.9253426421875 0.47245857031250005 0.9171867546874999 0.48605171406250003 0.906312240625
5 0.547926796875 0.650290753125 0.427949175 0.8198831796875 0.42840021874999995 0.8230404859375 0.4865848546875 0.8925012140625 0.491546334375 0.8897949515624999 0.6079156078125 0.7238108734375001 0.5515351453124999 0.650290753125 0.547926796875 0.650290753125
3 0.7688204937500001 0.29468310781249996 0.7665320015625 0.2978517921875 0.7965932625 0.308783159375 0.8156421921874999 0.32187929843749996 0.8196075984375 0.32887707499999996 0.820453159375 0.321548884375 0.8187740484375 0.3165115515625 0.7969456046875 0.297621553125 0.78099405 0.289225996875 0.7688204937500001 0.29468310781249996
0 0.738469321875 0.6048700046875 0.710524321875 0.539665003125 0.697398640625 0.5379713671874999 0.6834261390624999 0.54855659375 0.648283184375 0.5591418218750001 0.6499768203125 0.59767205 0.6707238671875 0.6370490953125 0.6774984125 0.6336618234375 0.7045965953125 0.659489778125 0.7363522765625 0.6599131875 0.7410097765625 0.6421300046875 0.738469321875 0.6048700046875
7 0.7924263093749999 0.5510617234375 0.8055224484375 0.551657003125 0.8079035640625 0.549871165625 0.8079035640625 0.5183213765625 0.8257619359374999 0.33973766875 0.8156421921874999 0.32187929843749996 0.7965932625 0.308783159375 0.763852915625 0.29687757812500004 0.7430181499999999 0.2956870203125 0.7334936859375001 0.2998539734375 0.728136175 0.306997321875 0.6775374578125 0.4617698703125 0.6626554812500001 0.4974866109375 0.6650365984375 0.50224884375 0.69956278125 0.51713081875 0.7924263093749999 0.5510617234375