7 0.6601794921875 0.8712363812499999 0.6658318609375 0.870422421875 0.668605025 0.8640643328125 0.673612375 0.8311849421874999 0.6705708171875 0.8225429406250001 0.6483153046875 0.82267384375 0.6376275453125 0.818721475 0.6399626515625 0.8632779421875 0.63996460625 0.8633152296875 0.6411593390625 0.8639495109374999 0.6601794921875 0.8712363812499999
7 0.5150959562499999 0.8788398859375001 0.5333000328125 0.8603494640625 0.5100286015625 0.85470824375 0.48840900156249994 0.85239095625 0.5059917609375 0.882941125 0.5150959562499999 0.8788398859375001
0 0.496483184375 0.5737296828125 0.3699498046875 0.5721346890625 0.34129762656249996 0.774777546875 0.5022929031250001 0.57612853125 0.49550481562500004 0.5773590765625001 0.496483184375 0.5737296828125
0 0.515399703125 0.5211728859375 0.5193036984375 0.5205307703125001 0.5271153953125001 0.5026207281249999 0.527625871875 0.49992844999999997 0.5024333640624999 0.46628496718749995 0.4673335984375 0.44030522968749997 0.4271044375 0.42939177968750003 0.382740825 0.4299410828125 0.2932920515625 0.4624481328125 0.2515938796875 0.49126888125 0.2247454484375 0.5210870843750001 0.20572530000000003 0.5534545171875 0.1896849640625 0.597503759375 0.1865688609375 0.6396918734375 0.1870638234375 0.6491363125 0.19013393125 0.673835159375 0.209603046875 0.7177991265625 0.23494651093750002 0.7496172578125 0.25993834374999997 0.7648305875 0.2218632671875 0.6863374390625 0.214328240625 0.676877390625 0.20975035000000003 0.6611616812500001 0.21009571562499998 0.6587971671874999 0.21440580156250003 0.6604484171875 0.221053884375 0.6708935171875 0.2315725640625 0.665649425 0.2638253015625 0.6184386734375 0.29223595 0.5695521421875 0.2955855125 0.57078445 0.332932003125 0.628762815625 0.343430853125 0.612254628125 0.359922153125 0.6001707984375 0.3699498046875 0.5721346890625 0.3923905328125 0.49275161875 0.401917378125 0.471503540625 0.4009697296875 0.46357290000000007 0.40627987499999996 0.44307783125 0.41362659687500003 0.43098835625 0.4232601515625 0.43207954375 0.44274744843749997 0.44861493281250003 0.49560010312499997 0.48255445 0.5123233625 0.4971066140625 0.514443359375 0.507103896875 0.5128733296875 0.5129281453125001 0.515399703125 0.5211728859375
1 0.5003179265625 0.5595041703125 0.504158640625 0.5738264328125 0.5050612906249999 0.575626678125 0.505628496875 0.575523853125 0.509982109375 0.5723977062500001 0.512520459375 0.568859984375 0.5236446953125 0.5318576890625 0.5364705187500001 0.489195446875 0.5403165078125001 0.482715503125 0.539612259375 0.48227756718750003 0.5308859015625 0.4827348953125 0.5271153953125001 0.5026207281249999 0.5193036984375 0.5205307703125001 0.515399703125 0.5211728859375 0.5128733296875 0.5129281453125001 0.5003179265625 0.5595041703125
1 0.743752059375 0.6684844359375 0.7515073984375 0.684886390625 0.7529079750000001 0.6907240265625 0.7653491765625 0.6754548515625001 0.7692128578124999 0.665120175 0.743752059375 0.6684844359375
5 0.592499159375 0.8746999078125001 0.6184651437500001 0.8846478156250001 0.627930628125 0.8926332968749999 0.63116379375 0.9003799640624999 0.641877659375 0.8998184734375 0.635760375 0.7830937359375 0.6156696828125 0.777361409375 0.610922165625 0.773086725 0.609383059375 0.7545079859375 0.608453775 0.7507201359375 0.60005618125 0.7472506625 0.5601368046874999 0.71938068125 0.5462327375 0.761013659375 0.55140101875 0.8007462875 0.4564402421875 0.8111663671875 0.4411417796875 0.8119681249999999 0.43852057968749997 0.7845505937499999 0.4245567390625 0.7857010390625 0.4247149 0.7773547046875 0.4352875765625 0.7567060859375 0.43027486562500006 0.7628361640625 0.4183139359375 0.7855841328125 0.4115991640625 0.7829466968750001 0.3829707359375 0.74650234375 0.3251180984375 0.7668814734375 0.34129762656249996 0.774777546875 0.357382 0.7795889640625 0.39729022187499996 0.8182088828125 0.43224645781250004 0.8378634859374999 0.463969528125 0.8497714234375 0.5100286015625 0.85470824375 0.592499159375 0.8746999078125001
6 0.39077673125 0.579567046875 0.406485825 0.589589371875 0.41792313593749997 0.5901308609375 0.43176707031249995 0.5973269796875 0.43757915937499997 0.6069097390625 0.4650590296875 0.59792735 0.466169175 0.5978825718749999 0.4698226265625 0.585920059375 0.47918467343750004 0.5803175953124999 0.49550481562500004 0.5773590765625001 0.514443359375 0.507103896875 0.5123233625 0.4971066140625 0.49560010312499997 0.48255445 0.44274744843749997 0.44861493281250003 0.4232601515625 0.43207954375 0.41362659687500003 0.43098835625 0.40627987499999996 0.44307783125 0.4009697296875 0.46357290000000007 0.401917378125 0.471503540625 0.3923905328125 0.49275161875 0.3699498046875 0.5721346890625 0.359922153125 0.6001707984375 0.3655540734375 0.5960440671875 0.3883840140625 0.59238899375 0.39077673125 0.579567046875
3 0.718873121875 0.62773188125 0.715880178125 0.6418959234375 0.714171403125 0.6450742796875 0.7307478140625 0.6505050406249999 0.7405030578125 0.6616130484375 0.743752059375 0.6684844359375 0.9079263687499999 0.64679126875 0.9172479296875 0.64095415 0.9225561875 0.629978765625 0.9264924328124999 0.6030295 0.9249549609375001 0.5736928015625 0.91499499375 0.5469369453125 0.8992470125 0.542413665625 0.8555419421874999 0.54917394375 0.8523932765625 0.5546223484375 0.8130276078125 0.5709301140624999 0.708846971875 0.5986498953125 0.7144180078125 0.605086953125 0.7183362671875 0.6174880765624999 0.718873121875 0.62773188125
3 0.38709694843750003 0.59928605625 0.3883840140625 0.59238899375 0.3655540734375 0.5960440671875 0.343430853125 0.612254628125 0.332932003125 0.628762815625 0.3379856953125 0.6366083953125 0.342197675 0.6363876546875 0.3612178734375 0.6142731109375 0.38471893125 0.61202924375 0.38709694843750003 0.59928605625
6 0.6091133203125 0.511593684375 0.6298365578125 0.5206323953124999 0.633117546875 0.5264161921875 0.6255132140625 0.5631447734374999 0.6191750546875 0.5806122390625 0.6393264140625 0.5821282171875 0.6352376375000001 0.576058075 0.6298315031249999 0.560839815625 0.629680003125 0.5499547515625001 0.6331994671875 0.5451617265625 0.6434258515625 0.5404361671875 0.6455640453125 0.517281215625 0.652318315625 0.50226358125 0.6542658921875 0.50140090625 0.650247246875 0.49612317343749995 0.6249309937499999 0.492616771875 0.6031310171875 0.5062071953125 0.6091133203125 0.511593684375
1 0.3939041296875 0.6111522468749999 0.41609623593749995 0.6137434734375 0.4162440421875 0.7240172484375 0.4098863 0.7370210875 0.3829707359375 0.74650234375 0.4115991640625 0.7829466968750001 0.4183139359375 0.7855841328125 0.43027486562500006 0.7628361640625 0.4352875765625 0.7567060859375 0.43576872343749995 0.755766403125 0.4247130484375 0.6401249875 0.42546937656250006 0.62622943125 0.42923842187499994 0.6131656921874999 0.43210920937499997 0.610267346875 0.41242597812500004 0.5933791609375 0.39077673125 0.579567046875 0.38471893125 0.61202924375 0.3939041296875 0.6111522468749999
3 0.48368009375 0.5971762859374999 0.4862075671875 0.5936053046875001 0.503028090625 0.587831459375 0.508133334375 0.580225425 0.5091645890625001 0.580022540625 0.5118629078125 0.5710471828125 0.505628496875 0.575523853125 0.47918467343750004 0.5803175953124999 0.4698226265625 0.585920059375 0.466169175 0.5978825718749999 0.48368009375 0.5971762859374999
6 0.8324725546874999 0.44631735 0.826360396875 0.441610134375 0.82088501875 0.4410591640625 0.79273641875 0.44756190937499996 0.7059571296875 0.47850440625 0.652318315625 0.50226358125 0.6455640453125 0.517281215625 0.6434258515625 0.5404361671875 0.6331994671875 0.5451617265625 0.629680003125 0.5499547515625001 0.6298315031249999 0.560839815625 0.6352376375000001 0.576058075 0.6393264140625 0.5821282171875 0.642705375 0.583868975 0.6474638484375 0.58416524375 0.6577540296875 0.5820003890625001 0.6602447125 0.58496099375 0.6854310531250001 0.5865291218750001 0.7074599781249999 0.59704729375 0.708846971875 0.5986498953125 0.8130276078125 0.5709301140624999 0.8523932765625 0.5546223484375 0.8573869249999999 0.5459814093750001 0.85662409375 0.5154371859375 0.8324725546874999 0.44631735
6 0.7515073984375 0.684886390625 0.7405030578125 0.6616130484375 0.7307478140625 0.6505050406249999 0.714171403125 0.6450742796875 0.70864778125 0.6553483359375 0.7010981515625 0.662747590625 0.6506336296875 0.6887376390625 0.6476989109375 0.68871886875 0.634753490625 0.6886360687499999 0.6188265281249999 0.6787319203125 0.584947540625 0.6797090859375 0.5806570125 0.6959264390625 0.5735582921875 0.7082099609375 0.56690040625 0.7061765875 0.5634923828125 0.7093330671875 0.5601368046874999 0.71938068125 0.60005618125 0.7472506625 0.6906919375 0.7846968953125 0.71117165 0.77873128125 0.7395502375 0.7601209046874999 0.746578365625 0.7658679765625 0.7700408859375 0.770142215625 0.7783552625 0.7654256984375001 0.7840384078125 0.7571778390625 0.790943878125 0.7372466625 0.788701375 0.717794909375 0.7671349671875001 0.7030251203125 0.7554196890625 0.7011929328125001 0.7515073984375 0.684886390625
1 0.5042570625 0.59634633125 0.50604529375 0.5962742046875 0.517212625 0.6016272 0.5231325140624999 0.6107191828125 0.5290244390625001 0.6287200078125 0.532715815625 0.6570985109375 0.5322033390625001 0.6473198625000001 0.5348282671875 0.6350427296875 0.539118503125 0.62781429375 0.5587988484374999 0.620246203125 0.5710027734375 0.621474246875 0.574040734375 0.6201497687499999 0.6255132140625 0.5631447734374999 0.633117546875 0.5264161921875 0.6298365578125 0.5206323953124999 0.6091133203125 0.511593684375 0.5916113421875 0.495834834375 0.5728566984375 0.49026640156249995 0.5651976890625 0.4918589421875 0.5408485375 0.48181910781250004 0.5364705187500001 0.489195446875 0.5042570625 0.59634633125
5 0.41609623593749995 0.6137434734375 0.3939041296875 0.6111522468749999 0.3612178734375 0.6142731109375 0.342197675 0.6363876546875 0.3379856953125 0.6366083953125 0.2955855125 0.57078445 0.29223595 0.5695521421875 0.2638253015625 0.6184386734375 0.2315725640625 0.665649425 0.221053884375 0.6708935171875 0.21440580156250003 0.6604484171875 0.21009571562499998 0.6587971671874999 0.20975035000000003 0.6611616812500001 0.214328240625 0.676877390625 0.2218632671875 0.6863374390625 0.2744758671875 0.7948002187500001 0.3191133046875 0.7689967156249999 0.4098863 0.7370210875 0.4162440421875 0.7240172484375 0.41609623593749995 0.6137434734375
3 0.4650590296875 0.59792735 0.43440827656250003 0.607946209375 0.42923842187499994 0.6131656921874999 0.42546937656250006 0.62622943125 0.4247130484375 0.6401249875 0.4411417796875 0.8119681249999999 0.4564402421875 0.8111663671875 0.55140101875 0.8007462875 0.5336300671875 0.6641270671874999 0.53298421875 0.662219940625 0.532715815625 0.6570985109375 0.5290244390625001 0.6287200078125 0.5231325140624999 0.6107191828125 0.517212625 0.6016272 0.50604529375 0.5962742046875 0.4650590296875 0.59792735
3 0.5502064953125 0.6879310203125 0.570130865625 0.685019203125 0.5791993890625 0.6798748781249999 0.6188265281249999 0.6787319203125 0.634753490625 0.6886360687499999 0.6506336296875 0.6887376390625 0.7010981515625 0.662747590625 0.70864778125 0.6553483359375 0.715880178125 0.6418959234375 0.718873121875 0.62773188125 0.7183362671875 0.6174880765624999 0.7144180078125 0.605086953125 0.7074599781249999 0.59704729375 0.6854310531250001 0.5865291218750001 0.63249791875 0.583233446875 0.6206600328125 0.588989815625 0.6075208937500001 0.6055532234375 0.5710027734375 0.621474246875 0.5587988484374999 0.620246203125 0.539118503125 0.62781429375 0.5348282671875 0.6350427296875 0.5322033390625001 0.6473198625000001 0.53298421875 0.662219940625 0.537955746875 0.676900396875 0.5434680890625 0.6840820078125 0.5502064953125 0.6879310203125