7 0.6137432046875 0.8879902109375 0.6194526390624999 0.8878711703125 0.6229799875 0.8818984359375 0.6319570031249999 0.849874365625 0.6299913109374999 0.8409261078125001 0.6078857359375001 0.8383437703125001 0.5977593140625 0.8331183515625 0.594646946875 0.8776272796875 0.5946443421875001 0.877664528125 0.5957528703125 0.87843968125 0.6137432046875 0.8879902109375
7 0.46881446562500007 0.87785580625 0.48913626718750003 0.8617217265624999 0.46672578906249995 0.85328648125 0.44554974375 0.8483517 0.45927831562500004 0.8808169515625 0.46881446562500007 0.87785580625
0 0.48752401093750003 0.5727515203125 0.362128171875 0.5557478765625 0.3089936109375 0.7533884421875 0.492998078125 0.575840515625 0.4861106234375 0.576234628125 0.48752401093750003 0.5727515203125
0 0.5127045906250001 0.52289181875 0.5166577390625 0.522730265625 0.5265938953125 0.5059057296875 0.527428671875 0.5032957312499999 0.5065240546875 0.4668328265625 0.4748520515625 0.43676915312500003 0.4362527671875 0.4210343484375 0.392152890625 0.4161729921875 0.2994092421875 0.43753667656250006 0.254509515625 0.4610608703125 0.224227284375 0.48738481250000004 0.20140431250000002 0.5171930109375 0.18011528593749998 0.5589590921875 0.171880971875 0.600452984375 0.1712212578125 0.609887346875 0.1712584484375 0.63477624375 0.185224584375 0.6807851984375 0.20650148906250002 0.7154547531250001 0.229452996875 0.733600425 0.201227634375 0.6510521671875 0.1949016640625 0.64074434375 0.192273159375 0.624587871875 0.19290411093749998 0.622283071875 0.1969808328125 0.6244472812499999 0.2023064265625 0.635624721875 0.21338579531250002 0.6317016234375 0.25115166875 0.58877339375 0.28530831874999996 0.5437136437500001 0.28848273281250003 0.5453449734375 0.3184850625 0.6074425703124999 0.330917496875 0.5923369203125 0.3487585234375 0.5823529453125 0.362128171875 0.5557478765625 0.39407599375 0.4796913515625 0.406121315625 0.45976268437499995 0.40614723281250004 0.45177566718750006 0.4139155171875 0.4320805109375 0.422680815625 0.4209764890625 0.4321095796875 0.42323357812499995 0.449436465625 0.44202061875 0.4977589765625 0.48214827343750005 0.5125841203125 0.49863002031250003 0.5134699546875 0.5088111484375 0.511201828125 0.5144006453125 0.5127045906250001 0.52289181875
1 0.49306382187500003 0.55909938125 0.49513046406249994 0.573782953125 0.49580699062500005 0.575679784375 0.4963825 0.5756468515625001 0.50108464375 0.573074578125 0.5040352125 0.569872571875 0.5195859765625 0.534501790625 0.5375154156249999 0.4937206203125 0.5421224453125 0.4877576859375 0.5414768171875 0.4872371875 0.5327597703125 0.48662763125 0.5265938953125 0.5059057296875 0.5166577390625 0.522730265625 0.5127045906250001 0.52289181875 0.511201828125 0.5144006453125 0.49306382187500003 0.55909938125
1 0.7214020796875 0.6969344828125 0.72710071875 0.7141593171875 0.727779425 0.7201241265625 0.7419887359375 0.7064849671875 0.7470830984375 0.6966981875 0.7214020796875 0.6969344828125
5 0.546145253125 0.8831797640625 0.5707053453125 0.896217978125 0.579127090625 0.9052974890625001 0.581392075 0.9133804375000001 0.5920945109375 0.914128825 0.600247990625 0.7975286265625 0.581005646875 0.7893905875 0.5768144687500001 0.7845691890625 0.5775510125000001 0.7659413625 0.577090278125 0.7620684953125 0.5691781015624999 0.757601475 0.5329527749999999 0.725074284375 0.5140785625000001 0.7647024578125 0.51436613125 0.8047687796874999 0.4188432890625 0.8035383812499999 0.4035611484375 0.80246975 0.40430084375 0.7749371390625 0.39030088281249997 0.7743772453125 0.391475028125 0.7661123984375 0.40448533124999997 0.7469061765625 0.398762915625 0.7523796671875 0.38411886093750003 0.7735004046875 0.3777755625 0.7700643031250001 0.353801975 0.7304026734375 0.293896971875 0.7435794359375001 0.3089936109375 0.7533884421875 0.3243717296875 0.7601241890625 0.359275896875 0.803319828125 0.39157628125 0.8270880234375 0.4216116796875 0.8427732703125 0.46672578906249995 0.85328648125 0.546145253125 0.8831797640625
6 0.38189408125 0.5656629984375 0.3962646671875 0.5775250749999999 0.4075507359375 0.5794563859374999 0.42041449374999995 0.5882860171875001 0.425015415625 0.5985056640625 0.45338513281250004 0.59293918125 0.45449245937500005 0.5930300296875 0.4595765421875 0.5816019265625 0.469551575 0.5771821703125 0.4861106234375 0.576234628125 0.5134699546875 0.5088111484375 0.5125841203125 0.49863002031250003 0.4977589765625 0.48214827343750005 0.449436465625 0.44202061875 0.4321095796875 0.42323357812499995 0.422680815625 0.4209764890625 0.4139155171875 0.4320805109375 0.40614723281250004 0.45177566718750006 0.406121315625 0.45976268437499995 0.39407599375 0.4796913515625 0.362128171875 0.5557478765625 0.3487585234375 0.5823529453125 0.3548513859375 0.5789433328125 0.377956596875 0.5780977734375 0.38189408125 0.5656629984375
3 0.701675075 0.653453709375 0.6969782765625 0.6671474296875 0.6948948953125 0.6700938453124999 0.710685903125 0.6775042828125 0.7190147078125 0.6897183578125 0.7214020796875 0.6969344828125 0.886996390625 0.6954108265625 0.8969598375000001 0.69075323125 0.9035660921875 0.6805065703125 0.9107572859375 0.6542378859375 0.9128065187500001 0.6249324890625 0.9061815093750001 0.5971622515624999 0.891102159375 0.5907534921875001 0.846898990625 0.5921370718750001 0.8431098 0.5971611390625 0.802050140625 0.60854988125 0.695267859375 0.6233666171875 0.7000128906249999 0.6304346328125 0.7023906265625001 0.6432208359375 0.701675075 0.653453709375
3 0.375838584375 0.5847865718749999 0.377956596875 0.5780977734375 0.3548513859375 0.5789433328125 0.330917496875 0.5923369203125 0.3184850625 0.6074425703124999 0.32254495 0.6158455609375 0.3267524359375 0.6161397765625 0.3483259453125 0.59650805 0.3719252890625 0.5971449671875 0.375838584375 0.5847865718749999
6 0.606887090625 0.5248048359374999 0.62635431875 0.5363017 0.628905984375 0.5424422375 0.6168822453125 0.5779703140625 0.60846258125 0.594535153125 0.628278984375 0.5984956640625 0.6249604484375 0.591972471875 0.6214492515625001 0.5762088046875 0.6226254359375 0.5653864125 0.6267027875 0.5610580281249999 0.6374288484374999 0.5576139765625 0.6423729828125 0.5348921984375 0.6509070968749999 0.520809640625 0.6529452890624999 0.520190746875 0.64959979375 0.5144626046874999 0.6248995671875 0.5078970640625 0.6016058281250001 0.5187294359375 0.606887090625 0.5248048359374999
1 0.3811489015625 0.5973938999999999 0.4028598 0.60267035 0.3895675125 0.7121401734374999 0.3816723890625 0.7242722703125 0.353801975 0.7304026734375 0.3777755625 0.7700643031250001 0.38411886093750003 0.7735004046875 0.398762915625 0.7523796671875 0.40448533124999997 0.7469061765625 0.40507740937500003 0.7460321343749999 0.4081972859375 0.6299053453125001 0.41064141875000004 0.6162055375 0.415974440625 0.60369850625 0.4191770484375 0.601171625 0.401698684375 0.5820105375 0.38189408125 0.5656629984375 0.3719252890625 0.5971449671875 0.3811489015625 0.5973938999999999
3 0.47195892968750003 0.5944630515625 0.4749027578125 0.591226709375 0.49230155625 0.5875458078125 0.498295690625 0.5806186421875 0.49934398281250003 0.580542946875 0.5031160109374999 0.5719633328125 0.4963825 0.5756468515625001 0.469551575 0.5771821703125 0.4595765421875 0.5816019265625 0.45449245937500005 0.5930300296875 0.47195892968750003 0.5944630515625
6 0.8365366234374999 0.4872357046875 0.831043690625 0.48181869062500005 0.8256762703125 0.48060454531249996 0.7969450015625 0.4836283703125 0.7070416109375001 0.503764490625 0.6509070968749999 0.520809640625 0.6423729828125 0.5348921984375 0.6374288484374999 0.5576139765625 0.6267027875 0.5610580281249999 0.6226254359375 0.5653864125 0.6214492515625001 0.5762088046875 0.6249604484375 0.591972471875 0.628278984375 0.5984956640625 0.6314206140625 0.6006352390624999 0.6361075125 0.6015092109375 0.6465848203125 0.6006145515625 0.64869613125 0.6038566249999999 0.67350363125 0.6084825078125 0.6940865125 0.6216069281250001 0.695267859375 0.6233666171875 0.802050140625 0.60854988125 0.8431098 0.5971611390625 0.84911929375 0.58919318125 0.8520845515625 0.5587836625 0.8365366234374999 0.4872357046875
6 0.72710071875 0.7141593171875 0.7190147078125 0.6897183578125 0.710685903125 0.6775042828125 0.6948948953125 0.6700938453124999 0.688160353125 0.6796181609375 0.6797652546874999 0.68604219375 0.626509496875 0.7056884390625 0.623598940625 0.70531215625 0.6107601046875 0.703652325 0.5961588718749999 0.691880990625 0.5624133265625 0.6887220625 0.5561783796875 0.7042956499999999 0.5476355890625 0.7156224953125 0.5412751359375 0.7127928875 0.5375078359375001 0.71551050625 0.5329527749999999 0.725074284375 0.5691781015624999 0.757601475 0.654574725 0.8058143093749999 0.675628809375 0.8023890109374999 0.7060639015625 0.7873758343749999 0.712339253125 0.7939365796875 0.7351059875 0.801038321875 0.7439331890624999 0.7973702296875 0.750579134375 0.7898764484374999 0.75986213125 0.7709354015625001 0.7600069171875 0.7513553468749999 0.7404012453125 0.734067365625 0.7289965781250001 0.7308211015625 0.72710071875 0.7141593171875
1 0.49248366718750003 0.5961469859374999 0.49426735937500005 0.5962933265625 0.5046990859375 0.602967378125 0.5094668140625 0.6127130421875 0.5131210734375 0.6312977375 0.513326465625 0.659914578125 0.514009525 0.6501463625 0.51811109375 0.638280640625 0.523250275 0.6316289312500001 0.5437062453125 0.6265156828125 0.5556695421875 0.6292218578125001 0.558846271875 0.6282774859375 0.6168822453125 0.5779703140625 0.628905984375 0.5424422375 0.62635431875 0.5363017 0.606887090625 0.5248048359374999 0.591436090625 0.5070304953125 0.5734998640625 0.4992179515625 0.5657038609375 0.4998652234375 0.5427597515625 0.4869328109375 0.5375154156249999 0.4937206203125 0.49248366718750003 0.5961469859374999
5 0.4028598 0.60267035 0.3811489015625 0.5973938999999999 0.3483259453125 0.59650805 0.3267524359375 0.6161397765625 0.32254495 0.6158455609375 0.28848273281250003 0.5453449734375 0.28530831874999996 0.5437136437500001 0.25115166875 0.58877339375 0.21338579531250002 0.6317016234375 0.2023064265625 0.635624721875 0.1969808328125 0.6244472812499999 0.19290411093749998 0.622283071875 0.192273159375 0.624587871875 0.1949016640625 0.64074434375 0.201227634375 0.6510521671875 0.24022978125 0.7651183453125 0.287679153125 0.7449471125 0.3816723890625 0.7242722703125 0.3895675125 0.7121401734374999 0.4028598 0.60267035
3 0.45338513281250004 0.59293918125 0.4217418546875 0.5991479749999999 0.415974440625 0.60369850625 0.41064141875000004 0.6162055375 0.4081972859375 0.6299053453125001 0.4035611484375 0.80246975 0.4188432890625 0.8035383812499999 0.51436613125 0.8047687796874999 0.5133773359375 0.6670021625 0.512968721875 0.6650305421875 0.513326465625 0.659914578125 0.5131210734375 0.6312977375 0.5094668140625 0.6127130421875 0.5046990859375 0.602967378125 0.49426735937500005 0.5962933265625 0.45338513281250004 0.59293918125
3 0.5269292328125 0.69264884375 0.5470599515625 0.6921869 0.5566878156249999 0.688186096875 0.5961588718749999 0.691880990625 0.6107601046875 0.703652325 0.626509496875 0.7056884390625 0.6797652546874999 0.68604219375 0.688160353125 0.6796181609375 0.6969782765625 0.6671474296875 0.701675075 0.653453709375 0.7023906265625001 0.6432208359375 0.7000128906249999 0.6304346328125 0.6940865125 0.6216069281250001 0.67350363125 0.6084825078125 0.62136669375 0.598760471875 0.6089155203125001 0.6030312578125 0.593855746875 0.617869946875 0.5556695421875 0.6292218578125001 0.5437062453125 0.6265156828125 0.523250275 0.6316289312500001 0.51811109375 0.638280640625 0.514009525 0.6501463625 0.512968721875 0.6650305421875 0.5161140953125 0.6802074499999999 0.52071013125 0.688007315625 0.5269292328125 0.69264884375