4 0.4525892515625 0.5161617421875 0.4450883265625 0.504072890625 0.43746659218749995 0.49749806875 0.429020640625 0.49561558281250007 0.40590372500000005 0.5028748890625 0.3563932078125 0.5042514265625 0.3010087546875 0.518060321875 0.2922054203125 0.5247420765624999 0.287155703125 0.532482096875 0.2848025953125 0.5430395359375 0.285731221875 0.558761196875 0.3002370390625 0.6414461203124999 0.30747194843750003 0.640735828125 0.3387135296875 0.64220873125 0.372132653125 0.64710826875 0.391745046875 0.6550091515625 0.39432890781249996 0.6724484671875001 0.403651346875 0.7027627140625 0.403677015625 0.7178758421875 0.41908278125000004 0.7153438999999999 0.449354425 0.716607121875 0.4804127375 0.7230193125000001 0.4941982453125 0.70891679375 0.4945240953125 0.7086794578125 0.4938189640625 0.7053434515625 0.493493515625 0.704819584375 0.4851077265625 0.703346603125 0.47929149843749996 0.68751313125 0.4784202015625 0.6746508718750001 0.48118629999999996 0.6464008359375 0.481298021875 0.6461063828125 0.45797364218750003 0.5357578281250001 0.4525892515625 0.5161617421875
1 0.5291441859375 1 0.56540105625 0.9909601468749999 0.571375534375 0.9727375484375 0.58116683125 0.9679058765624999 0.587811021875 0.958121840625 0.5827766796875 0.9130027453125 0.5861639624999999 0.8939909515625001 0.55218054375 0.7763688078125 0.511192759375 0.8105439921875 0.46998285781250004 0.8274581140624999 0.4706380125 0.8320083546875001 0.4729152703125 0.8376081234375 0.473425634375 0.8502565203125 0.47963583125 0.8663297265625 0.479941603125 0.8746237406249999 0.48667108125 0.889245853125 0.49047720000000006 0.9363156890625 0.48808426718750003 0.9496879609375 0.475527015625 0.9699998765625001 0.47417599062500004 0.9751826578125 0.44306925937499997 0.9829384375 0.44276007812499996 0.982621125 0.44791532968750003 1 0.46478841718749997 1 0.4638016515625 0.9976463890625 0.48068603281250005 0.9848311000000001 0.4915959359375 0.990238409375 0.494029775 1 0.5291441859375 1
3 0.5243311312500001 0.737009728125 0.515978746875 0.7334867140625 0.5078063640625 0.7265161296875 0.507118075 0.7267507203125 0.49546547343749997 0.7079938015625 0.4941982453125 0.70891679375 0.4804127375 0.7230193125000001 0.48511685312499997 0.723990509375 0.4816808984375 0.747314703125 0.47140313593750005 0.769701515625 0.468076165625 0.7846282875 0.4670253390625 0.8069172640625 0.46998285781250004 0.8274581140624999 0.511192759375 0.8105439921875 0.604881484375 0.7324273171875 0.6080787812499999 0.72224315 0.605018415625 0.7099686968750001 0.6027867828125 0.7054384375 0.599212109375 0.7057455046875 0.5819498171874999 0.7012456499999999 0.565656096875 0.7067990749999999 0.556766815625 0.7265869796875 0.5403803609375 0.7376794546875 0.5243311312500001 0.737009728125
1 0.5244532078125 0.44757875937499997 0.5261743921875001 0.5004893890625 0.524411115625 0.5141205796875 0.5269633109375 0.5335583515625 0.5249191609375 0.5644659484375001 0.530213259375 0.5792431796875 0.5397097375000001 0.5813598140625 0.5419813718750001 0.5834763765625001 0.547851553125 0.5851313734375 0.5552731515625 0.5855714296875 0.548478509375 0.57281204375 0.5452517203125 0.562074515625 0.5517233796875 0.55496473125 0.5618144375 0.55134950625 0.5670912375 0.5246000093750001 0.566274659375 0.520216615625 0.56540251875 0.49207156718749995 0.569191959375 0.4807271703125 0.58255160625 0.46416040625 0.59585399375 0.46484309062499996 0.611806515625 0.44764787031250003 0.6127230109374999 0.44735446718749994 0.612484190625 0.4407103171875 0.581550484375 0.4419459984375 0.5529388843749999 0.43760875312499997 0.5469976703125 0.4413842484375 0.5275598968749999 0.4439364453125 0.5244532078125 0.44757875937499997
1 0.6376840046875001 0.439363559375 0.56540251875 0.49207156718749995 0.5820126390625 0.5871569203125 0.6376840046875001 0.439363559375
6 0.7763355609375 0.4162709984375 0.766435828125 0.41424608125000006 0.7260187609375001 0.42432318750000003 0.7327299609375 0.43896844062499996 0.806957509375 0.43433924375000005 0.7999744843750001 0.42916688125 0.7763355609375 0.4162709984375
6 0.8439674984375 0.48110293593750003 0.8410288265625001 0.4760252921875 0.8410902765625 0.47746744531249996 0.8459236718750001 0.5909021140624999 0.8515030187500001 0.5943706359375 0.8575591203125 0.5732967015625 0.8594912546875 0.5581099593750001 0.859121159375 0.53532778125 0.8530856953124999 0.5029293859374999 0.8439674984375 0.48110293593750003
5 0.56540251875 0.49207156718749995 0.566274659375 0.520216615625 0.5670912375 0.5246000093750001 0.5693404765625 0.5131980171875 0.5905797546875 0.47052819218749997 0.59585399375 0.46484309062499996 0.58255160625 0.46416040625 0.569191959375 0.4807271703125 0.56540251875 0.49207156718749995
3 0.862333421875 0.7318115203125 0.868396534375 0.7298909453125 0.9277308890624999 0.7035650546875 0.9351035124999999 0.6934895859375 0.9374377078125 0.68082628125 0.9307374046874999 0.6495477859375 0.92041524375 0.6235655312499999 0.9093127015625001 0.6054659625000001 0.9025957218749999 0.6005508796875 0.8932922953125001 0.598477275 0.8751968968750001 0.602988965625 0.8693155718750001 0.6054442 0.8758934593750001 0.6095334859375 0.8816321671875 0.634636909375 0.8816181578125001 0.634957171875 0.8810109921875 0.6488393265625 0.862333421875 0.7318115203125
3 0.7541467421875 0.7430003843749999 0.7726219078125001 0.751024484375 0.795107040625 0.7531064265625 0.8273755250000001 0.742884928125 0.8159410546875 0.736341346875 0.8098241125 0.7285014453125 0.7986082765625 0.723352265625 0.7686968828125 0.7096199750000001 0.7613560265625 0.7010446703125 0.7344798171875 0.6925684328124999 0.726648196875 0.6987854875 0.724574590625 0.7080889125 0.726763203125 0.721272009375 0.736575303125 0.7363984140625 0.744196009375 0.742735625 0.7541467421875 0.7430003843749999
5 0.695981309375 0.666294165625 0.6977058640625 0.673210978125 0.7263457390625 0.6900031015625 0.7613560265625 0.7010446703125 0.7686968828125 0.7096199750000001 0.8098241125 0.7285014453125 0.8159410546875 0.736341346875 0.8305059046875 0.7446763468750001 0.85755943125 0.7530192437500001 0.8810109921875 0.6488393265625 0.8816321671875 0.634636909375 0.8758934593750001 0.6095334859375 0.8459236718750001 0.5909021140624999 0.84842279375 0.6495538437499999 0.8291143328125001 0.6499330125 0.75332315 0.6394481937500001 0.742215146875 0.6401292468750001 0.7359884437499999 0.64816645625 0.695981309375 0.666294165625
1 0.6186651203125 0.4454521859375 0.6127230109374999 0.44735446718749994 0.612421671875 0.4389710359375 0.6179848812500001 0.5937435984375 0.6182164515624999 0.600186096875 0.7285629499999999 0.5595340390625 0.7210101109375 0.5516936484375 0.7096920828125 0.5505442296874999 0.6913511328124999 0.5604974703125001 0.6973638625 0.5549275171875 0.715461346875 0.5459336328125 0.6186651203125 0.4454521859375
1 0.8391670140624999 0.43233050000000006 0.7327299609375 0.43896844062499996 0.735202021875 0.444363003125 0.7557461484375 0.478263921875 0.75483051875 0.49443124374999997 0.74382105 0.5186114609375 0.7262164703125 0.5405886703125 0.715461346875 0.5459336328125 0.7210101109375 0.5516936484375 0.7222372781249999 0.5518182765625 0.7285629499999999 0.5595340390625 0.7358058609375 0.5728903296875 0.7451103921875 0.6023620546874999 0.7481991140625001 0.632405353125 0.742215146875 0.6401292468750001 0.75332315 0.6394481937500001 0.8291143328125001 0.6499330125 0.84842279375 0.6495538437499999 0.8391670140624999 0.43233050000000006
4 0.5278390671875 0.5787140046875 0.5095814515625 0.5935428875000001 0.4882335140625 0.627827271875 0.48118629999999996 0.6464008359375 0.4784202015625 0.6746508718750001 0.47929149843749996 0.68751313125 0.4851077265625 0.703346603125 0.493493515625 0.704819584375 0.49159525468750004 0.7017639984375 0.4944791109375 0.6917520421875001 0.51071306875 0.68428075 0.5602285124999999 0.6494364874999999 0.5701084984375 0.632993428125 0.5555302078125 0.5961003234375 0.5397097375000001 0.5813598140625 0.5278390671875 0.5787140046875
3 0.6913511328124999 0.5604974703125001 0.6795040343750001 0.57147215 0.6692839609375001 0.5745699234375 0.6588016828125001 0.5832292875 0.6500063468749999 0.5832237234375001 0.6474149015624999 0.59046530625 0.6302479578125 0.5936568578125 0.58131046875 0.6202141859375 0.5726725140625 0.628726190625 0.5602285124999999 0.6494364874999999 0.51071306875 0.68428075 0.4944791109375 0.6917520421875001 0.49159525468750004 0.7017639984375 0.507118075 0.7267507203125 0.5819498171874999 0.7012456499999999 0.599212109375 0.7057455046875 0.611183259375 0.70471716875 0.7359884437499999 0.64816645625 0.7481991140625001 0.632405353125 0.7451103921875 0.6023620546874999 0.7358058609375 0.5728903296875 0.7285629499999999 0.5595340390625 0.7222372781249999 0.5518182765625 0.7096920828125 0.5505442296874999 0.6913511328124999 0.5604974703125001
5 0.48808426718750003 0.9496879609375 0.49047720000000006 0.9363156890625 0.48667108125 0.889245853125 0.479941603125 0.8746237406249999 0.47963583125 0.8663297265625 0.473425634375 0.8502565203125 0.4729152703125 0.8376081234375 0.4706380125 0.8320083546875001 0.4670253390625 0.8069172640625 0.468076165625 0.7846282875 0.47140313593750005 0.769701515625 0.4816808984375 0.747314703125 0.48511685312499997 0.723990509375 0.449354425 0.716607121875 0.41908278125000004 0.7153438999999999 0.403677015625 0.7178758421875 0.403726975 0.7472911265625 0.4071167765625 0.803342959375 0.40980528749999995 0.8194329984375001 0.4084459640625 0.8352090875 0.40335163749999997 0.8483879218749999 0.3925495984375 0.8599024125 0.364415125 0.8691224359374999 0.353363153125 0.8687470375 0.3571870828125 0.8840839828125 0.3705404015625 0.9164383265625 0.3874230515625 0.9417451578125 0.40462039218749996 0.9612465109375 0.424828896875 0.9733890078125 0.43892504062500004 0.9786852343750001 0.44306925937499997 0.9829384375 0.47417599062500004 0.9751826578125 0.475527015625 0.9699998765625001 0.48808426718750003 0.9496879609375
3 0.3925495984375 0.8599024125 0.40335163749999997 0.8483879218749999 0.4084459640625 0.8352090875 0.40980528749999995 0.8194329984375001 0.4071167765625 0.803342959375 0.403726975 0.7472911265625 0.403651346875 0.7027627140625 0.39432890781249996 0.6724484671875001 0.391745046875 0.6550091515625 0.372132653125 0.64710826875 0.3387135296875 0.64220873125 0.30747194843750003 0.640735828125 0.2812100015625 0.643314109375 0.277983734375 0.6569093078125 0.280262578125 0.6642802453125001 0.2785993515625 0.6682234296875 0.2811899109375 0.6750755875000001 0.27578051875 0.69406678125 0.2830722078125 0.817069325 0.2884559265625 0.8386622406249999 0.295922584375 0.8491503312500001 0.307230009375 0.8591218734374999 0.33327707968750003 0.86806478125 0.364415125 0.8691224359374999 0.3925495984375 0.8599024125
6 0.6500063468749999 0.5832237234375001 0.6588016828125001 0.5832292875 0.6692839609375001 0.5745699234375 0.6795040343750001 0.57147215 0.6973638625 0.5549275171875 0.7262164703125 0.5405886703125 0.74382105 0.5186114609375 0.75483051875 0.49443124374999997 0.7557461484375 0.478263921875 0.735202021875 0.444363003125 0.7207355515625 0.4127941078125 0.7106528390625 0.40321633125 0.682197015625 0.40371570312499994 0.6428551765625 0.4377080828125 0.611806515625 0.44764787031250003 0.5905797546875 0.47052819218749997 0.5693404765625 0.5131980171875 0.5618144375 0.55134950625 0.5517233796875 0.55496473125 0.5452517203125 0.562074515625 0.548478509375 0.57281204375 0.5598472078125 0.5941608656249999 0.5663133031250001 0.5958464171875 0.5775724578125 0.5858941125 0.6053762468749999 0.5938016359375 0.6300808734375 0.5936879203125 0.6474149015624999 0.59046530625 0.6500063468749999 0.5832237234375001