4 0.43680934374999997 0.66424236875 0.44632757968750003 0.637500659375 0.44650721718749997 0.63724198125 0.450571403125 0.524528571875 0.4500876734375 0.504211971875 0.4457341171875 0.490667571875 0.4399293734375 0.4824441859375 0.43218971718750004 0.4785743578125 0.4080032875 0.48002554374999995 0.35963042968750003 0.46938351406249995 0.3025504578125 0.46938351406249995 0.2923921578125 0.473737071875 0.2856199578125 0.48002554374999995 0.280782671875 0.4897001140625 0.27788029999999997 0.5051794296875001 0.2719519390625 0.58891753125 0.2791437765625 0.589978621875 0.309101021875 0.5989657953124999 0.3403421484375 0.6118046140625 0.3574605734375 0.6242154734375001 0.35574873125 0.6417618593750001 0.3574605734375 0.673430946875 0.3538292828125 0.6881013593749999 0.3693899640625 0.68937161875 0.398456809375 0.697920690625 0.42704130781250005 0.7116560984375 0.4438290359375 0.7013075 0.44420262343749994 0.7011560453125 0.444325490625 0.6977485453125001 0.44413644375 0.69716150625 0.43635609531249997 0.6937035734375 0.434543096875 0.67693335 0.43680934374999997 0.66424236875
1 0.3732461671875 0.985240215625 0.3769572421875 0.9921984796875 0.44468435624999997 0.9921984796875 0.4548898125 0.9759625281250001 0.46555915312499996 0.97364310625 0.47437295468749996 0.9657570734375 0.48040345156250003 0.9207602906250001 0.4882894859375 0.9031326859375 0.48377089218749997 0.7807830890624999 0.43573289531250003 0.80402728125 0.3916552078125 0.8104694046875001 0.39119009843749997 0.8150429796875001 0.39204500625 0.8210273296875 0.389480284375 0.833423484375 0.3916175515625 0.8505216296875 0.3899077375 0.8586432484375001 0.3928999125 0.87445903125 0.3852057484375 0.921051475 0.3796488515625 0.9334476296875 0.36255070625 0.9501183203125001 0.359985984375 0.9548203093750001 0.3279269640625 0.9548203093750001 0.32770373125 0.954437625 0.3287132703125 0.97735418125 0.3314965765625 0.9921984796875 0.3472686453125 0.9921984796875 0.3444853390625 0.9741069906250001 0.36396848125000003 0.9657570734375 0.3732461671875 0.97364310625 0.3732461671875 0.985240215625
3 0.530829828125 0.7150932484375 0.51367660625 0.71653990625 0.500264246875 0.7335895140625001 0.48168102656249995 0.740388253125 0.46627055000000006 0.7358557593749999 0.45901856093750004 0.73041676875 0.4527752703125 0.7216761625 0.4520506734375 0.7217372734375 0.44528191406250006 0.7007184953125 0.4438290359375 0.7013075 0.42704130781250005 0.7116560984375 0.4313707375 0.7137364749999999 0.4223942125 0.7355366078125 0.4070058828125 0.7547720203125 0.40016662500000005 0.7684505359375 0.3937548203125 0.7898232171874999 0.3916552078125 0.8104694046875001 0.43573289531250003 0.80402728125 0.5455367984375 0.750896359375 0.5511028953125 0.7417882015624999 0.5511028953125 0.7291379828125 0.5500335203125 0.7242024109375 0.54649074375 0.723635565625 0.530829828125 0.7150932484375
1 0.5931726203125 0.46339929843750005 0.56646018125 0.45226911562499994 0.5597820718750001 0.4544951515625 0.5403042515625 0.45226911562499994 0.5364086890624999 0.45505166093750005 0.52527850625 0.5068070109375 0.5202699234375 0.519606721875 0.5180438859375001 0.539084540625 0.50858323125 0.568579525 0.5101451359375 0.5841985671875001 0.51884746875 0.588549734375 0.5205395828125 0.5911529843750001 0.5258350140625 0.594178946875 0.5329297000000001 0.596401378125 0.5294236625 0.582377228125 0.5288903671875 0.57117801875 0.5368898015625 0.5658450625 0.5475557140625 0.564778471875 0.5591470593750001 0.5401001234375 0.5594151765625 0.5356493875 0.5653778453125 0.5081293765625 0.5717991812500001 0.49803870625 0.588769853125 0.4851960359375 0.601511946875 0.48907658125 0.6211505109375001 0.47625139687500007 0.6221107625 0.4761884296875 0.6234864015625 0.4696838625 0.5931726203125 0.46339929843750005
1 0.5584913453125 0.604408640625 0.6482634843749999 0.47447349687499996 0.5653778453125 0.5081293765625 0.5584913453125 0.604408640625
6 0.737612915625 0.48125 0.74058175625 0.4970838125 0.813724334375 0.510549390625 0.8082000421875 0.5038413234375 0.7883830921875 0.48560972968750005 0.7792672953124999 0.48125 0.737612915625 0.48125
6 0.8292060093750001 0.65762085625 0.8347547562500001 0.6433526515625 0.8399071625 0.6211576671875 0.8418888578124999 0.5882615312499999 0.8383218078124999 0.5648775296874999 0.8366988203125001 0.559239784375 0.8364095562499999 0.5606539640625 0.8136570484375 0.67188844375 0.818231553125 0.6766037015624999 0.8292060093750001 0.65762085625
5 0.595019025 0.49331685625 0.601511946875 0.48907658125 0.588769853125 0.4851960359375 0.5717991812500001 0.49803870625 0.5653778453125 0.5081293765625 0.5594151765625 0.5356493875 0.5591470593750001 0.5401001234375 0.5640878781249999 0.5295809593749999 0.595019025 0.49331685625
3 0.8382292687499999 0.6972167312499999 0.83772444375 0.7229627953125 0.8376333734375001 0.7232701546875 0.8336858453125 0.7365930640625 0.7954902890625 0.8125821156249999 0.8018379296875 0.8121853890624999 0.865778609375 0.8009957703125 0.8753697109375 0.7930031843750001 0.8806981015625001 0.7812807265624999 0.8817637796875 0.7493103875 0.87803390625 0.721602759375 0.8716398390625001 0.7013548765625 0.8663114484375001 0.694960809375 0.857786025 0.6906980968750001 0.839136659375 0.6906980968750001 0.8328360609375001 0.6916575796875 0.8382292687499999 0.6972167312499999
3 0.6675625015625 0.75623729375 0.6664968234375 0.76955826875 0.672358053125 0.7866091171875 0.67821928125 0.7946017015625 0.687810384375 0.797265896875 0.703795553125 0.80952119375 0.7251091140625 0.8169809390625 0.758891890625 0.814869515625 0.7493801078125 0.8057540578125 0.745341509375 0.7966672124999999 0.73570453125 0.7889576296875 0.710003775 0.768397025 0.704955528125 0.7583005296875001 0.68092824375 0.7435741296875 0.6718252140625001 0.7477118703125 0.6675625015625 0.75623729375
5 0.7830661515624999 0.725099325 0.7120627984375 0.696590403125 0.7011199890625 0.69456395625 0.69313386875 0.7008560515625 0.6499296265625001 0.7087666875 0.6499296265625001 0.7158952484375 0.6736563921875 0.7391171875 0.704955528125 0.7583005296875001 0.710003775 0.768397025 0.745341509375 0.7966672124999999 0.7493801078125 0.8057540578125 0.7614959015625 0.817365028125 0.7857274921874999 0.8320049468749999 0.8336858453125 0.7365930640625 0.83772444375 0.7229627953125 0.8382292687499999 0.6972167312499999 0.8136570484375 0.67188844375 0.8018927984375 0.7294025578125 0.7830661515624999 0.725099325
1 0.6912355765625 0.59977195625 0.6710315234374999 0.604992465625 0.6782131437500001 0.6010425749999999 0.697948871875 0.596694025 0.6283365703125 0.4757801796875 0.6221107625 0.4761884296875 0.6238465109375 0.467981121875 0.591801596875 0.6195021390625 0.5904677078125 0.625809290625 0.7073710656250001 0.61306000625 0.701939340625 0.6036253109375 0.6912355765625 0.59977195625
1 0.7011199890625 0.69456395625 0.7120627984375 0.696590403125 0.7830661515624999 0.725099325 0.8018927984375 0.7294025578125 0.8454630375000001 0.5163925 0.74058175625 0.4970838125 0.741675325 0.502916178125 0.7534078281250001 0.54078016875 0.7486081671875 0.5562457421875 0.732076003125 0.577044271875 0.7096775859375 0.59410973125 0.697948871875 0.596694025 0.701939340625 0.6036253109375 0.7030999062500001 0.604043115625 0.7073710656250001 0.61306000625 0.7111676515625 0.6277717765624999 0.71306594375 0.658619034375 0.7087947859375 0.6885171484375 0.7011199890625 0.69456395625
4 0.522287509375 0.6595681812499999 0.5358519546875 0.6460037359374999 0.5306319515625 0.60667970625 0.51884746875 0.588549734375 0.5079694859375 0.5831107421875 0.48666676875 0.5930822265625 0.45765881249999996 0.6211836843749999 0.44632757968750003 0.637500659375 0.43680934374999997 0.66424236875 0.434543096875 0.67693335 0.43635609531249997 0.6937035734375 0.44413644375 0.69716150625 0.44303378281250005 0.693737453125 0.44825408749999995 0.6847205625 0.46581329687500006 0.68139855 0.522287509375 0.6595681812499999
3 0.7111676515625 0.6277717765624999 0.7073710656250001 0.61306000625 0.7030999062500001 0.604043115625 0.6912355765625 0.59977195625 0.6710315234374999 0.604992465625 0.65688131875 0.612775078125 0.64621540625 0.613308375 0.6339496062500001 0.6191746265625 0.6254168765625 0.61704144375 0.6211505109375001 0.6234409921874999 0.6037213921875 0.62238468125 0.5498127562499999 0.63631409375 0.5393721453125 0.6424835453125 0.522287509375 0.6595681812499999 0.46581329687500006 0.68139855 0.44825408749999995 0.6847205625 0.44303378281250005 0.693737453125 0.4520506734375 0.7217372734375 0.530829828125 0.7150932484375 0.54649074375 0.723635565625 0.5583550749999999 0.725533859375 0.69313386875 0.7008560515625 0.7087947859375 0.6885171484375 0.71306594375 0.658619034375 0.7111676515625 0.6277717765624999
5 0.3249347890625 0.9496908671875 0.3279269640625 0.9548203093750001 0.359985984375 0.9548203093750001 0.36255070625 0.9501183203125001 0.3796488515625 0.9334476296875 0.3852057484375 0.921051475 0.3928999125 0.87445903125 0.3899077375 0.8586432484375001 0.3916175515625 0.8505216296875 0.389480284375 0.833423484375 0.39204500625 0.8210273296875 0.39119009843749997 0.8150429796875001 0.3937548203125 0.7898232171874999 0.40016662500000005 0.7684505359375 0.4070058828125 0.7547720203125 0.4223942125 0.7355366078125 0.4313707375 0.7137364749999999 0.398456809375 0.697920690625 0.3693899640625 0.68937161875 0.3538292828125 0.6881013593749999 0.3467615578125 0.7166549703125 0.33649050156250004 0.7718618921875 0.33520662031250004 0.788124396875 0.33007109218749997 0.8031030187500001 0.321939840625 0.8146579562499999 0.3086730609375 0.82321716875 0.2791437765625 0.825356971875 0.2685109125 0.8223190109375 0.2685109125 0.838125475 0.27364035625 0.8727492171875 0.2838992421875 0.9013886093749999 0.29586794375 0.924471103125 0.31253863437499996 0.9411417953125 0.3249347890625 0.9496908671875
3 0.2175174453125 0.789408278125 0.22607665781250003 0.8018191375000001 0.24918653281249997 0.8167977593750001 0.2791437765625 0.825356971875 0.3086730609375 0.82321716875 0.321939840625 0.8146579562499999 0.33007109218749997 0.8031030187500001 0.33520662031250004 0.788124396875 0.33649050156250004 0.7718618921875 0.3467615578125 0.7166549703125 0.3574605734375 0.673430946875 0.35574873125 0.6417618593750001 0.3574605734375 0.6242154734375001 0.3403421484375 0.6118046140625 0.309101021875 0.5989657953124999 0.2791437765625 0.589978621875 0.253038178125 0.5861269765625 0.24661876875000002 0.598537834375 0.2470467296875 0.6062411265625001 0.24447896562500002 0.6096648109375 0.24533488750000002 0.6169401421875 0.2354917921875 0.6340585671875 0.212809878125 0.7551714281249999 0.212809878125 0.7774253812499999 0.2175174453125 0.789408278125
6 0.5544885578125001 0.602109165625 0.5795534515625 0.6165081484375 0.60355175625 0.6223744 0.6211505109375001 0.6234409921874999 0.6254168765625 0.61704144375 0.6339496062500001 0.6191746265625 0.64621540625 0.613308375 0.65688131875 0.612775078125 0.6782131437500001 0.6010425749999999 0.7096775859375 0.59410973125 0.732076003125 0.577044271875 0.7486081671875 0.5562457421875 0.7534078281250001 0.54078016875 0.741675325 0.502916178125 0.7352757765625 0.46878525781249997 0.7278096374999999 0.457052753125 0.700078265625 0.45065320625 0.6536815453125 0.4741182140625 0.6211505109375001 0.47625139687500007 0.595019025 0.49331685625 0.5640878781249999 0.5295809593749999 0.5475557140625 0.564778471875 0.5368898015625 0.5658450625 0.5288903671875 0.57117801875 0.5294236625 0.582377228125 0.5352899140625 0.6058422359375 0.5411561671875 0.609042009375 0.5544885578125001 0.602109165625