5 0.7812113546874999 0.3172464921875 0.776571209375 0.3529410359375 0.8030663546874999 0.3411847765625 0.7868668875 0.3179445359375 0.7812113546874999 0.3172464921875
5 0.824444596875 0.5299657484375 0.8171718765625 0.5181355875 0.8089966421874999 0.552184159375 0.814901128125 0.550529071875 0.835020875 0.5480586781250001 0.8410060828124999 0.5501858015625001 0.824444596875 0.5299657484375
5 0.8778827984375001 0.6397164046875 0.8798276921875001 0.6317226171875 0.8925852624999999 0.6174611046875 0.8933612109375 0.6172043359375 0.882018165625 0.600257790625 0.856662109375 0.5693003734375 0.86095896875 0.57871783125 0.8686532187499999 0.6081159484375 0.8689461843749999 0.61140450625 0.8706268890625 0.6302704640625 0.8778827984375001 0.6397164046875
5 0.9277009984375001 0.8640818687499999 0.9296935625 0.85560308125 0.96360925625 0.8388708734374999 0.9691821609375 0.8277856 0.9767627624999999 0.8012856765624999 0.9737520359375 0.7873539625 0.9685314953124999 0.7836612109375001 0.9446829140625 0.7835558203125 0.9112692812500001 0.7902587515625 0.9103226390625 0.7895562328125 0.9100768531250001 0.7929242578125 0.902714621875 0.824012603125 0.8944831765625001 0.8434693062499999 0.8829366828125 0.8623721015625 0.89347834375 0.8747845109375 0.9056796031250001 0.8823872671874999 0.91710210625 0.8801180093750001 0.9277009984375001 0.8640818687499999
6 0.3626531421875 0.63812973125 0.37311476718750003 0.6374265890624999 0.40214719531250004 0.6237510484375 0.4168127109375 0.6032770875 0.44997777499999997 0.57438518125 0.45644912031249996 0.57126080625 0.45364274531250004 0.555772975 0.45705296874999995 0.517971590625 0.4607042375 0.5093273640625 0.44726479843750006 0.5100754328125 0.3920017015625 0.5168608875 0.3054456 0.5325053796875 0.30133883125 0.536202096875 0.2970819125 0.557247796875 0.29925671249999997 0.5898175906249999 0.303315703125 0.6080179578125 0.3134833796875 0.6313971421875 0.331439190625 0.63648951875 0.34036989375000004 0.6349369 0.3626531421875 0.63812973125
6 0.8187339281250001 0.5116298890625 0.8311041124999999 0.490834840625 0.8308021562500001 0.48666072812500005 0.800341265625 0.4997643015625 0.7917810843749999 0.5100620265625 0.7748408921875 0.5132978546875 0.755344475 0.481594628125 0.7447974 0.45688339375 0.7408920609375 0.4533174921875 0.72950539375 0.4547156 0.72211415 0.45099979687499997 0.7191478515624999 0.4409615109375 0.717296721875 0.40186569062500005 0.7031639296875001 0.3958613265625 0.68999895 0.394990534375 0.6722125 0.40712343281249996 0.6631952046875 0.434968546875 0.647534940625 0.486758578125 0.7020268453125 0.484508478125 0.7147232328124999 0.487213109375 0.7168010140625001 0.49719051406250003 0.7175591734375 0.53461668125 0.7209778359375 0.5555146828125 0.7202481671875 0.577061253125 0.8089966421874999 0.552184159375 0.8187339281250001 0.5116298890625
3 0.6113357765625 0.502514390625 0.6111516828125 0.5202517703125 0.6032250359375 0.53264123125 0.5942775328125001 0.53897659375 0.5982488078125 0.539633290625 0.6306084937499999 0.5589285328125 0.6334576140625 0.5619847484375 0.6338198968750001 0.54361950625 0.6297605703125 0.5036141859375001 0.6319936078125 0.49054934531249994 0.6374205796875 0.4879683734375 0.6222852249999999 0.46317654687500004 0.5796141640625 0.42010599375 0.5726344484375 0.417524178125 0.5756582859375 0.43957888437500003 0.5918100390625 0.4557041375 0.6055190484375 0.48078987812499996 0.6057807671875 0.48176735937500004 0.6113357765625 0.502514390625
3 0.5547634703125001 0.5346310562500001 0.5490060484375 0.527094971875 0.5376715484375 0.502111340625 0.532222509375 0.46735084374999997 0.518486009375 0.4548656515625 0.5080086265625 0.43686268906250003 0.507845040625 0.43586269375000003 0.47755012656250007 0.46944542499999997 0.45705296874999995 0.517971590625 0.45364274531250004 0.555772975 0.45644912031249996 0.57126080625 0.5246633171874999 0.5383268906249999 0.5547634703125001 0.5346310562500001
6 0.5281833687499999 0.363920096875 0.5220873125 0.35915733437499997 0.5158145296875001 0.3465430375 0.5122358328125001 0.343045828125 0.5056429796875 0.3438553296875 0.4987982875 0.34902602968749996 0.4974306265625 0.3539179 0.5037441515625 0.3700701484375 0.5039208765625001 0.377921684375 0.5119830046875 0.39228458593750004 0.507648803125 0.401870978125 0.5048521125 0.417567175 0.5080086265625 0.43686268906250003 0.518486009375 0.4548656515625 0.532222509375 0.46735084374999997 0.5376715484375 0.502111340625 0.5490060484375 0.527094971875 0.5547634703125001 0.5346310562500001 0.5623587953125 0.5336984671875 0.5942775328125001 0.53897659375 0.6032250359375 0.53264123125 0.6111516828125 0.5202517703125 0.6113357765625 0.502514390625 0.6055190484375 0.48078987812499996 0.5918100390625 0.4557041375 0.5756582859375 0.43957888437500003 0.571889615625 0.4120916375 0.5648956953125001 0.396810253125 0.549757659375 0.3825288390625 0.532707546875 0.37832374375 0.5281833687499999 0.363920096875
3 0.7200221796874999 0.6004976359375 0.8162458578124999 0.588682853125 0.841402321875 0.6023631265625 0.8507660906250001 0.6110536765625 0.8685293375 0.6275398156249999 0.8706268890625 0.6302704640625 0.8686532187499999 0.6081159484375 0.86095896875 0.57871783125 0.8513786265625001 0.5577205265625 0.8447831359375 0.5515281546875 0.835020875 0.5480586781250001 0.814901128125 0.550529071875 0.7202481671875 0.577061253125 0.7196874515625 0.593618734375 0.7200221796874999 0.6004976359375
5 0.3662160765625 0.6406761734375 0.3677641375 0.651322815625 0.38836184218750003 0.6489383078125 0.3965077 0.6316241328125 0.40214719531250004 0.6237510484375 0.3662160765625 0.6406761734375
6 0.6861716953125 0.638237696875 0.7058898874999999 0.609499471875 0.7165749406249999 0.600920903125 0.7200221796874999 0.6004976359375 0.7196874515625 0.593618734375 0.7209778359375 0.5555146828125 0.7175591734375 0.53461668125 0.7168010140625001 0.49719051406250003 0.7147232328124999 0.487213109375 0.7020268453125 0.484508478125 0.6392445875 0.4871009078125 0.6319936078125 0.49054934531249994 0.6297605703125 0.5036141859375001 0.6338198968750001 0.54361950625 0.6334576140625 0.5619847484375 0.6716988749999999 0.603005684375 0.6825162875 0.6386865234375 0.6861716953125 0.638237696875
1 0.400972309375 0.8027458640624999 0.37998059375 0.76654246875 0.37367179687499996 0.7404290312499999 0.372930921875 0.7007049890625 0.382565653125 0.661258215625 0.38836184218750003 0.6489383078125 0.33020918906249996 0.65567039375 0.31059740625 0.6542977875 0.2955223515625 0.64588705625 0.28867078749999997 0.6472684125 0.276040546875 0.6763638140625 0.2737337796875 0.727955621875 0.2917399265625 0.7338460984374999 0.292261884375 0.7688878765625 0.29621939375 0.7835244828125 0.29170084375 0.8127040718749999 0.29071953437500003 0.8662934968749999 0.30211657812500003 0.884337365625 0.3338352828125 0.8831432484375 0.4310166234375 0.8960550312500001 0.436990609375 0.9007224203125 0.45599556406249997 0.9059501687499999 0.489020184375 0.9461826562500001 0.511899140625 0.9433734734374999 0.5118338109375 0.942841403125 0.5343396484375 0.9281960484375 0.5422836390625 0.9137183921875 0.567109390625 0.9026545984375 0.556416959375 0.8871148124999999 0.55630466875 0.8871526765625 0.5507879906250001 0.88620976875 0.5497986140625 0.8825506171875 0.550073228125 0.877895184375 0.532961359375 0.8530257453125 0.47133955156249996 0.84943320625 0.42574453749999996 0.8276264328125 0.400972309375 0.8027458640624999
5 0.532961359375 0.8530257453125 0.6086001859375 0.96295501875 0.6394365750000001 0.96372316875 0.6528967921875 0.9620704625000001 0.7181596546875 0.8803354671875001 0.71102358125 0.8743798625 0.6830371093750001 0.8330985734375 0.6672696671875 0.78606911875 0.6365277671875 0.8219115531250001 0.6019151125 0.8432250265624999 0.5541477312499999 0.8542609062500001 0.532961359375 0.8530257453125
3 0.9192752859375 0.6132771890625001 0.9078345234375 0.6124149609375 0.8925852624999999 0.6174611046875 0.8798276921875001 0.6317226171875 0.8778827984375001 0.6397164046875 0.88383163125 0.6474607578125 0.89918201875 0.6768782859375 0.9084491343750001 0.7108782734375 0.9252599640625 0.71002244375 0.9402350109375 0.702742990625 0.9480165406250001 0.6922662296875 0.9638385546875 0.6549586625 0.96408959375 0.642232759375 0.9603834359375 0.62681896875 0.9406053671875 0.60975139375 0.9335763796875 0.6078940703125 0.9192752859375 0.6132771890625001
0 0.400972309375 0.8027458640624999 0.42574453749999996 0.8276264328125 0.47133955156249996 0.84943320625 0.5541477312499999 0.8542609062500001 0.6019151125 0.8432250265624999 0.6365277671875 0.8219115531250001 0.6672696671875 0.78606911875 0.6653976203124999 0.7804853734375 0.6607420453125 0.73801631875 0.66260735625 0.7031311515625001 0.6689261046875 0.6772016578125 0.6807612921875 0.6461230718750001 0.6835421125 0.642070171875 0.6716988749999999 0.603005684375 0.6306084937499999 0.5589285328125 0.5982488078125 0.539633290625 0.5623587953125 0.5336984671875 0.5246633171874999 0.5383268906249999 0.44997777499999997 0.57438518125 0.4168127109375 0.6032770875 0.3965077 0.6316241328125 0.382565653125 0.661258215625 0.372930921875 0.7007049890625 0.37367179687499996 0.7404290312499999 0.37998059375 0.76654246875 0.400972309375 0.8027458640624999
6 0.9167757234374999 0.45021502968749993 0.9200620046875001 0.44403235781249994 0.9091560390625 0.3881576875 0.918795075 0.37252624375 0.9200238281249999 0.3637066203125 0.9181861078125 0.3581530984375 0.9089470531250001 0.35350834375 0.90334380625 0.3455275859375 0.8793121718749999 0.3380757984375 0.8370618703125 0.3328609828125 0.8249660578125001 0.3331903296875 0.8033912031250001 0.3410406390625 0.727759215625 0.37459958125 0.716971425 0.39499540624999996 0.7191478515624999 0.4409615109375 0.72211415 0.45099979687499997 0.72950539375 0.4547156 0.7408920609375 0.4533174921875 0.7447974 0.45688339375 0.755344475 0.481594628125 0.7748408921875 0.5132978546875 0.7917810843749999 0.5100620265625 0.800341265625 0.4997643015625 0.8755437296874999 0.46741393281250004 0.89089555 0.4747756328125 0.8884985890625 0.4646674421875 0.8901467734375 0.4592638203125 0.9167757234374999 0.45021502968749993
6 0.71102358125 0.8743798625 0.73904909375 0.89776931875 0.7616648171875 0.90896670625 0.7919996546875 0.914744546875 0.8097562609375 0.9136822484374999 0.832749090625 0.90974114375 0.8476945015625 0.9039932890625 0.8500421593749999 0.9003512125 0.8575389124999999 0.9022255765624999 0.8588528500000001 0.8992693968750001 0.8557614421874999 0.8968541234374999 0.87307403125 0.8785182765625 0.8944831765625001 0.8434693062499999 0.902714621875 0.824012603125 0.9100768531250001 0.7929242578125 0.9134108453125 0.7472383296875 0.9093540328125 0.7141982453125 0.89918201875 0.6768782859375 0.88383163125 0.6474607578125 0.8685293375 0.6275398156249999 0.841402321875 0.6023631265625 0.8162458578124999 0.588682853125 0.7165749406249999 0.600920903125 0.7058898874999999 0.609499471875 0.6807612921875 0.6461230718750001 0.6689261046875 0.6772016578125 0.66260735625 0.7031311515625001 0.6607420453125 0.73801631875 0.6653976203124999 0.7804853734375 0.6830371093750001 0.8330985734375 0.71102358125 0.8743798625