1 0.3364202015625 0.60079965625 0.3221275953125 0.645258828125 0.35177015312500004 0.6063537453125 0.340518846875 0.5997056140625 0.3364202015625 0.60079965625
5 0.45410302812500003 0.679256596875 0.415550609375 0.6507804359375 0.3069881890625 0.6651289031250001 0.3008977515625 0.675758765625 0.302367178125 0.683836540625 0.3216988703125 0.7133877281250001 0.3374491828125 0.7136626515625 0.4097914578125 0.720850425 0.43260117343750004 0.7203826890625 0.43867301249999996 0.703174278125 0.44730202500000005 0.6866439484375 0.45410302812500003 0.679256596875
5 0.359005446875 0.6090142109375 0.415550609375 0.6507804359375 0.5367478640625001 0.634762053125 0.4785905296875 0.492818003125 0.47173392812500003 0.4874060296875 0.359005446875 0.6090142109375
6 0.79782243125 0.60572068125 0.8007896875 0.6022837578125 0.870138240625 0.59368658125 0.867265778125 0.5884496625 0.8481419421874999 0.57357829375 0.7841233562500001 0.5396167234375 0.77542354375 0.5364553375 0.778024534375 0.6015821390625 0.7783113609375001 0.6087641046875001 0.79782243125 0.60572068125
3 0.5509336968749999 0.627385490625 0.5367478640625001 0.634762053125 0.5365233609375 0.639048878125 0.552893275 0.6400080406249999 0.5706959234375 0.648133315625 0.5702475828125 0.6463326609375 0.5677928921875 0.6434264796875 0.5666743578125 0.6319816390625 0.5644824484375001 0.6231783515625 0.5531266796875001 0.625009875 0.5509336968749999 0.627385490625
6 0.5141719390625 0.5131842468750001 0.5125082921875 0.51418408125 0.5222220921875 0.5200800546875 0.5308757640625 0.5277429359375 0.5303320578124999 0.517656821875 0.5267304703125 0.5139272703125 0.5141719390625 0.5131842468750001
6 0.537089446875 0.6282396515625 0.5171381078125 0.6353557296875 0.516064871875 0.637850153125 0.5365233609375 0.639048878125 0.537089446875 0.6282396515625
6 0.59936329375 0.8837901921875 0.5919740828125 0.8920214468750001 0.59703239375 0.8990849765625001 0.60169890625 0.8994887437499999 0.59936329375 0.8837901921875
5 0.5666743578125 0.6319816390625 0.6531923859375001 0.614518525 0.6528919765625 0.614238515625 0.6396512859375 0.5974351578125 0.6633097078125 0.5879959375 0.5722665828125 0.5324573859374999 0.5670210328125 0.5359848296874999 0.5622616203125 0.541218159375 0.5666743578125 0.6319816390625
5 0.6934629625000001 0.6063901671874999 0.6531923859375001 0.614518525 0.6700563046875 0.63023735 0.6781637265625 0.6321232234374999 0.6824812578125 0.6309437250000001 0.6934629625000001 0.6063901671874999
5 0.7358227125 0.5457630390625 0.7265416203124999 0.5556209609375 0.664957540625 0.5873384875000001 0.6633097078125 0.5879959375 0.6934629625000001 0.6063901671874999 0.7047221140625 0.5951146421875 0.7173694015625001 0.598203415625 0.7501946609375 0.6131498734374999 0.7783113609375001 0.6087641046875001 0.7745019328125 0.513378925 0.74577369375 0.5132938453125 0.7315569140625 0.5142664890625 0.7373078625 0.538957196875 0.7358227125 0.5457630390625
3 0.7441827171875001 0.6140876421875 0.7501946609375 0.6131498734374999 0.7173694015625001 0.598203415625 0.7047221140625 0.5951146421875 0.6934629625000001 0.6063901671874999 0.6824812578125 0.6309437250000001 0.7310474 0.6176760515625 0.7441827171875001 0.6140876421875
3 0.8892324171875 0.6810979515625 0.887012725 0.679722534375 0.8960089328124999 0.7434945125 0.8957413765625001 0.7588227921875 0.898171003125 0.75582231875 0.9027867515624999 0.7026397828125 0.8892324171875 0.6810979515625
6 0.5493790375 0.6830594062500001 0.546088165625 0.6678904671875 0.5465712640625 0.6656766203125 0.5505391265624999 0.667523703125 0.5561369093749999 0.6778438953125 0.5664338359375 0.673579071875 0.5739926765625001 0.66402148125 0.573057209375 0.65761686875 0.5706959234375 0.648133315625 0.552893275 0.6400080406249999 0.516064871875 0.637850153125 0.48875288125000005 0.7013288640625001 0.4713948421875 0.6920289328125 0.45410302812500003 0.679256596875 0.44730202500000005 0.6866439484375 0.43867301249999996 0.703174278125 0.43260117343750004 0.7203826890625 0.44581033437500006 0.720111821875 0.465683225 0.7304856875 0.470912228125 0.7442501171875 0.471041784375 0.7629390296875 0.46712297343750003 0.830780646875 0.45976357187500005 0.8607331359374999 0.4500759796875 0.8674006171875 0.4476611640625 0.867709840625 0.451826015625 0.8754261624999999 0.46919847031249995 0.8955380281249999 0.487210296875 0.9088844187499999 0.5073975703125 0.9170559828125 0.5480450015625 0.9177654859375 0.57007761875 0.9098095921875 0.586971796875 0.89759376875 0.59936329375 0.8837901921875 0.591020446875 0.82771466875 0.5850924390625 0.7652571109374999 0.5558809734375 0.6925064671875 0.5493790375 0.6830594062500001
1 0.7235946656250001 0.632765659375 0.744415678125 0.6366847375 0.7372612578125 0.741006959375 0.7303870484375 0.7528872765625 0.6424061046875 0.7771299968750001 0.5984749265625 0.7985859625 0.5850924390625 0.7652571109374999 0.591020446875 0.82771466875 0.6035100124999999 0.9116618921875 0.6119247624999999 0.9292523609375 0.6443443078125 0.9373771328125 0.676263746875 0.9408415531250001 0.681495228125 0.94093286875 0.685716353125 0.93228475625 0.686480259375 0.9218319375 0.696585165625 0.9092163546875 0.700336621875 0.8941640609375 0.7131754203125 0.8914808984375 0.783327159375 0.9031715546875001 0.8025599937499999 0.9006000015625 0.8844184203125 0.907843375 0.8931477031249999 0.9074142921874999 0.8960089328124999 0.7434945125 0.874794346875 0.5931093609375 0.8007896875 0.6022837578125 0.79782243125 0.60572068125 0.7441827171875001 0.6140876421875 0.6781637265625 0.6321232234374999 0.6700563046875 0.63023735 0.6528919765625 0.614238515625 0.6396512859375 0.5974351578125 0.6386278421875 0.5978434921875 0.6565280812500001 0.6304208484375 0.6690153078125001 0.6531468484375 0.673014190625 0.65321665 0.6924689703125 0.633555725 0.7235946656250001 0.632765659375
3 0.7358227125 0.5457630390625 0.7373078625 0.538957196875 0.718241409375 0.4570986421875 0.7096222640625001 0.455126390625 0.7013869015624999 0.45725989843750003 0.6245231953125 0.5032851515625001 0.5914466453125 0.5195594890625 0.5670210328125 0.5359848296874999 0.5501757265625 0.5545075046875 0.550005134375 0.5560792703125 0.541759378125 0.567299903125 0.5357152593750001 0.5880294375 0.5209602703125 0.6194979609375 0.5178721093750001 0.6336497609375 0.5171381078125 0.6353557296875 0.5403814031249999 0.627065503125 0.5887955171875 0.6192570046875 0.6164934671875 0.6068479875 0.6301743078125 0.586689425 0.6332612828124999 0.5880766765625001 0.6386278421875 0.5978434921875 0.664957540625 0.5873384875000001 0.7265416203124999 0.5556209609375 0.7358227125 0.5457630390625
6 0.36215291875 0.7370284046875 0.4128818265625 0.7451811968750001 0.43354782500000005 0.7547471906250001 0.43682830156249997 0.7611027921875 0.43603115625 0.779014925 0.44224303750000005 0.78396823125 0.4435692453125 0.7912586984375001 0.442975 0.797546665625 0.437478175 0.807140475 0.44494862968750004 0.8232589656249999 0.443810865625 0.8329288609375001 0.42556056406250004 0.851505325 0.40263368593750004 0.864858946875 0.42814991718749995 0.8702083015625 0.4500759796875 0.8674006171875 0.45976357187500005 0.8607331359374999 0.46712297343750003 0.830780646875 0.471041784375 0.7629390296875 0.470912228125 0.7442501171875 0.465683225 0.7304856875 0.44581033437500006 0.720111821875 0.4097914578125 0.720850425 0.3374491828125 0.7136626515625 0.2950753015625 0.7129230125 0.2748842890625 0.720774471875 0.2525605703125 0.7463638109375 0.23523060624999997 0.746972859375 0.227397359375 0.751849621875 0.222522903125 0.7699954140624999 0.225810078125 0.7905625296875 0.23072660625000002 0.7961176125 0.2489121640625 0.798713903125 0.2542367859375 0.8077146546874999 0.25578297031249997 0.8078448734375 0.26825500468749996 0.7872296015625 0.28604632812499997 0.7671916624999999 0.2987744390625 0.7596620296875 0.36215291875 0.7370284046875
6 0.42556056406250004 0.851505325 0.443810865625 0.8329288609375001 0.44494862968750004 0.8232589656249999 0.437478175 0.807140475 0.442975 0.797546665625 0.4435692453125 0.7912586984375001 0.44224303750000005 0.78396823125 0.43603115625 0.779014925 0.43682830156249997 0.7611027921875 0.43354782500000005 0.7547471906250001 0.4128818265625 0.7451811968750001 0.36215291875 0.7370284046875 0.2987744390625 0.7596620296875 0.28604632812499997 0.7671916624999999 0.26825500468749996 0.7872296015625 0.25578297031249997 0.8078448734375 0.248526321875 0.8072337203125001 0.235823571875 0.8133103343749999 0.236428721875 0.834153871875 0.2503985 0.8387581046875001 0.260127575 0.8365054859375001 0.281533990625 0.8591655749999999 0.30413735000000003 0.8687653843750001 0.39325594375 0.8703209546874999 0.42556056406250004 0.851505325
5 0.7372612578125 0.741006959375 0.744415678125 0.6366847375 0.7235946656250001 0.632765659375 0.6924689703125 0.633555725 0.673014190625 0.65321665 0.6690153078125001 0.6531468484375 0.6332612828124999 0.5880766765625001 0.6301743078125 0.586689425 0.6000658421875 0.6310539109375 0.5664338359375 0.673579071875 0.5561369093749999 0.6778438953125 0.5505391265624999 0.667523703125 0.5465712640625 0.6656766203125 0.546088165625 0.6678904671875 0.5493790375 0.6830594062500001 0.5558809734375 0.6925064671875 0.5984749265625 0.7985859625 0.6424061046875 0.7771299968750001 0.7303870484375 0.7528872765625 0.7372612578125 0.741006959375
5 0.3705035046875 0.558154815625 0.35452081875 0.605701709375 0.4713948421875 0.6920289328125 0.48875288125000005 0.7013288640625001 0.5178721093750001 0.6336497609375 0.5209602703125 0.6194979609375 0.5357152593750001 0.5880294375 0.541759378125 0.567299903125 0.550005134375 0.5560792703125 0.5511336734375 0.5456814515625 0.5222220921875 0.5200800546875 0.482863115625 0.496190390625 0.441759353125 0.46374684843749997 0.415522790625 0.4476626125 0.3705035046875 0.558154815625