0 0.7554708015625 0.6515289265625 0.7531099609374999 0.65861145 0.7535829374999999 0.67421968125 0.7611335140625 0.6766685171875 0.7715801796874999 0.6597548671875 0.802920178125 0.6557751859375001 0.8248084296875 0.6642320109375001 0.8041765359375 0.631397209375 0.7937164265625001 0.633586534375 0.7908834171875 0.617532815625 0.7861617359374999 0.615171975 0.7790792125 0.623198834375 0.775774034375 0.6350030390625 0.7554708015625 0.6515289265625
0 0.8163805015625 0.6265040125 0.814019659375 0.629337021875 0.8118245359375 0.6297964656249999 0.8248084296875 0.6642320109375001 0.84968144375 0.637866615625 0.8263008109375001 0.6264250296875 0.825305890625 0.6318970921875 0.81618385 0.62581573125 0.8163805015625 0.6265040125
6 0.4664692 0.5608114328125 0.46563754687500003 0.563306390625 0.463558415625 0.5662171765624999 0.4614792828125 0.570375440625 0.4552418859375 0.5803552765625 0.44947416875 0.5883107484375001 0.49060735468749994 0.5951662796875 0.49234417500000005 0.5911137015625 0.494103603125 0.5770382656249999 0.4795883109375 0.5462482515625 0.479513615625 0.5436339140625 0.46261269218749995 0.553582684375 0.46480589375000003 0.5566531671875 0.4660533734375 0.5587323 0.4664692 0.559563953125 0.4664692 0.5608114328125
5 0.3792342046875 0.6217391765625 0.37665068437500004 0.6123739140625 0.3754993578125 0.6070010609375001 0.3729385046875 0.6063696171874999 0.327649053125 0.633029365625 0.3273819078125 0.63315508125 0.37036878125 0.6230405218749999 0.3792342046875 0.6217391765625
3 0.78104184375 0.4959155625 0.7899349109375 0.5024683484375 0.7899349109375 0.5062127984375 0.796019640625 0.5113614156249999 0.795551584375 0.5155739203125 0.7908710234375 0.5188503140625 0.7787015625 0.5160419765625 0.7613834859375 0.5024683484375 0.7538945874999999 0.50012806875 0.7478098578125 0.512297528125 0.739384846875 0.5160419765625 0.7314278921875 0.5038725171875 0.713641759375 0.49731973125 0.708493140625 0.48655443906249995 0.7075570296875 0.47391692343749997 0.699600075 0.45659884687499996 0.6921111765625 0.4467696671875 0.6939834 0.43460020781250003 0.6991320187500001 0.43272798281249997 0.7173862078125001 0.4303877015625 0.737044565625 0.43460020781250003 0.7373978890624999 0.43356547812499996 0.71689848125 0.42741565625 0.6895391 0.4224909671875 0.6703875328125 0.41537752812499995 0.653971903125 0.41428315312499997 0.642252396875 0.4180120859375 0.6421413046875 0.426871615625 0.6682871171875 0.4569572078125 0.6682871171875 0.46179563906250004 0.6663620484375 0.46470671875 0.7091558375 0.5136422078125 0.791316 0.52864536875 0.8071844406249999 0.5275509921875 0.8153922546875 0.5138713015625 0.8192225687500001 0.49745567343749997 0.81976975625 0.47283222968749994 0.8188008968749999 0.46964883593750006 0.813805775 0.4767252609375 0.794147415625 0.48889472031250003 0.7904029671874999 0.49451139375000003 0.78104184375 0.4959155625
5 0.4660533734375 0.5587323 0.46554423125 0.5578837296875 0.46480589375000003 0.5566531671875 0.46261269218749995 0.553582684375 0.3750923625 0.6051017437499999 0.37665068437500004 0.6123739140625 0.3792342046875 0.6217391765625 0.43215952343749997 0.613970321875 0.44318291875 0.596988334375 0.4552418859375 0.5803552765625 0.4614792828125 0.570375440625 0.463558415625 0.5662171765624999 0.46563754687500003 0.563306390625 0.4664692 0.5608114328125 0.4664692 0.559563953125 0.4660533734375 0.5587323
5 0.29243708125 0.8569183484374999 0.29617758906249997 0.868139871875 0.293505796875 0.8879111249999999 0.296711946875 0.9076823781250001 0.27961248437499997 0.9349346468749999 0.2844217078125 0.9627212734375 0.2913683640625 0.967530496875 0.325567290625 0.9755458703125001 0.37259081250000003 0.9728740796875 0.41053024374999997 0.9771489453125 0.42923278125 0.972339721875 0.400559096875 0.806422090625 0.40052629843750004 0.806426775 0.3898333296875 0.8028624531249999 0.372011715625 0.8159316359375 0.35121983125 0.819495959375 0.28699128125 0.8063030687499999 0.2870934984375 0.8072230359375 0.281215559375 0.8232537828125001 0.28388735 0.8318035140625 0.29083400625 0.8366127375 0.29404015625 0.8505060500000001 0.29243708125 0.8569183484374999
3 0.6789795515625 0.7058282703125001 0.6766187109375 0.6902467203125 0.672369196875 0.6845807015625 0.6487607875 0.6633331328125001 0.6253326984375 0.635268234375 0.553385321875 0.643099240625 0.563829796875 0.7125951765625 0.556940978125 0.75392809375 0.547755884375 0.7642613234375 0.504977046875 0.7732448796875 0.523221615625 0.785813359375 0.539005040625 0.7921267296875001 0.703678778125 0.7747649625 0.71630551875 0.7652949062500001 0.725249459375 0.7505637093749999 0.723737925 0.720937653125 0.684173403125 0.720937653125 0.6789795515625 0.7058282703125001
5 0.5339820484375 0.3702059375 0.4156482078125 0.35697371875 0.48135550781249997 0.5092951890624999 0.4861830078125 0.5103083671875 0.49762246250000003 0.487747221875 0.513897184375 0.4657543546875 0.5433676281250001 0.41121204218749996 0.5592024921875 0.3738241671875 0.57320585 0.33396845937499997 0.550019984375 0.3312566609375 0.5468123968749999 0.334006021875 0.5390225421875 0.3569173609375 0.5376478625 0.3679148046875 0.5339820484375 0.3702059375
5 0.273185825 0.416933334375 0.252103284375 0.427474603125 0.21286633593749998 0.460269665625 0.2544457890625 0.5504560859375001 0.274942703125 0.626001853125 0.2836556578125 0.6451703546875 0.284125075 0.6452789796875 0.29003301875 0.6445584984375 0.29229549375 0.6414107078125 0.3273819078125 0.63315508125 0.327649053125 0.633029365625 0.479513615625 0.5436339140625 0.479148453125 0.53085324375 0.4817875984375 0.5189770953124999 0.48381077499999997 0.514986940625 0.40260919375000004 0.3267469140625 0.38972541875 0.32733253906250004 0.3440465828125 0.35895635000000004 0.32999155625 0.37593950625 0.273185825 0.416933334375
5 0.7478098578125 0.512297528125 0.7538945874999999 0.50012806875 0.7613834859375 0.5024683484375 0.7787015625 0.5160419765625 0.7908710234375 0.5188503140625 0.795551584375 0.5155739203125 0.796019640625 0.5113614156249999 0.7899349109375 0.5062127984375 0.7899349109375 0.5024683484375 0.78104184375 0.4959155625 0.7904029671874999 0.49451139375000003 0.794147415625 0.48889472031250003 0.813805775 0.4767252609375 0.8194224484375001 0.46876830625 0.8348683015624999 0.4612794078125 0.8437613671875 0.4317918703125 0.8456335921875 0.41166545625 0.8334641328125001 0.38311403125 0.8166141109374999 0.35737094375 0.7899349109375 0.35643483125 0.766064046875 0.3629876171875 0.75249041875 0.3470737078125 0.7435973515625001 0.34566953906250003 0.7356403984375001 0.3503501015625 0.7276834437499999 0.3597112234375 0.7435973515625001 0.41540990625 0.737044565625 0.43460020781250003 0.7173862078125001 0.4303877015625 0.6991320187500001 0.43272798281249997 0.6939834 0.43460020781250003 0.6921111765625 0.4467696671875 0.699600075 0.45659884687499996 0.7075570296875 0.47391692343749997 0.708493140625 0.48655443906249995 0.713641759375 0.49731973125 0.7314278921875 0.5038725171875 0.739384846875 0.5160419765625 0.7478098578125 0.512297528125
1 0.6789795515625 0.7058282703125001 0.684173403125 0.720937653125 0.7549986343749999 0.720937653125 0.7531099609374999 0.65861145 0.7554708015625 0.6515289265625 0.775774034375 0.6350030390625 0.7790792125 0.623198834375 0.7861617359374999 0.615171975 0.7908834171875 0.617532815625 0.7937164265625001 0.633586534375 0.814019659375 0.629337021875 0.8163805015625 0.6265040125 0.814491828125 0.61989365625 0.8126031546875 0.617532815625 0.8069371375 0.6194214890625 0.7984381093749999 0.609978125 0.7748296984375 0.5632334718750001 0.767747175 0.5651221453125 0.7644419984375 0.573621171875 0.7583038109375 0.5698438265625 0.6663620484375 0.46470671875 0.650252965625 0.48906679531249997 0.6568508265624999 0.49918351406249994 0.680163265625 0.5528461109375 0.680163265625 0.5889144140625 0.6858814125 0.5946325609375 0.682362553125 0.606508709375 0.5990711390625 0.606508709375 0.6034326390625 0.6090337875 0.6487607875 0.6633331328125001 0.672369196875 0.6845807015625 0.6766187109375 0.6902467203125 0.6789795515625 0.7058282703125001
6 0.5435826515625 0.606508709375 0.48574631406249996 0.606508709375 0.485931234375 0.6060772265625001 0.37036878125 0.6230405218749999 0.29229549375 0.6414107078125 0.2887465234375 0.64634840625 0.3310220015625 0.6561311609375 0.399338190625 0.6769230453125 0.4058727828125 0.6804873671875 0.413001428125 0.7006851968750001 0.417753859375 0.705437628125 0.43854574218750003 0.714348434375 0.4545851953125 0.7149424890625 0.45874357187500003 0.7208830265625 0.4605257328125 0.7428630171874999 0.450483678125 0.7790144140625 0.4903490546875 0.7763167578125 0.547755884375 0.7642613234375 0.556940978125 0.75392809375 0.563829796875 0.7125951765625 0.548904021875 0.6132813609375 0.5435826515625 0.606508709375
6 0.372011715625 0.8159316359375 0.3898333296875 0.8028624531249999 0.40052629843750004 0.806426775 0.4088430515625 0.80523866875 0.4112192671875 0.799892184375 0.4355754734375 0.7992981296874999 0.4438922265625 0.7939516453125 0.44864465625000005 0.7856348921875 0.4605257328125 0.7428630171874999 0.45874357187500003 0.7208830265625 0.4545851953125 0.7149424890625 0.43854574218750003 0.714348434375 0.417753859375 0.705437628125 0.413001428125 0.7006851968750001 0.4058727828125 0.6804873671875 0.399338190625 0.6769230453125 0.3310220015625 0.6561311609375 0.25914149062499997 0.6394976546875 0.14567721250000001 0.6204879328125 0.1391426203125 0.6228641484375 0.12429127499999999 0.6472203546874999 0.11241019999999999 0.6882100671875 0.1088458765625 0.7125662734375 0.11122209218750001 0.7458332875 0.1308258671875 0.760090578125 0.14270694374999998 0.761872740625 0.1688453109375 0.77613003125 0.24131987656249998 0.7969219140625 0.35121983125 0.819495959375 0.372011715625 0.8159316359375
5 0.49762246250000003 0.487747221875 0.4817875984375 0.5189770953124999 0.479148453125 0.53085324375 0.4795883109375 0.5462482515625 0.494103603125 0.5770382656249999 0.49234417500000005 0.5911137015625 0.48574631406249996 0.606508709375 0.682362553125 0.606508709375 0.6858814125 0.5946325609375 0.680163265625 0.5889144140625 0.680163265625 0.5528461109375 0.6568508265624999 0.49918351406249994 0.650252965625 0.48906679531249997 0.6682871171875 0.46179563906250004 0.6682871171875 0.4569572078125 0.6361775296875 0.4200091890625 0.6133049484375 0.3870198875 0.5996693703125 0.3571095875 0.595710653125 0.325 0.5763569296875 0.325 0.5592024921875 0.3738241671875 0.5433676281250001 0.41121204218749996 0.513897184375 0.4657543546875 0.49762246250000003 0.487747221875