5 0.5250365 0.6293962109375 0.5033890000000001 0.66089715625 0.49956178125 0.6651477140625001 0.49405019375 0.66485799375 0.4777243359375 0.6447305140624999 0.47537106875 0.6471804015625 0.47481674687500003 0.6513240171875 0.47813505312500004 0.6606650453125 0.48860506406250004 0.678889040625 0.49751772031249997 0.6992214375 0.5249993515625 0.664561303125 0.5271415140625 0.665239028125 0.53533521875 0.6758695 0.542961303125 0.690743009375 0.553407275 0.7041520796875 0.56658556875 0.7240026187499999 0.5456726921875 0.67846985625 0.5250365 0.6293962109375
3 0.46980003124999997 0.3470341890625 0.47522765 0.3525316859375 0.4805041765625 0.3551461296875 0.48815874687500005 0.35410253125 0.49372339531250004 0.3499562703125 0.5027922671875 0.357511471875 0.5145763109375 0.361712184375 0.524136128125 0.36024751875 0.532685925 0.351768959375 0.538471546875 0.3395806375 0.53980599375 0.328268028125 0.53763485625 0.3113571921875 0.5321918125 0.2994361171875 0.5280623390625 0.2941918078125 0.51459265625 0.28847333750000004 0.5069380875 0.28951693437500003 0.49634873593749995 0.295853846875 0.489471875 0.28722010781249996 0.47906992031250006 0.284874278125 0.4737416671875 0.2874020546875 0.4673838828125 0.2948020765625 0.4633342625 0.3094691734375 0.46299305 0.327475334375 0.4662272953125 0.34015460468750003 0.46980003124999997 0.3470341890625
3 0.697690615625 0.5094099390625 0.7097456140625 0.5159564296875 0.7165688421875 0.5171708374999999 0.719114871875 0.5108745406249999 0.7245795875 0.5039266140625001 0.7356964296874999 0.4989029828125 0.7508759328125 0.5025484812500001 0.767421415625 0.52166596875 0.7691100734375 0.5274063109375 0.769020678125 0.536293040625 0.765259225 0.5451793421875 0.7668287421875 0.5454559375 0.7784888296875 0.54446705625 0.7902887359374999 0.5389372031249999 0.7993327875 0.53128495625 0.8126034828125 0.510565878125 0.8201847578124999 0.48221109687499997 0.818248084375 0.4524661109375 0.812858053125 0.43612523281250004 0.8056829046875 0.42176692656250003 0.78843533125 0.40264724531249996 0.7671206828125 0.3924301921875 0.7444750671875 0.392861390625 0.7243451546874999 0.4052504625 0.699934165625 0.40804100312499997 0.6875781796875 0.41737803281249997 0.6788303109375 0.43068181250000004 0.6749606906250001 0.443352128125 0.6736889609375 0.45513068749999996 0.675350796875 0.4724225578125 0.682822128125 0.49243239531249994 0.697690615625 0.5094099390625
6 0.4514273453125 0.6077884625000001 0.4535362765625 0.6149100468750001 0.49405019375 0.66485799375 0.4995617796875 0.6651477140625001 0.5033890015625 0.66089715625 0.5273109609375 0.62608646875 0.5601169234375 0.5841566515625 0.5573705312499999 0.575911334375 0.5324466218749999 0.5419248453125001 0.525038996875 0.5330559625 0.5178884 0.52909144375 0.49814508125 0.5497974859375 0.46663038593749995 0.5887667875 0.4517624203125 0.6031423515625 0.4514273453125 0.6077884625000001
6 0.5910885828125 0.290940021875 0.5922401046875 0.288076209375 0.5635786765625 0.2791976296875 0.5623824765625 0.2788270765625 0.5593332640625001 0.27320255000000004 0.556339215625 0.2564364640625 0.55561695625 0.267445484375 0.5618410578125 0.286461159375 0.5671487859375001 0.2929787828125 0.5774784796875 0.29557394531250003 0.5855316375 0.29462914375000004 0.5910885828125 0.290940021875
3 0.892687078125 0.6266552937500001 0.8908215578125 0.61033616875 0.88839734375 0.6026336203125 0.8858796578125 0.597966784375 0.8794639609375 0.5960299078125 0.8054214 0.6193580171875 0.800051734375 0.6229228078125 0.791459415625 0.6324655453125 0.762093409375 0.6456226593750001 0.7528664078125 0.6478742 0.7520968640625 0.649380053125 0.7589870765625 0.6669924078125 0.797537609375 0.66169740625 0.8060871140625 0.6657955624999999 0.8124368093750001 0.6664730578125 0.8832831171875 0.649626646875 0.8912518109375 0.64264226875 0.892687078125 0.6266552937500001
6 0.688394921875 0.7410507078124999 0.6824341703125001 0.747321465625 0.678308475 0.747279965625 0.6508612671875 0.7700827140625 0.6514670578125 0.775426025 0.656277553125 0.78510453125 0.662148996875 0.7897621296875 0.669758915625 0.78969433125 0.683085975 0.78502364375 0.683278415625 0.785024553125 0.6913534078125 0.7709329609375 0.7019188375 0.7547163921875 0.695431115625 0.7426680796875 0.688394921875 0.7410507078124999
3 0.315415521875 0.3092388140625 0.3286392296875 0.3046996203125 0.33335538593749997 0.3003315578125 0.338635015625 0.290988890625 0.346752559375 0.29386018593749996 0.34742856875 0.3015171 0.3502257421875 0.3024694109375 0.35494655937499997 0.27722189531249997 0.3551654296875 0.2656719109375 0.3538099171875 0.266017678125 0.348039775 0.27648495781250004 0.3440306734375 0.2786181515625 0.3409738859375 0.277954171875 0.337818915625 0.2649326453125 0.3342440625 0.259625465625 0.325680240625 0.2534808421875 0.3193070484375 0.2524412125 0.3155144875 0.2534641515625 0.3113451140625 0.2630233609375 0.3066374921875 0.293764715625 0.306909134375 0.3041900859375 0.3084656625 0.3076799546875 0.315415521875 0.3092388140625
3 0.7508759328125 0.5025484812500001 0.7356964296874999 0.4989029828125 0.7245795875 0.5039266140625001 0.719114871875 0.5108745406249999 0.715674821875 0.5193817421875 0.71420023125 0.5336147812500001 0.719164659375 0.548898184375 0.72790396875 0.5567670921875 0.7379559390625 0.557905675 0.7589651765625 0.5509757859375 0.764574959375 0.5467958937499999 0.769020678125 0.536293040625 0.7691100734375 0.5274063109375 0.767421415625 0.52166596875 0.7508759328125 0.5025484812500001
6 0.8657533921875 0.7848263265625001 0.8850471375 0.7800322828125 0.890874078125 0.77534099375 0.8919391984375 0.76347695 0.8903288921874999 0.758500675 0.8853011484375 0.7526913671875 0.8645658781250001 0.7497295234375 0.8538184234375 0.7442199734375 0.8491080703125 0.7444668328125 0.8399518578125 0.75000735625 0.8347611296874999 0.7604007265625 0.8356604015625001 0.777559865625 0.8426525375 0.7886642687500001 0.8470036421874999 0.7906999265625 0.8489783296875 0.7805752359375 0.8657533921875 0.7848263265625001
2 0.29426771875 0.5489298484375 0.2964148484375 0.55157874375 0.302106246875 0.5547950046875 0.35680858125000003 0.5782872 0.3719204 0.58402221875 0.377428115625 0.5837335718750001 0.38179010468749996 0.5807435484375 0.38434715937499997 0.5768439640625 0.409919815625 0.5283085546875 0.4147715140625 0.5155023734374999 0.41498357031250005 0.5099684171875001 0.41257296875 0.5070822921875 0.408185803125 0.5048018296875 0.3930477421875 0.498566109375 0.34747505312500004 0.48162452343749995 0.3383705859375 0.4803444 0.33367952343749996 0.4818454390625 0.3298575984375 0.485560275 0.29860665937499997 0.531129771875 0.2935843953125 0.54068139375 0.29426771875 0.5489298484375
1 0.5043376890625 0.1651751359375 0.492503340625 0.1584874375 0.484284553125 0.15604720156250002 0.4284762046875 0.1519250796875 0.41606451718750004 0.1541415296875 0.4097348 0.1578662140625 0.40580218281249997 0.162509259375 0.3970071609375 0.1640141734375 0.395787596875 0.1656440703125 0.3915346015625 0.1940546140625 0.388861365625 0.20280760625 0.3891161125 0.22758895156249997 0.3862246234375 0.2321774328125 0.3859484875 0.24184878593749998 0.39652345312500004 0.2444265375 0.4006732171875 0.248907 0.40931708125000005 0.24949798125 0.48201093906250003 0.2770078734375 0.4948465984375 0.277901165625 0.4965594453125 0.275723425 0.505505621875 0.27212261249999997 0.5078901874999999 0.2678216953125 0.508644859375 0.2623012109375 0.51160640625 0.189327896875 0.5133498546874999 0.1727937296875 0.5120495546875 0.1679029359375 0.5095842484374999 0.16568316562500002 0.5043376890625 0.1651751359375
1 0.552101653125 0.794806228125 0.5861798671875 0.7566806421875001 0.5868575921875 0.7545384796875 0.553407275 0.7041520796875 0.542961303125 0.6907430078125001 0.53533521875 0.6758695 0.5271415125 0.665239028125 0.5249993500000001 0.664561303125 0.49362980624999997 0.7041249171875 0.549945728125 0.7938658937499999 0.552101653125 0.794806228125
5 0.6381119953125001 0.578979475 0.6339307015625 0.5813514093750001 0.6337558421875 0.6054001859375 0.6477624140625 0.62619414375 0.6573672265625 0.6246143749999999 0.6702689296875 0.6174798218750001 0.6728471375 0.6255971078125 0.677549809375 0.6345834859374999 0.7179599375 0.6019938921875 0.7188200234375001 0.6020014515625001 0.719371009375 0.589072878125 0.707583309375 0.5832322421875 0.7048753515625 0.56579295 0.6956314015625 0.5537193984375001 0.6691731875 0.5486476125 0.6572886796875 0.5546524546875 0.651487071875 0.5603385078125 0.652913775 0.5807153484375001 0.6381119953125001 0.578979475
3 0.44861693437500005 0.8499032953125001 0.44782350156249995 0.8573395828124999 0.45235513281250006 0.8647925843750001 0.4845219453125 0.8690225578125 0.49572985625 0.8740551515625 0.5113921046875001 0.8850658593749999 0.5271959921875 0.8874912828125 0.561686959375 0.8885532968750001 0.5639843328125 0.8734226968750001 0.57196666875 0.8557634203125 0.5896170203125 0.8361607203125001 0.5968520500000001 0.8321520546875 0.595859871875 0.83183403125 0.528295690625 0.8294591546875001 0.513934521875 0.831986521875 0.4864526765625 0.843779371875 0.45170710312500006 0.8467834640625 0.44861693437500005 0.8499032953125001
5 0.7642131812499999 0.6803510765625 0.73361251875 0.6021314546875 0.7179599375 0.6019938921875 0.6370847171875 0.6672174109375 0.5980960015625 0.7031058156250001 0.599485134375 0.7113346390624999 0.6293168140625001 0.7809736421875 0.6332045890625 0.7820470671875001 0.64160164375 0.7777754734375 0.6789301625 0.7467634765625 0.764061640625 0.6835519515625 0.7642131812499999 0.6803510765625
3 0.6509219046875 0.881292790625 0.6485451484375 0.8765525921874999 0.648322678125 0.8723075859374999 0.6551072140625 0.8625265515624999 0.654539815625 0.8470882171874999 0.6458744875 0.8294768546875 0.6383500062499999 0.82297481875 0.629059878125 0.8211629031250001 0.6119562703125 0.8237833578125 0.5896170203125 0.8361607203125001 0.57196666875 0.8557634203125 0.5639843328125 0.8734226968750001 0.560993696875 0.8931191625 0.5634627515624999 0.912816846875 0.5676674171875 0.9272512875000001 0.5769839250000001 0.946015415625 0.5950649265625 0.9565617890624999 0.603736875 0.95754405625 0.6156823671875 0.9551939265625 0.6395295187500001 0.9441742828124999 0.6546296296875 0.9307395640625 0.6622791296874999 0.9176953140625 0.666583653125 0.8901715687499999 0.6654924531249999 0.88513475625 0.6628731140624999 0.8888757359374999 0.6566975859374999 0.8870710515625 0.6509219046875 0.881292790625
1 0.8287458703125001 0.8843118249999999 0.8763381015625 0.8953276546875 0.8878542953125 0.8933731125 0.895200340625 0.8943391265624999 0.93104928125 0.9081320015625 0.940607496875 0.9100628828125 0.960401034375 0.8031068875 0.89580454375 0.7924418125 0.8489783296875 0.7805752359375 0.8287458703125001 0.8843118249999999
4 0.5893398359375001 0.173020915625 0.55497014375 0.19520503125 0.5513548203124999 0.1998016125 0.5509326671875 0.21276961874999997 0.5550448375 0.2491881984375 0.5593332640625001 0.27320255000000004 0.5623824765625 0.2788270765625 0.6186604296875 0.2962605515625 0.64268800625 0.29748031875000003 0.6459123046874999 0.29593411875000003 0.643908940625 0.2682192375 0.6337041859375 0.1943840875 0.6273213484375 0.161940728125 0.6234181078125001 0.1610435109375 0.603596084375 0.166489446875 0.5893398359375001 0.173020915625
6 0.6566975859374999 0.8870710515625 0.6628731140624999 0.8888757359374999 0.669944975 0.878775596875 0.6831910765625 0.8762571140625001 0.693709534375 0.868104678125 0.734735865625 0.8097057937500001 0.7498540828125 0.7848937296875 0.75399043125 0.770994815625 0.7540406828124999 0.7603505203125 0.75011865 0.74352940625 0.7446315828125 0.731655071875 0.7197679796875 0.7329581187499999 0.7034540828125 0.7523599890625 0.6913534078125 0.7709329609375 0.65848209375 0.8282963625 0.65439341875 0.843104921875 0.6551072140625 0.8625265515624999 0.648322678125 0.8723075859374999 0.6485451484375 0.8765525921874999 0.6509219046875 0.881292790625 0.6566975859374999 0.8870710515625
1 0.34276045 0.6378240859375001 0.32518847968750003 0.6354219296875 0.3166997828125 0.6372514140625001 0.32705668593750004 0.6657854265625 0.3415693390625 0.699640084375 0.3580921984375 0.7137279375000001 0.36130484687500003 0.7116211156250001 0.37419768593749997 0.7092839 0.377397034375 0.7016393390625 0.3778781703125 0.6949679984375 0.377435375 0.6600990515625 0.3730672265625 0.62958965 0.3686063671875 0.6237311531249999 0.3597546671875 0.6239181281249999 0.34276045 0.6378240859375001