5 0.6847063671875 0.664183928125 0.6587386359375 0.6223922453124999 0.6290801625 0.5667851500000001 0.6079050421875001 0.561045890625 0.60840926875 0.563418090625 0.6224780171875001 0.568269784375 0.628587978125 0.5736054984375001 0.632258153125 0.5811184109374999 0.632948075 0.5921673578125 0.6305638046875 0.6121627765625 0.625347315625 0.623792684375 0.6395709484375 0.6541100109375 0.661722690625 0.6818937593750001 0.678447625 0.6809646578125 0.6791623718750001 0.6777584359375 0.6847063671875 0.664183928125
5 0.535307625 0.8087899921874999 0.5276274937500001 0.8041707296875 0.5228576296874999 0.7922345953125001 0.5231775843750001 0.7832355515625 0.521179665625 0.7738360828124999 0.527881521875 0.7612477640625 0.5320631921875 0.7599123718749999 0.53577010625 0.76894858125 0.5414048078125 0.774449165625 0.5501314093749999 0.7734873734375001 0.5568930515625 0.7800880718750001 0.5617165625 0.796478321875 0.56850590625 0.804741578125 0.6028571406250001 0.77838303125 0.5822078328125 0.7691468921875 0.5687240546875 0.751058615625 0.5535220421875 0.750518121875 0.54960726875 0.7459021031249999 0.5429196328125 0.7438256859375 0.5431337515625 0.75306364375 0.54070595 0.7535796890625 0.5131510328125 0.7563769421875 0.4572354640625 0.7827580171874999 0.46238467187500004 0.7916418484375 0.48675402968750003 0.789993375 0.49487676406250003 0.7788186375 0.50627715625 0.7805946078125 0.5233036625 0.8063699062499999 0.525031003125 0.8243742453125 0.524062703125 0.827144896875 0.53819720625 0.813980965625 0.535307625 0.8087899921874999
5 0.47234847812499997 0.7605190328125 0.5131510328125 0.7563769421875 0.6077268171875 0.7117558953125 0.59541683125 0.7110197703125001 0.586765928125 0.7136967484375 0.576160521875 0.720980040625 0.5644219640625 0.7209606265625 0.5606001109375 0.7178279953125 0.6077314828125 0.7078099140624999 0.6079050421875001 0.561045890625 0.47234847812499997 0.7605190328125
6 0.5513359999999999 0.5446089296875 0.5563331625 0.549431371875 0.5629671171874999 0.5477470875 0.60840926875 0.563418090625 0.6079050421875001 0.561045890625 0.592545703125 0.5568829281250001 0.57958456875 0.5484658687499999 0.55884334375 0.5268064781249999 0.5429044859375 0.498540296875 0.5409610125000001 0.49380275781250005 0.5384100421875 0.543619003125 0.540301065625 0.5421375640625 0.5513359999999999 0.5446089296875
6 0.586565721875 0.6278479796875 0.5563331625 0.549431371875 0.5765214328125 0.6576470875 0.586565721875 0.6278479796875
6 0.5769998578125 0.6742832671875 0.5720900609374999 0.674702025 0.5765214328125 0.6576470875 0.5648397390625 0.68230490625 0.5490867749999999 0.6926597218749999 0.5417205875 0.692094278125 0.542326534375 0.7182371578125 0.56036190625 0.71763275 0.5606001109375 0.7178279953125 0.619230003125 0.7053658281249999 0.6154723703125 0.6935991234375 0.5915271062499999 0.666196596875 0.5838447234374999 0.665330134375 0.5769998578125 0.6742832671875
3 0.5687240546875 0.751058615625 0.5822078328125 0.7691468921875 0.60443745 0.77908988125 0.6778947578125 0.7925631734375 0.6724385734375 0.7668938468750001 0.6708945203125001 0.7291098734375 0.63444135625 0.735806109375 0.6266839046875 0.72870709375 0.62300234375 0.717178596875 0.622262465625 0.7170479859375 0.6077268171875 0.7117558953125 0.59541683125 0.7110197703125001 0.586765928125 0.7136967484375 0.576160521875 0.720980040625 0.5644219640625 0.7209606265625 0.56036190625 0.71763275 0.542326534375 0.7182371578125 0.5429196328125 0.7438256859375 0.54960726875 0.7459021031249999 0.5535220421875 0.750518121875 0.5687240546875 0.751058615625
0 0.5769998578125 0.6742832671875 0.5838447234374999 0.665330134375 0.5915271062499999 0.666196596875 0.6154723703125 0.6935991234375 0.6266839046875 0.72870709375 0.63444135625 0.735806109375 0.6708945203125001 0.7291098734375 0.6704019406249999 0.71705610625 0.678447625 0.6809646578125 0.661722690625 0.6818937593750001 0.6395709484375 0.6541100109375 0.625347315625 0.623792684375 0.6252184875 0.6240799015625 0.615300303125 0.6261880765625001 0.593513603125 0.618805671875 0.586565721875 0.6278479796875 0.5823719140625 0.6452978359375 0.5765214328125 0.6576470875 0.5720900609374999 0.674702025 0.5769998578125 0.6742832671875
6 0.6825532703125 0.81447975 0.698059146875 0.8496890453124999 0.9419112546875 0.7967870921875 0.940373909375 0.7543303406249999 0.933086978125 0.7200480234375 0.9176256125 0.6800161203124999 0.8961650140625 0.64446815625 0.861477465625 0.6095924921875 0.8404913828125 0.59640501875 0.81296226875 0.585143103125 0.779312775 0.5853432015625 0.7366137296875 0.600836690625 0.7152518203125 0.6160731875 0.6911213609375 0.6484767703125 0.6791623718750001 0.6777584359375 0.6704019406249999 0.71705610625 0.6724385734375 0.7668938468750001 0.6825532703125 0.81447975
5 0.131932715625 0.5472146375 0.13088654375 0.5512410203125 0.1592707953125 0.6735931296875 0.16601584375 0.68071845 0.1715037671875 0.6819294640625 0.2100389453125 0.6702764984375 0.1717784265625 0.615050978125 0.16621248125000002 0.5911767453125 0.172780115625 0.557353646875 0.1848835921875 0.5315802781250001 0.131932715625 0.5472146375
3 0.2073569703125 0.8102284687499999 0.21848748593749998 0.8013542031249999 0.238527809375 0.806561265625 0.2681206859375 0.803821140625 0.2925120734375 0.7933115374999999 0.341122425 0.7641073546875 0.219564771875 0.7558655734374999 0.21857078749999997 0.7541737328125 0.21676462812500003 0.7456764234375 0.2147302296875 0.6781897984375 0.20047947656249998 0.6915807625 0.1855147453125 0.7213868875 0.17977712968749998 0.7444983453125 0.16581612968749998 0.753974246875 0.1658872125 0.759875865625 0.17716802812500002 0.7823283078125 0.19386915 0.8024452828124999 0.2073569703125 0.8102284687499999
6 0.49055802656249997 0.806244915625 0.4928594171875 0.7981643593750001 0.496523025 0.79649253125 0.5032578437499999 0.8008661734375 0.5077924312500001 0.8074936984375001 0.5033176296875 0.82005519375 0.5139678156249999 0.8365465999999999 0.524062703125 0.827144896875 0.525031003125 0.8243742453125 0.5233036625 0.8063699062499999 0.50627715625 0.7805946078125 0.49487676406250003 0.7788186375 0.48675402968750003 0.789993375 0.4541540734375 0.7921986109375 0.445572815625 0.7987467109375 0.4411475171875 0.8075608359374999 0.43918958124999996 0.8205746078124999 0.44231680312500005 0.8377564906250001 0.451043553125 0.8516485609375 0.45763597968749997 0.8556511953125 0.457907440625 0.8480160484375 0.47630401874999995 0.810614353125 0.49055802656249997 0.806244915625
6 0.2135315859375 0.446939621875 0.2593340046875 0.440289153125 0.25560824531250004 0.4380936 0.220244915625 0.43696455937499995 0.21274214531250002 0.4423418375 0.212874759375 0.4485909859375 0.2135315859375 0.446939621875
1 0.3606736078125 0.5220080546875 0.29155934375000003 0.435610065625 0.2135315859375 0.446939621875 0.21022411718749998 0.4552551203125 0.210372684375 0.4839064640625 0.228474815625 0.4703434421875 0.23078432968749998 0.47427441718749996 0.250838884375 0.4646071734375 0.299452478125 0.4783487046875 0.3482203921875 0.520553984375 0.38931481093750003 0.57519935 0.3996064546875 0.6236177328125 0.39046581874999997 0.67076205625 0.3723687484375 0.6942615 0.324745090625 0.7314068109375 0.3032031328125 0.7271419375 0.2366311515625 0.693634228125 0.21461298593749997 0.6743004640625 0.21676462812500003 0.7456764234375 0.21857078749999997 0.7541737328125 0.219564771875 0.7558655734374999 0.43904905625 0.77074691875 0.443350509375 0.7641232609374999 0.44878093437500005 0.7299815984375 0.4515516921875 0.7579394359375 0.45501158437500006 0.7622789953125 0.54070595 0.7535796890625 0.5431337515625 0.75306364375 0.5417205875 0.692094278125 0.5339511765625 0.69149788125 0.5262680171875 0.688314071875 0.5176943078125 0.6809405453124999 0.5059409125000001 0.6606679453125001 0.49726800468750004 0.65900821875 0.492386128125 0.6442814515624999 0.4914794140625 0.63177504375 0.49502356562500005 0.605185540625 0.5017838484375 0.587546253125 0.510045775 0.5750441093750001 0.49591310312500003 0.5679485343749999 0.49750370625 0.5450505328124999 0.49832936875 0.544070896875 0.529903090625 0.5502833984375 0.5384100421875 0.543619003125 0.5409610125000001 0.49380275781250005 0.51444978125 0.42917727031249997 0.50460978125 0.44275289375 0.4852921390625 0.46940421718750003 0.458347934375 0.5012467359375 0.3606736078125 0.5220080546875
4 0.492386128125 0.6442814515624999 0.49726800468750004 0.65900821875 0.5059409125000001 0.6606679453125001 0.5176943078125 0.6809405453124999 0.5262680171875 0.688314071875 0.5339511765625 0.69149788125 0.5490867749999999 0.6926597218749999 0.5648397390625 0.68230490625 0.5823719140625 0.6452978359375 0.5872518953125 0.6249929125 0.5855562109375 0.6161093171875 0.58287704375 0.6152014828125 0.5536371124999999 0.605293559375 0.536328759375 0.58823998125 0.510045775 0.5750441093750001 0.5017838484375 0.587546253125 0.49502356562500005 0.605185540625 0.4914794140625 0.63177504375 0.492386128125 0.6442814515624999
6 0.527071925 0.9002974484375 0.5553117000000001 0.8692880000000001 0.5640053375 0.851364246875 0.5747505421875 0.847294075 0.5701500328125 0.8067426296875 0.5617165625 0.796478321875 0.5568930515625 0.7800880718750001 0.5501314093749999 0.7734873734375001 0.5414048078125 0.774449165625 0.53577010625 0.76894858125 0.5320631921875 0.7599123718749999 0.527881521875 0.7612477640625 0.521179665625 0.7738360828124999 0.5231775843750001 0.7832355515625 0.5228576296874999 0.7922345953125001 0.5276274937500001 0.8041707296875 0.535307625 0.8087899921874999 0.53819720625 0.813980965625 0.5139678156249999 0.8365465999999999 0.5033176296875 0.82005519375 0.5077924312500001 0.8074936984375001 0.5032578437499999 0.8008661734375 0.496523025 0.79649253125 0.4928594171875 0.7981643593750001 0.49055802656249997 0.806244915625 0.47630401874999995 0.810614353125 0.457907440625 0.8480160484375 0.4575874890625 0.8570150921874999 0.46291871875 0.8799956999999999 0.4785575609375 0.9052508734375 0.49162063749999996 0.9015811265625 0.5056083390625 0.910664846875 0.527071925 0.9002974484375
3 0.5536371124999999 0.605293559375 0.615300303125 0.6261880765625001 0.6252184875 0.6240799015625 0.6305638046875 0.6121627765625 0.632948075 0.5921673578125 0.632258153125 0.5811184109374999 0.628587978125 0.5736054984375001 0.6224780171875001 0.568269784375 0.5629671171874999 0.5477470875 0.5429026765625 0.55284121875 0.49832936875 0.544070896875 0.4953491109375 0.54760693125 0.4931527046875 0.5567814765625 0.494551753125 0.5672650406249999 0.536328759375 0.58823998125 0.5536371124999999 0.605293559375
5 0.40554632812499997 0.39646894062500004 0.384567128125 0.40406627031250003 0.3698625671875 0.40279853125000004 0.361943190625 0.39506765625 0.35725833749999997 0.375979840625 0.36058279843749996 0.3620933375 0.3860728875 0.34914389687499997 0.4427491984375 0.33324011875 0.4336979375 0.32272915156250004 0.35293407656250003 0.21976542656250003 0.25298825625 0.24100956718750002 0.205517075 0.308078825 0.19998644375000002 0.3178012390625 0.20095208593749997 0.32234423125 0.3606736078125 0.5220080546875 0.458347934375 0.5012467359375 0.4852921390625 0.46940421718750003 0.51444978125 0.42917727031249997 0.5119907515625 0.4231829796875 0.5085338593750001 0.41280856093749996 0.5019850375 0.40212287968749993 0.449802184375 0.3920829703125 0.40554632812499997 0.39646894062500004
6 0.57958456875 0.5484658687499999 0.592545703125 0.5568829281250001 0.6426001859375 0.5704495875 0.6477524765625 0.583009140625 0.666680746875 0.5727791296875 0.7080342859375001 0.5658511671875 0.7171197484375 0.55895464375 0.7222262234375 0.5479385359375 0.7197694953125 0.5269794921875001 0.71473859375 0.5401705171875 0.7104835375 0.539530340625 0.685738259375 0.521 0.5482134296875001 0.4180154296875 0.5532817453125001 0.4015537296875 0.550459815625 0.4020681703125 0.508695828125 0.4034140265625 0.5051779468750001 0.4027371921875 0.5119907515625 0.4231829796875 0.5429044859375 0.498540296875 0.55884334375 0.5268064781249999 0.57958456875 0.5484658687499999
0 0.3723687484375 0.6942615 0.39046581874999997 0.67076205625 0.3996064546875 0.6236177328125 0.38931481093750003 0.57519935 0.3482203921875 0.520553984375 0.299452478125 0.4783487046875 0.250838884375 0.4646071734375 0.23078432968749998 0.47427441718749996 0.228474815625 0.4703434421875 0.2055883921875 0.48749109687500003 0.172780115625 0.557353646875 0.16621248125000002 0.5911767453125 0.1717784265625 0.615050978125 0.21005235781249998 0.6702958578125 0.2366311515625 0.693634228125 0.3032031328125 0.7271419375 0.324745090625 0.7314068109375 0.3723687484375 0.6942615
1 0.5532817453125001 0.4015537296875 0.5482134296875001 0.4180154296875 0.7104835375 0.539530340625 0.71473859375 0.5401705171875 0.7497836765625 0.44828229999999997 0.7493339140625 0.4437440453125 0.6661455328125 0.3852325 0.6367871703125 0.3918776921875 0.61269245625 0.3907230546875 0.5532817453125001 0.4015537296875
3 0.550459815625 0.4020681703125 0.61269245625 0.3907230546875 0.6367871703125 0.3918776921875 0.682296228125 0.38157683124999997 0.6919561890625 0.373875028125 0.6977202828125 0.362608025 0.6983643749999999 0.33611138125 0.6917272734375 0.3048862734375 0.6806169828125 0.2821433265625 0.6693122812500001 0.2732491859375 0.6526786359375001 0.27176387343749997 0.5274852343750001 0.2939812625 0.450632059375 0.33102813124999997 0.3860728875 0.34914389687499997 0.36058279843749996 0.3620933375 0.35725833749999997 0.375979840625 0.361943190625 0.39506765625 0.3698625671875 0.40279853125000004 0.384567128125 0.40406627031250003 0.40554632812499997 0.39646894062500004 0.449802184375 0.3920829703125 0.508695828125 0.4034140265625 0.550459815625 0.4020681703125