5 0.6044797156249999 0.67976076875 0.6203708234375 0.7115429828125001 0.6369234484375 0.71411149375 0.6382891875000001 0.7111239390625 0.64653433125 0.6989987281250001 0.6298230375 0.6527213 0.6123740375 0.592163009375 0.592854903125 0.5821466109375 0.592854903125 0.5845718078125001 0.6056074921875 0.5922425375 0.6104745781250001 0.5987319859375 0.6125025296875 0.6068437953125 0.61088016875 0.6177947390625 0.6043907203125001 0.6368574921875 0.5968702296874999 0.6471486890625 0.6044797156249999 0.67976076875
5 0.4590965359375 0.8045200921875001 0.4570428171875 0.822490128125 0.4555196265625 0.8249989125000001 0.4720821921875 0.8150613734375 0.47033501875 0.8093830578125001 0.46378311562499996 0.8032679484375 0.461599146875 0.7906009359375 0.46378311562499996 0.781865065625 0.46378311562499996 0.7722556078125 0.4729557796875 0.76133576875 0.47732371406249996 0.760898975 0.4790708890625 0.7705084328125 0.4834388234375 0.7770603359375 0.4921746953125 0.7779339234375 0.4974162171875 0.78579620625 0.4987265984375 0.8028311546875001 0.5036495515625 0.812325421875 0.542730378125 0.7936848953125 0.524452609375 0.7803573562499999 0.5150242484375 0.7598609171875 0.5002668109374999 0.7561715578125 0.497397309375 0.7508424828125 0.491287525 0.747421003125 0.4895762859375 0.7565016078125 0.4870942453125 0.7565016078125 0.45955988750000004 0.75350874375 0.399381275 0.7676878296874999 0.4025709078125 0.7774481078125001 0.42675047343749994 0.78090233125 0.4370190640625 0.7716605999999999 0.4478010859375 0.7757680359375 0.4590965359375 0.8045200921875001
5 0.5170738921875 0.7295261859375 0.513986865625 0.725667403125 0.56217118125 0.725667403125 0.592854903125 0.5821466109375 0.418787778125 0.7490769921875 0.45955988750000004 0.75350874375 0.5613462015625 0.7295261859375 0.5494582671875 0.72624675625 0.5404398328125 0.7270666125 0.5285518984375 0.731985759375 0.5170738921875 0.7295261859375
6 0.542270409375 0.5074925390625 0.5413543953125 0.50245445625 0.528501790625 0.5506517203125 0.5306594984374999 0.5495958203125 0.5409394671875 0.554307471875 0.5448247875 0.5600635015625001 0.55166395625 0.5597952984375001 0.592854903125 0.5845718078125001 0.592854903125 0.5821466109375 0.57869673125 0.5748812328125 0.567768834375 0.5639533359375 0.5519840953124999 0.5384549109375001 0.542270409375 0.5074925390625
6 0.5420725828124999 0.6701118203124999 0.5580929640625001 0.6430522203125 0.5448247875 0.5600635015625001 0.5420725828124999 0.6701118203124999
6 0.573926584375 0.725667403125 0.5726975015625 0.7133765734375 0.5549728046875 0.6815943578125 0.547638446875 0.679149571875 0.5390816968750001 0.6864839296875 0.5341921265625 0.6858727328125 0.5420725828124999 0.6701118203124999 0.5255195140625 0.691802046875 0.507957903125 0.698655359375 0.500870246875 0.6965707546875 0.4960275421875 0.722268334375 0.5137944609375 0.7254268984375 0.513986865625 0.725667403125 0.573926584375 0.725667403125
3 0.4960275421875 0.722268334375 0.491287525 0.747421003125 0.497397309375 0.7508424828125 0.5002668109374999 0.7561715578125 0.5150242484375 0.7598609171875 0.524452609375 0.7803573562499999 0.5441291921875 0.7947048640625 0.6131800265625 0.8231563656249999 0.6131800265625 0.796913571875 0.61952544375 0.7596342421875 0.58247664375 0.758605109375 0.5763646796875 0.750048359375 0.575160478125 0.7380063484375 0.5744639234375 0.7377247625 0.5613462015625 0.7295261859375 0.5494582671875 0.72624675625 0.5404398328125 0.7270666125 0.5285518984375 0.731985759375 0.5170738921875 0.7295261859375 0.5137944609375 0.7254268984375 0.4960275421875 0.722268334375
0 0.5580929640625001 0.6430522203125 0.5503627718749999 0.6592488140625 0.5420725828124999 0.6701118203124999 0.5341921265625 0.6858727328125 0.5390816968750001 0.6864839296875 0.547638446875 0.679149571875 0.5549728046875 0.6815943578125 0.5726975015625 0.7133765734375 0.5763646796875 0.750048359375 0.58247664375 0.758605109375 0.61952544375 0.7596342421875 0.621549746875 0.747741465625 0.6369234484375 0.71411149375 0.6203708234375 0.7115429828125001 0.6044797156249999 0.67976076875 0.5968702296874999 0.6471486890625 0.5966845015625 0.6474028453125 0.5865447390625 0.6474028453125 0.56676901875 0.6356520546875 0.5580929640625001 0.6430522203125
6 0.65607484375 0.6849685625 0.6382891875000001 0.7111239390625 0.621549746875 0.747741465625 0.6131800265625 0.796913571875 0.6131800265625 0.845562571875 0.6210266390625 0.8832263125 0.8705489265624999 0.8821800984375001 0.8778724312499999 0.840331496875 0.8778724312499999 0.8052832921874999 0.8710720343749999 0.7629115828125 0.8574712390625001 0.72367851875 0.8307927546875 0.6823530250000001 0.8130070984375 0.6650904765625001 0.7884210453125 0.6483510359375 0.755465271875 0.6415506390625 0.710478025 0.647827928125 0.6864150796875 0.6582900796875 0.65607484375 0.6849685625
5 0.1550304125 0.5442957359375 0.154549828125 0.5197859874999999 0.1680061609375 0.4880674921875 0.1852037328125 0.4653737875 0.13015939375000002 0.46965739375000004 0.12829895156249999 0.47337827812500005 0.1306245046875 0.5989581187499999 0.1357407203125 0.6073301078125 0.14085693593749998 0.6096556609375 0.180972815625 0.6062692546874999 0.1550304125 0.5442957359375
3 0.120314634375 0.6789435671875 0.1191571484375 0.684731 0.12552332500000002 0.7090382156249999 0.13767693281249999 0.7321879453125 0.149251796875 0.742605325 0.1619841484375 0.7362391484375 0.1805039328125 0.745499040625 0.21001983750000003 0.7489715 0.236063284375 0.7437628109375 0.289683275 0.7253034703125001 0.17249551093749999 0.691968534375 0.171875 0.690107003125 0.171875 0.6814198593749999 0.18391631718749998 0.6149850031249999 0.1671928375 0.6251204453125 0.14635808125 0.6511638921875 0.135940703125 0.6725773921875 0.120314634375 0.6789435671875
6 0.37900152187499997 0.8337855781249999 0.38461769375 0.8390713875 0.38647065937499997 0.8316595281250001 0.412241478125 0.7989000125 0.42709245781250005 0.7975896328125 0.43102359999999995 0.7901641421875001 0.4349547421875 0.7892905546875 0.4406330578125 0.7949688703125 0.4436906125 0.8023943609374999 0.43670191562499994 0.81375099375 0.4436906125 0.832096321875 0.4555196265625 0.8249989125000001 0.4570428171875 0.822490128125 0.4590965359375 0.8045200921875001 0.4478010859375 0.7757680359375 0.4370190640625 0.7716605999999999 0.42675047343749994 0.78090233125 0.394404409375 0.776281465625 0.384649246875 0.78090233125 0.3784880921875 0.788603775 0.3738672265625 0.8009260859375 0.373353796875 0.8183826906249999 0.37900152187499997 0.8337855781249999
6 0.27381985625 0.3886345 0.239464040625 0.3801776828125 0.231007225 0.383877540625 0.22983767031250002 0.39001770156250004 0.23082348125 0.3885389859375 0.2770077171875 0.39155670468750003 0.27381985625 0.3886345
1 0.5288588921875 0.4337291953125 0.5164113890625 0.44496230781249996 0.49197476250000005 0.467014871875 0.45899892031249995 0.492559540625 0.3591424921875 0.492559540625 0.3095016921875 0.393679890625 0.23082348125 0.3885389859375 0.2258593984375 0.39598510937500003 0.22004777031249997 0.4240412421875 0.2405742375 0.41453824843750003 0.2420159875 0.4188634984375 0.263642234375 0.41357708281249994 0.3083364796875 0.4371256625 0.3472637265625 0.488548075 0.3760987234375 0.5505433187500001 0.3760987234375 0.6000433968750001 0.357355975 0.644257059375 0.3347685609375 0.663480390625 0.28046265 0.689912471875 0.2602781515625 0.6812619718749999 0.2021275734375 0.63464539375 0.1846102734375 0.611156284375 0.171875 0.6814198593749999 0.171875 0.690107003125 0.17249551093749999 0.691968534375 0.38408953125 0.7521580359375 0.38967412343749996 0.7465734421875 0.40208433125000004 0.71430690625 0.39898177968750004 0.7422298703125 0.4014638203125 0.747193953125 0.4870942453125 0.7565016078125 0.4895762859375 0.7565016078125 0.500870246875 0.6965707546875 0.4933946140625 0.6943720390625 0.48654130156250003 0.6896603859375 0.479687990625 0.6806654140624999 0.4724063453125 0.65839215 0.4642680375 0.65496549375 0.462554709375 0.6395455421875 0.4642680375 0.6271239140625 0.473263009375 0.6018523250000001 0.483542978125 0.586004040625 0.494223703125 0.5754928500000001 0.48187511718750003 0.5656139828125 0.4881917234375 0.5435470625 0.48920302187500003 0.5427604984375 0.5187951296875 0.5554017875 0.528501790625 0.5506517203125 0.5413543953125 0.50245445625 0.5288588921875 0.4337291953125
4 0.494223703125 0.5754928500000001 0.483542978125 0.586004040625 0.473263009375 0.6018523250000001 0.4642680375 0.6271239140625 0.462554709375 0.6395455421875 0.4642680375 0.65496549375 0.4724063453125 0.65839215 0.479687990625 0.6806654140624999 0.48654130156250003 0.6896603859375 0.4933946140625 0.6943720390625 0.507957903125 0.698655359375 0.5255195140625 0.691802046875 0.5503627718749999 0.6592488140625 0.5593577437499999 0.64040220625 0.5595461187499999 0.6313601859375 0.557114246875 0.6299151609375 0.5305732515625 0.614144425 0.517188765625 0.5938649 0.494223703125 0.5754928500000001
6 0.3847234859375 0.86398225 0.39476973593750003 0.8919370359375 0.40831033593750005 0.8910634484375001 0.42010376093749996 0.9028568734375 0.44325381875 0.8971785578125001 0.47732371406249996 0.8727181203125 0.48955393281250004 0.8569935531249999 0.500910565625 0.8552463781249999 0.5048417078125 0.8146245796875 0.4987265984375 0.8028311546875001 0.4974162171875 0.78579620625 0.4921746953125 0.7779339234375 0.4834388234375 0.7770603359375 0.4790708890625 0.7705084328125 0.47732371406249996 0.760898975 0.4729557796875 0.76133576875 0.46378311562499996 0.7722556078125 0.46378311562499996 0.781865065625 0.461599146875 0.7906009359375 0.46378311562499996 0.8032679484375 0.47033501875 0.8093830578125001 0.4720821921875 0.8150613734375 0.4436906125 0.832096321875 0.43670191562499994 0.81375099375 0.4436906125 0.8023943609374999 0.4406330578125 0.7949688703125 0.4349547421875 0.7892905546875 0.43102359999999995 0.7901641421875001 0.42709245781250005 0.7975896328125 0.412241478125 0.7989000125 0.38647065937499997 0.8316595281250001 0.3842866921875 0.8403953984375001 0.3847234859375 0.86398225
3 0.48555270625 0.54559963125 0.4814968015625 0.5541170328125 0.480685621875 0.5646623843749999 0.517188765625 0.5938649 0.5305732515625 0.614144425 0.5865447390625 0.6474028453125 0.5966845015625 0.6474028453125 0.6043907203125001 0.6368574921875 0.61088016875 0.6177947390625 0.6125025296875 0.6068437953125 0.6104745781250001 0.5987319859375 0.6056074921875 0.5922425375 0.55166395625 0.5597952984375001 0.5309788421875 0.5606064796875 0.48920302187500003 0.5427604984375 0.48555270625 0.54559963125
5 0.52769988125 0.42735463281249997 0.52647549375 0.4164881921875 0.5222914578125 0.40467444218750004 0.47333633906249994 0.384004503125 0.429135684375 0.3790933203125 0.4070353578125 0.38216280937499997 0.3929157046875 0.3778655234375 0.386776725 0.3686570546875 0.3861628265625 0.34901231875 0.39230180625 0.3361204625 0.419927215625 0.3287536859375 0.47867159531250003 0.3249811109375 0.472003478125 0.31281797031249997 0.41441186406249997 0.1953125 0.31223319374999997 0.1953125 0.2518548890625 0.2510463203125 0.2444237125 0.25940639375 0.2444237125 0.264050878125 0.3591424921875 0.492559540625 0.45899892031249995 0.492559540625 0.49197476250000005 0.467014871875 0.5288588921875 0.4337291953125 0.52769988125 0.42735463281249997
6 0.525286871875 0.40593917343749997 0.52769988125 0.42735463281249997 0.542270409375 0.5074925390625 0.5519840953124999 0.5384549109375001 0.567768834375 0.5639533359375 0.57869673125 0.5748812328125 0.6248367375 0.598558340625 0.627265159375 0.611914659375 0.6479067406250001 0.60584360625 0.689797009375 0.607664921875 0.7001178015625 0.602808078125 0.707403065625 0.5930943937500001 0.709357653125 0.5720825734375 0.7016941203125 0.583939359375 0.697665146875 0.5824284953125 0.6773132875 0.5591582546875 0.5642054015625 0.42983112500000004 0.5725855421875 0.4147829140625 0.5697183203125 0.4146994015625 0.52858715625 0.4073326265625 0.525286871875 0.40593917343749997
0 0.180981909375 0.6062909796875 0.2021275734375 0.63464539375 0.2602781515625 0.6812619718749999 0.28046265 0.689912471875 0.3347685609375 0.663480390625 0.357355975 0.644257059375 0.3760987234375 0.6000433968750001 0.3760987234375 0.5505433187500001 0.3472637265625 0.488548075 0.3083364796875 0.4371256625 0.263642234375 0.41357708281249994 0.2420159875 0.4188634984375 0.2405742375 0.41453824843750003 0.2146227390625 0.42655283125 0.1680061609375 0.4880674921875 0.154549828125 0.5197859874999999 0.1550304125 0.5442957359375 0.180981909375 0.6062909796875
1 0.755581640625 0.496812809375 0.686376359375 0.42228404375000006 0.656277934375 0.42268007656249995 0.6329498109375 0.41654109687499996 0.5725855421875 0.4147829140625 0.5642054015625 0.42983112500000004 0.697665146875 0.5824284953125 0.7016941203125 0.583939359375 0.75507801875 0.501345403125 0.755581640625 0.496812809375
3 0.4070353578125 0.38216280937499997 0.429135684375 0.3790933203125 0.47333633906249994 0.384004503125 0.52858715625 0.4073326265625 0.5697183203125 0.4146994015625 0.6329498109375 0.41654109687499996 0.656277934375 0.42268007656249995 0.7029341796875 0.42206617812499997 0.7139843421875 0.41654109687499996 0.7219650171875001 0.406718728125 0.728103996875 0.38093501406249997 0.728103996875 0.34901231875 0.7219650171875001 0.3244564 0.712756546875 0.3134062375 0.6967952000000001 0.30849505312500003 0.5697183203125 0.30419776718749997 0.48684209375 0.3244564 0.419927215625 0.3287536859375 0.39230180625 0.3361204625 0.3861628265625 0.34901231875 0.386776725 0.3686570546875 0.3929157046875 0.3778655234375 0.4070353578125 0.38216280937499997