6 0.8718740890625 0.6863723546875 0.8837216828125 0.6877130765625 0.900446 0.68960566875 0.8974209328124999 0.6799409265625 0.891802153125 0.64840078125 0.8843861984375 0.637402446875 0.8650301734375001 0.6331028765625 0.8718740890625 0.6863723546875
1 0.6601274203124999 0.6044311890625 0.6618990140625 0.6083046390625 0.67232246875 0.6060384734375 0.6680910765625 0.5977090031250001 0.6701176671875 0.5934708453125 0.6774663578125 0.604920140625 0.6813320328125 0.6040797015625 0.6817845828125 0.5989070296875 0.6855229234375 0.6003379578125 0.6863107234375 0.602997284375 0.6878309921875 0.6026667625 0.6931397687499999 0.5960379703124999 0.6955793140625001 0.5842104875 0.6765538859375 0.578765009375 0.6689024156250001 0.575233409375 0.6614389968750001 0.580023778125 0.65193 0.5806104984375 0.6456883984374999 0.5645187875000001 0.6404432515625 0.562097846875 0.6347252078125 0.560151321875 0.6456768953124999 0.5980329906249999 0.645962715625 0.5985792640625001 0.6601274203124999 0.6044311890625
3 0.790402184375 0.42574143593749997 0.7968585921875 0.432407278125 0.8032841671875 0.43016616875 0.81210720625 0.32931836406250004 0.8034074796875 0.3285572359375 0.7257239796875 0.3263038484375 0.7267051984374999 0.327715346875 0.726030021875 0.34079685 0.721122425 0.353977371875 0.7215649421875 0.3596477609375 0.729418575 0.3664358453125 0.733447990625 0.3783064703125 0.7335230515625 0.37852759687500004 0.7489275625 0.390200053125 0.753241475 0.389169553125 0.75867308125 0.3807279390625 0.7643027250000001 0.3807511625 0.7700081625 0.390636446875 0.7708756734375 0.3968133265625 0.76662003125 0.4025419859375 0.7675282906249999 0.4082531234375 0.7776291343749999 0.4161764265625 0.7859542078125 0.4122117140625 0.790402184375 0.42574143593749997
3 0.49442289375000004 0.359966690625 0.472535815625 0.35629855625 0.4656485984375 0.3615402125 0.4587903015625 0.359771346875 0.4528093390625 0.3680143953125 0.449344171875 0.3875815484375 0.45510797187499996 0.40854055 0.4715215046875 0.41465191875 0.482367109375 0.41092541562499996 0.530822890625 0.417140534375 0.5459183125 0.379744434375 0.5540081203125 0.361081234375 0.5620587640625 0.3618540515625 0.64034225 0.40140030312499997 0.6522232359375 0.3705093421875 0.6660308859375 0.33460899375 0.675274378125 0.32484044375 0.6635014890625001 0.32449894218750003 0.55424066875 0.35760259375 0.49442289375000004 0.359966690625
1 0.559198215625 0.40513665468750004 0.5646492375000001 0.39590476093750004 0.5676650624999999 0.39706878125 0.569332175 0.3933825078125 0.5823631859375 0.3886100078125 0.5889936859375 0.3939201546875 0.592731534375 0.40674371249999997 0.6323986015624999 0.42205405 0.64034225 0.40140030312499997 0.5571381296875 0.35936830937500003 0.5540081203125 0.361081234375 0.5459183125 0.379744434375 0.513577628125 0.459862465625 0.52696664375 0.47146437187499995 0.5316787109375001 0.47380752656249997 0.5350327375 0.4642300828125 0.559198215625 0.40513665468750004
5 0.7558506281249999 0.6461289328125 0.7561594796875 0.6471972421875 0.7419287046874999 0.6452229203125001 0.8014315359375 0.7557283015625 0.804631428125 0.7525777671875 0.796611053125 0.737193765625 0.82735085625 0.7302087968750001 0.8718740890625 0.6863723546875 0.837494153125 0.6824817796875 0.789808059375 0.6615818828125 0.7963202578125 0.6601660625 0.7558506281249999 0.6461289328125
5 0.8222827578125 0.789284675 0.8237483750000001 0.797173909375 0.8221863562499999 0.8052030578125 0.88505396875 0.7889576468749999 0.8777667890625 0.7322380453124999 0.829998421875 0.7296071953125 0.82735085625 0.7302087968750001 0.804631428125 0.7525777671875 0.809943134375 0.7627662328125 0.8161477640625 0.7805557546874999 0.8222827578125 0.789284675
5 0.8197878109375001 0.617603940625 0.8130783656249999 0.6501329078125 0.806882146875 0.6578698015625 0.7963202578125 0.6601660625 0.8718740890625 0.6863723546875 0.8593423171874999 0.5888315734375 0.848108959375 0.5862865984375001 0.8014317171875 0.601990528125 0.7853602375000001 0.613081925 0.7609693609375 0.621787115625 0.7649797703125001 0.63212650625 0.7760783390625 0.63144170625 0.78894328125 0.6231843859375 0.8197878109375001 0.617603940625
0 0.5676650624999999 0.39706878125 0.592731534375 0.40674371249999997 0.5889936859375 0.3939201546875 0.5823631859375 0.3886100078125 0.569332175 0.3933825078125 0.5676650624999999 0.39706878125
5 0.753241475 0.389169553125 0.7489275625 0.390200053125 0.7335230515625 0.37852759687500004 0.729418575 0.3664358453125 0.7215649421875 0.3596477609375 0.721122425 0.353977371875 0.726030021875 0.34079685 0.7267051984374999 0.327715346875 0.7246209734375 0.3247171625 0.7079997515625001 0.31622340000000004 0.689672853125 0.3164972296875 0.6779246015625 0.322039678125 0.6660308859375 0.33460899375 0.6323986015624999 0.42205405 0.719511984375 0.4556772890625 0.7251119015625 0.4335645296875 0.738001840625 0.42633491562500003 0.7634847046875 0.428007221875 0.7876890265625 0.4379250078125 0.79350174375 0.44790520625 0.792437503125 0.4600695265625 0.765428459375 0.571366346875 0.76196 0.578593425 0.7671343312500001 0.5790461203125 0.8263706734375 0.5724959734375 0.8499596468749999 0.5013479703125 0.8583311671875 0.4861239734375 0.8573006671875 0.48181006093749995 0.8451331218749999 0.47605247500000003 0.8112501265625 0.4449297234375 0.8070001828125 0.43986484062500003 0.8065401421875 0.4290305484375 0.7968585921875 0.432407278125 0.790402184375 0.42574143593749997 0.7859542078125 0.4122117140625 0.7776291343749999 0.4161764265625 0.7675282906249999 0.4082531234375 0.76662003125 0.4025419859375 0.7708756734375 0.3968133265625 0.7700081625 0.390636446875 0.7643027250000001 0.3807511625 0.75867308125 0.3807279390625 0.753241475 0.389169553125
3 0.5837863140625 0.6240963265625 0.5794707765625 0.6454190953125 0.5919200703125 0.6506571265625001 0.6019195140625 0.661449665625 0.6058419046875 0.6509721984375 0.6158414390625 0.6394801421875 0.627946990625 0.6360421875 0.671756065625 0.638723515625 0.671798278125 0.638241021875 0.6690197296875 0.6238735390625 0.6601274203124999 0.6044311890625 0.64308781875 0.597391546875 0.631548809375 0.602435325 0.62623768125 0.596938215625 0.6243567999999999 0.6068824234375 0.6220470421875001 0.6332830734375 0.6199238 0.6346031296875 0.60900861875 0.6331462375 0.58401743125 0.62145465 0.5837863140625 0.6240963265625
1 0.6611066 0.8672124140624999 0.69787686875 0.874941015625 0.7105309578125001 0.8746946187500001 0.7126352703125 0.8712694265625001 0.7089245125 0.8569587593750001 0.716199896875 0.8305255624999999 0.7150635109375 0.8074168859374999 0.7170536750000001 0.7969357921875 0.7166630640625 0.789098659375 0.7225524484375 0.7427768343750001 0.6451217406249999 0.7343464187500001 0.6414218953125 0.762174159375 0.64235105625 0.7721810125 0.6373926890625 0.7979145984375 0.6178494515625 0.8304930890625 0.6314103765625 0.845665534375 0.6611066 0.8672124140624999
6 0.48913589531249996 0.717423915625 0.48593490937499995 0.7161986703125 0.47735203281249994 0.7116669859375 0.4742331109375 0.7095037265624999 0.46927919375 0.706707328125 0.4639793671875 0.7024628765625 0.460186275 0.7026036203125 0.4560238859375 0.70696543125 0.451779434375 0.7122652578124999 0.4477811765625 0.7147510390625 0.4446856421875 0.7069186578125 0.439936890625 0.7017772234375 0.4378790828125 0.69828900625 0.43145946406249996 0.690638403125 0.4275256265625 0.6869860562500001 0.42489910000000003 0.6791947078125 0.4233554203125 0.6766511875 0.385877953125 0.693259140625 0.35974811562500003 0.7156041109375 0.3418454640625 0.73775660625 0.3359723046875 0.7527512015625 0.3379754421875 0.7611367984374999 0.34814358749999996 0.7752541749999999 0.3475495421875 0.7820441546875 0.3401995765625 0.7982779375 0.343736153125 0.8099906046875001 0.352846096875 0.815348925 0.3547304234375 0.8250925171875 0.363229290625 0.8322218953125 0.38422734531249997 0.8372519 0.4006025078125 0.8377722796875 0.41926356875000004 0.8330190875 0.4737358859375 0.8099608515625001 0.490507078125 0.8059545765625 0.50109936875 0.799583196875 0.5020438921875 0.7627192796875 0.49396916874999997 0.735101146875 0.4895046890625 0.7287808609375 0.49231379999999997 0.7179707578125 0.48913589531249996 0.717423915625
3 0.5779592250000001 0.6528875578125 0.5776075765625001 0.6623087390625 0.5772793140625 0.666060796875 0.5750750203125 0.6696487265625 0.572401721875 0.6731956218749999 0.5697694546875 0.676273509375 0.5672779328125 0.6831444890625 0.562400340625 0.6902793125 0.5587479937500001 0.6942131484375 0.5535244921875 0.6998999171875 0.55046425 0.7024677640625 0.5423064734375 0.7089021390625 0.55363488125 0.7228325015625 0.55962425625 0.7391101625000001 0.5830354343749999 0.7786891515625001 0.5921055843749999 0.791529603125 0.5975027749999999 0.7933918249999999 0.6073485390625 0.7761828421875 0.6149583421875 0.7527547828125 0.6197788078124999 0.7315871578124999 0.6134645843750001 0.730899684375 0.6068190484375 0.72975614375 0.599280834375 0.7195403953125 0.595556865625 0.6978535796875 0.5985062515624999 0.6705671578125 0.6019195140625 0.661449665625 0.5919200703125 0.6506571265625001 0.5794707765625 0.6454190953125 0.5779592250000001 0.6528875578125
5 0.4560238859375 0.70696543125 0.460186275 0.7026036203125 0.4639793671875 0.7024628765625 0.46927919375 0.706707328125 0.4742331109375 0.7095037265624999 0.47735203281249994 0.7116669859375 0.48593490937499995 0.7161986703125 0.48913589531249996 0.717423915625 0.49472295156249996 0.718385315625 0.512281390625 0.7175584921875 0.521397696875 0.7159930812499999 0.528209996875 0.7137534953125 0.5325131296875 0.7131847765625 0.53591928125 0.7120649828125 0.5418345999999999 0.7092743265625 0.55046425 0.7024677640625 0.5535244921875 0.6998999171875 0.5587479937500001 0.6942131484375 0.562400340625 0.6902793125 0.5672779328125 0.6831444890625 0.5697694546875 0.676273509375 0.572401721875 0.6731956218749999 0.5750750203125 0.6696487265625 0.5772793140625 0.666060796875 0.5776075765625001 0.6623087390625 0.5779592250000001 0.6528875578125 0.5837863140625 0.6240963265625 0.58401743125 0.62145465 0.5337851203125 0.5979545515625 0.5059833484375 0.582973753125 0.5043394890624999 0.5788144281250001 0.5194074468750001 0.5500164078124999 0.5334062562499999 0.51720263125 0.5212928515625 0.5103056203125 0.5206159296874999 0.5070366640625 0.519366890625 0.5069273875 0.513310825 0.505924953125 0.501157665625 0.5043890921874999 0.49314350625000003 0.5041605421875001 0.48884037343750003 0.5047292609375 0.48402720156249995 0.5057259546874999 0.4801110109375 0.5072737218750001 0.47270660312499996 0.510879296875 0.46373104375 0.5162378015625 0.45565246562499995 0.5221473796875 0.4510210703125 0.526468159375 0.4430832359375 0.53617083125 0.4409199765625 0.53928975 0.433961190625 0.5486054796875 0.43116479218750003 0.553559396875 0.4277762890625 0.559879303125 0.4264279453125 0.5644873125000001 0.424364396875 0.5718683328124999 0.421222090625 0.5753741953125 0.419445771875 0.5794721625 0.418789246875 0.5869762828125 0.418273465625 0.59827349375 0.418156534375 0.6266191015625 0.41795136875 0.6289641390625 0.41592885468749996 0.635876153125 0.4155185265625 0.6405662265625 0.415800015625 0.6481524125 0.41828005625 0.6630199046875 0.4203555109375 0.6717082343749999 0.42489910000000003 0.6791947078125 0.4275256265625 0.6869860562500001 0.43145946406249996 0.690638403125 0.4378790828125 0.69828900625 0.439936890625 0.7017772234375 0.4446856421875 0.7069186578125 0.4477811765625 0.7147510390625 0.451779434375 0.7122652578124999 0.4560238859375 0.70696543125
6 0.8161477640625 0.7805557546874999 0.809943134375 0.7627662328125 0.796611053125 0.737193765625 0.767483253125 0.743812440625 0.744875940625 0.7452073484375 0.7225524484375 0.7427768343750001 0.7166630640625 0.789098659375 0.717288996875 0.801657271875 0.7293931437500001 0.8160824296875001 0.7312117812500001 0.824864884375 0.7471347578125 0.8301384703125001 0.7693851406250001 0.8320851265625 0.7761243421875 0.8240513859374999 0.78996663125 0.823537759375 0.800722703125 0.8188736203125 0.8117355890625 0.821130625 0.82061425 0.8132840640625 0.8237483750000001 0.797173909375 0.8222827578125 0.789284675 0.8161477640625 0.7805557546874999
5 0.63023269375 0.43071421875000004 0.6452139421875 0.44306755156250005 0.652374665625 0.4587521828125 0.63328820625 0.5596621421875 0.6404432515625 0.562097846875 0.6765538859375 0.578765009375 0.699105503125 0.5852197578125 0.6989184578125001 0.5482756421875 0.7046822984375 0.514236246875 0.719511984375 0.4556772890625 0.5646492375000001 0.39590476093750004 0.559198215625 0.40513665468750004 0.5350327375 0.4642300828125 0.5204026109375001 0.5060065171875 0.5212928515625 0.5103056203125 0.5334062562499999 0.51720263125 0.5730790015625 0.4242081046875 0.5780850953125001 0.418622821875 0.586360165625 0.415833228125 0.6037073984375 0.41835479062500003 0.63023269375 0.43071421875000004
3 0.9091728203124999 0.7241671562499999 0.91090886875 0.6978988453125 0.9031754265625 0.6899145421874999 0.837494153125 0.6824817796875 0.789808059375 0.6615818828125 0.7652471859375 0.6669216671875 0.7576813687499999 0.652461425 0.7561594796875 0.6471972421875 0.7354349 0.64432199375 0.7301666671875 0.6496261015625 0.720573465625 0.6510154296875 0.6988435140625 0.644657059375 0.69803488125 0.6433564109375001 0.697169728125 0.6438557453125 0.69167695625 0.639942771875 0.627946990625 0.6360421875 0.6158414390625 0.6394801421875 0.6058419046875 0.6509721984375 0.5985062515624999 0.6705671578125 0.595556865625 0.6978535796875 0.599280834375 0.7195403953125 0.6068190484375 0.72975614375 0.6134645843750001 0.730899684375 0.744875940625 0.7452073484375 0.767483253125 0.743812440625 0.829998421875 0.7296071953125 0.8993685125 0.7334277640625 0.9057978328124999 0.730617465625 0.9091728203124999 0.7241671562499999
3 0.6975471578125 0.6156605859375001 0.7369826953125 0.567308675 0.74136461875 0.5676920437499999 0.74786226875 0.5754356390625001 0.74997910625 0.5893157203125 0.75101885 0.5961333171875001 0.7521466765625 0.5990410109375001 0.765428459375 0.571366346875 0.792437503125 0.4600695265625 0.79350174375 0.44790520625 0.7876890265625 0.4379250078125 0.7634847046875 0.428007221875 0.738001840625 0.42633491562500003 0.7251119015625 0.4335645296875 0.7046822984375 0.514236246875 0.6989184578125001 0.5482756421875 0.69922324375 0.6084751453125 0.6975471578125 0.6156605859375001
1 0.7378251625 0.595530953125 0.743275253125 0.6026309671875001 0.7576813687499999 0.652461425 0.7652471859375 0.6669216671875 0.806882146875 0.6578698015625 0.8130783656249999 0.6501329078125 0.8197878109375001 0.617603940625 0.78894328125 0.6231843859375 0.7760783390625 0.63144170625 0.7649797703125001 0.63212650625 0.75101885 0.5961333171875001 0.74786226875 0.5754356390625001 0.74136461875 0.5676920437499999 0.7369826953125 0.567308675 0.6937050109375 0.6203714437500001 0.6910621515625001 0.619036359375 0.6855229234375 0.6003379578125 0.6817845828125 0.5989070296875 0.6812095296875 0.6054799125 0.6783749875 0.6063357859375 0.6701176671875 0.5934708453125 0.6680910765625 0.5977090031250001 0.6883373546875 0.637563684375 0.697169728125 0.6438557453125 0.708795428125 0.637145803125 0.7378251625 0.595530953125
7 0.652374665625 0.4587521828125 0.6452139421875 0.44306755156250005 0.63023269375 0.43071421875000004 0.6037073984375 0.41835479062500003 0.586360165625 0.415833228125 0.5780850953125001 0.418622821875 0.5730790015625 0.4242081046875 0.5194074468750001 0.5500164078124999 0.5043394890624999 0.5788144281250001 0.5059833484375 0.582973753125 0.5337851203125 0.5979545515625 0.60900861875 0.6331462375 0.6199238 0.6346031296875 0.6220470421875001 0.6332830734375 0.6243567999999999 0.6068824234375 0.652374665625 0.4587521828125