6 0.9006032359375 0.6119912484375 0.912488978125 0.6110467093749999 0.9292671453124999 0.6097133796875001 0.9244535375 0.600803415625 0.9129198484375 0.570914865625 0.9035415640625001 0.5615336328125 0.8837207671874999 0.5610063625 0.9006032359375 0.6119912484375
1 0.6771118390625 0.571958740625 0.6795899734375 0.5754229890625 0.6893895140625 0.5712095703125 0.6836465265625 0.5638405234375 0.6848272046874999 0.5592935406249999 0.6942255078125 0.569130284375 0.6978597953125 0.56756768125 0.6973170390625001 0.5624036953125 0.7012597296874999 0.5630950234375 0.702540478125 0.565555171875 0.7039697484375 0.5649406421875 0.70791615625 0.5574206765625 0.7080540890625 0.5453450109375 0.6883391671875 0.5436298046875 0.6801544125000001 0.541623059375 0.6737421640625 0.547749503125 0.6645198265625 0.550139846875 0.6553224578125 0.5355347390625 0.649711740625 0.5341590984375 0.6437273390625 0.5333393921875 0.6617059765625 0.5684353859375 0.6620907796875 0.5689170859375 0.6771118390625 0.571958740625
3 0.7708974765625001 0.371694425 0.778507165625 0.3770058578125 0.784387059375 0.373579865625 0.7738053265625 0.272901403125 0.7651202078125 0.273814246875 0.68843400625 0.2864249703125 0.689666525 0.28762330937499997 0.6914998203125 0.3005932984375 0.6891973515625 0.3144680703125 0.6907137 0.3199498421875 0.6997182671875 0.3251146671875 0.7059386734374999 0.3359983453125 0.706054546875 0.3362010875 0.72340324375 0.34471976875 0.72744126875 0.34288506875 0.7311623468749999 0.3335621515625 0.7366929890625 0.3325107625 0.7441798015625001 0.341125778125 0.746209978125 0.347023640625 0.7431256046875 0.3534590640625 0.7451069125 0.35889196874999996 0.7565340125 0.364742365625 0.7639496296875 0.359261996875 0.7708974765625001 0.371694425
3 0.46780574531249997 0.36360365781250004 0.44562088125 0.3641791703125 0.4398603578125 0.370638665625 0.4327905515625 0.3702109234375 0.428492325 0.3794437453125 0.42882440937500005 0.3993125796875 0.43848147812500005 0.418786721875 0.45575955312499994 0.42165395625 0.46569484375 0.41592648125 0.5144462562500001 0.4127816125 0.52212881875 0.373192240625 0.5265088890625 0.35332832812500004 0.5345590796875 0.3525508109375 0.6189500578125 0.37643329375 0.624718484375 0.3438428875 0.6314223390625 0.3059675046875 0.6386320750000001 0.2946146890625 0.6270103265625 0.2965258359375 0.526073409375 0.349869228125 0.46780574531249997 0.36360365781250004
1 0.540009796875 0.395584009375 0.543599140625 0.38548162656249996 0.5467816625 0.38604881562500004 0.5477147718750001 0.38211216875 0.5595957296875 0.37494091875 0.5671176328125 0.37888834375 0.57323365625 0.3907630828125 0.615093278125 0.3982232921875 0.6189500578125 0.37643329375 0.52925455 0.351049640625 0.5265088890625 0.35332832812500004 0.52212881875 0.373192240625 0.505669565625 0.458009171875 0.5210263375 0.4668431734375 0.5260989234375 0.46824417343749997 0.527563865625 0.458202715625 0.540009796875 0.395584009375
5 0.779032646875 0.59462553125 0.779539665625 0.59561528125 0.7651936328125 0.5963925921875 0.8446886499999999 0.6935140046875 0.8472286015625 0.6898107859375 0.8364201765624999 0.6762397921875001 0.8652624078125 0.663517725 0.9006032359375 0.6119912484375 0.8661125999999999 0.61473215625 0.8153147453124999 0.603315184375 0.821437146875 0.600682790625 0.779032646875 0.59462553125
5 0.8715596343750001 0.72247525 0.8745036609374999 0.729939884375 0.8745023749999999 0.7381195625 0.9331151609375 0.7101769203125 0.9151392578124999 0.6558898765625 0.8677465390625001 0.662421996875 0.8652624078125 0.663517725 0.8472286015625 0.6898107859375 0.8543867671875001 0.6987985375 0.8638718015625001 0.7150773187499999 0.8715596343750001 0.72247525
5 0.8363522984375 0.554424834375 0.8359729437500001 0.587636375 0.8313668359375 0.5964134140625 0.821437146875 0.600682790625 0.9006032359375 0.6119912484375 0.8696900484375 0.518633740625 0.8581774765624999 0.5182789484375 0.8153542781249999 0.5426007921875 0.801694415625 0.5565549921875 0.7794126968749999 0.569754240625 0.7853222718749999 0.5791384453124999 0.7960862625 0.576348521875 0.80713926875 0.5657881640625 0.8363522984375 0.554424834375
0 0.5467816625 0.38604881562500004 0.57323365625 0.3907630828125 0.5671176328125 0.37888834375 0.5595957296875 0.37494091875 0.5477147718750001 0.38211216875 0.5467816625 0.38604881562500004
5 0.72744126875 0.34288506875 0.72340324375 0.34471976875 0.706054546875 0.3362010875 0.6997182671875 0.3251146671875 0.6907137 0.3199498421875 0.6891973515625 0.3144680703125 0.6914998203125 0.3005932984375 0.689666525 0.28762330937499997 0.6870485109375 0.2850779 0.6691119828125001 0.2799116703125 0.6511740484375 0.28367740625 0.6406991953125 0.29135969687499996 0.6314223390625 0.3059675046875 0.615093278125 0.3982232921875 0.707021759375 0.4146067609375 0.7082994765625 0.3918317609375 0.719573115625 0.382275459375 0.744906878125 0.3790546796875 0.7705589015625 0.384171846875 0.778169134375 0.39285956093749996 0.779445509375 0.4050034546875 0.7741691312500001 0.519409009375 0.7721433890625 0.5271651171875 0.7773090328125 0.5266221859375 0.8342072093749999 0.5088895578125 0.8437871078124999 0.43454775625000003 0.8490999421875 0.4180061046875 0.8472652421875001 0.4139680796875 0.8342226515625001 0.4106379546875 0.7950236796875 0.3865521953125 0.7898853953125 0.3823912953125 0.7873665265625001 0.37184384062500003 0.778507165625 0.3770058578125 0.7708974765625001 0.371694425 0.7639496296875 0.359261996875 0.7565340125 0.364742365625 0.7451069125 0.35889196874999996 0.7431256046875 0.3534590640625 0.746209978125 0.347023640625 0.7441798015625001 0.341125778125 0.7366929890625 0.3325107625 0.7311623468749999 0.3335621515625 0.72744126875 0.34288506875
3 0.60592561875 0.6058291453125 0.6057579453125 0.627583596875 0.618977975 0.6303499546875 0.6308530140624999 0.6390362203125 0.6327041453125 0.6280028265625 0.640327171875 0.6148139109375 0.6515543171875 0.609129271875 0.6950701171875 0.603402171875 0.695019490625 0.6029204890625001 0.689550546875 0.5893471484374999 0.6771118390625 0.571958740625 0.6590420765625 0.568299746875 0.64867746875 0.575452603125 0.6424150234375 0.5710699015625 0.6424661421875 0.5811902953125 0.645236303125 0.6075466140625 0.64340395 0.6092475515625 0.6324113234375 0.609900140625 0.6056484328125 0.6031919046875001 0.60592561875 0.6058291453125
1 0.72821405 0.8297250999999999 0.76578343125 0.8302956078125 0.7781580156250001 0.8276392234375001 0.7795701078125 0.8238754390624999 0.773196921875 0.8105357453125001 0.775294946875 0.7831999921875 0.7697700953125 0.76073271875 0.7697238078125 0.7500644515625 0.7678449781250001 0.7424458421875 0.7647875359375 0.69585133125 0.6871708515625 0.70235028125 0.688848765625 0.7303727109375 0.6916702515625001 0.7400184171874999 0.6917131828125 0.76622530625 0.678745278125 0.8019342640625 0.694952090625 0.8142404031250001 0.72821405 0.8297250999999999
6 0.5308219390625 0.71550219375 0.5274459765625 0.7149102375 0.5181561046875001 0.7120995031249999 0.514681715625 0.7105711078125 0.5092852390625 0.7087713390625 0.50327290625 0.7056161234375 0.4995763578125 0.7064780374999999 0.49632271718750004 0.71155393125 0.4931675015625 0.7175662640625 0.48971701406249996 0.7207692796875 0.4851838640625 0.71367145625 0.479541328125 0.7095305890625 0.4768557453125 0.7064991093749999 0.46909426875 0.7002139890625 0.46453580624999996 0.6973793578125 0.46047087812500004 0.6902323234375001 0.4584702328125 0.6880300828125 0.424850278125 0.7114839390625 0.40346414218750004 0.7384041781249999 0.3901173078125 0.7635656562500001 0.3872131578125 0.779405409375 0.3907795390625 0.787254721875 0.403454590625 0.79917255 0.40416704843750006 0.805951128125 0.4000496734375 0.8232890906250001 0.40575615625 0.834111753125 0.4157211390625 0.8376333656250001 0.4194300125 0.84683839375 0.42913307968750003 0.8522151250000001 0.45070511093750004 0.853146096875 0.466878709375 0.8505323875 0.4842899625 0.8423058250000001 0.53336175 0.8092774265625 0.549060375 0.8021446640625 0.5582423390625 0.7938692406250001 0.5521355406249999 0.7575023937500001 0.5389393859375 0.7319324140625 0.5333509624999999 0.7265801125 0.5340457984375 0.7154326171875 0.5308219390625 0.71550219375
3 0.605699215625 0.6352032609375 0.607151675 0.644518446875 0.6075453703125 0.6482642046875 0.606066184375 0.6522068125 0.60411878125 0.65619863125 0.6021221640625 0.6597222281249999 0.6009874640625 0.666942375 0.597560875 0.6748767984375 0.59472624375 0.6794352609375001 0.5906837984375 0.6860142375 0.5881697499999999 0.689118828125 0.5813895921875 0.6969915624999999 0.595167903125 0.7085044234375 0.6041531609375 0.723340190625 0.6346862359375 0.7577249390625 0.646039815625 0.768598809375 0.6516931734375 0.7693969843749999 0.6580744140625 0.7506255187499999 0.6610741203125 0.7261758796875 0.661767046875 0.704477375 0.6554376578125 0.70500734375 0.648696021875 0.7051528421875 0.6393470484375 0.69656314375 0.631553459375 0.6759853421875001 0.6292421625 0.6486374796875001 0.6308530140624999 0.6390362203125 0.618977975 0.6303499546875 0.6057579453125 0.627583596875 0.605699215625 0.6352032609375
5 0.49632271718750004 0.71155393125 0.4995763578125 0.7064780374999999 0.50327290625 0.7056161234375 0.5092852390625 0.7087713390625 0.514681715625 0.7105711078125 0.5181561046875001 0.7120995031249999 0.5274459765625 0.7149102375 0.5308219390625 0.71550219375 0.5364897890625 0.7153798703125 0.5535678640625 0.71121793125 0.5622179828125 0.70794180625 0.5684777890625 0.7044435203125 0.57259334375 0.7030641734375 0.5757232484375 0.7013150312499999 0.5809974046875 0.69744695 0.5881697499999999 0.689118828125 0.5906837984375 0.6860142375 0.59472624375 0.6794352609375001 0.597560875 0.6748767984375 0.6009874640625 0.666942375 0.6021221640625 0.6597222281249999 0.60411878125 0.65619863125 0.606066184375 0.6522068125 0.6075453703125 0.6482642046875 0.607151675 0.644518446875 0.605699215625 0.6352032609375 0.60592561875 0.6058291453125 0.6056484328125 0.6031919046875001 0.5518550015625 0.5897083453125 0.5217055562499999 0.5803076140625001 0.5192982625 0.576538371875 0.5285944578125 0.54539435 0.53607490625 0.51051235625 0.522868046875 0.506053409375 0.521579815625 0.502973675 0.5203328734375 0.503104734375 0.5141968015625 0.5032762703125 0.501973875 0.504087559375 0.4940633484375 0.50539238125 0.48994779375 0.506771728125 0.48541323125 0.5086685078125 0.48186431875 0.51093508125 0.475283928125 0.5158872390625 0.46749572500000003 0.5228599109375 0.46069317343750005 0.5302023796875 0.45697131406249997 0.535327484375 0.45103067656249995 0.5463665015625 0.44950228125 0.5498408875 0.444448871875 0.560313259375 0.4426491046875 0.5657097359375001 0.4405287515625 0.5725600859375 0.44008442968750006 0.5773407078125 0.4394671609375 0.5849798625 0.4370515359375 0.5890208921875 0.436089784375 0.59338250625 0.43687717499999995 0.600874025 0.4385264796875 0.612062090625 0.44382029218749997 0.639909221875 0.4440663515625 0.642250321875 0.4433998703125 0.6494212562499999 0.4438919890625 0.6541034546875 0.44561582031249997 0.6614965484375 0.450887146875 0.6756176703125 0.4545822796875 0.68375035625 0.46047087812500004 0.6902323234375001 0.46453580624999996 0.6973793578125 0.46909426875 0.7002139890625 0.4768557453125 0.7064991093749999 0.479541328125 0.7095305890625 0.4851838640625 0.71367145625 0.48971701406249996 0.7207692796875 0.4931675015625 0.7175662640625 0.49632271718750004 0.71155393125
6 0.8638718015625001 0.7150773187499999 0.8543867671875001 0.6987985375 0.8364201765624999 0.6762397921875001 0.8090904390625001 0.688294709375 0.787164646875 0.6939776656250001 0.7647875359375 0.69585133125 0.7678449781250001 0.7424458421875 0.7708557078125 0.7546542828125 0.7854899171875 0.7665048296875 0.7889509109375 0.7747789140625 0.8055875859375 0.7769173609375 0.82780060625 0.774582678125 0.8328830796875 0.7654106406250001 0.8463730421875001 0.76226521875 0.8560415359375 0.7556344171875 0.8672827390625001 0.755748596875 0.87450108125 0.7463520703125 0.8745036609374999 0.729939884375 0.8715596343750001 0.72247525 0.8638718015625001 0.7150773187499999
5 0.614619603125 0.407137625 0.6316827296875 0.416405434375 0.641704659375 0.43043556406250005 0.6422234 0.533133390625 0.649711740625 0.5341590984375 0.6883391671875 0.5436298046875 0.7117080703124999 0.5456629093750001 0.7044751921875 0.5094332515625 0.7036381109375001 0.47491946250000006 0.707021759375 0.4146067609375 0.543599140625 0.38548162656249996 0.540009796875 0.395584009375 0.527563865625 0.458202715625 0.5211738546875 0.502003159375 0.522868046875 0.506053409375 0.53607490625 0.51051235625 0.5572745593749999 0.411656484375 0.561122953125 0.40521861093749995 0.568713709375 0.4009013125 0.5862233609375 0.40006653906249995 0.614619603125 0.407137625
3 0.9444282734374999 0.6419747203124999 0.9411201953124999 0.6158577765625 0.9320053609375 0.6094957796875 0.8661125999999999 0.61473215625 0.8153147453124999 0.603315184375 0.7922240031250001 0.613243296875 0.782038046875 0.60049235625 0.779539665625 0.59561528125 0.75864723125 0.5967472953125 0.7544878640625 0.602959178125 0.7453360124999999 0.60615345 0.7227920671875 0.6040581703125001 0.721750115625 0.6029357125 0.720996134375 0.6035909515625 0.7148576515625 0.6007979421874999 0.6515543171875 0.609129271875 0.640327171875 0.6148139109375 0.6327041453125 0.6280028265625 0.6292421625 0.6486374796875001 0.631553459375 0.6759853421875001 0.6393470484375 0.69656314375 0.648696021875 0.7051528421875 0.6554376578125 0.70500734375 0.787164646875 0.6939776656250001 0.8090904390625001 0.688294709375 0.8677465390625001 0.662421996875 0.9365711062500001 0.6529359343750001 0.9423460703125001 0.6489504953125 0.9444282734374999 0.6419747203124999
3 0.715986740625 0.5758418015625 0.74547175625 0.5208535953125 0.7498463203125 0.520393809375 0.7577021390625001 0.5267553234375 0.762428528125 0.539976478125 0.7647500296875 0.5464704234375 0.766411946875 0.54910949375 0.7741691312500001 0.519409009375 0.779445509375 0.4050034546875 0.778169134375 0.39285956093749996 0.7705589015625 0.384171846875 0.744906878125 0.3790546796875 0.719573115625 0.382275459375 0.7082994765625 0.3918317609375 0.7036381109375001 0.47491946250000006 0.7044751921875 0.5094332515625 0.7162609843750001 0.568468565625 0.715986740625 0.5758418015625
1 0.751683809375 0.5483966 0.7583885125000001 0.554326240625 0.782038046875 0.60049235625 0.7922240031250001 0.613243296875 0.8313668359375 0.5964134140625 0.8359729437500001 0.587636375 0.8363522984375 0.554424834375 0.80713926875 0.5657881640625 0.7960862625 0.576348521875 0.7853222718749999 0.5791384453124999 0.7647500296875 0.5464704234375 0.7577021390625001 0.5267553234375 0.7498463203125 0.520393809375 0.74547175625 0.5208535953125 0.7131140578124999 0.5811992234375001 0.710265009375 0.5803929484375 0.7012597296874999 0.5630950234375 0.6973170390625001 0.5624036953125 0.6980067171875 0.568965540625 0.6953875609375 0.570346546875 0.6848272046874999 0.5592935406249999 0.6836465265625 0.5638405234375 0.7111254546875 0.599099790625 0.720996134375 0.6035909515625 0.7311279203125001 0.5947860031250001 0.751683809375 0.5483966
7 0.641704659375 0.43043556406250005 0.6316827296875 0.416405434375 0.614619603125 0.407137625 0.5862233609375 0.40006653906249995 0.568713709375 0.4009013125 0.561122953125 0.40521861093749995 0.5572745593749999 0.411656484375 0.5285944578125 0.54539435 0.5192982625 0.576538371875 0.5217055562499999 0.5803076140625001 0.5518550015625 0.5897083453125 0.6324113234375 0.609900140625 0.64340395 0.6092475515625 0.645236303125 0.6075466140625 0.6424661421875 0.5811902953125 0.641704659375 0.43043556406250005