0 0.4599736296875 0.4558909296875 0.46710597187499997 0.4624241234375 0.496316321875 0.46225428125 0.5610751890625 0.48240655468750004 0.5633050953125001 0.478819859375 0.5764380140625 0.48284407656250006 0.578673175 0.4803868578125 0.5937794921874999 0.47419700468750003 0.5571286234375 0.46326705625000003 0.5529975015625 0.46381845312500003 0.5333073578125 0.457401240625 0.5305039578125 0.45532710156249995 0.47885547187500005 0.43992459375 0.4588861515625 0.44346098125 0.4599736296875 0.4558909296875
6 0.8682333203124999 0.558395421875 0.8727640624999999 0.5618206484375 0.8707019578124999 0.5489257734375 0.8563393796875 0.51693625 0.8413609953125001 0.4999372484375 0.8310864671875 0.49264508749999997 0.7970889 0.48405563437500004 0.7861417609375 0.485013384375 0.7846634906250001 0.5183447453125 0.7821031265625 0.5261327812500001 0.773644740625 0.534436825 0.7573880765625 0.5398423328125 0.7658383515625 0.551291634375 0.7776642234375 0.5749369234375 0.7823498140625 0.595024240625 0.7888072015625001 0.5780646390624999 0.7975459625 0.567650190625 0.8140439609375001 0.5556796312500001 0.8390247890625 0.550423665625 0.8550383546875 0.5529703484375 0.8682333203124999 0.558395421875
3 0.5951902828125 0.40362256875 0.5937330578125 0.441568421875 0.5904194281249999 0.4446449421875 0.577999621875 0.4437410953125 0.5046323640625 0.43282485312499996 0.5106789421875 0.4406592515625 0.5333073578125 0.457401240625 0.5529975015625 0.46381845312500003 0.5795490421875 0.4602745125 0.5930142218750001 0.45136357812499994 0.6038439671875 0.44024125156249994 0.6095643296875 0.43119391250000005 0.6143507359375 0.4161233765625 0.6176275453125 0.40240589687500006 0.6175116468749999 0.3824733375 0.6108930328125 0.35334183750000003 0.5937022859375001 0.3243212921875 0.5792932625 0.3084881765625 0.565782859375 0.2982743546875 0.5535396390625 0.293240590625 0.538681125 0.29087759687500003 0.51550215 0.2957544515625 0.50019414375 0.3068615828125 0.49208570468749996 0.31652484375 0.4869236859375 0.33008230312500003 0.50237583125 0.3301347390625 0.5574328296875 0.33606625156250003 0.60600081875 0.3497310640625 0.5991609812500001 0.37620519375 0.5951902828125 0.40362256875
1 0.48320675625 0.846555359375 0.46227841718749996 0.842961634375 0.47484537187500003 0.8619513718749999 0.48429132812500003 0.869877471875 0.49371549843749996 0.8842239875000001 0.53255614375 0.9146689265625 0.54736780625 0.902684715625 0.531180415625 0.8837569328124999 0.5161048390625 0.84458389375 0.516180546875 0.8430304843749999 0.48320675625 0.846555359375
3 0.6265100015625 0.42289006406249996 0.6481995109375001 0.3938551765625 0.661935584375 0.384832003125 0.6768132828125 0.3786855203125 0.6725500421875 0.37349173593749996 0.6553465328125 0.362919225 0.6431326875 0.361362228125 0.6360193046875 0.364085025 0.629798165625 0.38300829687500004 0.6265100015625 0.42289006406249996
5 0.44717054999999994 0.3361588390625 0.4433671171875 0.42009007968749995 0.444897946875 0.423937028125 0.577999621875 0.4437410953125 0.5904194281249999 0.4446449421875 0.5937330578125 0.441568421875 0.5951902828125 0.40362256875 0.5991609812500001 0.37620519375 0.60600081875 0.3497310640625 0.5574328296875 0.33606625156250003 0.50237583125 0.3301347390625 0.4585731453125 0.329986096875 0.448079234375 0.3328946359375 0.44717054999999994 0.3361588390625
3 0.755740175 0.6495279234375 0.77335674375 0.636892121875 0.776970103125 0.636910415625 0.7777502593750001 0.60710445625 0.7823498140625 0.595024240625 0.7776642234375 0.5749369234375 0.7658383515625 0.551291634375 0.7573880765625 0.5398423328125 0.7405688015624999 0.545434915625 0.6780900062499999 0.5476593750000001 0.667927884375 0.5494657921874999 0.6811225750000001 0.7002817875 0.7439020765625 0.6421968015624999 0.75147576875 0.6424228859375 0.755620828125 0.6491698031250001 0.755740175 0.6495279234375
5 0.4209625234375 0.47204531875000005 0.41884347968749996 0.4784909578125 0.414117375 0.48069308125 0.3773960203125 0.4749625734375 0.3689808015625 0.506552884375 0.3535755984375 0.6013572093749999 0.357513953125 0.605484253125 0.3886993234375 0.614382059375 0.39549948437500004 0.6155497546875 0.39511512031249996 0.6068573703125 0.3931628609375 0.5845429578125 0.3922878875 0.5745419625 0.3847893203125 0.5368579765625 0.3872914421875 0.5114291890625 0.4342946171875 0.5073169453124999 0.44862844687500003 0.49122034687499994 0.46124289375 0.48166200468750003 0.458488325 0.46652643437499997 0.42593826874999996 0.467585553125 0.4209625234375 0.47204531875000005
3 0.7888072015625001 0.5780646390624999 0.7777502593750001 0.60710445625 0.776970103125 0.636910415625 0.8026451578125 0.6370404078125 0.8263246093750001 0.64743789375 0.8437629328125 0.6670556109375 0.8566212609375 0.6962903703125 0.85778436875 0.7281747421875 0.8564537890624999 0.7365414359375 0.8830696375 0.7329889125 0.897581553125 0.7233852734374999 0.9092531656249999 0.711398334375 0.9154182093750001 0.7016476890625001 0.9205766953125 0.6854056203125001 0.92410823125 0.670621790625 0.9239833234375 0.6491397421875 0.9168502015625 0.6177436609375 0.898323103125 0.5864671593749999 0.882793975 0.56940323125 0.8682333203124999 0.558395421875 0.8550383546875 0.5529703484375 0.8390247890625 0.550423665625 0.8140439609375001 0.5556796312500001 0.7975459625 0.567650190625 0.7888072015625001 0.5780646390624999
6 0.40766116874999997 0.804287534375 0.4069427046875 0.796676253125 0.40441432656250004 0.7698910359375 0.38363626875 0.7767999546875 0.3781464203125 0.79978173125 0.3811951546875 0.8214395203124999 0.38513156406250004 0.8268647390625 0.3950657734375 0.8283034515625 0.42073470625000003 0.8225343328125 0.41433254843749995 0.8205104499999999 0.40766116874999997 0.804287534375
6 0.4759596390625 0.83455139375 0.4460496921875 0.8300276484375001 0.4429602234375 0.8295603796875 0.43226851093749996 0.8261804609375 0.460947840625 0.842733153125 0.48320675625 0.846555359375 0.516180546875 0.8430304843749999 0.5185692578125 0.7940170140625 0.5068486765625 0.791408103125 0.49547311875 0.7934537484375 0.49140096875 0.8069401609375 0.4817974515625 0.8172340640625 0.480533396875 0.8267983593749999 0.4759596390625 0.83455139375
6 0.6780900062499999 0.5476593750000001 0.7405688015624999 0.545434915625 0.773644740625 0.534436825 0.7821031265625 0.5261327812500001 0.7846634906250001 0.5183447453125 0.7862992640625001 0.48146204687500005 0.778759390625 0.4632116203125 0.7577276609375 0.4574876234375 0.7307247343750001 0.45997551562499994 0.7182088984375 0.49164333125 0.68922576875 0.5243473703125 0.6666326421875 0.5346611109375 0.667927884375 0.5494657921874999 0.6780900062499999 0.5476593750000001
3 0.44254036875 0.5065955343749999 0.4658774375 0.5392173890625 0.48036706249999994 0.5547562984375001 0.4878920921875 0.556723971875 0.5476691734375 0.5436160671875 0.5550991171875 0.5428064421875 0.5546381890625 0.524948796875 0.5584532140625 0.5143377109375 0.529694065625 0.48412802343749994 0.5039802859375 0.4710231546875 0.484262471875 0.47029151406249997 0.46878833750000004 0.4759445953125 0.44862844687500003 0.49122034687499994 0.4342946171875 0.5073169453124999 0.44254036875 0.5065955343749999
6 0.6666326421875 0.5346611109375 0.68922576875 0.5243473703125 0.7182088984375 0.49164333125 0.7333036500000001 0.4534502921875 0.732208865625 0.434551190625 0.7179950171875 0.40618507031249995 0.7040998546874999 0.387847184375 0.690932284375 0.3778257375 0.680807040625 0.37703556250000003 0.661935584375 0.384832003125 0.6481995109375001 0.3938551765625 0.6231944 0.42732852968749996 0.6101718468749999 0.46366425468749994 0.60294340625 0.470442065625 0.578673175 0.4803868578125 0.5654221640625 0.49495432343749995 0.5546381890625 0.524948796875 0.5550991171875 0.5428064421875 0.5806247124999999 0.540024965625 0.5937668625 0.5181764078125 0.6054537984375 0.5042484593750001 0.6153124921875001 0.4979739625 0.62229978125 0.49694634843749996 0.6300978125000001 0.500427165625 0.6473204203125 0.5259802453125 0.64804040625 0.5319219359375 0.6662784859374999 0.5306130687499999 0.6666326421875 0.5346611109375
6 0.5994715984375001 0.535407503125 0.64804040625 0.5319219359375 0.6473204203125 0.5259802453125 0.6300978125000001 0.500427165625 0.62229978125 0.49694634843749996 0.6153124921875001 0.4979739625 0.6054537984375 0.5042484593750001 0.5937668625 0.5181764078125 0.5806247124999999 0.540024965625 0.596572303125 0.5382871875 0.5994715984375001 0.535407503125
6 0.77335674375 0.636892121875 0.755740175 0.6495279234375 0.765261253125 0.6780976734374999 0.7682924890625 0.7178237734375 0.7744880921874999 0.7226139015624999 0.7907211140625 0.7456328203125 0.801226890625 0.7793728078125 0.7936200171875 0.788925278125 0.7797237890625001 0.7976949531249999 0.7727915671875001 0.8039083078125 0.7901275421875 0.809993240625 0.8142442859375001 0.8067990234375 0.837722284375 0.7901072453125 0.8518388359375001 0.76556028125 0.85778436875 0.7281747421875 0.8566212609375 0.6962903703125 0.8437629328125 0.6670556109375 0.8263246093750001 0.64743789375 0.8026451578125 0.6370404078125 0.77335674375 0.636892121875
3 0.8776876 0.32397468749999997 0.8695346015625001 0.3062111046875 0.8515857765625 0.2871049140625 0.8315739625 0.27961728125 0.8006528921875 0.28320237656249997 0.78089736875 0.293729275 0.7672757906250001 0.30899863125000004 0.760885159375 0.32143573124999997 0.753910503125 0.3422825171875 0.751585484375 0.360962809375 0.75263855 0.37802778125000003 0.7567477031250001 0.3948253796875 0.7696867000000001 0.4170094265625 0.7773595734375001 0.42425680000000004 0.80179719375 0.43707625781250004 0.8201554890624999 0.4407492234375 0.8323416453125001 0.439243146875 0.848910065625 0.432514490625 0.8625316453125 0.417245134375 0.8769992765625 0.3865043578125 0.8817856703125001 0.35573072968749997 0.8776876 0.32397468749999997
0 0.6850354546874999 0.8530799703125 0.6745072890625 0.8495575875 0.6702079078125001 0.8410467796875001 0.6598340609375 0.8392882859374999 0.6527345265625 0.8292450703125 0.6546975421875 0.812996609375 0.5867183390624999 0.8038530296875 0.5695182015625 0.805357846875 0.5185692578125 0.7940170140625 0.5161048390625 0.84458389375 0.531180415625 0.8837569328124999 0.552806746875 0.9090444234374999 0.59233038125 0.9233364625 0.61889748125 0.9226761968750001 0.6501987312499999 0.9127267921875 0.6815621171874999 0.8844673546875 0.6908817859374999 0.8525684828125 0.6850354546874999 0.8530799703125
6 0.7797237890625001 0.7976949531249999 0.7936200171875 0.788925278125 0.801226890625 0.7793728078125 0.7907211140625 0.7456328203125 0.7744880921874999 0.7226139015624999 0.7682924890625 0.7178237734375 0.765261253125 0.6780976734374999 0.755620828125 0.6491698031250001 0.75147576875 0.6424228859375 0.7439020765625 0.6421968015624999 0.6811225750000001 0.7002817875 0.691039565625 0.8136335140625001 0.6600598015625 0.8137178640625 0.6546975421875 0.812996609375 0.6527345265625 0.8292450703125 0.6598340609375 0.8392882859374999 0.6702079078125001 0.8410467796875001 0.6745072890625 0.8495575875 0.6850354546874999 0.8530799703125 0.705761159375 0.85126670625 0.7208865546875 0.8463886234375 0.7368719046875001 0.83610313125 0.7797237890625001 0.7976949531249999
1 0.4759596390625 0.83455139375 0.480533396875 0.8267983593749999 0.4817974515625 0.8172340640625 0.49140096875 0.8069401609375 0.49547311875 0.7934537484375 0.5068486765625 0.791408103125 0.5695182015625 0.805357846875 0.5867183390624999 0.8038530296875 0.6600598015625 0.8137178640625 0.691039565625 0.8136335140625001 0.6662784859374999 0.5306130687499999 0.5994715984375001 0.535407503125 0.596572303125 0.5382871875 0.5476691734375 0.5436160671875 0.4878920921875 0.556723971875 0.48036706249999994 0.5547562984375001 0.4658774375 0.5392173890625 0.44254036875 0.5065955343749999 0.3872914421875 0.5114291890625 0.3847893203125 0.5368579765625 0.3922878875 0.5745419625 0.39511512031249996 0.6068573703125 0.40048227656249996 0.72823555625 0.40766116874999997 0.804287534375 0.41433254843749995 0.8205104499999999 0.4429602234375 0.8295603796875 0.4759596390625 0.83455139375