0 0.47001909375000006 0.44853286875 0.47563724843750005 0.45640619375 0.5042445953125 0.4623132359375 0.5633984328125 0.49548925937500005 0.5663253265625 0.49244456562499994 0.5783345765625 0.49911133124999996 0.5810317796875 0.49717252500000003 0.5970949296875 0.4942587140625 0.563517434375 0.47594746718750003 0.5593619453125 0.4756279078125 0.5414362921875 0.4652571140625 0.5391253921875 0.46264544062499996 0.491807909375 0.43684119062500004 0.471539709375 0.43614844531249997 0.47001909375000006 0.44853286875
6 0.848045446875 0.633679353125 0.8517650375000001 0.637971725 0.8524289906250001 0.6249298984375 0.8450312656250001 0.590653275 0.8339144859375001 0.5709115609375 0.8253806062500001 0.5616425578124999 0.7939118140625 0.5461723125 0.7830047703125 0.5448330953125 0.7746288234375001 0.5771287359375 0.7705051859375 0.5842142546875 0.7605051265625 0.5905782390625001 0.7434798421875 0.5924856734375 0.7493650140625 0.605441690625 0.75601633125 0.631029009375 0.7564231421875001 0.6516515609375 0.7662655203125001 0.6364051328125 0.7769786046875 0.6280351546875 0.7956049015625 0.6197563078125 0.821132615625 0.6198090046875 0.8362667593750001 0.6256294453125 0.848045446875 0.633679353125
3 0.613148140625 0.42551981874999995 0.603833375 0.462333490625 0.599952509375 0.4646538390625 0.5879920281250001 0.4611875203125 0.518497634375 0.43525591406249997 0.5227832171875 0.444176265625 0.5414362921875 0.4652571140625 0.5593619453125 0.4756279078125 0.5860700984375 0.4776817859375 0.60109371875 0.47176514531249997 0.6139992703125 0.4631374984375 0.6214756765625 0.455477196875 0.629290828125 0.4417311375 0.63534805625 0.428994703125 0.639378903125 0.40947362187499997 0.6389617015625 0.379602628125 0.6281803234375001 0.34764209375 0.6173780609375 0.329159165625 0.606286465625 0.3163595703125 0.59535736875 0.30889029687499997 0.5813148421875 0.30348968125 0.557628428125 0.303440784375 0.5403456359375001 0.311122484375 0.53040528125 0.318888740625 0.5225373109375 0.33107669375 0.5376408875 0.334340665625 0.590261528125 0.35158955468749997 0.634927115625 0.375053609375 0.6227324624999999 0.399527134375 0.613148140625 0.42551981874999995
1 0.41152081875 0.8354907828125 0.391796990625 0.8276243421875 0.4001411390625 0.848811925 0.40773275 0.8585287453125 0.41396817031250005 0.87452115 0.445630196875 0.9123762187500001 0.46260984531249993 0.9037334093749999 0.4507114953125 0.8818536953124999 0.44410989062499995 0.8404022921875001 0.444506915625 0.8388985703125 0.41152081875 0.8354907828125
3 0.6397775125 0.45087800937500006 0.667029746875 0.42698710625 0.6823416765625 0.4210170015625 0.6981721859375 0.41809808125 0.6950819578125 0.4121314171875 0.680452534375 0.3982131296875 0.668829309375 0.3941507546875 0.66130526875 0.395335096875 0.6512857078125001 0.4125514015625 0.6397775125 0.45087800937500006
5 0.48238949218749994 0.3287553015625 0.4612188890625 0.4100616640625 0.46191644062500004 0.41414282656249995 0.5879920281250001 0.4611875203125 0.599952509375 0.4646538390625 0.603833375 0.462333490625 0.613148140625 0.42551981874999995 0.6227324624999999 0.399527134375 0.634927115625 0.375053609375 0.590261528125 0.35158955468749997 0.5376408875 0.334340665625 0.4948263 0.32508818125 0.4839569859375 0.3257513546875 0.48238949218749994 0.3287553015625
3 0.719063034375 0.6994317515625 0.7389217703125001 0.6907347625 0.7424523656249999 0.6915039171874999 0.74941248125 0.6625114937500001 0.7564231421875001 0.6516515609375 0.75601633125 0.631029009375 0.7493650140625 0.605441690625 0.7434798421875 0.5924856734375 0.725865346875 0.5944591203125 0.6642893703125 0.583644896875 0.653973740625 0.583299015625 0.6355236859375 0.7335626515625 0.7090078531249999 0.6897995546875 0.7163690359375 0.69159535625 0.7190207546875 0.69905664375 0.719063034375 0.6994317515625
5 0.42850178593750005 0.4562233796875 0.425088925 0.46208759375 0.4200082515625 0.4632589828125 0.385280784375 0.45001890156249996 0.3704814640625 0.47916926562500006 0.335701975 0.5686989671875 0.3386962046875 0.5735546546875 0.36735014375 0.5887418249999999 0.3737589265625 0.5912978359375 0.37519020937500003 0.5827154875 0.377920040625 0.5604828015625001 0.3791435109375 0.550518434375 0.3796437453125 0.51209889375 0.3873781328125 0.4877460078125 0.43420915937500004 0.49349613437500006 0.45157643125 0.48073145625 0.46590251250000003 0.474004678125 0.46635499999999996 0.45862715 0.43429603749999995 0.45289558750000003 0.42850178593750005 0.4562233796875
3 0.7662655203125001 0.6364051328125 0.74941248125 0.6625114937500001 0.7424523656249999 0.6915039171874999 0.7675393328125 0.6969692125 0.788539571875 0.712062721875 0.8015180734375 0.734877378125 0.80801716875 0.766146684375 0.802525725 0.7975761296874999 0.7994846875 0.8054833468749999 0.826257528125 0.8075422015625 0.8424490328124999 0.801165621875 0.8563578171874999 0.7918672921875001 0.8644154140625 0.7836115046875001 0.8728380890625 0.7687968749999999 0.879366184375 0.7550703546875 0.883710375 0.7340317703125 0.883260740625 0.701838709375 0.8716412546875001 0.667393675 0.8599992640625 0.6474739453125 0.848045446875 0.633679353125 0.8362667593750001 0.6256294453125 0.821132615625 0.6198090046875 0.7956049015625 0.6197563078125 0.7769786046875 0.6280351546875 0.7662655203125001 0.6364051328125
6 0.3464140578125 0.7784397984375 0.34729376875 0.770845465625 0.3503896015625 0.7441198890625 0.3286291484375 0.74655783125 0.31848108750000004 0.7678959984375 0.31696029062500003 0.7897143796874999 0.3196827140625 0.7958394703125 0.3291007125 0.79931218125 0.355408184375 0.7990060031249999 0.34956671875 0.7956952625 0.3464140578125 0.7784397984375
6 0.4069278328125 0.8222423703124999 0.3786120296875 0.811598853125 0.3756872234375 0.810499459375 0.36593187656250004 0.8049704671875 0.39054299375 0.8271242109375001 0.41152081875 0.8354907828125 0.444506915625 0.8388985703125 0.4570339 0.791452803125 0.44611186406250003 0.7864640578125 0.4345595765625 0.7860998890625 0.4277724296875 0.7984449437500001 0.41623855 0.806517215625 0.41301358906249996 0.815609696875 0.4069278328125 0.8222423703124999
6 0.6642893703125 0.583644896875 0.725865346875 0.5944591203125 0.7605051265625 0.5905782390625001 0.7705051859375 0.5842142546875 0.7746288234375001 0.5771287359375 0.7838971953125 0.541392109375 0.7803165625 0.5219728703125 0.7609345125 0.512001215625 0.7340044031249999 0.508820515625 0.715177959375 0.537194125 0.680028628125 0.5631575703125 0.6557848703125 0.56854855625 0.653973740625 0.583299015625 0.6642893703125 0.583644896875
3 0.4424247109375 0.494504878125 0.45846934375000004 0.5312659156249999 0.4694116140625 0.5494778250000001 0.476363103125 0.5529670421875 0.5375591984375 0.5525739296875 0.5449951109375 0.5533267687500001 0.5482570671875 0.5357635234375 0.55419489375 0.526177503125 0.5323451484375 0.49064860781249997 0.50991793125 0.472483915625 0.4907831171875 0.46766870000000005 0.4744717859375 0.46998099375 0.45157643125 0.48073145625 0.43420915937500004 0.49349613437500006 0.4424247109375 0.494504878125
6 0.6557848703125 0.56854855625 0.680028628125 0.5631575703125 0.715177959375 0.537194125 0.7378836328125 0.502974071875 0.7407421171874999 0.4842603421875 0.7327365234375 0.453558865625 0.7229576640625 0.43273273906250004 0.7121614140625 0.42019259218749994 0.7024217171875 0.41731452812500003 0.6823416765625 0.4210170015625 0.667029746875 0.42698710625 0.6356115546875001 0.45453013125 0.615318953125 0.48736429374999996 0.6068392859375 0.49249111562500003 0.5810317796875 0.49717252500000003 0.5650415890625 0.5086666156249999 0.5482570671875 0.5357635234375 0.5449951109375 0.5533267687500001 0.5705412109375 0.5559131453124999 0.58793874375 0.5372744359375 0.6022660765625 0.5260806984374999 0.6132138734375 0.5219930515625 0.620262128125 0.5224406328125 0.6271660515625 0.5274666859375 0.63869951875 0.5560421515625 0.638168425 0.5620036953125 0.6562800859375 0.5645153406250001 0.6557848703125 0.56854855625
6 0.589936271875 0.5553150718750001 0.638168425 0.5620036953125 0.63869951875 0.5560421515625 0.6271660515625 0.5274666859375 0.620262128125 0.5224406328125 0.6132138734375 0.5219930515625 0.6022660765625 0.5260806984374999 0.58793874375 0.5372744359375 0.5705412109375 0.5559131453124999 0.5865016140625 0.55752903125 0.589936271875 0.5553150718750001
6 0.7389217703125001 0.6907347625 0.719063034375 0.6994317515625 0.7224360703125 0.729356728125 0.7171415453125001 0.7688449453125 0.7222058359375 0.7748185359375 0.733298225 0.8007094718750001 0.7365594875 0.8358964343749999 0.7271327734375 0.843658603125 0.7117168921875 0.84934745 0.703644328125 0.8539837390624999 0.719336340625 0.8635400531249999 0.743590190625 0.8654297890624999 0.770025553125 0.8539841171875 0.7889372265625 0.832908559375 0.802525725 0.7975761296874999 0.80801716875 0.766146684375 0.8015180734375 0.734877378125 0.788539571875 0.712062721875 0.7675393328125 0.6969692125 0.7389217703125001 0.6907347625
3 0.906031940625 0.40634693125 0.9017503609374999 0.3872764203125 0.8881661609375 0.3648559765625 0.87014841875 0.3533712765625 0.839157665625 0.350449175 0.8176451828125 0.35663863125 0.801146590625 0.36874223125 0.7923097921875 0.3795788640625 0.7811532578125 0.39851998593750004 0.7749951953124999 0.41630866875 0.7724772421874999 0.43321967499999997 0.773004184375 0.45050454687499997 0.781048109375 0.47489398749999995 0.7870464984375001 0.4835782671875 0.8082847828125 0.5011984578125 0.8254782531249999 0.5086080640625 0.83771124375 0.5096685437499999 0.8553165703125 0.5065316921874999 0.8718151625000001 0.49442809375 0.8923580093749999 0.4673670671875 0.90343800625 0.4382610640625 0.906031940625 0.40634693125
0 0.6075825328125 0.883835359375 0.5980167765625 0.878201021875 0.59558084375 0.868982303125 0.5857993015625 0.8651053937500001 0.5809430109375 0.85380556875 0.586241375 0.8383203109374999 0.5216487375 0.8152428687500001 0.5045115953125 0.8131386921875 0.4570339 0.791452803125 0.44410989062499995 0.8404022921875001 0.4507114953125 0.8818536953124999 0.466607675 0.9110849609375 0.5022961421875001 0.9332821109375 0.5284199640625 0.938159884375 0.5611058046874999 0.93493579375 0.5976592921874999 0.9138147078125 0.6134074515625 0.8845505703125 0.6075825328125 0.883835359375
6 0.7117168921875 0.84934745 0.7271327734375 0.843658603125 0.7365594875 0.8358964343749999 0.733298225 0.8007094718750001 0.7222058359375 0.7748185359375 0.7171415453125001 0.7688449453125 0.7224360703125 0.729356728125 0.7190207546875 0.69905664375 0.7163690359375 0.69159535625 0.7090078531249999 0.6897995546875 0.6355236859375 0.7335626515625 0.62165681875 0.846499228125 0.5913364999999999 0.8401406796875 0.586241375 0.8383203109374999 0.5809430109375 0.85380556875 0.5857993015625 0.8651053937500001 0.59558084375 0.868982303125 0.5980167765625 0.878201021875 0.6075825328125 0.883835359375 0.6282323296875 0.8863708359375 0.6440414078125001 0.8847440984375 0.6618159140625 0.878006909375 0.7117168921875 0.84934745
1 0.4069278328125 0.8222423703124999 0.41301358906249996 0.815609696875 0.41623855 0.806517215625 0.4277724296875 0.7984449437500001 0.4345595765625 0.7860998890625 0.44611186406250003 0.7864640578125 0.5045115953125 0.8131386921875 0.5216487375 0.8152428687500001 0.5913364999999999 0.8401406796875 0.62165681875 0.846499228125 0.6562800859375 0.5645153406250001 0.589936271875 0.5553150718750001 0.5865016140625 0.55752903125 0.5375591984375 0.5525739296875 0.476363103125 0.5529670421875 0.4694116140625 0.5494778250000001 0.45846934375000004 0.5312659156249999 0.4424247109375 0.494504878125 0.3873781328125 0.4877460078125 0.3796437453125 0.51209889375 0.3791435109375 0.550518434375 0.37519020937500003 0.5827154875 0.3552041375 0.7025571625 0.3464140578125 0.7784397984375 0.34956671875 0.7956952625 0.3756872234375 0.810499459375 0.4069278328125 0.8222423703124999