0 0.5368933390625 0.46046626875 0.53428138125 0.45815569062500006 0.48417184999999996 0.43831033125 0.46397030156249996 0.440092821875 0.46397030156249996 0.45257025000000006 0.470506096875 0.4597002078125 0.4996200953125 0.4620768609375 0.56237615 0.48779655625 0.564910171875 0.484417859375 0.57764238125 0.489571371875 0.5800831984375 0.4873183109375 0.5956715124999999 0.4824686140625 0.56011271875 0.4683859234375 0.555949259375 0.468575171875 0.5368933390625 0.46046626875
6 0.7905176078125 0.5933256 0.8079961296875 0.5828384875 0.8333399859374999 0.5797797453125 0.84907065625 0.5837124124999999 0.8617425843750001 0.5902668578125 0.8659575578125001 0.59407393125 0.8650271625 0.5810484 0.8535073093750001 0.547928825 0.8400674828125 0.5296890578125 0.83046760625 0.5215291625 0.7973480296875 0.5100093109375 0.786359075 0.5100093109375 0.7819814109375 0.5430849953125 0.7787520171875 0.5506202453125 0.769602071875 0.55815549375 0.7529361484375 0.5621235703125 0.7603563953125 0.57426579375 0.7700764437500001 0.598851796875 0.7729934796875 0.6192710531250001 0.7809044218750001 0.6029387859375 0.7905176078125 0.5933256
3 0.5171715234375001 0.3309881953125 0.5715020484375 0.3416956703125 0.6186942546875 0.3595414625 0.609573071875 0.38531871875 0.6032279015625 0.41228569375 0.5984690234375 0.4499601453125 0.594899865625 0.45273615781250004 0.582606096875 0.4507532921875 0.5104694359375 0.43348421249999997 0.5158101921875 0.4418157921875 0.5368933390625 0.46046626875 0.555949259375 0.468575171875 0.5827086390625 0.46735883593749994 0.59689921875 0.459655378125 0.6086571281250001 0.44951925 0.61514425 0.4410049015625 0.6212259265625 0.4264088765625 0.6256858234375 0.4130291875 0.627307603125 0.39316237656249997 0.6232531531250001 0.36356488124999997 0.6086571281250001 0.3331564953125 0.5956828828125 0.31612779999999996 0.583114084375 0.3047753359375 0.571356175 0.298693659375 0.55676015 0.295044653125 0.5332443328124999 0.29788276874999997 0.5170265265625 0.307613453125 0.508106734375 0.3165332453125 0.5017827484375 0.329589215625 0.5171715234375001 0.3309881953125
1 0.5120912718749999 0.9052807546875 0.49761514375000004 0.8850141734375001 0.48601109062500003 0.8446762765625 0.48622189843749997 0.843135378125 0.45306637031249997 0.843772984375 0.4325308828125 0.838368909375 0.4433949515625 0.8583816671875001 0.45211415937500005 0.867100875 0.4602520859375 0.88221416875 0.49629147968750004 0.915928440625 0.5120912718749999 0.9052807546875
3 0.66670276875 0.3769802015625 0.654671103125 0.37436462187499997 0.64734748125 0.3764570859375 0.63950074375 0.394766140625 0.6327491671875001 0.4342095640625 0.6568866984375 0.40717552812499996 0.6713569234375 0.39938386875 0.6867137078125001 0.3945574515625 0.682919359375 0.389011865625 0.66670276875 0.3769802015625
5 0.5715020484375 0.3416956703125 0.5171715234375001 0.3309881953125 0.473548475 0.3270224625 0.46284099999999995 0.3290053296875 0.46165127968749997 0.33217791406249997 0.45054723125 0.41545827968750004 0.4517369515625 0.41942401093750004 0.582606096875 0.4507532921875 0.594899865625 0.45273615781250004 0.5984690234375 0.4499601453125 0.6032279015625 0.41228569375 0.609573071875 0.38531871875 0.6186942546875 0.3595414625 0.5715020484375 0.3416956703125
3 0.6629776406250001 0.715305528125 0.7305806875 0.6629131671875 0.7381058546875 0.66379848125 0.741647109375 0.670880990625 0.7417347890625 0.67124815 0.7603856046875 0.6601958156250001 0.76398361875 0.660528965625 0.7673585671875001 0.6309044218750001 0.7729934796875 0.6192710531250001 0.7700764437500001 0.598851796875 0.7603563953125 0.57426579375 0.7529361484375 0.5621235703125 0.7356934515625 0.566228975 0.67325853125 0.5629995828125 0.6629776406250001 0.5639134390625 0.6629776406250001 0.715305528125
5 0.44958912812499996 0.4867764296875 0.46298863749999997 0.47835388125 0.46156370312500006 0.46303583125000003 0.42904520156250003 0.4612539953125 0.42369969531249996 0.465263125 0.421026940625 0.47149955 0.41612689375 0.47328138593749997 0.38004472031250003 0.4643722078125 0.368908246875 0.49510887343750004 0.345298925 0.5882097875000001 0.348862596875 0.5926643765625 0.379153803125 0.6042463078125 0.385826315625 0.6060022328125 0.3862010046875 0.5973094265625 0.3862010046875 0.5749097765625 0.3862010046875 0.5648705781250001 0.382015346875 0.5266764484374999 0.3867242125 0.5015625 0.43390693281250003 0.5015625 0.44958912812499996 0.4867764296875
3 0.84907065625 0.5837124124999999 0.8333399859374999 0.5797797453125 0.8079961296875 0.5828384875 0.7905176078125 0.5933256 0.7809044218750001 0.6029387859375 0.7673585671875001 0.6309044218750001 0.76398361875 0.660528965625 0.78954964375 0.6628961906249999 0.8122327859375 0.6753179109375 0.8278949546875 0.696380828125 0.8381563765625 0.7266250171874999 0.8365361515625 0.75848943125 0.8344814296875 0.76670831875 0.8613056203125 0.7654890375 0.8765993265625 0.757186740625 0.8892712546875 0.7462626640625001 0.8962626640625 0.737086440625 0.902817109375 0.7213557703125 0.9076237031250001 0.706935990625 0.9093715546875 0.6855248015625001 0.905001925 0.6536265 0.8892712546875 0.6208542718750001 0.8752884375000001 0.6025018234374999 0.8617425843750001 0.5902668578125 0.84907065625 0.5837124124999999
6 0.357080534375 0.8156094765624999 0.3668515484375 0.8179085374999999 0.392925615625 0.8143985671875 0.3867242125 0.8118244000000001 0.3814921390625 0.79508176875 0.3814397765625 0.7874368328125 0.3812555046875 0.760533178125 0.3599543625 0.7656048796875 0.3524824109375 0.7880207328125 0.3536319421875 0.809861821875 0.357080534375 0.8156094765624999
6 0.469914165625 0.791942525 0.4646820921875 0.8050227062499999 0.45421794687499994 0.8144404359375 0.45212511875 0.8238581671875 0.4468930453125 0.83118306875 0.41749118437500005 0.8240697140625001 0.41445419687499996 0.8233349593750001 0.40409775000000003 0.8190360578125 0.43122528281249994 0.8380253296875001 0.45306637031249997 0.843772984375 0.48622189843749997 0.843135378125 0.492873325 0.7945166078125 0.481424725 0.790896109375 0.469914165625 0.791942525
6 0.7181068796875001 0.5106932890625 0.6863836937500001 0.5407468328125 0.6629776406250001 0.5490522062500001 0.6629776406250001 0.5639134390625 0.67325853125 0.5629995828125 0.7356934515625 0.566228975 0.769602071875 0.55815549375 0.7787520171875 0.5506202453125 0.7819814109375 0.5430849953125 0.7868254984374999 0.5064852140625 0.7809049453125 0.48764709218749996 0.7604521265625 0.48011184218749997 0.7333351203125 0.48023680625000004 0.7181068796875001 0.5106932890625
3 0.48691162343750005 0.4690329484375 0.47100367343749994 0.47331585781249996 0.44958912812499996 0.4867764296875 0.43390693281250003 0.5015625 0.44218418125000003 0.5015625 0.46258926406249995 0.536094178125 0.4756694453125 0.5528368109375 0.482994346875 0.555452846875 0.5436863875 0.5476047375 0.551158621875 0.5474457546875 0.55225584375 0.5296158906249999 0.5569811687499999 0.519377684375 0.5309644046875001 0.4867764296875 0.5064906375 0.47148032500000003 0.48691162343750005 0.4690329484375
6 0.629565521875 0.5117643109375 0.64449549375 0.5387212031249999 0.6446948875 0.544703034375 0.6629776406250001 0.5449887015625 0.6629776406250001 0.5490522062500001 0.6863836937500001 0.5407468328125 0.7181068796875001 0.5106932890625 0.7364729328124999 0.47396118125 0.7370294796875 0.4550385796875 0.725341990625 0.4255415828125 0.7130979546875 0.406062434375 0.70085391875 0.3949314921875 0.690836071875 0.39326185156250004 0.6713569234375 0.39938386875 0.6568866984375 0.40717552812499996 0.62905934375 0.43834216562500006 0.612919478125 0.4734046328125 0.60512781875 0.4795266515625 0.5800831984375 0.4873183109375 0.5656129734374999 0.500675440625 0.55225584375 0.5296158906249999 0.551158621875 0.5474457546875 0.57682950625 0.546899565625 0.5918258734374999 0.5262795609375 0.6046822374999999 0.513423196875 0.6150502734375001 0.5080318187499999 0.6221005374999999 0.507617096875 0.629565521875 0.5117643109375
6 0.6046822374999999 0.513423196875 0.5918258734374999 0.5262795609375 0.57682950625 0.546899565625 0.59286786875 0.5465583234375 0.5960071124999999 0.5439422875 0.6446948875 0.544703034375 0.64449549375 0.5387212031249999 0.629565521875 0.5117643109375 0.6221005374999999 0.507617096875 0.6150502734375001 0.5080318187499999 0.6046822374999999 0.513423196875
6 0.8381563765625 0.7266250171874999 0.8278949546875 0.696380828125 0.8122327859375 0.6753179109375 0.78954964375 0.6628961906249999 0.7603856046875 0.6601958156250001 0.7417347890625 0.67124815 0.74872961875 0.700539 0.7482869625 0.74037811875 0.7540415015625 0.7456900015625 0.768206521875 0.770036128125 0.7757316875 0.8045633640625001 0.7673212078125 0.8134165015624999 0.75271353125 0.82094166875 0.7452661593750001 0.826527196875 0.7620058281250001 0.8340999046875 0.7863091953125 0.8330197546875 0.8111526359375001 0.8184377359375 0.8273548796875 0.79521451875 0.8365361515625 0.75848943125 0.8381563765625 0.7266250171874999
3 0.8534641078125 0.463180809375 0.8683646640625 0.44915675625 0.885456478125 0.4197938953125 0.89290675625 0.38955453125 0.8915920015625 0.35756216093750004 0.8850182265625 0.3391555921875 0.868802915625 0.3185577640625 0.8495198421874999 0.30935447968749996 0.8184039750000001 0.3102309828125 0.7978061484375 0.318996015625 0.7829055921875 0.33302006875 0.7754553140625 0.34485286249999997 0.76669028125 0.36501243906249997 0.762746015625 0.3834190078125 0.7623077640625 0.4005108234375 0.7649372734375001 0.41760263750000004 0.775893565625 0.44082997500000004 0.7829055921875 0.4487185046875 0.8061329296874999 0.46361906093750005 0.824101246875 0.4688780796875 0.83637229375 0.468439828125 0.8534641078125 0.463180809375
0 0.5816063828125 0.931430384375 0.6136556703125 0.9242469234374999 0.64736268125 0.8988285218750001 0.6594270546875001 0.867863296875 0.6535583921875 0.867863296875 0.643377284375 0.863436728125 0.6398360296875001 0.854583590625 0.629654921875 0.8519276484375 0.6234577265625 0.841303884375 0.62682941875 0.8252883421874999 0.5599058125 0.8102547781249999 0.5426399734375 0.8102547781249999 0.492873325 0.7945166078125 0.48601109062500003 0.8446762765625 0.49761514375000004 0.8850141734375001 0.51695523125 0.912090296875 0.5550828328125 0.9297726624999999 0.5816063828125 0.931430384375
6 0.6535583921875 0.867863296875 0.674363265625 0.867863296875 0.68985625625 0.8643220421875 0.7066772171875 0.8554689046874999 0.75271353125 0.82094166875 0.7673212078125 0.8134165015624999 0.7757316875 0.8045633640625001 0.768206521875 0.770036128125 0.7540415015625 0.7456900015625 0.7482869625 0.74037811875 0.74872961875 0.700539 0.741647109375 0.670880990625 0.7381058546875 0.66379848125 0.7305806875 0.6629131671875 0.6629776406250001 0.715305528125 0.6629776406250001 0.8290902390625 0.6321084124999999 0.826474203125 0.62682941875 0.8252883421874999 0.6234577265625 0.841303884375 0.629654921875 0.8519276484375 0.6398360296875001 0.854583590625 0.643377284375 0.863436728125 0.6535583921875 0.867863296875
1 0.3809689328125 0.718693509375 0.3814921390625 0.79508176875 0.3867242125 0.8118244000000001 0.41445419687499996 0.8233349593750001 0.4468930453125 0.83118306875 0.45212511875 0.8238581671875 0.45421794687499994 0.8144404359375 0.4646820921875 0.8050227062499999 0.469914165625 0.791942525 0.481424725 0.790896109375 0.5426399734375 0.8102547781249999 0.5599058125 0.8102547781249999 0.6321084124999999 0.826474203125 0.6629776406250001 0.8290902390625 0.6629776406250001 0.5449887015625 0.5960071124999999 0.5439422875 0.59286786875 0.5465583234375 0.5436863875 0.5476047375 0.482994346875 0.555452846875 0.4756694453125 0.5528368109375 0.46258926406249995 0.536094178125 0.44218418125000003 0.5015625 0.3867242125 0.5015625 0.382015346875 0.5266764484374999 0.3862010046875 0.5648705781250001 0.3862010046875 0.5973094265625 0.3809689328125 0.718693509375