6 0.5094690171875 0.4349826671875 0.5163385234375 0.44142282968749996 0.52535475 0.4427108609375 0.53952310625 0.4371293875 0.5481099890625 0.42940119374999997 0.5491527484375001 0.426136903125 0.5194006390625 0.394802234375 0.5102319515625 0.39063465 0.4973124359375 0.390217890625 0.47980857656250003 0.3977195453125 0.46230471562500003 0.39063465 0.4535527859375 0.40022009687500004 0.44980195937499995 0.40813850937499996 0.44938520000000004 0.41730719687500006 0.458970646875 0.4289764375 0.458970646875 0.44892485000000004 0.4594578796875 0.44886248437500004 0.49558156093749994 0.4590621125 0.5101714125 0.46563782031249995 0.4970180375 0.4465749578125 0.49315394062499995 0.434123978125 0.49444197343749996 0.418667590625 0.501311478125 0.40836333125 0.50388754375 0.423390375 0.5094690171875 0.4349826671875
3 0.6123161328125 0.61531285625 0.5974214921875001 0.6129432546875 0.5984278093750001 0.6201312359375 0.598110571875 0.6209560515625 0.602545259375 0.6274287390625 0.6123161328125 0.61531285625
3 0.627912775 0.8517546218750001 0.627455865625 0.852184653125 0.61858675 0.8654883265625 0.6144358171875 0.8670534328124999 0.5939545093749999 0.893741196875 0.598026528125 0.8941113812499999 0.6206024578125 0.8908862484375 0.6379375484375001 0.9017710718749999 0.6536600703125 0.904189921875 0.711309321875 0.89532080625 0.7290475515625 0.888870540625 0.7354978171875 0.882420275 0.73872295 0.8747605843749999 0.739932375 0.8618600515624999 0.7392300765625001 0.8549541078124999 0.7382524265625 0.8563391125 0.7221778328124999 0.8532478453125 0.7167927453125 0.8536844734375 0.69970786875 0.8608601218749999 0.6885941453125 0.8616265859375 0.677663575 0.8736502125 0.664061996875 0.8965255953125 0.6572612062500001 0.8934343281249999 0.627912775 0.8517546218750001
3 0.5094690171875 0.4349826671875 0.50388754375 0.423390375 0.501311478125 0.40836333125 0.49444197343749996 0.418667590625 0.49315394062499995 0.434123978125 0.4970180375 0.4465749578125 0.5101714125 0.46563782031249995 0.528980946875 0.47411535625 0.530435728125 0.46247710781249995 0.540936940625 0.44042456249999995 0.5524882734375 0.42414768281250004 0.5665760140625 0.41456801875 0.5622783453125 0.3993471046875 0.557984903125 0.39848841562500004 0.5481099890625 0.42940119374999997 0.53952310625 0.4371293875 0.52535475 0.4427108609375 0.5163385234375 0.44142282968749996 0.5094690171875 0.4349826671875
1 0.7530905125 0.8415010265625 0.747843225 0.8135154968749999 0.741207390625 0.8296073953124999 0.7253248578125 0.8501009859374999 0.7167927453125 0.8536844734375 0.718323421875 0.8535603640625 0.7221778328124999 0.8532478453125 0.7382524265625 0.8563391125 0.74567146875 0.8458288015625 0.7530905125 0.8415010265625
1 0.6505232484375 0.830119734375 0.6488787890625 0.8288041671874999 0.6389213828125 0.8351479984375001 0.6270821078125 0.8505749343750001 0.6572612062500001 0.8934343281249999 0.664061996875 0.8965255953125 0.677663575 0.8736502125 0.6885941453125 0.8616265859375 0.6848500140625 0.8618848015625 0.6694798203125 0.855224384375 0.659233025 0.845489928125 0.6505232484375 0.830119734375
3 0.8505587515625 0.7518708390625 0.79818943125 0.748156703125 0.7913934484375 0.75332165 0.7778654859375 0.7588173859375 0.7738646078125 0.758946446875 0.7734121640625 0.75957050625 0.7630570718749999 0.7681576546875 0.7617009828125 0.779910434375 0.7487258999999999 0.8113750124999999 0.8711405156250001 0.7774688046875 0.884839165625 0.7646833984375 0.8866656531249999 0.7359162312499999 0.8820994359375 0.7062358203125 0.87753321875 0.6925371703125001 0.87251038125 0.6838613578125 0.8610948374999999 0.6811216265625 0.8569846625 0.6825814484375 0.8569846625 0.7514424453124999 0.8505587515625 0.7518708390625
3 0.790155196875 0.7475869 0.7811062671875 0.74895795 0.7738646078125 0.758946446875 0.7778654859375 0.7588173859375 0.7913934484375 0.75332165 0.79818943125 0.748156703125 0.790155196875 0.7475869
6 0.69635488125 0.49188050156249996 0.70003030625 0.520233775 0.6966752781250001 0.5509083125 0.7419435578125 0.5376883718750001 0.7397398 0.531311540625 0.718581303125 0.47008695312500004 0.702316821875 0.4734790109375 0.6920771734375 0.47859883437499995 0.6914386234375 0.47948298125 0.69635488125 0.49188050156249996
6 0.8569846625 0.6306353375 0.8569846625 0.637871309375 0.8569846625 0.6522496015625 0.8625673125000001 0.642945184375 0.86563920625 0.6291216609375 0.864103259375 0.612226240625 0.8553435359374999 0.5611589218749999 0.846687396875 0.565837915625 0.8569846625 0.6306353375
3 0.75133750625 0.3284970015625 0.724786146875 0.345393321875 0.70595881875 0.36518615312499997 0.6982347875 0.383047975 0.6982347875 0.39704778281249997 0.7001657953125 0.40670282343749997 0.7045105640625 0.4129785984375 0.70885533125 0.4419437171875 0.7419435578125 0.5376883718750001 0.7434602515625001 0.53724544375 0.7828725000000001 0.530391140625 0.78501446875 0.5278207765625 0.8394205078124999 0.520109684375 0.846687396875 0.565837915625 0.8990596125 0.537528609375 0.90968015625 0.528356321875 0.9130594203125 0.5201495390625 0.910645659375 0.4984257 0.9053353875000001 0.48152937968750004 0.87154275 0.4013925515625 0.8546464296874999 0.35263460156250004 0.8435431343750001 0.34008305 0.8387156140625001 0.3246349859375 0.8305088312500001 0.31739370624999996 0.81844003125 0.31304893906250003 0.7846473921875 0.3154626984375 0.75133750625 0.3284970015625
5 0.42936364843749997 0.6929236546875 0.5207174078125 0.774902765625 0.598110571875 0.6209560515625 0.4129820796875 0.67822315 0.4281086015625 0.6835678546875 0.42936364843749997 0.6929236546875
5 0.538561940625 0.772024615625 0.5207174078125 0.774902765625 0.4498268703125 0.761724396875 0.54531521875 0.89565610625 0.592484928125 0.89565610625 0.6389213828125 0.8351479984375001 0.6032663031250001 0.8578637359375 0.5939278359375 0.862014165625 0.585108171875 0.8578637359375 0.56174120625 0.7758878265625 0.538561940625 0.772024615625
5 0.6186459109375 0.6163198671875 0.6123161328125 0.61531285625 0.60015763125 0.630389396875 0.5966281046875 0.6248104671875 0.5929675609375 0.634327878125 0.6029314343750001 0.6455857609375 0.6100484046875 0.6338935953125 0.62465966875 0.61928233125 0.6241802359374999 0.6150227593750001 0.6186459109375 0.6163198671875
5 0.42747902812499994 0.678874665625 0.42031339218749997 0.6728154875000001 0.4140705984375 0.6675366546875 0.411942215625 0.67406369375 0.4129820796875 0.67822315 0.4281086015625 0.6835678546875 0.42747902812499994 0.678874665625
5 0.5189557078125 0.713202840625 0.500681375 0.7187276375 0.46455769374999994 0.7102279484375 0.42747902812499994 0.678874665625 0.433797259375 0.7259742046875 0.4286165875 0.7536044515625 0.4309191078125 0.7582094921875 0.5207174078125 0.774902765625 0.538561940625 0.772024615625 0.56174120625 0.7758878265625 0.5534611421875 0.7468397296875 0.55449875 0.7338696359375 0.5586491796875 0.7266063843749999 0.59340903125 0.7125986828124999 0.5972399109375 0.7105705703125 0.5972399109375 0.6712944000000001 0.6028756484375 0.6456774109375 0.6029314343750001 0.6455857609375 0.5929675609375 0.634327878125 0.58992811875 0.6422304296875 0.5189557078125 0.713202840625
6 0.7811062671875 0.74895795 0.7760181953124999 0.7497288703125 0.764483028125 0.7480128953125 0.764775021875 0.753268765625 0.7630570718749999 0.7681576546875 0.7734121640625 0.75957050625 0.7811062671875 0.74895795
1 0.6774527 0.5884916546875 0.6664264265625001 0.6000429875 0.660311078125 0.6036668984375 0.6643564234375 0.602128528125 0.6879240531249999 0.602128528125 0.7022695671875 0.60571490625 0.7253248578125 0.6210851 0.73352229375 0.6338935953125 0.7442814296875 0.6610476046875 0.7514541875 0.7030594671875 0.7581146046875 0.7143309421875 0.7637503421875 0.7348245343750001 0.764483028125 0.7480128953125 0.7760181953124999 0.7497288703125 0.790155196875 0.7475869 0.8505587515625 0.7518708390625 0.8569846625 0.7514424453124999 0.8569846625 0.6306353375 0.8394205078124999 0.520109684375 0.78501446875 0.5278207765625 0.7828725000000001 0.530391140625 0.7434602515625001 0.53724544375 0.6966752781250001 0.5509083125 0.69635488125 0.5538376546875 0.680887225 0.5821950250000001 0.6774527 0.5884916546875
5 0.7526817859375 0.75565939375 0.750606571875 0.7707047031250001 0.6675979703125 0.8168782374999999 0.6488787890625 0.8288041671874999 0.6505232484375 0.830119734375 0.659233025 0.845489928125 0.6694798203125 0.855224384375 0.6848500140625 0.8618848015625 0.69970786875 0.8608601218749999 0.7253248578125 0.8501009859374999 0.741207390625 0.8296073953124999 0.7617009828125 0.779910434375 0.764775021875 0.753268765625 0.7637503421875 0.7348245343750001 0.7581146046875 0.7143309421875 0.7514541875 0.7030594671875 0.7442814296875 0.6610476046875 0.73352229375 0.6338935953125 0.7253248578125 0.6210851 0.7022695671875 0.60571490625 0.6879240531249999 0.602128528125 0.6643564234375 0.602128528125 0.660311078125 0.6036668984375 0.652249790625 0.6084439578125 0.640519696875 0.6111931984375001 0.627980296875 0.615961703125 0.6100484046875 0.6338935953125 0.6028756484375 0.6456774109375 0.5972399109375 0.6712944000000001 0.5972399109375 0.7105705703125 0.6727860078125001 0.670575578125 0.71999715 0.65034223125 0.7293356171875 0.6617559140625 0.7350424578125 0.68147045625 0.7526817859375 0.75565939375
3 0.69635488125 0.5538376546875 0.70003030625 0.520233775 0.69635488125 0.49188050156249996 0.6842784875000001 0.4614269859375 0.6659013671875 0.43307371406249995 0.6532999125 0.4199471984375 0.6328225484375001 0.40734574375 0.6160206078125 0.40262019843749997 0.6018439718749999 0.401045015625 0.5787413046875 0.406295621875 0.5524882734375 0.42414768281250004 0.540936940625 0.44042456249999995 0.530435728125 0.46247710781249995 0.528980946875 0.47411535625 0.5861032578125001 0.4998606234375 0.59885279375 0.5109102203125 0.6048025765625 0.5551086078125 0.6014027 0.5874074296875 0.5954529171875 0.5988820109375 0.5974214921875001 0.6129432546875 0.6186459109375 0.6163198671875 0.652249790625 0.6084439578125 0.6664264265625001 0.6000429875 0.6774527 0.5884916546875 0.69635488125 0.5538376546875
6 0.7350424578125 0.68147045625 0.7293356171875 0.6617559140625 0.71999715 0.65034223125 0.6727860078125001 0.670575578125 0.59340903125 0.7125986828124999 0.5586491796875 0.7266063843749999 0.55449875 0.7338696359375 0.5534611421875 0.7468397296875 0.585108171875 0.8578637359375 0.5939278359375 0.862014165625 0.6032663031250001 0.8578637359375 0.6675979703125 0.8168782374999999 0.750606571875 0.7707047031250001 0.7526817859375 0.75565939375 0.7350424578125 0.68147045625
2 0.5861032578125001 0.4998606234375 0.49558156093749994 0.4590621125 0.4594578796875 0.44886248437500004 0.4063348171875 0.4556622359375 0.3396122515625 0.48838604218750004 0.334937421875 0.515160065625 0.344712065625 0.528334584375 0.3370623453125 0.53598430625 0.3370623453125 0.549583809375 0.346412003125 0.57125801875 0.34131219062499996 0.5750828796875 0.34131219062499996 0.5933572125000001 0.3489619109375 0.6124815140625001 0.46455769374999994 0.7102279484375 0.500681375 0.7187276375 0.5189557078125 0.713202840625 0.58992811875 0.6422304296875 0.5984278093750001 0.6201312359375 0.5954529171875 0.5988820109375 0.6014027 0.5874074296875 0.6048025765625 0.5551086078125 0.59885279375 0.5109102203125 0.5861032578125001 0.4998606234375