6 0.5391475546875 0.42406429375 0.5397847234375 0.42069725468749997 0.506435646875 0.39322201875 0.49682740000000003 0.39020288125 0.4839533953125 0.391363721875 0.46749422812499997 0.40094264375 0.4492574078125 0.3960437421875 0.44173888437500003 0.4066243328125 0.438981028125 0.41494083281250005 0.43968475781249994 0.42409196875 0.45062087812499996 0.43450605624999994 0.453051978125 0.4543057765625 0.45352797968749997 0.45418449687500007 0.490625421875 0.45990572968750004 0.5059079 0.46465436718750003 0.4905293890625 0.44733658906249996 0.48517670312499994 0.4354493328125 0.484571475 0.4199511828125 0.49013400156250003 0.4088865484375 0.49452220156250004 0.4234876390625 0.5014748171875001 0.43431331406250007 0.5090779765625 0.43986829062500005 0.5181839703125 0.44004791875000004 0.53156650625 0.4327813609375 0.5391475546875 0.42406429375
3 0.617310559375 0.6139817812499999 0.625532046875 0.6007654390625 0.610459646875 0.6002287 0.6123344578125 0.6072404640625 0.6121201046875 0.6080977921875 0.617310559375 0.6139817812499999
3 0.6412391671875 0.8793561359375 0.6453259484375 0.87922730625 0.66734055625 0.8732749 0.6858729593749999 0.8819659734374999 0.701773071875 0.8824507 0.757911740625 0.8666220171875001 0.7747316640624999 0.8580580843750001 0.780347759375 0.8508698078125001 0.782615371875 0.8428741671875001 0.782243603125 0.8299224000000001 0.780704915625 0.823153521875 0.7799033421875 0.8246473484375001 0.7635718359375 0.8235381234375 0.7582801 0.8246277734374999 0.7421970625000001 0.8338320578125 0.7312595875000001 0.8359472312499999 0.721875803125 0.8492133374999999 0.7111634171875 0.8735758265625 0.7040365890625 0.8713364078125 0.6698274375 0.8335440500000001 0.6694263406250001 0.834026559375 0.6622446453124999 0.8483119421875 0.658315390625 0.8503712546875001 0.6412391671875 0.8793561359375
3 0.48517670312499994 0.4354493328125 0.4905293890625 0.44733658906249996 0.5059079 0.46465436718750003 0.5256103828125 0.47077640781249996 0.5256359749999999 0.459047615625 0.5333713828125 0.43587967031249997 0.5428529609375 0.4183163625 0.5556682265624999 0.40709124062499996 0.5495476296875 0.392507534375 0.5451815421874999 0.39217848593750004 0.5391475546875 0.42406429375 0.53156650625 0.4327813609375 0.5181839703125 0.44004791875000004 0.5090779765625 0.43986829062500005 0.5014748171875001 0.43431331406250007 0.49452220156250004 0.4234876390625 0.49013400156250003 0.4088865484375 0.484571475 0.4199511828125 0.48517670312499994 0.4354493328125
1 0.7582801 0.8246277734374999 0.7597842421875 0.824318046875 0.7635718359375 0.8235381234375 0.7799033421875 0.8246473484375001 0.7859862 0.813311225 0.7928225203125 0.8081115546875001 0.7842037671875 0.780974109375 0.7795785046875 0.7977547656249999 0.7663118984375 0.82003119375 0.7582801 0.8246277734374999
1 0.7040365890625 0.8713364078125 0.7111634171875 0.8735758265625 0.721875803125 0.8492133374999999 0.7312595875000001 0.8359472312499999 0.7275748328125 0.8366598171874999 0.71150750625 0.8319222015625 0.70015075625 0.8235090749999999 0.689632746875 0.809314903125 0.6878402171875 0.8082095499999999 0.67873015 0.8157195984375001 0.66885919375 0.8324743890624999 0.7040365890625 0.8713364078125
3 0.8033808953125 0.7236406 0.803007878125 0.724315146875 0.79377648125 0.73410025625 0.7938628046875 0.745930696875 0.784819003125 0.7787420078125 0.90218903125 0.73016994375 0.914227425 0.7158103921875 0.9125344625 0.6870350578125 0.9043851484375001 0.6581323625 0.898183521875 0.6450923015625001 0.8921408078124999 0.6370932875 0.880476465625 0.6357651828125 0.876574834375 0.6377150281249999 0.884966878125 0.7060627453125 0.8786410734375 0.7072710671875 0.8262094671875 0.70996683125 0.8200935890625001 0.7159215 0.8073362234375001 0.723024915625 0.8033808953125 0.7236406
3 0.8200935890625001 0.7159215 0.8262094671875 0.70996683125 0.8181656765625 0.7103804015625 0.8093512859375 0.71284401875 0.8033808953125 0.7236406 0.8073362234375001 0.723024915625 0.8200935890625001 0.7159215
6 0.7417687328125 0.5018612171875 0.7133065484375 0.4436715609375 0.6975766875 0.4490204765625 0.6880373140625 0.45535003593749995 0.6875112734375 0.4563054125 0.6939017640625 0.4680113828125 0.7010051875000001 0.49570539374999995 0.701413453125 0.5265601625 0.7447332046875 0.5079219453125 0.7417687328125 0.5018612171875
6 0.8786497593749999 0.5835989984375 0.8750662265625 0.5670166984375 0.8601482562499999 0.51739756875 0.852126865625 0.5230966046875001 0.8702441953125 0.5861561156249999 0.8711260390625 0.5933381515625 0.8728783124999999 0.6076092703125 0.8772854265625 0.5976938515625 0.8786497593749999 0.5835989984375
3 0.68421045625 0.3736564296875 0.6873037234375 0.383004171875 0.6923809328125 0.388703675 0.7002232734375 0.41692339843750004 0.7447332046875 0.5079219453125 0.7461846140625 0.50729748125 0.784467759375 0.4956911234375 0.7862805140625 0.492878878125 0.8393412734375 0.4785948359375 0.852126865625 0.5230966046875001 0.9006586703125 0.48861574374999994 0.9100822281250001 0.47821750625000004 0.9124361484374999 0.46966006718750003 0.907392909375 0.44839231718750006 0.9000630765625001 0.43226909999999996 0.8567561015624999 0.3568478859375 0.834043625 0.31051251406249997 0.8214934421875 0.29940767031250004 0.814819259375 0.28466308125 0.8057911593749999 0.27847593125 0.793282825 0.275634365625 0.760036234375 0.2821484203125 0.7285631171875 0.299145021875 0.7042688109374999 0.319151196875 0.6879939578125 0.34109096875 0.682504309375 0.35976097500000004 0.68421045625 0.3736564296875
5 0.4510157625 0.690960925 0.453401640625 0.7000940375 0.554065203125 0.770328865625 0.6121201046875 0.6080977921875 0.4353506359375 0.6874995187499999 0.4510157625 0.690960925
5 0.640013909375 0.88143586875 0.67873015 0.8157195984375001 0.646109190625 0.8426112781249999 0.637346140625 0.84786884375 0.62808640625 0.8448241968750001 0.594903265625 0.766307040625 0.5714259671875 0.7652974671874999 0.554065203125 0.770328865625 0.482097034375 0.765888109375 0.5931957953125 0.8871844093749999 0.640013909375 0.88143586875
5 0.6086450453125 0.6219967234375 0.619906640625 0.6319564 0.6255456453125 0.6194840453125 0.6382673343749999 0.6032010265625 0.6372723640625 0.5990316328125 0.63193736875 0.6009935375000001 0.625532046875 0.6007654390625 0.6153015421875 0.61721135 0.6111184234375 0.6121041453125 0.6086450453125 0.6219967234375
5 0.4353506359375 0.6874995187499999 0.4510157625 0.690960925 0.4498189265625 0.68637944375 0.4419682734375 0.6812387015625 0.4351286859375 0.6767600218750001 0.4338116125 0.68349779375 0.4353506359375 0.6874995187499999
5 0.46183005312500003 0.7323579125 0.4600552765625 0.760413571875 0.462901846875 0.76470368125 0.554065203125 0.770328865625 0.5714259671875 0.7652974671874999 0.594903265625 0.766307040625 0.583144846875 0.73848455 0.5825940640625 0.7254846796875001 0.5858283890625 0.7177697578125 0.6186220359375 0.6996303078125 0.622177196875 0.6971504453125 0.6173906359375 0.6581670328125 0.6198624390624999 0.6320541656249999 0.619906640625 0.6319564 0.6086450453125 0.6219967234375 0.6065913375 0.630210784375 0.5447973046875 0.7093035390625 0.5273324890625 0.7170142359375 0.4904422171875 0.712980271875 0.4498189265625 0.68637944375 0.46183005312500003 0.7323579125
6 0.79377648125 0.73410025625 0.803007878125 0.724315146875 0.8093512859375 0.71284401875 0.804395090625 0.7142292734375 0.7927367796875 0.7139318718750001 0.7936671265624999 0.71911298125 0.79377648125 0.73410025625
1 0.6989696328125 0.578465096875 0.7136452875 0.5802764640625 0.7384018828125 0.5927223578125 0.748099178125 0.6044363640625 0.7620873593749999 0.6300767625 0.774326609375 0.6709013359375 0.782311028125 0.68127709375 0.7904022984375 0.70093110625 0.7927367796875 0.7139318718750001 0.804395090625 0.7142292734375 0.8181656765625 0.7103804015625 0.8786410734375 0.7072710671875 0.884966878125 0.7060627453125 0.8702441953125 0.5861561156249999 0.8393412734375 0.4785948359375 0.7862805140625 0.492878878125 0.784467759375 0.4956911234375 0.7461846140625 0.50729748125 0.701413453125 0.5265601625 0.701452440625 0.5295067171875 0.6895559734375001 0.5595377484374999 0.6869144140625 0.5662060078125 0.6773780828125 0.579015003125 0.6717499609375001 0.583357175 0.675577671875 0.58133726875 0.6989696328125 0.578465096875
5 0.689632746875 0.809314903125 0.70015075625 0.8235090749999999 0.71150750625 0.8319222015625 0.7275748328125 0.8366598171874999 0.7421970625000001 0.8338320578125 0.7663118984375 0.82003119375 0.7795785046875 0.7977547656249999 0.7938628046875 0.745930696875 0.7936671265624999 0.71911298125 0.7904022984375 0.70093110625 0.782311028125 0.68127709375 0.774326609375 0.6709013359375 0.7620873593749999 0.6300767625 0.748099178125 0.6044363640625 0.7384018828125 0.5927223578125 0.7136452875 0.5802764640625 0.6989696328125 0.578465096875 0.675577671875 0.58133726875 0.6717499609375001 0.583357175 0.6643309375 0.5890810515625 0.6530233265625001 0.5932393375 0.641158528125 0.5995004671874999 0.6255456453125 0.6194840453125 0.6198624390624999 0.6320541656249999 0.6173906359375 0.6581670328125 0.622177196875 0.6971504453125 0.6922860203125001 0.6482468156250001 0.7366794343749999 0.6224106953125 0.747339271875 0.6326012296875 0.755406171875 0.6514733328125 0.7819553765625 0.7229595843750001 0.7817291921875 0.7381456531249999 0.7049664625000001 0.7940912203125 0.6878402171875 0.8082095499999999 0.689632746875 0.809314903125
3 0.6565085015625 0.41335428125 0.64240125625 0.401861340625 0.6205407953125001 0.391849378125 0.6032881953125 0.389206696875 0.5890252640625 0.389370953125 0.5667346875 0.3973979296875 0.5428529609375 0.4183163625 0.5333713828125 0.43587967031249997 0.5256359749999999 0.459047615625 0.5256103828125 0.47077640781249996 0.585444471875 0.4893683140625 0.59944558125 0.49878177187499995 0.6107374437499999 0.5419256156250001 0.6112991453125 0.574398028125 0.6067921109375 0.586512175 0.610459646875 0.6002287 0.63193736875 0.6009935375000001 0.6643309375 0.5890810515625 0.6773780828125 0.579015003125 0.6869144140625 0.5662060078125 0.701452440625 0.5295067171875 0.7010051875000001 0.49570539374999995 0.6939017640625 0.4680113828125 0.6782040359375 0.43925660468750005 0.6565085015625 0.41335428125
6 0.6186220359375 0.6996303078125 0.5858283890625 0.7177697578125 0.5825940640625 0.7254846796875001 0.583144846875 0.73848455 0.62808640625 0.8448241968750001 0.637346140625 0.84786884375 0.646109190625 0.8426112781249999 0.7049664625000001 0.7940912203125 0.7817291921875 0.7381456531249999 0.7819553765625 0.7229595843750001 0.755406171875 0.6514733328125 0.747339271875 0.6326012296875 0.7366794343749999 0.6224106953125 0.6922860203125001 0.6482468156250001 0.6186220359375 0.6996303078125
2 0.339392371875 0.5080189609375 0.3380153203125 0.5351631328125 0.34932267499999997 0.547048221875 0.34266224218749997 0.5555731890625 0.3443196046875 0.5690713234375 0.3562409921875 0.589444540625 0.3516453265625 0.5938624031249999 0.3538724078125 0.612000521875 0.3637957734375 0.6300500062500001 0.4904422171875 0.712980271875 0.5273324890625 0.7170142359375 0.5447973046875 0.7093035390625 0.6065913375 0.630210784375 0.6123344578125 0.6072404640625 0.6067921109375 0.586512175 0.6112991453125 0.574398028125 0.6107374437499999 0.5419256156250001 0.59944558125 0.49878177187499995 0.585444471875 0.4893683140625 0.490625421875 0.45990572968750004 0.45352797968749997 0.45418449687500007 0.40162956875000005 0.46740763750000003 0.339392371875 0.5080189609375