6 0.63262474375 0.382179184375 0.62028318125 0.3802655046875 0.5457063343749999 0.37957840468750004 0.50352998125 0.3850617078125 0.49789717656250004 0.38748766562500003 0.4917937375 0.395293009375 0.48856625468750003 0.40835356093749997 0.4885985953125 0.42771564843750004 0.49314437812499995 0.4281133515625 0.5028634000000001 0.43468239999999997 0.509801628125 0.43464431093749994 0.51191313125 0.42379067656249997 0.575355715625 0.4357318171875 0.6021795765625 0.45530823125 0.6121164171875 0.43008772031250003 0.6296794328125 0.4046329109375 0.6362193171875 0.3982288734375 0.636095515625 0.3854016 0.63262474375 0.382179184375
3 0.47210205 0.6505090296875 0.47368289218750004 0.6545846625 0.48474221406250007 0.6539022828125 0.4908019078125 0.650012890625 0.47210205 0.6505090296875
3 0.4355131671875 0.6510521609375 0.44191663906249995 0.658683521875 0.461272946875 0.6636758265625 0.46308567187499994 0.6633478640625 0.45947081875 0.650844159375 0.43631745000000005 0.651458459375 0.4355131671875 0.6510521609375
1 0.3873843546875 0.6288851421875 0.3791562328125 0.6160656921875 0.377136809375 0.6202888625 0.39731149375 0.6600026140625 0.406112634375 0.6662724250000001 0.41769722343750004 0.659586209375 0.42674150624999996 0.64662100625 0.4253565328125 0.6459213609375001 0.4246184484375 0.6455485046875 0.416465415625 0.6326191515625 0.41321060468750004 0.6299352781249999 0.40266016875000005 0.6428711671875 0.40002665468750004 0.6415408031250001 0.39515679062500003 0.625101928125 0.39060600624999997 0.6234930656250001 0.390208875 0.62803229375 0.3873843546875 0.6288851421875
1 0.5048865359375 0.6496392 0.4908019078125 0.650012890625 0.48474221406250007 0.6539022828125 0.47279546093749997 0.65229674375 0.47210205 0.6505090296875 0.4615720234375 0.6507884109375001 0.45947081875 0.650844159375 0.466410296875 0.6748476734375 0.47394936249999997 0.6892567828125 0.5154370968750001 0.6802369234375 0.5216114046875 0.6725273890625 0.52612909375 0.6506245749999999 0.5048865359375 0.6496392
6 0.4727037375 0.8504068796875 0.4821310921875 0.8350619671875 0.48729298906249996 0.8141125015625 0.48516892343749995 0.7949034937499999 0.47696834062500004 0.7799186546875 0.46857905625 0.772526575 0.45277993437499997 0.7682908562499999 0.44060913749999997 0.7715062625 0.4233235125 0.78426135 0.415270765625 0.8002021031250001 0.4102740359375 0.8192637015625 0.4112163421875 0.8320617453124999 0.42633451562499997 0.8297578968750001 0.440019965625 0.8284871703125001 0.4431071328125 0.8308139703125 0.4475207140625 0.8652051484375001 0.46137075625 0.860353696875 0.4727037375 0.8504068796875
0 0.6138301296875001 0.640627546875 0.6103769453125001 0.6446977875 0.5999183953125 0.64883124375 0.5924067359375 0.6518000203125001 0.5920009125 0.653291415625 0.5892435625 0.653050178125 0.5881066328125 0.65349951875 0.582442784375 0.6532367921875 0.5596458734375 0.6934202015625 0.5644569421875001 0.659473528125 0.551080865625 0.66505405 0.5344928062500001 0.7354064921875 0.52088868125 0.7716524078125 0.528798815625 0.786459715625 0.5381631687499999 0.7765757640625 0.5407423828125 0.7470952046875 0.5505986187499999 0.72401199375 0.5517855578125 0.7125236375 0.5554790374999999 0.70763619375 0.5618675203125 0.7085757421875 0.56838626875 0.702604596875 0.5850700453125001 0.6951574390624999 0.590951759375 0.6961913421875 0.5978100328125 0.6850987015625 0.5957010140625 0.667116684375 0.6139339921875 0.6410950515625 0.6138301296875001 0.640627546875
3 0.6576830828125 0.71477544375 0.6469463171875 0.720003709375 0.6454529296875 0.7229119796875 0.7060151171875 0.7381580624999999 0.7828173953124999 0.7624161875000001 0.7833473625 0.766008371875 0.797936659375 0.7497311375 0.8029246656250001 0.7390260843750001 0.7701255828125 0.74917300625 0.75959714375 0.7473222890625 0.750959778125 0.734481871875 0.760790459375 0.728369975 0.7716877421875 0.7153794234374999 0.7760925734375 0.6915953 0.7739533062499999 0.6788585921875 0.767120653125 0.6666408625 0.7637471296875 0.663859103125 0.7600119890625 0.6688699171875 0.744883828125 0.662458009375 0.718641221875 0.6716109015625 0.7129446500000001 0.683409403125 0.702566525 0.690558015625 0.6987431796875 0.6917980265625 0.6988642578125 0.6944698781249999 0.6944431109375 0.709579296875 0.6856334828125 0.7141215437499999 0.6576830828125 0.71477544375
0 0.6753043671875 0.655792878125 0.6607265671875 0.66392668125 0.667832378125 0.6696174874999999 0.6739174718750001 0.6718240343749999 0.6935804734375 0.6789541390625 0.69856210625 0.6878022078125 0.6987431796875 0.6917980265625 0.702566525 0.690558015625 0.7129446500000001 0.683409403125 0.718641221875 0.6716109015625 0.744883828125 0.662458009375 0.7600119890625 0.6688699171875 0.7637471296875 0.663859103125 0.7601842875 0.6609212328125 0.75011711875 0.6591108734375 0.7493963609375001 0.656723825 0.762058003125 0.64481723125 0.7632966296875 0.6442140828125 0.7784404078125 0.639536046875 0.8322700624999999 0.647510640625 0.8377877453125 0.64260003125 0.8188564640625 0.6311910562499999 0.81760986875 0.6357463296875 0.8092882921875001 0.629081859375 0.8009247515625001 0.6325904484375 0.799930334375 0.6100298296875 0.7879109375 0.6068581156249999 0.7867915609375 0.6049361921874999 0.7826453453125 0.61247628125 0.7660639406249999 0.6337228875 0.7489041109375 0.6475576046875 0.7425076921875 0.6506359546875 0.7195275765625 0.6577347015624999 0.6834908328125 0.6590110140625 0.6753043671875 0.655792878125
1 0.35190225 0.9141524390625 0.353453696875 0.9340325765624999 0.3586533765625 0.9357215125 0.374293125 0.9309196890625 0.39703078125 0.9296182421875001 0.441720378125 0.9359961265625 0.4534004578125 0.9341386078125 0.4550179671875 0.9297553625000001 0.4536247359375 0.9127684593750001 0.4431071328125 0.8308139703125 0.440019965625 0.8284871703125001 0.42633451562499997 0.8297578968750001 0.335450321875 0.843607671875 0.334470675 0.8501034328125 0.34026750625 0.863773525 0.33795606562499997 0.8713867921875 0.3388032171875 0.880510425 0.35190225 0.9141524390625
3 0.6196389859375 0.6337806968749999 0.623823246875 0.6171988421875 0.6194847046875 0.6123107015625 0.60935593125 0.594861659375 0.609080525 0.5938975671875 0.581044153125 0.629691390625 0.5566341921875 0.6165174296875 0.5497730484375001 0.6019739562499999 0.5154971203125001 0.61524226875 0.489963325 0.6414757171875001 0.47570081093749994 0.638485009375 0.46984144843750003 0.6257720796874999 0.46383126093750005 0.558755190625 0.4433790046875 0.57975928125 0.42831382656250006 0.5837393578125 0.40271094375 0.5803220390625 0.3878210828125 0.5890268812499999 0.3797004453125 0.5741881296875 0.3789700546875 0.56235065625 0.3867472109375 0.554200890625 0.4006306109375 0.505571790625 0.3977032671875 0.5063738921875001 0.3875986421875 0.5157513390624999 0.3783306671875 0.5379066859375 0.3733846375 0.56092879375 0.372948509375 0.5882546046875 0.3754278984375 0.60459671875 0.38518124375 0.6215752218749999 0.39987468125 0.6267698687500001 0.4091732140625 0.6266060999999999 0.416465415625 0.6326191515625 0.4246184484375 0.6455485046875 0.43631745000000005 0.651458459375 0.5048865359375 0.6496392 0.5881066328125 0.65349951875 0.6103769453125001 0.6446977875 0.6196389859375 0.6337806968749999
6 0.6461218171875001 0.7204052 0.6576830828125 0.71477544375 0.6856334828125 0.7141215437499999 0.6944431109375 0.709579296875 0.6988642578125 0.6944698781249999 0.69856210625 0.6878022078125 0.6935804734375 0.6789541390625 0.667832378125 0.6696174874999999 0.655419628125 0.6596765312499999 0.6493066671875 0.6586989671875 0.636504125 0.663334628125 0.62664005 0.6748686078125 0.623322946875 0.69760135 0.629007675 0.7135949171875 0.63481310625 0.71808756875 0.6461218171875001 0.7204052
6 0.5028634000000001 0.43468239999999997 0.49314437812499995 0.4281133515625 0.483212859375 0.42724445624999996 0.46799434843750004 0.43297715312499996 0.447182175 0.44881668281250003 0.41464957968749994 0.4842345609375 0.40117653906250006 0.503659575 0.3867472109375 0.554200890625 0.3789700546875 0.56235065625 0.3797004453125 0.5741881296875 0.3878210828125 0.5890268812499999 0.40271094375 0.5803220390625 0.42831382656250006 0.5837393578125 0.4433790046875 0.57975928125 0.46383126093750005 0.558755190625 0.4595486859375 0.5110021140625001 0.46731726250000005 0.46869024374999996 0.48480805625 0.4347815234375 0.5028634000000001 0.43468239999999997
5 0.776285046875 0.8315126828125001 0.7843465421875 0.7727809375 0.7828173953124999 0.7624161875000001 0.7060151171875 0.7381580624999999 0.6259312140625 0.7179975296875 0.6194590734375 0.7170456781250001 0.6246917828125 0.7241567125 0.6318811640625001 0.7437868703125 0.6289719140625001 0.7702527390625 0.61691419375 0.7994809390625 0.6157728953125 0.8042453546875 0.6103661765624999 0.8268160281249999 0.605321003125 0.8709086218750001 0.5991632546875 0.8869959109375 0.5954441296875 0.8919303921875 0.60184951875 0.8985864625 0.6174844187499999 0.9092109265625 0.6366788515625 0.9069927109375 0.642372 0.9143114406249999 0.676941178125 0.8978483 0.6996892265625 0.8939922296875 0.7087909 0.8957629 0.71236270625 0.8994857156249999 0.7153605078124999 0.9153380312499999 0.7234469890625 0.928712415625 0.7499542328125 0.9320058765624999 0.7602826 0.9197553921875 0.7659875828125 0.9046644718750001 0.776285046875 0.8315126828125001
6 0.8063946859375 0.551369725 0.8078018359374999 0.49321600312499997 0.8001688984375 0.46126275000000005 0.79123478125 0.437170384375 0.76565799375 0.3999666046875 0.74263830625 0.38261663437500004 0.72789814375 0.37580607499999996 0.6833506421875 0.373135553125 0.659418059375 0.38024332968749996 0.6457814843749999 0.3888653296875 0.6296794328125 0.4046329109375 0.6121164171875 0.43008772031250003 0.6021795765625 0.45530823125 0.6332421125 0.47797808750000004 0.649342228125 0.4666053984375 0.67315341875 0.4268590078125 0.690579659375 0.4202500734375 0.6746183265625 0.5960484687500001 0.6303820828125 0.5770731671875 0.6176691562500001 0.5829325296875 0.609080525 0.5938975671875 0.60935593125 0.594861659375 0.6194847046875 0.6123107015625 0.6401454359375001 0.63558869375 0.6573968859375 0.648753365625 0.6834908328125 0.6590110140625 0.7284111671875 0.6574200703125 0.7489041109375 0.6475576046875 0.7660639406249999 0.6337228875 0.7826453453125 0.61247628125 0.7935879421875 0.5925766625 0.8063946859375 0.551369725
0 0.509801628125 0.43464431093749994 0.48480805625 0.4347815234375 0.46731726250000005 0.46869024374999996 0.4595486859375 0.5110021140625001 0.46984144843750003 0.6257720796874999 0.47570081093749994 0.638485009375 0.489963325 0.6414757171875001 0.5154971203125001 0.61524226875 0.5497730484375001 0.6019739562499999 0.5566341921875 0.6165174296875 0.581044153125 0.629691390625 0.6176691562500001 0.5829325296875 0.6303820828125 0.5770731671875 0.6746183265625 0.5960484687500001 0.690579659375 0.4202500734375 0.67315341875 0.4268590078125 0.649342228125 0.4666053984375 0.6332421125 0.47797808750000004 0.575355715625 0.4357318171875 0.51191313125 0.42379067656249997 0.509801628125 0.43464431093749994
3 0.8694356421875 0.687212215625 0.866333484375 0.6748560640625 0.8559547609375 0.6553561234374999 0.850823109375 0.65025918125 0.774195021875 0.6389071140625 0.762058003125 0.64481723125 0.7493963609375001 0.656723825 0.75011711875 0.6591108734375 0.7601842875 0.6609212328125 0.767120653125 0.6666408625 0.7739533062499999 0.6788585921875 0.7760925734375 0.6915953 0.7716877421875 0.7153794234374999 0.760790459375 0.728369975 0.750959778125 0.734481871875 0.75959714375 0.7473222890625 0.7701255828125 0.74917300625 0.842740265625 0.7267084921875 0.8592131140625 0.7137409406249999 0.8674235046875 0.699585721875 0.8694356421875 0.687212215625
3 0.6130165843750001 0.7082906015625 0.5985202859375 0.69752175625 0.5850700453125001 0.6951574390624999 0.56838626875 0.702604596875 0.5541848765624999 0.7156130109375 0.5407423828125 0.7470952046875 0.5366179859375 0.794237290625 0.5205090593749999 0.8290489187500001 0.5153458140625 0.8541300140624999 0.519662540625 0.8794467140625001 0.5266750874999999 0.8943111078125 0.5484267468749999 0.8968079203125001 0.5890867953125001 0.9003652125 0.5991632546875 0.8869959109375 0.605321003125 0.8709086218750001 0.6103661765624999 0.8268160281249999 0.61691419375 0.7994809390625 0.6289719140625001 0.7702527390625 0.6318811640625001 0.7437868703125 0.6246917828125 0.7241567125 0.6130165843750001 0.7082906015625