3 0.4530567109375 0.41563507031249997 0.45719730312499995 0.40892827968749995 0.461058734375 0.409887134375 0.4690364890625 0.434763634375 0.47342704375 0.44134663906249993 0.480870128125 0.4265515421875 0.4819976625 0.42431026875000005 0.5288461328125 0.37407143593750003 0.523189378125 0.3756973578125 0.49174551875 0.3789869796875 0.475664328125 0.3703439171875 0.4629380765625 0.3699116953125 0.4207484078125 0.379274675 0.38092789374999997 0.39627987343750004 0.44027774375 0.39420733124999996 0.4530567109375 0.41563507031249997
0 0.5325311484374999 0.45459869375000006 0.5352773703125 0.44933195625 0.5463200109375 0.443839778125 0.5467369578125 0.4427233828125 0.53107159375 0.43964529218750004 0.5296562406249999 0.44045257812500005 0.5207381890625 0.44980196093749997 0.5208509796875 0.44992989375 0.5291205171875 0.4611396421875 0.5325311484374999 0.45459869375000006
5 0.6440239796875 0.5478774265624999 0.6339346953125 0.5503721515625 0.632197921875 0.5515691125 0.6305517515625 0.574690221875 0.6251544296875 0.59131815 0.6872965296875 0.6755547046875 0.6846668078125 0.679240875 0.6848288859375 0.679324875 0.689583371875 0.6823072140625001 0.7117092265625 0.6529578468749999 0.7382739265625 0.654680640625 0.8071135578125 0.637434165625 0.83322276875 0.6412932296875 0.835479165625 0.642628046875 0.834705946875 0.641907009375 0.83341209375 0.6334613328125 0.8280751453124999 0.6236584546875 0.8096919765624999 0.5978289046875 0.7805367265625 0.5638846671875 0.770175696875 0.5445706390625 0.7673248234375001 0.5455039687500001 0.73385749375 0.544582975 0.71056354375 0.5357838078125 0.6979332874999999 0.521179040625 0.6876326875000001 0.5014776453125 0.6769270390625 0.5000753812500001 0.64028995625 0.5013547765624999 0.6325297625 0.5242207078125001 0.6369134187500001 0.52830853125 0.6440239796875 0.5478774265624999
3 0.584091675 0.42873305000000006 0.5674919421875 0.42553421875 0.5641061265625 0.4258740421875 0.5636901953125 0.429746746875 0.5490766781249999 0.437422253125 0.5487870296875 0.43723421093750003 0.5463200109375 0.443839778125 0.5352773703125 0.44933195625 0.5291205171875 0.4611396421875 0.5935564 0.548485528125 0.6022482609375001 0.5388974125 0.604008190625 0.5369560078125 0.626581284375 0.5238489359375 0.6319307625 0.523662128125 0.6325297625 0.5242207078125001 0.6411766421875 0.4987421 0.6363839375 0.4784832234375 0.6250498453125 0.46100605625 0.584091675 0.42873305000000006
6 0.8506041078125 0.3448198703125 0.8477995375 0.3409154703125 0.8351768625 0.33601981406250003 0.7576387812500001 0.31871581875 0.7313668468750001 0.31683453125 0.7352198984375 0.32355578125 0.7404214687499999 0.344852909375 0.7401066515625 0.359047996875 0.7341816484375 0.3750600375 0.7248630296874999 0.3867327265625 0.7132237531250001 0.3899759984375 0.6977012874999999 0.38646545625 0.6848425703125 0.377998775 0.6820041625 0.38066290468749997 0.677036696875 0.4046901765625 0.6800175234375 0.4263765859375 0.6889374359375 0.4398509234375 0.6997834609375 0.4448086203125 0.7058956609375 0.446093878125 0.706565475 0.4452305328125 0.7300383203125 0.43521617187499995 0.7794263203125 0.4372529625 0.8076565515624999 0.44379005312500003 0.8261991015625 0.4593064328125 0.8316686984375 0.4393136796875 0.8506041078125 0.3448198703125
6 0.6319307625 0.523662128125 0.626581284375 0.5238489359375 0.604008190625 0.5369560078125 0.5935564 0.548485528125 0.6089326734375 0.56932879375 0.6151062359374999 0.5633484578125 0.6339346953125 0.5503721515625 0.6440239796875 0.5478774265624999 0.6369134187500001 0.52830853125 0.6319307625 0.523662128125
1 0.662474203125 0.745852784375 0.6792853390625 0.695967284375 0.689583371875 0.6823072140625001 0.6848288859375 0.679324875 0.6846668078125 0.679240875 0.5955959656250001 0.8040944953125001 0.5872029109375 0.8043875875 0.5842051515625 0.8104151906249999 0.6451793359375 0.904066403125 0.6530206328125 0.9037925781249999 0.6549907578124999 0.9007110687500001 0.6437822859375 0.8784981249999999 0.6356977390624999 0.8443245421875 0.637279346875 0.8288966796875 0.6530803359374999 0.7652640953125001 0.6520701875 0.7515170078125 0.662474203125 0.745852784375
5 0.6872965296875 0.6755547046875 0.5208509796875 0.44992989375 0.5207381890625 0.44980196093749997 0.49412124375 0.4777062609375 0.49800503906250004 0.481327959375 0.518945553125 0.517235634375 0.5285046375 0.5404163625 0.5430159265625 0.5851139046875 0.6059156328124999 0.593173834375 0.6148727 0.5992733640625 0.6240737515625 0.612359628125 0.6361526750000001 0.64108471875 0.6574991828125001 0.6514151015625 0.6626043078125 0.6640614593749999 0.6649202828125 0.6803028453125 0.6597689546875001 0.699719684375 0.6419028765625 0.7055900234375 0.63886420625 0.7354259703125 0.625053390625 0.7405717562499999 0.5222430359375 0.7511572281250001 0.50910281875 0.75056431875 0.5513445671875 0.8056397875 0.5955959656250001 0.8040944953125001 0.6872965296875 0.6755547046875
3 0.27382176875 0.48204756406250004 0.2789401859375 0.4737569234375 0.27329637500000004 0.47356524375 0.25936802812500004 0.477891475 0.2498051421875 0.4850518046875 0.242140225 0.49769229375 0.23983854375 0.5035904125 0.2756619421875 0.49661848124999997 0.27420323125 0.4929712390625 0.27382176875 0.48204756406250004
6 0.5166481421875 0.7333215140625 0.5071029328125001 0.7418575859375001 0.39945387656250003 0.745616775 0.5222430359375 0.7511572281250001 0.625053390625 0.7405717562499999 0.63886420625 0.7354259703125 0.6419028765625 0.7055900234375 0.6597689546875001 0.699719684375 0.6649202828125 0.6803028453125 0.6626043078125 0.6640614593749999 0.6574991828125001 0.6514151015625 0.6361526750000001 0.64108471875 0.6240737515625 0.612359628125 0.6148727 0.5992733640625 0.6059156328124999 0.593173834375 0.5430159265625 0.5851139046875 0.5609809078125 0.6404494703125 0.55936836875 0.6569112734375 0.5655809953125 0.6938801078125 0.5608942203125 0.7006059718750001 0.5263840828124999 0.730247278125 0.5166481421875 0.7333215140625
6 0.589371328125 0.42333825625 0.6411425328125 0.390664925 0.641935946875 0.381818521875 0.6471717875 0.373919321875 0.6416790453125001 0.3586784125 0.628856825 0.3387329375 0.6168420046875001 0.341908346875 0.5761663312499999 0.3693997203125 0.5781220421875 0.382358871875 0.560283484375 0.4083440140625 0.5406725203125 0.42890348281249996 0.5434371390625 0.43376100937500006 0.5490766781249999 0.437422253125 0.5636901953125 0.429746746875 0.5641061265625 0.4258740421875 0.589371328125 0.42333825625
6 0.7794263203125 0.4372529625 0.7300383203125 0.43521617187499995 0.706565475 0.4452305328125 0.7005664015625 0.4529629375 0.687680390625 0.47890724218749997 0.6719054921875001 0.48196574999999997 0.6711633953125 0.49661955156250004 0.672517725 0.49949783437499995 0.6876326875000001 0.5014776453125 0.6979332874999999 0.521179040625 0.71056354375 0.5357838078125 0.73385749375 0.544582975 0.7673248234375001 0.5455039687500001 0.8016217093750001 0.5342757453125 0.817221684375 0.5262080671875 0.8232207578124999 0.5184756625 0.8233466484375 0.5101124765625 0.8276905749999999 0.502855809375 0.827816465625 0.494492621875 0.8225011828125 0.48590150468750004 0.8294464296875 0.46935932812500003 0.8287520359375 0.46144272343750004 0.8076565515624999 0.44379005312500003 0.7794263203125 0.4372529625
5 0.4380466890625 0.6971816265624999 0.4380878015625 0.7126383781250001 0.4226721578125 0.728136240625 0.3602235875 0.7469867265625 0.5071029328125001 0.7418575859375001 0.5166481421875 0.7333215140625 0.5263840828124999 0.730247278125 0.5608942203125 0.7006059718750001 0.5655809953125 0.6938801078125 0.55936836875 0.6569112734375 0.5609809078125 0.6404494703125 0.5285046375 0.5404163625 0.518945553125 0.517235634375 0.49800503906250004 0.481327959375 0.49412124375 0.4777062609375 0.465076915625 0.5081553484375 0.4558044984375 0.49524669374999997 0.44804251875 0.4624366125 0.470139675 0.4478811546875 0.47342704375 0.44134663906249993 0.4690364890625 0.434763634375 0.461058734375 0.409887134375 0.45719730312499995 0.40892827968749995 0.4530567109375 0.41563507031249997 0.44027774375 0.39420733124999996 0.3703662296875 0.39664869375 0.3006471859375 0.45158091406249995 0.2821029515625 0.4686339859375 0.27382176875 0.48204756406250004 0.27420323125 0.4929712390625 0.2756619421875 0.49661848124999997 0.2868993828125 0.49443145624999996 0.330225665625 0.4340098390625 0.3385663203125 0.43371857656249996 0.3485658390625 0.445060540625 0.4677802875 0.6066613624999999 0.433372184375 0.6548923703125 0.444230334375 0.6600654953125 0.449471653125 0.6673622328125 0.4489799375 0.6818402906250001 0.4380466890625 0.6971816265624999
0 0.13071245625 0.6954845546875 0.114254875 0.68234603125 0.0850303625 0.6833665734375 0.0836314453125 0.6925950796875 0.10707290625000002 0.706693425 0.07920184062499999 0.7300421125 0.0741318953125 0.7491521953125 0.134400059375 0.749916228125 0.1284496453125 0.7438130078125 0.134274125 0.7436096125 0.1332894328125 0.7388960921875001 0.13071245625 0.6954845546875
5 0.325118025 0.6407853 0.3528495515625 0.6278523453125 0.3992830515625 0.615260525 0.41925698593750005 0.6160589734374999 0.431383959375 0.620622003125 0.4345809265625 0.6264941765625001 0.43487659218749997 0.6349609234375 0.4308463921875 0.6480665937500001 0.431553140625 0.6540257265625 0.433372184375 0.6548923703125 0.4677802875 0.6066613624999999 0.3485658390625 0.445060540625 0.3385663203125 0.43371857656249996 0.330225665625 0.4340098390625 0.2868993828125 0.49443145624999996 0.3083583453125 0.4902551234375 0.31703106875 0.49057095781250004 0.31784321718749997 0.49611082968750003 0.3219922671875 0.6367098875 0.325118025 0.6407853
0 0.5309627953125 0.40550845 0.543749071875 0.376942975 0.54336446875 0.3659293609375 0.53673706875 0.36560944218749997 0.4819976625 0.42431026875000005 0.470139675 0.4478811546875 0.44804251875 0.4624366125 0.4558044984375 0.49524669374999997 0.465076915625 0.5081553484375 0.560283484375 0.4083440140625 0.5781220421875 0.382358871875 0.5759700140625 0.3680988640625 0.5648602484375 0.3657300625 0.5598918859375 0.381341428125 0.5309627953125 0.40550845
3 0.7270204890625 0.30925275625 0.7207369734375 0.303393284375 0.703120003125 0.297929584375 0.6938810546874999 0.30027851562499996 0.6812394984375 0.3096356828125 0.6715623703125 0.299436859375 0.6581485453125 0.2982842421875 0.6517994984375 0.3021532953125 0.644852940625 0.312122109375 0.6418602421874999 0.3308685703125 0.643880221875 0.3538978421875 0.6492886718750001 0.369514109375 0.654833328125 0.3774256828125 0.6623452765625 0.3836475171875 0.6693111109375 0.385835821875 0.6785641953125 0.3838916578125 0.6848425703125 0.377998775 0.6977012874999999 0.38646545625 0.7132237531250001 0.3899759984375 0.7248630296874999 0.3867327265625 0.7341816484375 0.3750600375 0.7401066515625 0.359047996875 0.7404214687499999 0.344852909375 0.7352198984375 0.32355578125 0.7270204890625 0.30925275625
5 0.184589784375 0.7359516109375 0.183002365625 0.7190529015625 0.1843225765625 0.7140202859375 0.197543665625 0.7070761296875 0.2085006296875 0.7066935046875 0.22634799062500002 0.675153884375 0.24324037187499997 0.6591058000000001 0.2678990765625 0.6512635828125 0.30083954375 0.65210788125 0.3221533328125 0.6421679218749999 0.31784321718749997 0.49611082968750003 0.31703106875 0.49057095781250004 0.3083583453125 0.4902551234375 0.21925352656250002 0.507596659375 0.21589115468750003 0.5176131546875 0.21909659375 0.5385367578125 0.2012842609375 0.542252240625 0.14213084843749998 0.637740478125 0.133617028125 0.659692021875 0.13028408593750002 0.6882682625000001 0.1332894328125 0.7388960921875001 0.14740395 0.8064593671875 0.1697144859375 0.8075363421875 0.1686002328125 0.793345328125 0.1709425140625 0.7895513796875 0.1765255421875 0.7899751078125 0.1765549703125 0.8085348531250001 0.19142866249999999 0.8092528375000001 0.1911481359375 0.8012196312500001 0.1946399796875 0.7949107703125 0.225952803125 0.770306990625 0.28289734375000003 0.7887352921875 0.332440346875 0.7900986750000001 0.328413053125 0.75658893125 0.291907971875 0.7676082140625 0.26460251874999996 0.7710549984374999 0.240383353125 0.762925028125 0.21416568749999998 0.7404039609375 0.20637090625 0.7456626734375 0.1992939375 0.7429178984375 0.1903813234375 0.7447250875 0.184589784375 0.7359516109375
6 0.1992939375 0.7429178984375 0.20637090625 0.7456626734375 0.21416568749999998 0.7404039609375 0.240383353125 0.762925028125 0.26460251874999996 0.7710549984374999 0.291907971875 0.7676082140625 0.4226721578125 0.728136240625 0.4380878015625 0.7126383781250001 0.4380466890625 0.6971816265624999 0.4489799375 0.6818402906250001 0.449471653125 0.6673622328125 0.444230334375 0.6600654953125 0.431553140625 0.6540257265625 0.4308463921875 0.6480665937500001 0.43487659218749997 0.6349609234375 0.4345809265625 0.6264941765625001 0.431383959375 0.620622003125 0.41925698593750005 0.6160589734374999 0.3992830515625 0.615260525 0.3528495515625 0.6278523453125 0.30083954375 0.65210788125 0.2678990765625 0.6512635828125 0.24324037187499997 0.6591058000000001 0.22634799062500002 0.675153884375 0.2085006296875 0.7066935046875 0.197543665625 0.7070761296875 0.1843225765625 0.7140202859375 0.183002365625 0.7190529015625 0.184589784375 0.7359516109375 0.1903813234375 0.7447250875 0.1992939375 0.7429178984375
0 0.8071135578125 0.637434165625 0.7382739265625 0.654680640625 0.7117092265625 0.6529578468749999 0.6792853390625 0.695967284375 0.662474203125 0.745852784375 0.6520701875 0.7515170078125 0.6530803359374999 0.7652640953125001 0.637279346875 0.8288966796875 0.6356977390624999 0.8443245421875 0.6437822859375 0.8784981249999999 0.657450378125 0.90558554375 0.67840128125 0.9287080078125 0.727942221875 0.9508320843750001 0.7788798890625 0.952233846875 0.8483968734375 0.9392044453124999 0.9007682390625 0.9209427828125 0.94095564375 0.8877339609374999 0.953593409375 0.8549571031250001 0.9444129953125 0.8197616078125 0.9445592171875001 0.7784094203125 0.9504873203124999 0.7660103203124999 0.9439911078125001 0.731781271875 0.9292826140624999 0.705260275 0.9068358171875 0.684840503125 0.83322276875 0.6412932296875 0.8071135578125 0.637434165625