3 0.4675006703125 0.3686974984375 0.42500993906250006 0.3765823765625 0.384620209375 0.3921875 0.4440062359375 0.3921875 0.4560296015625 0.414048165625 0.460401734375 0.40748996562500006 0.46422735 0.40858299843749996 0.4713320671875 0.4337227640625 0.47549020468750003 0.4404549859375 0.48344509531249996 0.42592866249999994 0.48465016250000004 0.4237281046875 0.5332234046875 0.3751548640625 0.5275133515625 0.3765823765625 0.49597384062499994 0.37877262031250003 0.48020408437500006 0.369573596875 0.4675006703125 0.3686974984375
0 0.5317163500000001 0.44152384062500005 0.5224774421875 0.4505562921875 0.5225857 0.450688084375 0.5304589843749999 0.46217960625 0.5340958140625001 0.45576167187500005 0.53702416875 0.45059398437500003 0.5482517578125 0.445490534375 0.5487074125 0.44438937031250003 0.5331590140625 0.44076644218750005 0.5317163500000001 0.44152384062500005
5 0.6768166296875 0.50625 0.6401572140625 0.50625 0.6316037390625 0.528831175 0.6358420609375 0.5330694953124999 0.6422653453125 0.5528746250000001 0.63209514375 0.5550157203125 0.6303176546875 0.5561513390624999 0.6278655718749999 0.5792009124999999 0.62189123125 0.5956303484375 0.6810556625 0.6819843156250001 0.678298896875 0.685576465625 0.6784579453124999 0.6856660703124999 0.683105453125 0.688812521875 0.7062421078125001 0.6602532140624999 0.7327305 0.6629020531250001 0.8021300890624999 0.648068553125 0.828088715625 0.6528364640625 0.830297153125 0.6542492156249999 0.8295495703125001 0.6535016328125 0.8285512546874999 0.6450159453125 0.8235596734374999 0.6350327828125 0.806089140625 0.6085774046875 0.7781362890625 0.573636340625 0.7684556203125 0.553972484375 0.7655739109375 0.55480575 0.7321591109375001 0.5527173249999999 0.7091864375 0.5431105703125 0.6970735734375 0.5280739109375 0.6874668171875 0.50802503125 0.6768166296875 0.50625
3 0.6316037390625 0.528831175 0.641134540625 0.503669859375 0.6370517812500001 0.4832560609375 0.6263345375 0.4653939875 0.5865276296874999 0.43171122031250003 0.570049646875 0.42793501562499997 0.5666540328125 0.42815646875 0.5661031999999999 0.4320122984375 0.5512307140625 0.43917312500000005 0.5509478046875 0.4389750890625 0.5482517578125 0.445490534375 0.53702416875 0.45059398437500003 0.5304589843749999 0.46217960625 0.5918072875 0.5517210640625 0.6008284734375 0.5424421296874999 0.6026550859375 0.540563328125 0.6256718593749999 0.52825203125 0.631024596875 0.52825203125 0.6316037390625 0.528831175
6 0.7814459406250001 0.44704302343749996 0.8094308343750001 0.454561353125 0.827420575 0.47071540624999997 0.8335845765625001 0.45092571875000004 0.8558062375000001 0.35715030937500003 0.8531396375 0.35315040937500003 0.8406955078125 0.3478172109375 0.7638085609374999 0.327817715625 0.7376182874999999 0.325020696875 0.7412344234375 0.33187232187500004 0.745689565625 0.353338009375 0.7448795390625 0.3675134625 0.7383993328125 0.38330896875 0.7286790203125 0.3946493328125 0.7169336453125 0.3974844234375 0.7015431515625 0.39343429375 0.68898775 0.38452400781249996 0.6860580953125 0.3870874546875 0.680255115625 0.41092672812500003 0.68247728125 0.43270395625 0.6909215125 0.4464813859375 0.7015879093749999 0.451814584375 0.70765153125 0.45331237187499995 0.7083510671875 0.452472928125 0.7321591109375001 0.44328385781249996 0.7814459406250001 0.44704302343749996
6 0.6128252875 0.5673270171875 0.63209514375 0.5550157203125 0.6422653453125 0.5528746250000001 0.6358420609375 0.5330694953124999 0.631024596875 0.52825203125 0.6256718593749999 0.52825203125 0.6026550859375 0.540563328125 0.5918072875 0.5517210640625 0.606446775 0.5730882562499999 0.6128252875 0.5673270171875
1 0.6235983218750001 0.848850571875 0.6257173921875 0.8334873046875 0.6437295 0.7704449296875 0.6431997328125 0.7566709640625 0.6537950890625 0.7513732859375 0.6723369640625 0.7021048750000001 0.683105453125 0.688812521875 0.6784579453124999 0.6856660703124999 0.678298896875 0.685576465625 0.5849249859375 0.8072455 0.5765268156250001 0.8072455 0.573320521875 0.8131648109375 0.6309891828125 0.9088869421875 0.638835259375 0.9088869421875 0.6409117265625001 0.905876065625 0.6304853031250001 0.8832854828125001 0.6235983218750001 0.848850571875
5 0.513464225 0.7517805 0.5003527046875 0.750729365625 0.5406466140624999 0.8072455 0.5849249859375 0.8072455 0.6810556625 0.6819843156250001 0.5225857 0.450688084375 0.5224774421875 0.4505562921875 0.494902865625 0.4775146765625 0.49865789843749997 0.4812697109375 0.518332496875 0.517886325 0.5270767625 0.5413865390625 0.540019290625 0.5865632890625 0.6025993921875 0.596813478125 0.6113381328124999 0.6032218890625 0.620076875 0.61662129375 0.6311459484374999 0.6457504328125 0.6521189281249999 0.65681950625 0.656779590625 0.6696363265625 0.6585273390624999 0.6859486453125 0.6527015109375001 0.7051738765625 0.6346414453125 0.7104171218750001 0.630563365625 0.7401288453125 0.616581378125 0.74478950625 0.513464225 0.7517805
3 0.24237784375000002 0.48869452343750003 0.2398717234375 0.49450872187500006 0.27591661562500003 0.48879125625000003 0.27458608125 0.4850953265625 0.27458608125 0.47416499375 0.2799907203125 0.46605803437500004 0.2743570359375 0.4656695046875 0.26028619062499997 0.4695070078125 0.2504792390625 0.4763292359375 0.24237784375000002 0.48869452343750003
6 0.553856078125 0.6588876140625 0.5587747265624999 0.6960507453125 0.553856078125 0.7026089453125001 0.518332496875 0.731027809375 0.508495196875 0.7337603921875 0.49865789843749997 0.7419581421875 0.390943225 0.7419581421875 0.513464225 0.7517805 0.616581378125 0.74478950625 0.630563365625 0.7401288453125 0.6346414453125 0.7104171218750001 0.6527015109375001 0.7051738765625 0.6585273390624999 0.6859486453125 0.656779590625 0.6696363265625 0.6521189281249999 0.65681950625 0.6311459484374999 0.6457504328125 0.620076875 0.61662129375 0.6113381328124999 0.6032218890625 0.6025993921875 0.596813478125 0.540019290625 0.5865632890625 0.5560421437499999 0.642492115625 0.553856078125 0.6588876140625
6 0.5457223859375 0.4353172953125 0.5512307140625 0.43917312500000005 0.5661031999999999 0.4320122984375 0.5666540328125 0.42815646875 0.5919923421875 0.4265039703125 0.6448722921875001 0.39565733281250004 0.6459739578125 0.3868440078125 0.6514822859375 0.3791323484375 0.646524790625 0.36370902968749996 0.6344064687500001 0.34332821562500004 0.622288146875 0.3460823796875 0.5806778171875 0.37213744531250004 0.58218006875 0.38515695625 0.5634455093749999 0.4105037109375 0.5431289765625 0.43036624375 0.5457223859375 0.4353172953125
6 0.8227967546875 0.497165221875 0.830315084375 0.48087550781250005 0.8298973984375 0.47293949218750003 0.8094308343750001 0.454561353125 0.7814459406250001 0.44704302343749996 0.7321591109375001 0.44328385781249996 0.7083510671875 0.452472928125 0.7020857921875 0.4599912578125 0.6883021874999999 0.4854700421875 0.6724301578125 0.48797615156249996 0.671177103125 0.5025951265625 0.6724301578125 0.505518921875 0.6874668171875 0.50802503125 0.6970735734375 0.5280739109375 0.7091864375 0.5431105703125 0.7321591109375001 0.5527173249999999 0.7655739109375 0.55480575 0.8002417640624999 0.5447813109374999 0.8161137937499999 0.5372629796874999 0.8223790687499999 0.52974465 0.8227967546875 0.5213909515624999 0.8273912890625 0.51429030625 0.8278089734374999 0.5059366062499999 0.8227967546875 0.497165221875
5 0.42800710625000005 0.6524727375 0.438678103125 0.6580216546875 0.44366157656249994 0.6654968671875 0.4426648828125 0.67994894375 0.431202890625 0.69489936875 0.43070454375 0.7103481406250001 0.4147574234375 0.7252985640625 0.35168902343749997 0.7419581421875 0.49865789843749997 0.7419581421875 0.508495196875 0.7337603921875 0.518332496875 0.731027809375 0.553856078125 0.7026089453125001 0.5587747265624999 0.6960507453125 0.553856078125 0.6588876140625 0.5560421437499999 0.642492115625 0.5270767625 0.5413865390625 0.518332496875 0.517886325 0.49865789843749997 0.4812697109375 0.494902865625 0.4775146765625 0.464813571875 0.5069315828125001 0.455997309375 0.4937071890625 0.4493851125 0.46064620468750006 0.4719767859375 0.44687079374999994 0.47549020468750003 0.4404549859375 0.4713320671875 0.4337227640625 0.46422735 0.40858299843749996 0.460401734375 0.40748996562500006 0.4560296015625 0.414048165625 0.4440062359375 0.3921875 0.3740521078125 0.3921875 0.302458428125 0.44465309687500004 0.283330346875 0.4610485953125 0.27458608125 0.47416499375 0.27458608125 0.4850953265625 0.27591661562500003 0.48879125625000003 0.28722353749999996 0.48699774375000005 0.3326321109375 0.428125 0.34097784999999997 0.428125 0.3505754484375 0.4398090328125 0.4640774875 0.6054719359375 0.42800710625000005 0.6524727375
0 0.125900821875 0.73700473125 0.1201670328125 0.7306975625 0.1259950625 0.7306975625 0.1251754703125 0.7259525484375 0.124115103125 0.682477521875 0.108126075 0.6687726406250001 0.07888375 0.6687726406250001 0.0771636140625 0.677946703125 0.1000987703125 0.6928545546875 0.071429825 0.7152163328125 0.0656960359375 0.7341378359374999 0.125900821875 0.73700473125
5 0.3088151796875 0.4835728625 0.31747159687500004 0.484191178125 0.31808991249999996 0.48975601874999997 0.3173295984375 0.6304142265625 0.320311221875 0.63459624375 0.34847720937500004 0.622638984375 0.395321871875 0.611675340625 0.41525577187499996 0.6131703828124999 0.4272161109375 0.6181538578125 0.43020619531250004 0.6241340265625 0.43020619531250004 0.632605934375 0.42572106875 0.64556296875 0.426219415625 0.6515431375 0.42800710625000005 0.6524727375 0.4640774875 0.6054719359375 0.3505754484375 0.4398090328125 0.34097784999999997 0.428125 0.3326321109375 0.428125 0.28722353749999996 0.48699774375000005 0.3088151796875 0.4835728625
0 0.58218006875 0.38515695625 0.58052701875 0.37083052968749997 0.569506690625 0.368075446875 0.5639965265625 0.3835039078125 0.534241640625 0.40664659687500004 0.54801705 0.378544759375 0.54801705 0.36752443125 0.541404853125 0.3669734140625 0.48465016250000004 0.4237281046875 0.4719767859375 0.44687079374999994 0.4493851125 0.46064620468750006 0.455997309375 0.4937071890625 0.464813571875 0.5069315828125001 0.5634455093749999 0.4105037109375 0.58218006875 0.38515695625
3 0.7383993328125 0.38330896875 0.7448795390625 0.3675134625 0.745689565625 0.353338009375 0.7412344234375 0.33187232187500004 0.7335391765625 0.3172918546875 0.72746398125 0.3112166609375 0.7100484234375 0.305141465625 0.7007331265625 0.30716653125 0.6877727109375 0.316076815625 0.6784574125 0.305546478125 0.665091984375 0.3039264265625 0.6586117765624999 0.30757154375 0.6513215437500001 0.3172918546875 0.6476764265625 0.3359224515625 0.648891465625 0.359008190625 0.653751621875 0.37480369687500004 0.659016790625 0.38290395625 0.6663070234374999 0.3893841640625 0.67319224375 0.391814240625 0.6825075421875 0.3901941890625 0.68898775 0.38452400781249996 0.7015431515625 0.39343429375 0.7169336453125 0.3974844234375 0.7286790203125 0.3946493328125 0.7383993328125 0.38330896875
5 0.2059498328125 0.7302820390625 0.1979762734375 0.7352655140625 0.1909994078125 0.7322754296875 0.182029153125 0.733770471875 0.17654733125 0.7248002171875 0.1755506359375 0.707856403125 0.177045678125 0.702872928125 0.19050106093750002 0.6963944109375 0.2014647046875 0.6963944109375 0.22040190937499998 0.6654968671875 0.2378440703125 0.6500480953125 0.26276144375 0.64307123125 0.295652378125 0.645064621875 0.3173000828125 0.6358745578125 0.31808991249999996 0.48975601874999997 0.31747159687500004 0.484191178125 0.3088151796875 0.4835728625 0.2191594296875 0.4977941203125 0.2154495359375 0.50768716875 0.2179227984375 0.5287098953125 0.1999916484375 0.5318014734375 0.1375417796875 0.6251671171875001 0.12826704687499998 0.6468081609375 0.1239388390625 0.675250675 0.1251754703125 0.7259525484375 0.1369234640625 0.79396725625 0.1591828234375 0.7958222015625 0.1585645078125 0.7816009453125 0.1610377703125 0.7778910515625 0.166602609375 0.7785093671875 0.16598429374999998 0.7970588328125 0.18082386718750001 0.7982954640625 0.18082386718750001 0.7902573625 0.184533759375 0.7840742078125 0.2166861671875 0.7605782171875 0.2729528796875 0.7809826296875 0.322418121875 0.7840742078125 0.3195627546875 0.7504443265625 0.28269534375 0.7601828875 0.25528623281249996 0.762674625 0.23136555312499998 0.7537043703124999 0.2059498328125 0.7302820390625
6 0.177045678125 0.702872928125 0.1755506359375 0.707856403125 0.17654733125 0.7248002171875 0.182029153125 0.733770471875 0.1909994078125 0.7322754296875 0.1979762734375 0.7352655140625 0.2059498328125 0.7302820390625 0.23136555312499998 0.7537043703124999 0.25528623281249996 0.762674625 0.28269534375 0.7601828875 0.4147574234375 0.7252985640625 0.43070454375 0.7103481406250001 0.431202890625 0.69489936875 0.4426648828125 0.67994894375 0.44366157656249994 0.6654968671875 0.438678103125 0.6580216546875 0.426219415625 0.6515431375 0.42572106875 0.64556296875 0.43020619531250004 0.632605934375 0.43020619531250004 0.6241340265625 0.4272161109375 0.6181538578125 0.41525577187499996 0.6131703828124999 0.395321871875 0.611675340625 0.34847720937500004 0.622638984375 0.295652378125 0.645064621875 0.26276144375 0.64307123125 0.2378440703125 0.6500480953125 0.22040190937499998 0.6654968671875 0.2014647046875 0.6963944109375 0.19050106093750002 0.6963944109375 0.177045678125 0.702872928125
0 0.935631590625 0.74713514375 0.9218576265625 0.7201169828125 0.90013714375 0.69892626875 0.828088715625 0.6528364640625 0.8021300890624999 0.648068553125 0.7327305 0.6629020531250001 0.7062421078125001 0.6602532140624999 0.6723369640625 0.7021048750000001 0.6537950890625 0.7513732859375 0.6431997328125 0.7566709640625 0.6437295 0.7704449296875 0.6257173921875 0.8334873046875 0.6235983218750001 0.848850571875 0.6304853031250001 0.8832854828125001 0.6431997328125 0.9108334109375 0.6633309109375001 0.934672965625 0.712069553125 0.9585125187499999 0.76292726875 0.9616911265624999 0.832856625 0.9510957687499999 0.8858334109375001 0.934672965625 0.9271553046875001 0.9028868937500001 0.94092926875 0.8705710546875001 0.9329827515625 0.8350766078125 0.9345720546875 0.7937547140625 0.94092926875 0.7815700546875 0.935631590625 0.74713514375