3 0.6740369937499999 0.7488304015625 0.68248300625 0.7386530796875 0.700195846875 0.70225005625 0.7013970046875 0.6893585609375 0.6996892703125 0.6811335625 0.665898646875 0.665220315625 0.633879325 0.668538978125 0.638890975 0.674969290625 0.6392033500000001 0.68686454375 0.62346195 0.7427481859375 0.63039518125 0.7593496171874999 0.631438825 0.758382378125 0.6397768078125 0.7547515953125 0.6589820703125 0.7551920703125 0.6740369937499999 0.7488304015625
2 0.7886360531250001 0.6473393734374999 0.7887905921875 0.6473207546874999 0.7210432250000001 0.40934385625 0.635975675 0.446703078125 0.6313363078124999 0.45121119062500004 0.631240425 0.449910396875 0.5976983765624999 0.47262935937500006 0.5997769203125001 0.47311605781250005 0.6096098203125 0.47232299843750003 0.57092123125 0.5099170171875 0.5747172265625 0.5445565671875 0.7483314828125 0.6534740359375 0.7686753640624999 0.6480229093750001 0.7709821171875 0.6483906296875 0.7737106375 0.6568572796875001 0.771789021875 0.6681902 0.7766736734374999 0.6712546015624999 0.7809065515625 0.66826588125 0.7834645296875 0.65378384375 0.7886360531250001 0.6473393734374999
3 0.480240078125 0.421175821875 0.4921875953125 0.4308412828125 0.4953177046875 0.43620746875 0.49240219218750003 0.4222761984375 0.4949996484375 0.3870123515625 0.5065882 0.3123639359375 0.49740085 0.31715244062500003 0.48552400625000003 0.3361258875 0.47588722656250004 0.3416323234375 0.452863271875 0.34494265468749996 0.4486830890625 0.371447590625 0.45891772187499996 0.417916725 0.45893228124999996 0.418576765625 0.480240078125 0.421175821875
3 0.643958375 0.313539884375 0.648605690625 0.3191422078125 0.6507357984375 0.32904655781250003 0.6430668109375001 0.347337875 0.63711195 0.409165353125 0.6312843640625 0.44183223125 0.6308319203125 0.44436843281250005 0.630979875 0.44637565781250005 0.635975675 0.446703078125 0.6372960171875001 0.44542009218749995 0.6803098453125 0.3999223140625 0.6811022578125 0.3997099875 0.7050377250000001 0.39711837656250004 0.7116538765625 0.40596191406250004 0.714471715625 0.40500187343749994 0.7029591703125 0.30944642187500004 0.6604251125 0.314409996875 0.643958375 0.313539884375
0 0.7842540328125 0.8320941187500001 0.7994891671875 0.840890128125 0.84915494375 0.7012527093750001 0.8554869453125 0.667667053125 0.8470767718750001 0.6545892984374999 0.8354800578124999 0.6570833796875 0.8366464109375 0.6751683578125001 0.819289865625 0.711094784375 0.818868059375 0.677479053125 0.8140852984375 0.6664955890625001 0.8075258828124999 0.6694796796875 0.7790054359374999 0.7507117171875 0.7780474296875 0.7791779171875 0.76235530625 0.8030066124999999 0.7842540328125 0.8320941187500001
6 0.49240219218750003 0.4222761984375 0.49613864999999996 0.440130215625 0.5057999234375 0.45273039375 0.514343515625 0.457249965625 0.5528363484375001 0.46212475 0.5997769203125001 0.47311605781250005 0.6096098203125 0.47232299843750003 0.6313363078124999 0.45121119062500004 0.6308319203125 0.44436843281250005 0.63711195 0.409165353125 0.6430668109375001 0.347337875 0.6507357984375 0.32904655781250003 0.648605690625 0.3191422078125 0.6354535546875 0.30328736093750003 0.627005815625 0.2971708359375 0.5614418796875 0.27336195937499996 0.536047296875 0.266548775 0.525261459375 0.267343809375 0.5122076953125 0.27922164375 0.50806465625 0.30285324999999996 0.4949996484375 0.3870123515625 0.49240219218750003 0.4222761984375
2 0.645126228125 0.8400261921875 0.6353541859375 0.8169707125000001 0.63859535 0.8022383453125 0.632671921875 0.7648012109375 0.62346195 0.7427481859375 0.6048772609374999 0.8087258140625 0.6237530625 0.8580797421874999 0.62796443125 0.8737967859375001 0.625477309375 0.8965046750000001 0.6422198125 0.867505809375 0.645126228125 0.8400261921875
2 0.5214299390625 0.9820278078125 0.4555675734375 0.9454724234375 0.44777145625000003 0.9464117015625 0.42652284375000005 0.9346358671875 0.42070135625000005 0.926120734375 0.3943152046875 0.9114757125 0.39359678124999997 0.9218264812499999 0.5214299390625 0.9820278078125
2 0.5836509328124999 0.9689500859375 0.6246078171875 0.8980106781250001 0.6194223140624999 0.9047853375000001 0.597073665625 0.9145170796875 0.585845484375 0.9165864640624999 0.5214299390625 0.9820278078125 0.5647192390625 0.9806980296875001 0.5836509328124999 0.9689500859375
2 0.62796443125 0.8737967859375001 0.406316015625 0.898940834375 0.41318424218749994 0.9151253953125 0.42070135625000005 0.926120734375 0.4555675734375 0.9454724234375 0.460463753125 0.9448825296875001 0.5150263703125 0.9296386156249999 0.585845484375 0.9165864640624999 0.62796443125 0.8737967859375001
1 0.315831359375 0.7865442390624999 0.3186086515625 0.7756941921875 0.33089947343750004 0.7673479390625 0.34593979531249996 0.7421023640625 0.3359432109375 0.7127049140625 0.3001098796875 0.71970845625 0.300060075 0.7427198921875 0.31170335625 0.776894284375 0.3323430671875 0.8956778906249999 0.3408561859375 0.8996125078125001 0.3776001328125 0.902198396875 0.38244778125 0.9133308734375 0.38111320000000004 0.9292277234374999 0.38340245 0.9354515921875001 0.3931780296875 0.9278596718750001 0.39458473125000004 0.9075925078125 0.400994471875 0.8990377531249999 0.4058777578125 0.8979081062500001 0.381609596875 0.8407216484375001 0.3677697140625 0.8389471953125 0.34716361406249996 0.8280465390625 0.336197971875 0.8271950703125001 0.3277784359375 0.819345203125 0.3174217390625 0.801908525 0.315831359375 0.7865442390624999
0 0.5124813406250001 0.587171975 0.5236780624999999 0.601017296875 0.5341478921875 0.62379208125 0.5669442015625 0.7095435015625 0.5781205203125 0.666336459375 0.5840990921875 0.6546721859375 0.589878784375 0.6512068906249999 0.6023690265625 0.652639021875 0.5930840703125 0.6179870968750001 0.5563855578125 0.5610833609375 0.5316983515625 0.5429221281250001 0.5057083328124999 0.5439398578125 0.47961222187499997 0.5593561796875 0.4636476515625 0.590392115625 0.46370683437500004 0.5933567203125001 0.490578225 0.579938859375 0.50141 0.5807799328125001 0.5124813406250001 0.587171975
1 0.9395014500000001 0.4878042015625 0.93775431875 0.48643279375 0.8634056453125 0.49425863750000004 0.8612111859375 0.49965458125 0.8599274078124999 0.5328296328125 0.8532186203125001 0.5526612109375 0.87027574375 0.5490155875 0.9045221906249999 0.5560236062499999 0.9235362546875001 0.552778440625 0.9272272296875 0.5596504062500001 0.9276072359375 0.588680371875 0.925858825 0.5942353609375 0.9212286546874999 0.595938421875 0.9035005937499999 0.5919028625 0.8815964718749999 0.5843621828125001 0.88141891875 0.5802480734375 0.8635525796874999 0.5808736609375 0.8425113265625 0.5731017765625 0.8366714828124999 0.5737417390624999 0.8272728671875 0.581809003125 0.8088617125 0.60728416875 0.8128909296875 0.6157920296875 0.8189346140625 0.632008065625 0.8136284921874999 0.6359777546875 0.7686753640624999 0.6480229093750001 0.7709821171875 0.6483906296875 0.7737106375 0.6568572796875001 0.771750071875 0.668419915625 0.7735588156250001 0.673453915625 0.7809065515625 0.66826588125 0.7834645296875 0.65378384375 0.7886360531250001 0.6473393734374999 0.8011102109375001 0.6458364828125001 0.8676199859375 0.6537689546875 0.8929357687499999 0.6469856109375 0.9031412937500001 0.6387323953124999 0.9358867656250001 0.5996056859375 0.94002354375 0.5892994859375 0.942834015625 0.570610803125 0.9438109812500001 0.5261998078125 0.9411726687499999 0.4974739296875 0.9395014500000001 0.4878042015625
1 0.45393958906250004 0.3381181484375 0.449854546875 0.336109303125 0.4023284859375 0.33909024374999996 0.370610153125 0.3431556765625 0.349435090625 0.3749869796875 0.3524950359375 0.396334409375 0.3729817765625 0.43473633593749994 0.3760475484375 0.4379049859375 0.45935524375 0.437750096875 0.45891772187499996 0.417916725 0.4486830890625 0.371447590625 0.45393958906250004 0.3381181484375
3 0.3277784359375 0.819345203125 0.336197971875 0.8271950703125001 0.34716361406249996 0.8280465390625 0.3677697140625 0.8389471953125 0.381609596875 0.8407216484375001 0.3708675859375 0.8154087499999999 0.34593979531249996 0.7421023640625 0.33089947343750004 0.7673479390625 0.3186086515625 0.7756941921875 0.315831359375 0.7865442390624999 0.3174217390625 0.801908525 0.3277784359375 0.819345203125
4 0.5844041 0.8596701515625 0.5713046562499999 0.875159090625 0.5624213421875 0.9010181171875 0.5522587375 0.9042203375 0.5427420734374999 0.8991037890625 0.5371847609375 0.8890930703125 0.5422841078125 0.8652062703125001 0.5400871984375 0.8480660796875 0.5406987375 0.811007040625 0.5669442015625 0.7095435015625 0.5341478921875 0.62379208125 0.5236780624999999 0.601017296875 0.5124813406250001 0.587171975 0.50141 0.5807799328125001 0.490578225 0.579938859375 0.46361446875 0.593402840625 0.402565025 0.60539364375 0.337535578125 0.6328007375 0.3276090671875 0.6423235093749999 0.3229633640625 0.65292691875 0.3223200609375 0.666825234375 0.3267292 0.6856088171875 0.3708675859375 0.8154087499999999 0.41318424218749994 0.9151253953125 0.42652284375000005 0.9346358671875 0.44777145625000003 0.9464117015625 0.460463753125 0.9448825296875001 0.5150263703125 0.9296386156249999 0.597073665625 0.9145170796875 0.6194223140624999 0.9047853375000001 0.6254300125000001 0.896936515625 0.62796443125 0.8737967859375001 0.6237530625 0.8580797421874999 0.6048772609374999 0.8087258140625 0.5967206140625 0.8376827828125 0.5844041 0.8596701515625
1 0.8189346140625 0.632008065625 0.8128909296875 0.6157920296875 0.8088617125 0.60728416875 0.7982617234375 0.62195116875 0.7911895296875 0.6266206140625 0.7509068625 0.5763762890625 0.7221429265625 0.5346057625 0.7100915328124999 0.5137896390625001 0.708989159375 0.506224059375 0.71306399375 0.497271253125 0.7427310890625 0.4602347046875 0.7389469640625 0.44918248906249997 0.7361166234375001 0.4465436515625 0.7198187859375 0.40632205312499997 0.7174908171875 0.403973259375 0.7116538765625 0.40596191406250004 0.7050377250000001 0.39711837656250004 0.6811022578125 0.3997099875 0.6803098453125 0.3999223140625 0.6372960171875001 0.44542009218749995 0.57092123125 0.5099170171875 0.57562290625 0.55282114375 0.6023690265625 0.652639021875 0.6086639296875 0.653360796875 0.6308587796875 0.6646633984375 0.633879325 0.668538978125 0.728840225 0.6586967015625 0.8136284921874999 0.6359777546875 0.8189346140625 0.632008065625
6 0.6086639296875 0.653360796875 0.589878784375 0.6512068906249999 0.5840990921875 0.6546721859375 0.5781205203125 0.666336459375 0.5406987375 0.811007040625 0.5400871984375 0.8480660796875 0.5422841078125 0.8652062703125001 0.5371847609375 0.8890930703125 0.5427420734374999 0.8991037890625 0.5522587375 0.9042203375 0.5624213421875 0.9010181171875 0.5713046562499999 0.875159090625 0.5844041 0.8596701515625 0.5967206140625 0.8376827828125 0.6392033500000001 0.68686454375 0.638890975 0.674969290625 0.6308587796875 0.6646633984375 0.6086639296875 0.653360796875
7 0.8815964718749999 0.5843621828125001 0.9035005937499999 0.5919028625 0.9212286546874999 0.595938421875 0.925858825 0.5942353609375 0.9276072359375 0.588680371875 0.9272272296875 0.5596504062500001 0.9235362546875001 0.552778440625 0.9045221906249999 0.5560236062499999 0.87027574375 0.5490155875 0.8532186203125001 0.5526612109375 0.8599274078124999 0.5328296328125 0.8612111859375 0.49965458125 0.8759850140625 0.4633272921875 0.8332520203125 0.40911543593750005 0.81657875625 0.3969362875 0.7968318046875 0.38881759531250004 0.7910395359375 0.40516672812500004 0.763999709375 0.4336828578125 0.71306399375 0.497271253125 0.708989159375 0.506224059375 0.7100915328124999 0.5137896390625001 0.7221429265625 0.5346057625 0.7509068625 0.5763762890625 0.7911895296875 0.6266206140625 0.7982617234375 0.62195116875 0.8272728671875 0.581809003125 0.8366714828124999 0.5737417390624999 0.8425113265625 0.5731017765625 0.8635525796874999 0.5808736609375 0.88141891875 0.5802480734375 0.8815964718749999 0.5843621828125001