5 0.316655253125 0.5770653343750001 0.311173728125 0.5817819531249999 0.30946476562499997 0.5856138234375 0.30976008906249997 0.5897991031250001 0.312531728125 0.5975209312499999 0.323352009375 0.6211281734375 0.3305159015625 0.6332410296875 0.3335816421875 0.6363648546875 0.3345837859375 0.636541559375 0.33630496718749997 0.6357863703125 0.33750851875 0.631207821875 0.3452648859375 0.601701034375 0.339107940625 0.591523703125 0.347168134375 0.5816101765624999 0.3494209875 0.557160059375 0.3483667765625 0.5583743421875 0.3443291578125 0.56076230625 0.3386999703125 0.563386284375 0.3333067984375 0.56760183125 0.316655253125 0.5770653343750001
1 0.7667066859375 0.7248799734375 0.7633178703125 0.7226625140625 0.7637232218750001 0.71725816875 0.730772703125 0.726595265625 0.7226602015625 0.8032939062500001 0.6314164546875001 0.80069086875 0.61645558125 0.7986311296874999 0.6191062421875 0.8097068125 0.6195094625 0.8409716609375 0.6165663203125 0.8576630515625 0.6115972203125 0.8675433296874999 0.6022095859375 0.8750310328124999 0.5779410671874999 0.8815083046875 0.5553934921875 0.88309931875 0.5498129765625 0.9566223734375001 0.5517850453124999 0.9607499140625 0.737880046875 0.9924835375000001 0.741421909375 0.98770833125 0.749211453125 0.9588433375 0.7492456421875 0.9831481609375 0.75183374375 0.9868443515624999 0.8279827031250001 0.9867721375 0.8424977874999999 0.8095204546874999 0.8604409890625 0.695510134375 0.8437752171874999 0.6920315359375 0.8264507203125 0.69150508125 0.8263201890625 0.6922453625 0.8177588 0.7019462562500001 0.7702951453125 0.7153959015625 0.769447834375 0.7215834984375 0.7667066859375 0.7248799734375
5 0.528885378125 0.57526245625 0.5186911828125 0.5600785593750001 0.510963509375 0.53966610625 0.48458187031250005 0.49948890312499994 0.479649809375 0.49064559062499996 0.4276181 0.495701325 0.40425600624999997 0.494528078125 0.35437363906249997 0.5034091984375 0.347168134375 0.5816101765624999 0.39018442656249996 0.52870285 0.3938650703125 0.5297819484375 0.4067246703125 0.547103009375 0.41882457500000003 0.5711717453125 0.4351199828125 0.5933996515625 0.44022661718749995 0.60129968125 0.5249934265625 0.6168108859375 0.5327631687500001 0.6004641703125 0.5297393375 0.5908588625 0.528885378125 0.57526245625
1 0.44022661718749995 0.60129968125 0.4351199828125 0.5933996515625 0.41882457500000003 0.5711717453125 0.4067246703125 0.547103009375 0.3938650703125 0.5297819484375 0.39018442656249996 0.52870285 0.339107940625 0.591523703125 0.37528244375 0.6513195765625001 0.38150878593750004 0.5966416984375 0.39260938125 0.5925863578125 0.44022661718749995 0.60129968125
5 0.42914398125000003 0.81972123125 0.41071352812499995 0.81969750625 0.39266818125 0.817665846875 0.388011321875 0.8388712578125 0.3915447546875 0.8469244359375001 0.4343533640625 0.8253713749999999 0.43744838125 0.8197319203125 0.42914398125000003 0.81972123125
1 0.673313240625 0.46024535 0.66489449375 0.5396138781250001 0.679952446875 0.546451053125 0.7856987875 0.56602633125 0.79713605 0.46163307187499997 0.6784794749999999 0.438852028125 0.6762000515625 0.44123813749999996 0.673313240625 0.46024535
3 0.458312690625 0.7982170187500001 0.44794229999999996 0.8092177203125 0.4373484125 0.8143909718750001 0.4169874296875 0.8125610906249999 0.4107605703125 0.8079425078125 0.408676009375 0.8022940140625 0.415168240625 0.7906094890625 0.41296824218749995 0.79022156875 0.35689924375 0.7765088453125 0.355712203125 0.7615411546875 0.36219975937500004 0.7283339546875001 0.3585603 0.7288736515625 0.3445908390625 0.7342258890625 0.326956615625 0.7480499328125 0.316949946875 0.75062739375 0.3123931453125 0.75677095625 0.309694675 0.7671499078124999 0.31195072343749997 0.781441809375 0.3154690390625 0.7885750421875 0.3226775515625 0.7920170515625 0.33360272343749997 0.8039298374999999 0.3494071359375 0.81279525 0.41071352812499995 0.81969750625 0.4628045765625 0.8197645609374999 0.47149810781249996 0.8147846062499999 0.4773426109375 0.80626295625 0.4782963578125 0.8017406796875 0.458312690625 0.7982170187500001
5 0.4220000453125 0.73966543125 0.458312690625 0.7982170187500001 0.460392890625 0.7960103843749999 0.46177040781249995 0.7878335953125 0.4666841640625 0.7915518125000001 0.643789196875 0.6505441875 0.6420737562500001 0.651734775 0.6416164734375001 0.65141725 0.4220000453125 0.73966543125
5 0.38150878593750004 0.5966416984375 0.37253904531250004 0.6754112828125 0.355712203125 0.7615411546875 0.35689924375 0.7765088453125 0.41296824218749995 0.79022156875 0.415168240625 0.7906094890625 0.42092452500000005 0.7802494984375 0.4237433890625 0.7613712734375 0.416510234375 0.7543472328124999 0.4213843671875 0.74534584375 0.4220000453125 0.73966543125 0.41873371718749997 0.7327749109374999 0.4060542265625 0.7248181687499999 0.41795223281249994 0.7097530875 0.4307554171875 0.7045293171875 0.4358010859375 0.7074536296875 0.442058996875 0.705321946875 0.44709372812500003 0.6954097499999999 0.46228044687500003 0.681183296875 0.47655524375 0.6588134703125 0.5232143125000001 0.6205539515625 0.5249934265625 0.6168108859375 0.39260938125 0.5925863578125 0.38150878593750004 0.5966416984375
5 0.47655524375 0.6588134703125 0.46228044687500003 0.681183296875 0.44709372812500003 0.6954097499999999 0.442058996875 0.705321946875 0.4358010859375 0.7074536296875 0.447125659375 0.7140169937499999 0.4598007453125 0.7263256421875 0.46448470000000003 0.7200106500000001 0.47007541562500005 0.7214459671875 0.47528070468749994 0.7174190453125 0.49177063125 0.7207761875 0.515657053125 0.7200482125 0.5311750546875 0.7130715421875 0.572032828125 0.7003460968749999 0.6420737562500001 0.651734775 0.6404688296875001 0.650620353125 0.616651378125 0.6285772875 0.58241850625 0.6079489171875 0.5605848375 0.6261596921875 0.5550921421874999 0.6251911828125001 0.5468952921875 0.6103594703125 0.5340295453125 0.604486865625 0.5327631687500001 0.6004641703125 0.5232143125000001 0.6205539515625 0.47655524375 0.6588134703125
5 0.5846370421875 0.3904755296875 0.5714419562499999 0.3397519484375 0.5651266796875001 0.3376086734375 0.54723985 0.34269251875 0.4515531796875 0.394811746875 0.4357819 0.40541722968749994 0.4349014359375 0.410410590625 0.48458187031250005 0.49948890312499994 0.510963509375 0.53966610625 0.5186911828125 0.5600785593750001 0.528885378125 0.57526245625 0.5297393375 0.5908588625 0.5340295453125 0.604486865625 0.5468952921875 0.6103594703125 0.5550921421874999 0.6251911828125001 0.5605848375 0.6261596921875 0.599821253125 0.5934338359375 0.6108922531250001 0.5773658171875 0.63535728125 0.5641743890625001 0.6455478171875 0.55309973125 0.6292976109375 0.4992631453125 0.5846370421875 0.3904755296875
3 0.8263201890625 0.6922453625 0.8289828390625 0.677144725 0.8275208656249999 0.63951861875 0.819095096875 0.6025330203125 0.8140484046875001 0.5923010718749999 0.8063025796875 0.59031246875 0.7572729578125 0.6034654125000001 0.730733796875 0.6162243921874999 0.7067872625 0.621344053125 0.6579006328125 0.6407502640625 0.572032828125 0.7003460968749999 0.5311750546875 0.7130715421875 0.5234240812500001 0.7198115015625 0.537417775 0.719385021875 0.6207592953125001 0.6954213859375 0.7268259703125 0.7006381046875 0.7334423703125 0.7013552328125 0.730772703125 0.726595265625 0.8177588 0.7019462562500001 0.8263201890625 0.6922453625
3 0.447125659375 0.7140169937499999 0.4307554171875 0.7045293171875 0.41795223281249994 0.7097530875 0.4060542265625 0.7248181687499999 0.41873371718749997 0.7327749109374999 0.42579049375 0.7476616125 0.42092452500000005 0.7802494984375 0.408676009375 0.8022940140625 0.4107605703125 0.8079425078125 0.4169874296875 0.8125610906249999 0.4373484125 0.8143909718750001 0.44794229999999996 0.8092177203125 0.460392890625 0.7960103843749999 0.46664203750000005 0.7589161125 0.46115602187500004 0.756734140625 0.45723017656250003 0.74075811875 0.45976698593750004 0.7263711609375 0.4598007453125 0.7263256421875 0.447125659375 0.7140169937499999
3 0.501697175 0.8868882656249999 0.5779410671874999 0.8815083046875 0.6022095859375 0.8750310328124999 0.6115972203125 0.8675433296874999 0.6165663203125 0.8576630515625 0.6195094625 0.8409716609375 0.6191062421875 0.8097068125 0.61645558125 0.7986311296874999 0.6081563812499999 0.7974885359375 0.5613739343749999 0.7775419546875 0.5557436906250001 0.778634821875 0.4928486453125 0.7998141265625 0.4734598 0.8152191640625001 0.460330225 0.8317278828125 0.42740985781249996 0.841520009375 0.422041359375 0.8475651 0.42026363437500003 0.860697221875 0.4242223015625 0.865697828125 0.42995996718749996 0.8667095328125001 0.45984394531249995 0.8649871828125001 0.481200828125 0.8811229125000001 0.501697175 0.8868882656249999
3 0.48187715468750003 0.7590392640625 0.5362447312499999 0.76682764375 0.6081563812499999 0.7974885359375 0.6314164546875001 0.80069086875 0.7226602015625 0.8032939062500001 0.7334423703125 0.7013552328125 0.7268259703125 0.7006381046875 0.6207592953125001 0.6954213859375 0.537417775 0.719385021875 0.49177063125 0.7207761875 0.47528070468749994 0.7174190453125 0.47007541562500005 0.7214459671875 0.46448470000000003 0.7200106500000001 0.45976698593750004 0.7263711609375 0.45723017656250003 0.74075811875 0.46115602187500004 0.756734140625 0.47333786718750004 0.7615792671875 0.48187715468750003 0.7590392640625