5 0.3517341546875 0.6325579171875 0.3480868515625 0.6388021765625 0.34771853125 0.642981665625 0.3493603578125 0.6468427765625 0.3544949765625 0.65324155 0.3724115203125 0.6720398984375 0.383128671875 0.68116049375 0.38704440625 0.6831160203125 0.38804948125 0.6829568328125 0.38943102343749997 0.681682425 0.38907837343749996 0.676961484375 0.38680569375 0.6465370421875 0.377670771875 0.6389186921875 0.38206430625 0.6269211265625 0.376234240625 0.6030696296875 0.375632796875 0.6045609734374999 0.3725925984375 0.6081333578125 0.3681243828125 0.6124470625 0.3643974859375 0.618188784375 0.3517341546875 0.6325579171875
1 0.8253898828124999 0.6257969875 0.8214637609375 0.6248036296875 0.8200875453125 0.6195617515625 0.7919720796874999 0.6391177906250001 0.80927219375 0.7142789515625 0.72215206875 0.7415237890624999 0.7073357015624999 0.7444470515625 0.713447840625 0.7540563437500001 0.72400793125 0.7834865640625 0.7266593203125 0.800226778125 0.7251776484375 0.8111865453125 0.7187392234375001 0.821322621875 0.6979016812500001 0.835348059375 0.6771005140625 0.844193165625 0.6957607984374999 0.9155274171875 0.698969221875 0.9187880406250001 0.8852569593749999 0.8882061640625001 0.8870512015625 0.8825380015625001 0.8850188375 0.8527095859375 0.892964040625 0.8756791171874999 0.8966144999999999 0.8783313312500001 0.96859124375 0.853471375 0.9246080234375 0.6811509671875 0.904455525 0.56751035625 0.88756520625 0.569647121875 0.8710131765625 0.5747896531250001 0.87113076875 0.5755321 0.86619411875 0.5874917890625 0.8256951265625 0.615661334375 0.8269084640625 0.6217876796875 0.8253898828124999 0.6257969875
5 0.5518147203125 0.5617578921875 0.5372325265625 0.5507201390625001 0.523280221875 0.5339356703125 0.48525547500000005 0.5045364015625 0.47771301875 0.49778060625 0.4301620578125 0.5195007656249999 0.4076907921875 0.5259973921875 0.363417496875 0.5506347671875 0.38206430625 0.6269211265625 0.4055120703125 0.56289153125 0.40934350625000004 0.5627135390625 0.4271416828125 0.574904246875 0.44641838125 0.5937223406250001 0.46906269062500006 0.6094339718749999 0.47646310625000005 0.6152410390624999 0.561661653125 0.6023097984375 0.56368611875 0.5843240953125 0.5576998484375 0.5762265609375 0.5518147203125 0.5617578921875
1 0.47646310625000005 0.6152410390624999 0.46906269062500006 0.6094339718749999 0.44641838125 0.5937223406250001 0.4271416828125 0.574904246875 0.40934350625000004 0.5627135390625 0.4055120703125 0.56289153125 0.377670771875 0.6389186921875 0.4313420703125 0.6836795359375001 0.41942781562500003 0.6299534859375 0.42860334531250005 0.6225050875 0.47646310625000005 0.6152410390624999
5 0.5370953703125 0.8253708265625 0.519661309375 0.8313487625 0.5019376546875 0.83530278125 0.5044383140625001 0.856869015625 0.5104010999999999 0.8633330718750001 0.5438604437500001 0.829017134375 0.5449508140625 0.822677284375 0.5370953703125 0.8253708265625
1 0.650928040625 0.40598596875000004 0.6688078234375 0.4837712625 0.6852713640625 0.485333546875 0.7916295812499999 0.4694146953125 0.7684566046875 0.366985321875 0.6488478265625 0.38407622343750003 0.6474694296875 0.387074440625 0.650928040625 0.40598596875000004
3 0.5576738390625 0.7955417921875 0.5514499203125001 0.809319428125 0.5431174484375 0.817659865625 0.523270009375 0.8225585671875001 0.5158787359375 0.8202188765624999 0.512068775 0.8155567874999999 0.5144031906250001 0.8023951890625 0.5121967578125 0.802744653125 0.45471805156249995 0.8080332984374999 0.4487226796875 0.7942675328125001 0.4440455765625 0.760757365625 0.440780109375 0.76245255 0.429314240625 0.772061203125 0.4171414234375 0.790873234375 0.408519071875 0.7965681250000001 0.40621067968749996 0.8038605265625 0.4070382828125 0.814552553125 0.41382440625 0.827331315625 0.41947339218749996 0.8329304671875001 0.42740978281249997 0.8338380890625 0.4416181609375 0.8415449609375001 0.459447821875 0.8447819609374999 0.519661309375 0.8313487625 0.56893619375 0.8144529765625 0.575534775 0.8069140000000001 0.5782864828125 0.7969538390625 0.5777159593750001 0.79236743125 0.5576738390625 0.7955417921875
5 0.504277025 0.75200241875 0.5576738390625 0.7955417921875 0.558922296875 0.7927781296874999 0.5575626625 0.7845983484375 0.5634192437500001 0.78651423125 0.68496775 0.5955291421875 0.6837333859375 0.5972133578125 0.6831976421875 0.5970620078125 0.504277025 0.75200241875
5 0.41942781562500003 0.6299534859375 0.43659162656249995 0.707351853125 0.4487226796875 0.7942675328125001 0.45471805156249995 0.8080332984374999 0.5121967578125 0.802744653125 0.5144031906250001 0.8023951890625 0.51647298125 0.7907255625 0.5129921203125 0.77195811875 0.5038662359375 0.7676716421875 0.5055442515624999 0.7575737984375001 0.504277025 0.75200241875 0.49894531875 0.7465507171875 0.48436616250000003 0.74315550625 0.49071123749999995 0.72503758125 0.5011161921875 0.7159301 0.5068390296875 0.7170523828124999 0.5120619921875 0.7129994609375 0.5135953296875 0.7019881453125 0.5233229734375 0.6835924578125 0.52953715625 0.657793953125 0.5611980921875 0.6064281609375 0.561661653125 0.6023097984375 0.42860334531250005 0.6225050875 0.41942781562500003 0.6299534859375
5 0.52953715625 0.657793953125 0.5233229734375 0.6835924578125 0.5135953296875 0.7019881453125 0.5120619921875 0.7129994609375 0.5068390296875 0.7170523828124999 0.519683446875 0.7195712453125 0.53567528125 0.7270826968749999 0.5380480859375 0.7195868062499999 0.5438015046875 0.7191237671875 0.5474121640625 0.7136215609375001 0.5640966749999999 0.71142720625 0.586444725 0.7029622343749999 0.5988459015625 0.691313496875 0.6333346859375 0.6659793609375 0.6837333859375 0.5972133578125 0.681853078125 0.5966821640625 0.652156715625 0.583594240625 0.613072959375 0.5752348656249999 0.5983576671875 0.5995618390625 0.59284890625 0.600434340625 0.5802699 0.589079315625 0.5661931640625 0.5877153359375 0.56368611875 0.5843240953125 0.5611980921875 0.6064281609375 0.52953715625 0.657793953125
5 0.544368215625 0.36888745312500004 0.5153780343750001 0.3252232640625 0.508709040625 0.3252528109375 0.4934518484375 0.3358830640625 0.41994668593749995 0.41631529531250006 0.40848745624999994 0.43147760156250003 0.409280640625 0.43648556875000005 0.48525547500000005 0.5045364015625 0.523280221875 0.5339356703125 0.5372325265625 0.5507201390625001 0.5518147203125 0.5617578921875 0.5576998484375 0.5762265609375 0.5661931640625 0.5877153359375 0.5802699 0.589079315625 0.59284890625 0.600434340625 0.5983576671875 0.5995618390625 0.62480193125 0.55584480625 0.6300385328125 0.53704783125 0.6488759609375 0.51661005625 0.654905746875 0.5028210484375 0.622013396875 0.45720810624999997 0.544368215625 0.36888745312500004
3 0.87113076875 0.5755321 0.8687320671875 0.5603872921875 0.8550998828124999 0.52528708125 0.8350918265624999 0.4930596734375 0.8269888906249999 0.48502821875 0.81901764375 0.48566975156250003 0.7769414046875001 0.5140685859375 0.7560020515625 0.5347727453125 0.7350269578125 0.547409709375 0.695121784375 0.581674571875 0.6333346859375 0.6659793609375 0.5988459015625 0.691313496875 0.5937115281249999 0.7002097234375 0.6068039781250001 0.695250578125 0.6778031375 0.64545916875 0.779789546875 0.61585974375 0.7862789484375 0.6143837109375 0.7919720796874999 0.6391177906250001 0.86619411875 0.5874917890625 0.87113076875 0.5755321
3 0.519683446875 0.7195712453125 0.5011161921875 0.7159301 0.49071123749999995 0.72503758125 0.48436616250000003 0.74315550625 0.49894531875 0.7465507171875 0.5104642671875 0.7583289078125001 0.51647298125 0.7907255625 0.512068775 0.8155567874999999 0.5158787359375 0.8202188765624999 0.523270009375 0.8225585671875001 0.5431174484375 0.817659865625 0.5514499203125001 0.809319428125 0.558922296875 0.7927781296874999 0.5527542671875 0.7556702828125 0.54685675625 0.7553932609375 0.5379435140625 0.741565765625 0.535658178125 0.7271367265625 0.53567528125 0.7270826968749999 0.519683446875 0.7195712453125
3 0.6275632078125 0.8652574953125001 0.6979016812500001 0.835348059375 0.7187392234375001 0.821322621875 0.7251776484375 0.8111865453125 0.7266593203125 0.800226778125 0.72400793125 0.7834865640625 0.713447840625 0.7540563437500001 0.7073357015624999 0.7444470515625 0.6991166609375 0.7460686625 0.6483890171875 0.742439675 0.6434213203125 0.7453060296875 0.5908481937500001 0.785808078125 0.5775310703125001 0.80668621875 0.570491525 0.826570090625 0.5425527109375 0.8465465515625 0.539444784375 0.854010109375 0.5420393140625 0.8670055453125001 0.5474103453125 0.8704448953125 0.5531647937499999 0.8695334796875 0.5808599078125 0.85817569375 0.6063065171875001 0.8664792046875001 0.6275632078125 0.8652574953125001
3 0.5671994484375 0.7508266578125 0.62114065 0.7404903625 0.6991166609375 0.7460686625 0.72215206875 0.7415237890624999 0.80927219375 0.7142789515625 0.7862789484375 0.6143837109375 0.779789546875 0.61585974375 0.6778031375 0.64545916875 0.6068039781250001 0.695250578125 0.5640966749999999 0.71142720625 0.5474121640625 0.7136215609375001 0.5438015046875 0.7191237671875 0.5380480859375 0.7195868062499999 0.535658178125 0.7271367265625 0.5379435140625 0.741565765625 0.54685675625 0.7553932609375 0.5599523375000001 0.7560083984375 0.5671994484375 0.7508266578125