1 0.3875 0.605412546875 0.3875 0.5713412953125 0.3875246375 0.5711811515624999 0.3859322234375 0.5710557656249999 0.3853608375 0.574255525 0.38279162499999997 0.5776811421875 0.36737635 0.58324776875 0.3525657 0.5935329421875 0.3525237796875 0.5954193703125 0.3807299296875 0.6064957578125 0.3875 0.605412546875
5 0.5742893203125 0.5846931625 0.5776980328125 0.6033729125 0.630197909375 0.5847743015625 0.625750259375 0.5765632546874999 0.5766459609375 0.5730912328125 0.5742893203125 0.5846931625
1 0.2268184421875 0.421023053125 0.20810711406250001 0.42262688125 0.205434065625 0.4263691484375 0.205968675 0.47715704218750005 0.204697221875 0.4877524875 0.2059441640625 0.4869023 0.3105135 0.4346176328125 0.3094517625 0.4345950421875 0.2964943671875 0.4312357171875 0.2943669484375 0.4288803609375 0.28745950625 0.42123283593750005 0.2604988359375 0.4215576625 0.232699146875 0.4172807875 0.2268184421875 0.421023053125
1 0.3875018484375 0.5622658671874999 0.3859322234375 0.5710557656249999 0.3875246375 0.5711811515624999 0.39384850625 0.5300760062500001 0.43048078749999996 0.5096214328124999 0.429067471875 0.43754235937499997 0.4289951765625 0.43747289843750004 0.42360060781250003 0.42970471874999994 0.4177213625 0.430439625 0.4169501484375 0.4312357171875 0.399673621875 0.43651465624999997 0.37119785 0.4359087890625 0.37465578593750004 0.4440820921875 0.38150701875 0.45050512343750004 0.3776532 0.4620665796875 0.3875018484375 0.5622658671874999
6 0.79799476875 0.46236708125000003 0.7987883890624999 0.471791315625 0.799472271875 0.46720930312500003 0.7959736484375 0.4386372203125 0.7843115734375 0.4100651359375 0.776867390625 0.40049404375000003 0.79799476875 0.46236708125000003
1 0.621140178125 0.42239316562500007 0.6128246671875 0.4303621953125 0.6167721703125 0.43546506718750005 0.6618404453125 0.51577904375 0.665885034375 0.5412021734375 0.6618404453125 0.5544915359375 0.64912888125 0.577603471875 0.6404619046875 0.577603471875 0.625750259375 0.5765632546874999 0.6422771234375 0.6070743890625 0.6560409375 0.625426140625 0.72943856875 0.6142488375 0.7504307703124999 0.6142488375 0.757623528125 0.609171596875 0.764963753125 0.5955397484375 0.7770226953125 0.5850537109375 0.779119903125 0.5787620890625 0.796946165625 0.5535956015625 0.8016648828124999 0.5394394515625 0.802189184375 0.51217575625 0.79799476875 0.46236708125000003 0.7686338671875 0.37638157968749997 0.7550020187500001 0.3522636953125 0.7340299453125 0.3522636953125 0.642801425 0.358031015625 0.640101503125 0.35995953125 0.621140178125 0.42239316562500007
3 0.2964943671875 0.4312357171875 0.3094517625 0.4345950421875 0.3105135 0.4346176328125 0.34810725625 0.4158207546875 0.3652353390625 0.4218155828125 0.37119785 0.4359087890625 0.399673621875 0.43651465624999997 0.4169501484375 0.4312357171875 0.42144306875000004 0.4265978640625 0.4168341015625 0.41996095 0.4090510125 0.3995303421875 0.3978628234375 0.3387249625 0.398349265625 0.31051126562500003 0.40001521562500003 0.30565828281249996 0.3190498328125 0.30310148125 0.2988938859375 0.3112598421875 0.2878561046875 0.3285363671875 0.28113745625000003 0.3597300953125 0.2792178421875 0.385644884375 0.2830570703125 0.416358709375 0.2964943671875 0.4312357171875
1 0.441058675 0.5678081875000001 0.44317980468749996 0.5789441203125001 0.46093513750000004 0.492616465625 0.39384850625 0.5300760062500001 0.3875 0.5713412953125 0.3875 0.605412546875 0.39661739375 0.6039537640625 0.39780249375 0.5962506078125 0.39187699062500003 0.5849921499999999 0.39602484375 0.5678081875000001 0.4037279984375 0.55832738125 0.4078758515625 0.5458838234375001 0.4250598140625 0.5369955671875 0.4309853171875 0.5387732171875 0.42802256562499996 0.5512167765625 0.43039276718749997 0.561882684375 0.441058675 0.5678081875000001
3 0.608698246875 0.7167197421875 0.6644265078125 0.7021638546875 0.685220634375 0.682617375 0.69603358125 0.6772109015625001 0.7779867890625 0.672488175 0.77502226875 0.6504660234374999 0.7675290578125 0.626737521875 0.7612847140625 0.6192443109375 0.7512937671875 0.6142488375 0.72943856875 0.6142488375 0.606425021875 0.6329818640625 0.58769199375 0.63922620625 0.5689589671874999 0.6504660234374999 0.54710376875 0.674818959375 0.533366215625 0.6810633015625001 0.528370740625 0.6910542484375 0.527121871875 0.7066651046875 0.5275737 0.7079795125 0.5544427734374999 0.71988353125 0.5499037765625 0.7385258343750001 0.5520992421875001 0.7391356859375 0.5708322703125 0.7534976734375001 0.58125 0.7571438796875001 0.58125 0.72087856875 0.5837452953125 0.7196309203125 0.608698246875 0.7167197421875
5 0.3138828609375 0.8507556562499999 0.3265934625 0.8592293906249999 0.3520146671875 0.8686446515625 0.43110285625 0.9072472203125 0.48147450156250005 0.9369052921875 0.4970096828125 0.93878834375 0.5280800421875 0.8281590296875001 0.5544427734374999 0.71988353125 0.5172524921874999 0.703406825 0.48904268437500004 0.6860107765625 0.4902334125 0.701490240625 0.4970021921875 0.714544315625 0.492650834375 0.759508353125 0.4800802421875 0.761442290625 0.4665426828125 0.7788477234375 0.42883090937499996 0.8059228421875 0.40320624374999997 0.8122081375000001 0.39015216875 0.7991540625 0.37516415625 0.80012103125 0.3692250125 0.7835947187500001 0.3471534734375 0.7993601031249999 0.325398946875 0.8029858578125 0.3248673109375 0.8030744640625 0.31893989375 0.8068680109375 0.3148243859375 0.8192145328124999 0.3167074390625 0.84039886875 0.3138828609375 0.8507556562499999
6 0.3692250125 0.7835947187500001 0.36404401875 0.7691780374999999 0.363560534375 0.7430698875 0.3659779546875 0.7334002015625 0.3917258 0.700669890625 0.3917258 0.6761671453125 0.39024117812500003 0.6696887921875 0.374100478125 0.6792076671875 0.3189932890625 0.6928363265625 0.28640301562500003 0.6880959234375 0.27810731093749996 0.6673566578125001 0.2603307984375 0.6614311546875 0.26142123281249996 0.6370781062499999 0.23420550156250003 0.6509036984375001 0.2256414609375 0.6500472937499999 0.219911484375 0.6326631296875 0.212817434375 0.645214140625 0.1843406703125 0.6470713203125 0.169483228125 0.658214403125 0.16205450625 0.672452784375 0.15586390625 0.6978342484375 0.156482965625 0.71826323125 0.166387928125 0.749835296875 0.182483490625 0.7659308578124999 0.21591273437499997 0.7677880390625 0.2276748765625 0.7900742015625 0.23943701874999998 0.80493164375 0.26729472187500003 0.8148366062499999 0.3093908078125 0.812979425 0.3248673109375 0.8030744640625 0.3471534734375 0.7993601031249999 0.3692250125 0.7835947187500001
6 0.3581016171875 0.552401878125 0.3628420203125 0.552994428125 0.36758242343749997 0.563067784375 0.36758242343749997 0.5737336921875 0.3527686625 0.5843996 0.3525657 0.5935329421875 0.36737635 0.58324776875 0.38279162499999997 0.5776811421875 0.3853608375 0.574255525 0.3875018484375 0.5622658671874999 0.3776532 0.4620665796875 0.38150701875 0.45050512343750004 0.37465578593750004 0.4440820921875 0.3652353390625 0.4218155828125 0.34810725625 0.4158207546875 0.2059441640625 0.4869023 0.19652371875000002 0.49332533125 0.1901006875 0.5010329687499999 0.18624686875000002 0.5173046484375 0.18838787968749998 0.5404275609375 0.1858186671875 0.5502762078125001 0.1935263046875 0.5558428359375001 0.2003775375 0.5733991203125 0.2256414609375 0.6500472937499999 0.23420550156250003 0.6509036984375001 0.26142123281249996 0.6370781062499999 0.2621084484375 0.6217302765625 0.2733669078125 0.5915102046875 0.28047751249999997 0.5814368484375 0.329659196875 0.552994428125 0.3492133609375 0.5595124828125 0.3581016171875 0.552401878125
6 0.2733669078125 0.5915102046875 0.2621084484375 0.6217302765625 0.2603307984375 0.6614311546875 0.27810731093749996 0.6673566578125001 0.28640301562500003 0.6880959234375 0.3189932890625 0.6928363265625 0.374100478125 0.6792076671875 0.39720994374999996 0.66557900625 0.4126162546875 0.669134309375 0.43809592343750003 0.620545175 0.436318271875 0.6021761125 0.442012909375 0.5846176468750001 0.44317980468749996 0.5789441203125001 0.441058675 0.5678081875000001 0.43039276718749997 0.561882684375 0.42802256562499996 0.5512167765625 0.4309853171875 0.5387732171875 0.4250598140625 0.5369955671875 0.4078758515625 0.5458838234375001 0.4037279984375 0.55832738125 0.39602484375 0.5678081875000001 0.39187699062500003 0.5849921499999999 0.39780249375 0.5962506078125 0.39661739375 0.6039537640625 0.35217611249999997 0.6110643687499999 0.3527686625 0.5843996 0.36758242343749997 0.5737336921875 0.36758242343749997 0.563067784375 0.3628420203125 0.552994428125 0.3581016171875 0.552401878125 0.3492133609375 0.5595124828125 0.329659196875 0.552994428125 0.28047751249999997 0.5814368484375 0.2733669078125 0.5915102046875
3 0.5062884671875 0.6754477828125001 0.5370393625000001 0.6736651218749999 0.551300646875 0.6651974843749999 0.559768284375 0.653610190625 0.56556193125 0.6380119109375 0.5668989265625 0.6210766343749999 0.5766459609375 0.5730912328125 0.5260578234375 0.56951429375 0.4763671609375 0.48111114062500004 0.474633765625 0.4747553578125 0.4772196796875 0.4613086078125 0.4730846546875 0.4613086078125 0.4643959421875 0.4757897953125 0.43854736406250006 0.6014673671875 0.4381016984375 0.62464195625 0.44300401562499997 0.6371205796875 0.45191731874999996 0.65004486875 0.4611003703125 0.6562824140625 0.46170784062500003 0.655559234375 0.4665426828125 0.65507575 0.46755981249999995 0.6606699593750001 0.475537571875 0.6660888140625 0.5062884671875 0.6754477828125001
6 0.3945035265625 0.6971388828125 0.3659779546875 0.7334002015625 0.363560534375 0.7430698875 0.36404401875 0.7691780374999999 0.37516415625 0.80012103125 0.39015216875 0.7991540625 0.40320624374999997 0.8122081375000001 0.42883090937499996 0.8059228421875 0.4665426828125 0.7788477234375 0.4800802421875 0.761442290625 0.492650834375 0.759508353125 0.4970021921875 0.714544315625 0.4902334125 0.701490240625 0.48878295937500005 0.6826343546875 0.4829811484375 0.6739316375 0.4733114625 0.6729646687499999 0.46847662031250004 0.6657124046875 0.4665426828125 0.65507575 0.46170784062500003 0.655559234375 0.45155467031249996 0.6676463421875 0.45155467031249996 0.6782829953125 0.44913725 0.68795268125 0.45155467031249996 0.701973725 0.458806934375 0.7087425046875 0.460740871875 0.7150278 0.42931439375 0.7338836859375 0.4215786453125 0.713577346875 0.42931439375 0.70100675625 0.42593000468750003 0.6927875234374999 0.419644709375 0.686502228125 0.41529334999999995 0.687469196875 0.41094199218750005 0.6956884296875 0.3945035265625 0.6971388828125
6 0.4168341015625 0.41996095 0.4289951765625 0.43747289843750004 0.453803771875 0.4613086078125 0.4772196796875 0.4613086078125 0.47752275781250003 0.4597326 0.4671223875 0.4331538734375 0.47001137968749995 0.42159790625 0.47983395156249997 0.4059973484375 0.506412678125 0.377685228125 0.525480025 0.36266246875 0.5451251703125 0.3534176953125 0.5595701296875 0.357462284375 0.5699705015625 0.3742184375 0.58152646875 0.3794186234375 0.5930824375 0.4048417515625 0.6128246671875 0.4303621953125 0.621140178125 0.42239316562500007 0.6410843421875 0.3567233546875 0.652758975 0.3474809375 0.6658929375 0.3460216078125 0.670270925 0.341157178125 0.672216696875 0.3207265703125 0.667838709375 0.302241734375 0.662974278125 0.2964044171875 0.64886743125 0.2964044171875 0.64011145625 0.2915399875 0.629409709375 0.26916360781250004 0.62308595 0.26089407656249997 0.6046011140625 0.2584618609375 0.5924400375000001 0.24727367031249997 0.5627670124999999 0.24630078437499997 0.527256671875 0.2501923296875 0.48542257031249997 0.2501923296875 0.4484528984375 0.25700253125 0.4226714171875 0.26478562031249997 0.40953745625 0.2779195828125 0.398349265625 0.31051126562500003 0.3978628234375 0.3387249625 0.4090510125 0.3995303421875 0.4168341015625 0.41996095
3 0.5930824375 0.4048417515625 0.58152646875 0.3794186234375 0.5699705015625 0.3742184375 0.5595701296875 0.357462284375 0.5451251703125 0.3534176953125 0.525480025 0.36266246875 0.506412678125 0.377685228125 0.47983395156249997 0.4059973484375 0.47001137968749995 0.42159790625 0.4671223875 0.4331538734375 0.47752275781250003 0.4597326 0.474633765625 0.4747553578125 0.4763671609375 0.48111114062500004 0.5260578234375 0.56951429375 0.6404619046875 0.577603471875 0.64912888125 0.577603471875 0.6618404453125 0.5544915359375 0.665885034375 0.5412021734375 0.6618404453125 0.51577904375 0.6167721703125 0.43546506718750005 0.5930824375 0.4048417515625
3 0.685220634375 0.682617375 0.6644265078125 0.7021638546875 0.608698246875 0.7167197421875 0.5837452953125 0.7196309203125 0.58125 0.72087856875 0.58125 0.7616350578125 0.5895676515625 0.7657938828125 0.6074506000000001 0.765378 0.6685853328125 0.77369565 0.6860524 0.787419775 0.6985288765625 0.792826246875 0.82911599375 0.7861721265625 0.8395130562500001 0.7791021234375 0.8474148250000001 0.7678732953125 0.8474148250000001 0.6863603171875 0.83535423125 0.6738838406250001 0.8187189296874999 0.6701408984375 0.69603358125 0.6772109015625001 0.685220634375 0.682617375