0 0.48386655 0.6951020484375 0.4653690984375 0.7133643828125 0.479374240625 0.743433425 0.49128475624999995 0.7541577015625001 0.5451953828125 0.6664562046875 0.54496014375 0.6586539984375 0.5126870171875 0.6962455046875 0.498801625 0.6947639671875 0.49411127343750005 0.6684989031249999 0.49468517500000003 0.662408646875 0.4901122671875 0.6699161453125 0.48386655 0.6951020484375
6 0.8737184921875001 0.43374017499999995 0.8450991421875 0.42038917343750004 0.8434051921875 0.4202670046875 0.8444645046874999 0.4267887734375 0.876709609375 0.4371753625 0.8737184921875001 0.43374017499999995
3 0.643944478125 0.587189259375 0.6537121531250001 0.594409696875 0.6649826078125 0.5935972125 0.66679790625 0.5900610015625001 0.6749724921875 0.5909162375 0.6766612140625 0.5927553046875 0.6768712828125001 0.5927401609375 0.6814928234375001 0.5910743546874999 0.6788490984375 0.5787322671874999 0.6833147921875 0.5736256984375 0.6878967234375 0.5577444515625001 0.6909328265625 0.545289146875 0.6927294703125 0.5348051765624999 0.69245615625 0.5345999078125 0.683202428125 0.5564117234375 0.643944478125 0.587189259375
1 0.315479946875 0.7429272359375 0.31010998125 0.7413138921875 0.294832975 0.7412161796875 0.2937727609375 0.7381275328125 0.2966570125 0.7110112484375 0.26535833750000004 0.6579415156249999 0.2531075171875 0.6699246125 0.2513423984375 0.6962030859375 0.26606475625 0.7472797328125 0.26892252499999997 0.7518434375 0.3280874546875 0.7643044046874999 0.315479946875 0.7429272359375
3 0.3262331671875 0.39811525468750003 0.3246904203125 0.4117353890625 0.334193115625 0.4208276984375 0.346806003125 0.42467977812499996 0.34943966406250004 0.4318755296875 0.3745475015625 0.43732932656249995 0.401488140625 0.45622634843750004 0.43662460468750003 0.5023365484375 0.4602191828125 0.52197306875 0.49654875625 0.538358765625 0.4982305703125 0.5257870640625 0.534289834375 0.5393619562499999 0.5355451265625 0.5000821656250001 0.5377227875 0.4970471390625 0.5196603234375 0.50458573125 0.497839178125 0.5048196046875 0.479433009375 0.50078074375 0.45200591093750003 0.480839596875 0.43830617656250004 0.4624533421875 0.4296199984375 0.444259203125 0.422558103125 0.42234103593750005 0.42195206093750004 0.418656359375 0.39936528125000004 0.41571975781250003 0.36931444999999996 0.4020629640625 0.36481610937500003 0.39158011406250004 0.3336082171875 0.3881384203125 0.3262331671875 0.39811525468750003
0 0.6649826078125 0.5935972125 0.6766612140625 0.5927553046875 0.6749724921875 0.5909162375 0.66679790625 0.5900610015625001 0.6649826078125 0.5935972125
6 0.59752585 0.8885876921874999 0.6235126859375 0.8255888609375001 0.6243500609375 0.8134708671875 0.6074385 0.8086854125 0.59528028125 0.8080681984375 0.5887632171875 0.8033921421875 0.59145820625 0.7700263265625 0.5899808281250001 0.769643546875 0.582684015625 0.7722116609375 0.5739175890625 0.7801024921875 0.563864325 0.7968035875 0.551191690625 0.8302533265625 0.5477232796875 0.8474836078125 0.551523271875 0.886627171875 0.5488600609375001 0.8941981468750001 0.5523457578125 0.902321153125 0.5619346703125 0.910124303125 0.5697149734375 0.9000994468749999 0.5882549390625 0.8951935375 0.59752585 0.8885876921874999
0 0.5377227875 0.4970471390625 0.5355451265625 0.5000821656250001 0.534289834375 0.5393619562499999 0.4982305703125 0.5257870640625 0.4958495 0.5435857671875 0.4527117875 0.5530265484375 0.44986886249999997 0.5620124984375 0.45401076093750004 0.5778124171875 0.47360384375000003 0.593354884375 0.4776014125 0.60640081875 0.49908015624999996 0.615769053125 0.49411127343750005 0.6684989031249999 0.498801625 0.6947639671875 0.5126870171875 0.6962455046875 0.54496014375 0.6586539984375 0.54570831875 0.6834687328125 0.55628424375 0.7061114890625 0.571761953125 0.71689884375 0.5956898546875 0.717635609375 0.6052466859375001 0.599315421875 0.6273470578125 0.5981571906250001 0.6628111328124999 0.604661265625 0.664633784375 0.6057785640625 0.6632294625 0.6009451953125 0.6661406624999999 0.596607953125 0.6768712828125001 0.5927401609375 0.6537121531250001 0.594409696875 0.643944478125 0.587189259375 0.683202428125 0.5564117234375 0.69245615625 0.5345999078125 0.6744260375 0.5210586312500001 0.6605782109375 0.5048611953125001 0.653111721875 0.4992744171875 0.6003088109375 0.5108698984375 0.5958375921875 0.5097799953125 0.590533984375 0.501229746875 0.5901677765625 0.49883951875 0.5747071109374999 0.5096282796875 0.5748826499999999 0.502439053125 0.566505228125 0.5006688546875 0.5643794421874999 0.4779146734375 0.5625200328125 0.4805061484375 0.5445873953125 0.49418210937499996 0.5377227875 0.4970471390625
3 0.5849522828125 0.42848667812499996 0.5267848421875 0.41464046093749996 0.5251284453125 0.4078039953125 0.5269260359375 0.392565128125 0.5407114453124999 0.2923206171875 0.5424026015625001 0.2884432671875 0.52558371875 0.2791183421875 0.5117374890625 0.2752953671875 0.49672059375 0.27517264375 0.4822999515625 0.277747846875 0.46498927187500005 0.2859328625 0.440775390625 0.3099449859375 0.4311742640625 0.3263683484375 0.42176139375000005 0.3550631328125 0.41901206249999995 0.372037134375 0.4192202328125 0.40204715156250004 0.422558103125 0.42234103593750005 0.4296199984375 0.444259203125 0.43830617656250004 0.4624533421875 0.45200591093750003 0.480839596875 0.479433009375 0.50078074375 0.497839178125 0.5048196046875 0.5196603234375 0.50458573125 0.5445873953125 0.49418210937499996 0.5625200328125 0.4805061484375 0.5676068375 0.47341662187500005 0.5766592546875 0.45520256562499994 0.5845429359375001 0.432046271875 0.5849522828125 0.42848667812499996
6 0.69832336875 0.5114469125000001 0.719757546875 0.5087343640624999 0.716445846875 0.506768796875 0.73784639375 0.5012444828125 0.8466246156249999 0.4562036921875 0.6356108421875 0.4435534953125 0.6551083453125 0.44691122187500004 0.6488332890625 0.4578682953125 0.69832336875 0.5114469125000001
6 0.8555770062500001 0.51944584375 0.857060315625 0.5242865828125 0.8630925671874999 0.5338073984375 0.8656735984375 0.5361313703125 0.8669319828125 0.5366802296875 0.870578603125 0.5358743109375 0.8820994578124999 0.5328112890625001 0.8839709656249999 0.5333280171875 0.8890045015625001 0.5355234578125 0.8963620078125001 0.5351378671875 0.9025896609374999 0.53665591875 0.9057195531250001 0.5377215078125 0.9076553265625 0.5394644859375 0.9123327953124999 0.5465970640625 0.91436496875 0.5501794203125 0.917728315625 0.5598050609375 0.9186465343749999 0.5585779 0.928647175 0.521741596875 0.92987600625 0.5055960828125 0.92685559375 0.49745444687499996 0.9286830859374999 0.48283379374999996 0.923159584375 0.466523409375 0.9125983953125001 0.45307076718749995 0.8923164828125 0.4422025484375 0.8444645046874999 0.4267887734375 0.8463480796875 0.43838518437499996 0.845896978125 0.4548025703125 0.8466246156249999 0.4562036921875 0.84800760625 0.45713196875 0.8544601875 0.46294189843750005 0.85897699375 0.46700885000000003 0.8616865562499999 0.471785321875 0.86187935 0.475464075 0.8607816312500001 0.47798084375 0.8585219234375 0.48178812656250003 0.8567789453125 0.48372390000000004 0.85510023125 0.48688592656249996 0.8522273984375 0.49072534218749997 0.8515474 0.501212740625 0.8525461171875 0.5085381140624999 0.8555770062500001 0.51944584375
5 0.2937727609375 0.7381275328125 0.294832975 0.7412161796875 0.31010998125 0.7413138921875 0.315479946875 0.7429272359375 0.2966570125 0.7110112484375 0.2937727609375 0.7381275328125
5 0.399958865625 0.7682752703125 0.3833281609375 0.7863570453125 0.381382925 0.7884720093750001 0.3690719296875 0.7891172 0.36904445625000004 0.7891145890625 0.3723841671875 0.7982394312500001 0.39383846718750004 0.7962167124999999 0.3969036390625 0.7947085546875 0.399958865625 0.7682752703125
5 0.5449606296875 0.28257842499999997 0.5407114453124999 0.2923206171875 0.5269260359375 0.392565128125 0.5251284453125 0.4078039953125 0.5267848421875 0.41464046093749996 0.60127388125 0.4323718828125 0.6356108421875 0.4435534953125 0.6551083453125 0.44691122187500004 0.6568309921875 0.44390325468749997 0.6712672140625 0.4329942546875 0.770100721875 0.40489601249999996 0.777442590625 0.3426562234375 0.772727665625 0.30222909375 0.769232115625 0.29332549218750004 0.6965369984375 0.2767981671875 0.6936294375000001 0.27911406875 0.6839043578124999 0.299960853125 0.6814038671875 0.31004410312499997 0.6780195578125 0.31151958125 0.5449606296875 0.28257842499999997
5 0.833620828125 0.7222540390625001 0.8288148281250001 0.7126689578125001 0.8252993453125 0.7042458640625 0.8205576109375 0.695887034375 0.82042908125 0.6934345328125 0.820977940625 0.6921761484375 0.8270770640625 0.6912416984374999 0.8689945265624999 0.6933485640625 0.8875489562500001 0.6954502140625001 0.893067084375 0.695161021875 0.8961005796875 0.6943872328125 0.9136884249999999 0.6897766359374999 0.9179160390625001 0.6883254578125 0.92195085625 0.683195525 0.9246630265625001 0.6762904828125 0.9273109296875001 0.6681591874999999 0.9287004515625 0.6594790328125 0.9291876531250001 0.64531288125 0.9270321656249999 0.6159149875 0.9256157281249999 0.6006189828124999 0.9235861625 0.585355109375 0.921845790625 0.5756093671875 0.919428028125 0.56466950625 0.91436496875 0.5501794203125 0.9123327953124999 0.5465970640625 0.9076553265625 0.5394644859375 0.9057195531250001 0.5377215078125 0.9025896609374999 0.53665591875 0.8963620078125001 0.5351378671875 0.8890045015625001 0.5355234578125 0.8839709656249999 0.5333280171875 0.8820994578124999 0.5328112890625001 0.870578603125 0.5358743109375 0.8669319828125 0.5366802296875 0.8656735984375 0.5361313703125 0.8630925671874999 0.5338073984375 0.857060315625 0.5242865828125 0.8555770062500001 0.51944584375 0.8525461171875 0.5085381140624999 0.8515474 0.501212740625 0.8522273984375 0.49072534218749997 0.85510023125 0.48688592656249996 0.8567789453125 0.48372390000000004 0.8585219234375 0.48178812656250003 0.8607816312500001 0.47798084375 0.86187935 0.475464075 0.8616865562499999 0.471785321875 0.85897699375 0.46700885000000003 0.8544601875 0.46294189843750005 0.84800760625 0.45713196875 0.8466246156249999 0.4562036921875 0.8480711015625 0.45898901406250003 0.8480037406250001 0.47325730625 0.8425034468750001 0.4849573734375 0.8349939390625 0.4894265765625 0.8207043468749999 0.48895276875000004 0.8042742796875 0.4942970421875 0.7949046671875 0.49438051875 0.7876755296875 0.4886459125 0.7875591171874999 0.48841169375 0.777926775 0.490898175 0.7755545765625 0.4941287859375 0.7733912671875001 0.49977544375000005 0.77061483125 0.5054542375 0.76622395 0.5155213046875 0.7633832484374999 0.5199738468749999 0.7631557156250001 0.5273634859375 0.7632199796875 0.5285897375 0.7620258609375 0.529267128125 0.7601222187500001 0.5281372734375 0.7564113328125 0.52771694375 0.7494741578124999 0.5243916484375 0.7469895234374999 0.5239070531250001 0.7438274984375 0.5222283390625 0.740084478125 0.5211948828125 0.736890321875 0.5189030453125001 0.733147303125 0.5178695890625 0.7305984046875 0.5161587421875 0.7261779953125 0.5139311671875 0.7223707125 0.5116714609375 0.719757546875 0.5087343640624999 0.716445846875 0.506768796875 0.69832336875 0.5114469125000001 0.697845690625 0.5129567640625 0.6942285953125 0.5260573281250001 0.6909328265625 0.545289146875 0.6878967234375 0.5577444515625001 0.683214040625 0.5739749078124999 0.6831471687499999 0.5844301749999999 0.6834582484375 0.590365928125 0.68821626875 0.5886509249999999 0.7367594046875 0.5766913734375 0.7492132671875 0.62468551875 0.74729069375 0.6279247812500001 0.6858429687500001 0.6431760546875 0.6753552640625 0.6426795234375 0.6720955484375 0.6314603015625 0.666396975 0.6352607375 0.6628174609374999 0.6636293375 0.667476846875 0.672554371875 0.6708638015624999 0.6785249640625 0.67641145625 0.6905304140624999 0.69902240625 0.734841328125 0.7018283656250001 0.7414571796875 0.7072770171875 0.7633047703125 0.7116626859374999 0.7766007375 0.717338871875 0.7910586890625 0.7180483953125 0.7928659312499999 0.7597409296875 0.79068091875 0.7704879953125 0.7845844046875 0.7752323375 0.781261715625 0.7860115359375001 0.7757783265625 0.791336871875 0.7718103796875 0.811604753125 0.7596816140625 0.8181563374999999 0.7556494015624999 0.8247079234375001 0.751617190625 0.8306142515625 0.7470039875000001 0.8395862062499999 0.7422301203125 0.8401350671875001 0.7409717375 0.8400386687499999 0.739132359375 0.83987800625 0.7360667328125 0.833620828125 0.7222540390625001
5 0.59528028125 0.8080681984375 0.6074385 0.8086854125 0.6473346953125 0.8199748124999999 0.6555427609375 0.721283284375 0.6684567593749999 0.6189363953125 0.664633784375 0.6057785640625 0.6628111328124999 0.604661265625 0.6273470578125 0.5981571906250001 0.6052466859375001 0.599315421875 0.5887632171875 0.8033921421875 0.59528028125 0.8080681984375
6 0.845896978125 0.4548025703125 0.8457407734375 0.4604875078125 0.8427267046875 0.47035648906249994 0.8355201296875 0.4760310875 0.7875591171874999 0.48841169375 0.7876755296875 0.4886459125 0.7949046671875 0.49438051875 0.8042742796875 0.4942970421875 0.8207043468749999 0.48895276875000004 0.8349939390625 0.4894265765625 0.8425034468750001 0.4849573734375 0.8480037406250001 0.47325730625 0.8480711015625 0.45898901406250003 0.845896978125 0.4548025703125
5 0.34519835625 0.46117348125 0.32621890625 0.46216815312500004 0.23373021875000002 0.5621731734375001 0.2250615140625 0.5734291875 0.223412928125 0.5812310921875 0.2372831359375 0.610337471875 0.3411571265625 0.7864652171875 0.3690719296875 0.7891172 0.381382925 0.7884720093750001 0.4743308046875 0.6874141875 0.3524582390625 0.47210908125 0.34519835625 0.46117348125
6 0.68821626875 0.5886509249999999 0.6661406624999999 0.596607953125 0.6632294625 0.6009451953125 0.6753552640625 0.6426795234375 0.6858429687500001 0.6431760546875 0.74729069375 0.6279247812500001 0.7492132671875 0.62468551875 0.7367594046875 0.5766913734375 0.68821626875 0.5886509249999999
3 0.6896215828125001 0.5136931828125 0.8355201296875 0.4760310875 0.8427267046875 0.47035648906249994 0.8457407734375 0.4604875078125 0.8463480796875 0.43838518437499996 0.8424380265625 0.4143125546875 0.8312060484374999 0.3937135203125 0.81783853125 0.3913242109375 0.6712672140625 0.4329942546875 0.6568309921875 0.44390325468749997 0.6451033140625 0.4643813234375 0.5904915875000001 0.4835755703125 0.58852128125 0.4880929296875 0.590533984375 0.501229746875 0.5958375921875 0.5097799953125 0.6003088109375 0.5108698984375 0.653111721875 0.4992744171875 0.6696510531250001 0.5116499250000001 0.6896215828125001 0.5136931828125