0 0.488610109375 0.69443433125 0.4853007921875 0.6679597890625 0.486192646875 0.661907915625 0.48123309374999995 0.669165796875 0.4736778078125 0.6939903078125 0.45424992968750005 0.7112595328125 0.4666621859375 0.7420203390625 0.4779951140625 0.7533532671875001 0.5364218000000001 0.6685934265625 0.5365952187499999 0.6607896 0.502398934375 0.69664054375 0.488610109375 0.69443433125
6 0.8487927046875001 0.43855937031250003 0.8471074703125 0.438348715625 0.8478240078124999 0.4449169859375 0.8794813296875 0.45697691875 0.8766740953125 0.453389896875 0.8487927046875001 0.43855937031250003
3 0.688300909375 0.55521973125 0.6906437796875 0.5448441578125001 0.6903815828125001 0.5446248671875 0.6799989937500001 0.5659224875 0.6391840734375 0.5946032421874999 0.6485604734375 0.602324984375 0.6598580046875 0.6021034640625 0.6618558875 0.5986671046875001 0.6699745109374999 0.5999489921875 0.67156466875 0.6018739203125001 0.6717752421875 0.6018697921875 0.6764776296874999 0.600448140625 0.6744834640625 0.58798460625 0.67921029375 0.5831187515625 0.6846171062499999 0.56749906875 0.688300909375 0.55521973125
1 0.2414146984375 0.6829204625 0.253443734375 0.7346976203125 0.2560587421875 0.739404634375 0.31449043125 0.7549449765625 0.3030189953125 0.7329372796875 0.297740825 0.7310451046875001 0.2824898703125 0.7301479890625 0.28159275625 0.7270080875 0.2858922109375 0.700079915625 0.25741388593750003 0.6454448671875 0.2445527078125 0.6567703828125 0.2414146984375 0.6829204625
3 0.40391408437500004 0.410568446875 0.374619178125 0.3953576296875 0.3706756328125 0.384653721875 0.339690634375 0.37958345 0.33180354375 0.38916063125 0.3295500890625 0.40268135781250003 0.33856390625 0.4122585390625 0.35095790625 0.41676544687500006 0.3532113609375 0.4240891734375 0.377999359375 0.4308495375 0.40391408437500004 0.45113062656249997 0.43658917343750003 0.49901653437500004 0.45912371875 0.5198609875 0.49454594375000005 0.538125571875 0.49688340468750003 0.5256591187499999 0.5321827953125 0.5411026031249999 0.5354921125 0.501942340625 0.5378256312499999 0.49902544375 0.51939338125 0.5056083890624999 0.4975899015625 0.5046999109375 0.479420334375 0.49970328124999996 0.45307446249999994 0.4783540390625 0.440355765625 0.45927599375000006 0.43263369999999995 0.44065218906250003 0.42672859062499996 0.41839446875 0.4263162203125 0.414683125 0.40391408437500004 0.410568446875
0 0.6598580046875 0.6021034640625 0.67156466875 0.6018739203125001 0.6699745109374999 0.5999489921875 0.6618558875 0.5986671046875001 0.6598580046875 0.6021034640625
6 0.5312181578125 0.9045093515625 0.54038554375 0.9128036515625 0.54867984375 0.903199725 0.5674511578125 0.8992708453124999 0.5770550859375 0.8931592546875 0.6063034109375 0.8316068078125 0.6077738453125 0.8195492453125001 0.5911359125 0.8138852671875 0.579026659375 0.8126325859374999 0.572763253125 0.8076218609374999 0.5772007796875 0.7744428171875 0.575745459375 0.7739832421874999 0.5683242421875 0.7761659515625 0.55915685625 0.78358716875 0.5482433015625 0.7997392296875 0.5338374109374999 0.8324798921875001 0.5294719890625 0.8495050375 0.5312181578125 0.8887938328124999 0.5281623625 0.89621505 0.5312181578125 0.9045093515625
0 0.5663790796875 0.5041485531250001 0.56544706875 0.48131430000000003 0.56345458125 0.483804909375 0.544830775 0.49652360624999997 0.5378256312499999 0.49902544375 0.5354921125 0.501942340625 0.5321827953125 0.5411026031249999 0.49688340468750003 0.5256591187499999 0.49357408593749996 0.5433088140625 0.4500014 0.550479003125 0.44669208281249995 0.5593038515625001 0.4500014 0.5752988875 0.4687542015625 0.5918454765625001 0.4720635203125 0.6050827484375 0.4930225328125 0.6155622546874999 0.4853007921875 0.6679597890625 0.488610109375 0.69443433125 0.502398934375 0.69664054375 0.5365952187499999 0.6607896 0.536043665625 0.685609484375 0.545420065625 0.708774709375 0.560311996875 0.720357321875 0.584168546875 0.7223453671875 0.59990468125 0.6046875 0.6220353828125 0.6046875 0.6571104578125 0.6130387078124999 0.6588721375000001 0.6142498640625 0.6577226984375 0.6093496234375 0.660856903125 0.6051706859375 0.6717752421875 0.6018697921875 0.6485604734375 0.602324984375 0.6391840734375 0.5946032421874999 0.6799989937500001 0.5659224875 0.6903815828125001 0.5446248671875 0.67308486875 0.5301585249999999 0.660103728125 0.513258546875 0.6529398609375 0.507288659375 0.5996024546875 0.516104759375 0.5951944046875 0.51478234375 0.59034555 0.50596624375 0.5901049390625001 0.5035601265625 0.574100821875 0.513524953125 0.574652375 0.506354765625 0.5663790796875 0.5041485531250001
3 0.56345458125 0.483804909375 0.5689054515625 0.47699132187500004 0.5788987125 0.45927599375000006 0.587983496875 0.4365640359375 0.5885785765625 0.43303074375 0.5312155078125 0.416159253125 0.5299191734375001 0.4092454671875 0.5325118421874999 0.3941215640625 0.5515247515625 0.29473590625 0.5534165140625 0.2909523796875 0.537108709375 0.2807600015625 0.523481534375 0.276217609375 0.5084916421875 0.27530913125 0.49395598749999997 0.2771260875 0.47624066093749995 0.2843939140625 0.4508032671875 0.3071058734375 0.440355765625 0.32300424375 0.4294540265625 0.351167071875 0.4258201125 0.367973921875 0.42445739531250004 0.39795370625 0.42672859062499996 0.41839446875 0.43263369999999995 0.44065218906250003 0.440355765625 0.45927599375000006 0.45307446249999994 0.4783540390625 0.479420334375 0.49970328124999996 0.4975899015625 0.5046999109375 0.51939338125 0.5056083890624999 0.544830775 0.49652360624999997 0.56345458125 0.483804909375
6 0.8484417000000001 0.47440464374999997 0.6383791734375001 0.45072817656249997 0.6576742265625 0.45510172187500003 0.650834321875 0.4657153671875 0.6974524890625 0.5218106687499999 0.7189992562499999 0.520223615625 0.7157949640625 0.5180874203125 0.737455303125 0.5136906953125 0.8484417000000001 0.47440464374999997
6 0.855299915625 0.5054884093750001 0.8522300812499999 0.5091722109375 0.8510021468750001 0.5196096484375 0.8516161140625 0.5269772515625 0.8540719828125001 0.5380286562500001 0.855299915625 0.5429403921875 0.8608256187500001 0.5527638625 0.8632814859375 0.55521973125 0.8645094203125 0.555833696875 0.8681932218749999 0.55521973125 0.8798585937500001 0.5527638625 0.88170049375 0.5533778296875 0.8866122296875 0.555833696875 0.8939798328125 0.555833696875 0.9001195031250001 0.5576755984374999 0.9031893375 0.5589035328125 0.9050312375 0.5607454328125 0.9093290062499999 0.5681130359375001 0.9111709078124999 0.5717968375 0.9140258781249999 0.5815853109375 0.9150070640625 0.5804078875 0.9269218609375001 0.5441454609374999 0.928994 0.5280863859375 0.9264038265625001 0.51979783125 0.928994 0.505292859375 0.9243316874999999 0.48871575 0.9144890296874999 0.4747288140625 0.8948037109375001 0.46281401562499996 0.8478240078124999 0.4449169859375 0.8490980921875 0.4565960828125 0.8477883890625 0.4729673609375 0.8484417000000001 0.47440464374999997 0.8497742140625 0.475404028125 0.8559138828125 0.4815436984375 0.8602116515624999 0.4858414671875 0.86266751875 0.49075320156249996 0.86266751875 0.494437003125 0.8614395859374999 0.496892871875 0.8589837171875001 0.5005766734375 0.8571418171875 0.5024185734375 0.855299915625 0.5054884093750001
5 0.2824898703125 0.7301479890625 0.297740825 0.7310451046875001 0.3030189953125 0.7329372796875 0.2858922109375 0.700079915625 0.28159275625 0.7270080875 0.2824898703125 0.7301479890625
5 0.3540928375 0.781864684375 0.3569504140625 0.7911518078124999 0.3784811734375 0.7902546921875 0.38162107500000003 0.7889090203125 0.386055525 0.7626718593749999 0.3685012859375 0.7798584703125 0.3664480265625 0.7818687296875 0.3541201375 0.7818687296875 0.3540928375 0.781864684375
5 0.7049243515625 0.2895505671875 0.6941215640625 0.30985981093750004 0.6910967828125 0.3197983765625 0.6876398906250001 0.3210947109375 0.556277978125 0.2852294515625 0.5515247515625 0.29473590625 0.5325118421874999 0.3941215640625 0.5299191734375001 0.4092454671875 0.5312155078125 0.416159253125 0.604674471875 0.43776482968749997 0.6383791734375001 0.45072817656249997 0.6576742265625 0.45510172187500003 0.6595519375000001 0.45218803281250003 0.6745393078124999 0.4420495171875 0.774707915625 0.419162328125 0.7852971015625 0.35739208125 0.78270443125 0.3167735953125 0.7796796500000001 0.307699253125 0.7079491328125 0.28739000937500003 0.7049243515625 0.2895505671875
5 0.8264434703125 0.759670721875 0.8270574375 0.7584427875 0.8270574375 0.7566008859375 0.8270574375 0.7535310515625 0.8215317343749999 0.7394098125 0.817233965625 0.7295863406249999 0.8141641312499999 0.7209908046875 0.8098663625 0.7123952671875 0.8098663625 0.7099394 0.8104803296875 0.708711465625 0.8166199984375 0.7080974984374999 0.8583697499999999 0.7123952671875 0.876788759375 0.7154651015625 0.8823144609375 0.7154651015625 0.8853842953125 0.714851134375 0.9031893375 0.7111673328125 0.90748710625 0.7099394 0.911784875 0.7050276640625001 0.914854709375 0.698274028125 0.9179245437500001 0.6902924578125 0.9197664453125001 0.6816969203125 0.9209943781250001 0.66757568125 0.9203804109375 0.6381052671874999 0.9197664453125001 0.62275609375 0.9185385109374999 0.6074069203125 0.9173105765624999 0.59758345 0.9154686765625 0.5865320453125 0.9111709078124999 0.5717968375 0.9093290062499999 0.5681130359375001 0.9050312375 0.5607454328125 0.9031893375 0.5589035328125 0.9001195031250001 0.5576755984374999 0.8939798328125 0.555833696875 0.8866122296875 0.555833696875 0.88170049375 0.5533778296875 0.8798585937500001 0.5527638625 0.8681932218749999 0.55521973125 0.8645094203125 0.555833696875 0.8632814859375 0.55521973125 0.8608256187500001 0.5527638625 0.855299915625 0.5429403921875 0.8540719828125001 0.5380286562500001 0.8516161140625 0.5269772515625 0.8510021468750001 0.5196096484375 0.8522300812499999 0.5091722109375 0.855299915625 0.5054884093750001 0.8571418171875 0.5024185734375 0.8589837171875001 0.5005766734375 0.8614395859374999 0.496892871875 0.86266751875 0.494437003125 0.86266751875 0.49075320156249996 0.8602116515624999 0.4858414671875 0.8559138828125 0.4815436984375 0.8497742140625 0.475404028125 0.8484417000000001 0.47440464374999997 0.8497404312500001 0.4772618515625 0.84892641875 0.4915070640625 0.8428213281250001 0.502903234375 0.8350882125 0.5069732953125 0.820843 0.5057522765625 0.8041557515625 0.5102293437500001 0.7947946109374999 0.5098223375 0.7878755078124999 0.503717246875 0.7877715125 0.50347725625 0.7780222390625 0.5054562125000001 0.7754842140625 0.50855824375 0.773028346875 0.5140839453125 0.7699585109375 0.5196096484375 0.7650467765625 0.52943311875 0.761976940625 0.5337308875 0.761362975 0.541098490625 0.761362975 0.542326425 0.760135040625 0.5429403921875 0.7582931390625001 0.5417124578125 0.7546093375 0.541098490625 0.7478557015625 0.5374146890625 0.745399834375 0.5368007218749999 0.74233 0.534958821875 0.738646196875 0.5337308875 0.7355763625 0.5312750203125 0.7318925609375 0.5300470859375 0.7294366937500001 0.5282051859375 0.725138925 0.5257493171875 0.7214551234375 0.5232934499999999 0.7189992562499999 0.520223615625 0.7157949640625 0.5180874203125 0.6974524890625 0.5218106687499999 0.6968964453125001 0.5232934499999999 0.6925986765625 0.53618675625 0.688300909375 0.55521973125 0.6846171062499999 0.56749906875 0.6790914046875 0.583462209375 0.6784774375 0.5938996484375 0.6784774375 0.5998435468750001 0.68331869375 0.5983799109375 0.7324212171875 0.5889773 0.74234619375 0.6375574562499999 0.740256725 0.640691659375 0.678095021875 0.6527061062499999 0.6676476765625 0.6516613718750001 0.6649795968750001 0.6402869250000001 0.6590899343750001 0.6437839125 0.654030628125 0.6719262968749999 0.658216528125 0.681082953125 0.6612863640625 0.6872226218749999 0.6661980984375 0.6995019609375001 0.6864590078125 0.7449355140625 0.688914875 0.7516891515624999 0.69321264375 0.7737919609375 0.6968964453125001 0.787299234375 0.70180818125 0.8020344406250001 0.7024221484375001 0.803876340625 0.7441719 0.803876340625 0.7552233046875 0.7983506390625 0.760135040625 0.795280803125 0.7711864453125 0.79036906875 0.7767121484375 0.7866852671875 0.7975870234375 0.7756338625 0.804340659375 0.771950059375 0.8110942968750001 0.7682662578125 0.817233965625 0.763968490625 0.8264434703125 0.759670721875
5 0.6571104578125 0.6130387078124999 0.6220353828125 0.6046875 0.59990468125 0.6046875 0.572763253125 0.8076218609374999 0.579026659375 0.8126325859374999 0.5911359125 0.8138852671875 0.630386590625 0.8272472000000001 0.6437485234375 0.729120503125 0.6620012453124999 0.6275897421875001 0.6588721375000001 0.6142498640625 0.6571104578125 0.6130387078124999
6 0.8350882125 0.5069732953125 0.8428213281250001 0.502903234375 0.84892641875 0.4915070640625 0.8497404312500001 0.4772618515625 0.8477883890625 0.4729673609375 0.847334871875 0.47863633281249995 0.8438084312499999 0.48833404375 0.8363147468750001 0.49362370312500004 0.7877715125 0.50347725625 0.7878755078124999 0.503717246875 0.7947946109374999 0.5098223375 0.8041557515625 0.5102293437500001 0.820843 0.5057522765625 0.8350882125 0.5069732953125
5 0.3541201375 0.7818687296875 0.3664480265625 0.7818687296875 0.46455748281250003 0.6858139203125 0.3541201375 0.46442556562500004 0.3474425296875 0.453125 0.32843703281250003 0.453125 0.2308412390625 0.548152484375 0.2215953203125 0.5589393874999999 0.2195406734375 0.56664431875 0.23186856250000001 0.5964367203125 0.326382384375 0.7777594328124999 0.3541201375 0.7818687296875
6 0.678095021875 0.6527061062499999 0.740256725 0.640691659375 0.74234619375 0.6375574562499999 0.7324212171875 0.5889773 0.68331869375 0.5983799109375 0.660856903125 0.6051706859375 0.6577226984375 0.6093496234375 0.6676476765625 0.6516613718750001 0.678095021875 0.6527061062499999
3 0.5951944046875 0.51478234375 0.5996024546875 0.516104759375 0.6529398609375 0.507288659375 0.6688088421875 0.520512809375 0.6886450671875 0.52359844375 0.8363147468750001 0.49362370312500004 0.8438084312499999 0.48833404375 0.847334871875 0.47863633281249995 0.8490980921875 0.4565960828125 0.8464532609375001 0.4323518078125 0.8363147468750001 0.41119316718750004 0.8230905953125 0.40810753125000004 0.6745393078124999 0.4420495171875 0.6595519375000001 0.45218803281250003 0.6467685921874999 0.4720242578125 0.591227159375 0.48833404375 0.589023134375 0.49274209375 0.59034555 0.50596624375 0.5951944046875 0.51478234375