6 0.4342720328125 0.588576790625 0.42820705625000005 0.5643612046875 0.4287266359375 0.5622077812499999 0.45196195625 0.55490406875 0.450884384375 0.553951975 0.42278000625 0.5587863921875 0.41303082187499995 0.564315040625 0.410507015625 0.5714534546875 0.41138853593749997 0.574370603125 0.412723246875 0.5745476468749999 0.421847028125 0.5868961953125 0.42442972812499996 0.5927689109375 0.4286035828125 0.5893202859375 0.4342720328125 0.588576790625
3 0.539435175 0.6178252734375 0.5392600671875 0.6212286125 0.54618665625 0.619629484375 0.5460656390625 0.6097911640625 0.548590309375 0.6064577640625 0.5367771671875 0.6094329187499999 0.539435175 0.6178252734375
0 0.6557669984375 0.47963242812500007 0.6253576078124999 0.48083311875 0.6260000421874999 0.50137988125 0.631052309375 0.5232636546875 0.6267155859375 0.524264865625 0.6273191171875 0.5435673765625 0.62688148125 0.5599045921875 0.6203167453125 0.5692376015625 0.6120167000000001 0.572356496875 0.605692628125 0.572313175 0.6055518015625 0.5722987671875 0.6189432906250001 0.604688909375 0.7294272515625 0.6019110578125 0.7404902765625 0.578607303125 0.744062103125 0.5550755125 0.7403413609375 0.5152182109375001 0.7473726671875001 0.489713228125 0.7463429265625 0.485252928125 0.740310046875 0.486254225 0.7212987953125001 0.51413349375 0.720753565625 0.49311821250000004 0.7094323078125 0.48086874843749994 0.70024795 0.4768496890625 0.6895413875 0.47601699062499997 0.6671509828125 0.4811862234375 0.6557669984375 0.47963242812500007
3 0.42924549375 0.60594768125 0.43883384843749995 0.606790721875 0.4342720328125 0.588576790625 0.4286035828125 0.5893202859375 0.42442972812499996 0.5927689109375 0.428162509375 0.601256759375 0.42924549375 0.60594768125
6 0.6685403890625 0.792923284375 0.659190575 0.7876820578125 0.6471650312499999 0.7756587734375 0.6413283437499999 0.774416346875 0.63322095625 0.7633384359375001 0.624263078125 0.7571582171875 0.6243478234375 0.7584616625 0.6277590140625 0.7630785234374999 0.6298951046875 0.7712002 0.6262939328125 0.78839404375 0.62921729375 0.8333571859375001 0.5941408234375001 0.841455228125 0.5934296484375 0.8427943453125 0.5859789109375 0.8472719390625001 0.61623475 0.870857215625 0.6336919515625 0.887176353125 0.638718125 0.8897158718749999 0.685221640625 0.8908193687500001 0.6897881171875 0.8897651140624999 0.6929759515625 0.8827393140625001 0.6997580125 0.8800635828125 0.6996491296875 0.87157895 0.69046060625 0.8574207265625 0.6969693296874999 0.8215089984375 0.6938339015625 0.81113316875 0.689618240625 0.807296559375 0.6789444546875 0.8027309859375 0.6685403890625 0.792923284375
0 0.600633371875 0.35235424375 0.5936575078125 0.34518541406250003 0.5898881671875 0.3449621640625 0.601247240625 0.3941637140625 0.6046147421875 0.391454140625 0.6358783828125001 0.3908779609375 0.6347159671875 0.3870521203125 0.6272346234375 0.376541465625 0.6280493703125 0.36278530781249996 0.6243177125 0.3500787671875 0.6206840015624999 0.3458629078125 0.6073940140625 0.3436103359375 0.600633371875 0.35235424375
6 0.6874949421875 0.39475044375 0.66367176875 0.3903657390625 0.6046147421875 0.391454140625 0.601247240625 0.3941637140625 0.6084324765625 0.4252863890625 0.61797619375 0.4314697609375 0.6233568859374999 0.4404503109375 0.6242576765625001 0.4456544078125 0.6253576078124999 0.48083311875 0.6557669984375 0.47963242812500007 0.6671509828125 0.4811862234375 0.695304546875 0.4746864609375 0.7117979046875 0.48190393125000003 0.7366753609375001 0.4776812453125 0.7472255765625 0.4706833578125 0.7493631484375001 0.466768228125 0.7487236640625 0.45741132812499996 0.74408571875 0.44555591562499997 0.7515817296875 0.4385027828125 0.7521084046875 0.4292568359375 0.743083434375 0.4165133390625 0.7449705515625 0.40657312812499996 0.7436372671875 0.4007980375 0.736834128125 0.3943848578125 0.714399015625 0.387778784375 0.6874949421875 0.39475044375
4 0.45446107500000005 0.5354550109375 0.449350015625 0.5446804625 0.4492090875 0.5524717609375001 0.45196195625 0.55490406875 0.45910315468749996 0.5526593281250001 0.4564757390625 0.5442745703125 0.45446107500000005 0.5354550109375
6 0.4365291375 0.7044784281250001 0.4502868203125 0.7069105921875 0.458266796875 0.7043112015624999 0.457184975 0.6842893234375 0.42458698593750005 0.68100701875 0.414815453125 0.6817283984375 0.4155416359375 0.6835912359375 0.42366234062499997 0.6959023109375 0.4365291375 0.7044784281250001
5 0.4287266359375 0.5622077812499999 0.42820705625000005 0.5643612046875 0.43883384843749995 0.606790721875 0.4667619296875 0.6092462578125 0.49092034531250006 0.6072787046875 0.4920633546875 0.620694146875 0.572282246875 0.6004909203125 0.5642512171875 0.5680735296874999 0.5407165984375 0.5656658328125 0.529407615625 0.56226331875 0.5195696 0.5561158421875 0.5168523390625 0.5496287953125 0.47022936406250004 0.5603925578125 0.46397308906249995 0.5583641453125 0.459407396875 0.553630240625 0.45910315468749996 0.5526593281250001 0.4287266359375 0.5622077812499999
6 0.6273191171875 0.5435673765625 0.6267155859375 0.524264865625 0.52820061875 0.5470088390625001 0.5168523390625 0.5496287953125 0.5195696 0.55611584375 0.529407615625 0.56226331875 0.5407165984375 0.5656658328125 0.605692628125 0.572313175 0.6120167000000001 0.572356496875 0.6203167453125 0.5692376015625 0.62688148125 0.5599045921875 0.6273191171875 0.5435673765625
3 0.374489334375 0.607577246875 0.379809740625 0.605036259375 0.42455592812500004 0.6055353578125 0.42924549375 0.60594768125 0.428162509375 0.601256759375 0.421847028125 0.5868961953125 0.412723246875 0.5745476468749999 0.4037200203125 0.573353390625 0.38649170312500003 0.5849674312500001 0.36159579062499997 0.6070791843750001 0.355661134375 0.6179950203125 0.354611103125 0.6217824421875 0.3618360921875 0.6209998796875 0.3673961296875 0.6180754 0.374489334375 0.607577246875
6 0.5672159015625 0.855894765625 0.57106635 0.847696265625 0.5842596890625 0.8483051187499999 0.5934296484375 0.8427943453125 0.5941408234375001 0.841455228125 0.5891408234375 0.84260956875 0.5569638984374999 0.8442409874999999 0.553102725 0.8444367546875 0.552839596875 0.8456389109375 0.548493459375 0.85395185 0.5488560609375 0.85778396875 0.5534323546875 0.8640370015625001 0.556559190625 0.8651425046875 0.5602196515625 0.8640363656250001 0.564032165625 0.8579350671875 0.5672159015625 0.855894765625
6 0.625381278125 0.7320086546875 0.6223748125 0.7281154937500001 0.6234284125 0.744320521875 0.6264215953125001 0.7378268515624999 0.625381278125 0.7320086546875
3 0.37447230625 0.6814191640625 0.3807039578125 0.68424666875 0.42458698593750005 0.68100701875 0.457184975 0.6842893234375 0.45483087343750006 0.640720628125 0.49301847343749994 0.6319043265625 0.49092034531250006 0.6072787046875 0.4667619296875 0.6092462578125 0.42455592812500004 0.6055353578125 0.379809740625 0.605036259375 0.374489334375 0.607577246875 0.3673961296875 0.6180754 0.3618360921875 0.6209998796875 0.3029261328125 0.6273806015625001 0.297870003125 0.6367521203125001 0.299645209375 0.65439156875 0.305685315625 0.6592323078125 0.318795184375 0.659159175 0.36272709999999997 0.666081471875 0.369294559375 0.6717849703125001 0.37447230625 0.6814191640625
1 0.484111053125 0.847934734375 0.5891408234375 0.84260956875 0.62921729375 0.8333571859375001 0.6149516828125 0.6139430640625 0.557094971875 0.6171111015624999 0.45483087343750006 0.640720628125 0.460501525 0.7456706359374999 0.484111053125 0.847934734375
6 0.4584862421875 0.34740501875 0.440705240625 0.3572980625 0.43154675937500003 0.359412465625 0.4213177640625 0.3652468015625 0.41906366093749997 0.36885412500000003 0.4203052078125 0.3859314265625 0.4564757390625 0.5442745703125 0.459407396875 0.553630240625 0.46397308906249995 0.5583641453125 0.47022936406250004 0.5603925578125 0.631052309375 0.5232636546875 0.5890179953125 0.34119303125 0.5834929843750001 0.32394705 0.584789190625 0.3228760671875 0.5812369953125 0.30748981875000003 0.5788983125 0.3107308015625 0.5792651234374999 0.3156623640625 0.5737700343750001 0.3169310046875 0.558692640625 0.308450075 0.5442362562499999 0.3110158625 0.48937088125 0.33410089374999996 0.47195621875000004 0.3439093625 0.4584862421875 0.34740501875