6 0.43582792187499997 0.5897104125 0.4293412484375 0.5656043609375 0.42982316562499995 0.5634421984375 0.45292748125 0.5557340859375001 0.45183345625 0.55480094375 0.42381773125000005 0.5601251125 0.4141665203125 0.5658230671875 0.4117676796875 0.5730044390625 0.41269997812500003 0.575905759375 0.41403757499999994 0.5760594828125 0.4233754796875 0.5882469171875 0.426060278125 0.5940736656250001 0.43017330937500003 0.590552721875 0.43582792187499997 0.5897104125
3 0.541485503125 0.6171190890625 0.54136981875 0.6205249671875 0.5482674453125 0.6188051953125 0.54797474375 0.6089704859375 0.550440853125 0.6055935328125 0.538681434375 0.6087744015625 0.541485503125 0.6171190890625
0 0.6553878125 0.476917021875 0.6250040078125 0.4786482453125 0.626004934375 0.4991806671875 0.63143835625 0.5209729328125 0.6271197671875 0.5220496781249999 0.62806008125 0.541338715625 0.6279076359375 0.5576810812499999 0.621506784375 0.5671272390625 0.6132624343749999 0.570390515625 0.60693856875 0.5704575703125 0.6067975125 0.5704456234374999 0.6207522484375 0.6025971171875 0.7311709015625001 0.597891478125 0.7418255359375 0.574398196875 0.74498613125 0.550807653125 0.74057035 0.511021359375 0.7471554625 0.485397546875 0.746048034375 0.480955896875 0.7400335499999999 0.48206232968749996 0.7215117531249999 0.51026914375 0.7205998390625 0.4892665796875 0.709066525 0.4772165640625 0.6998134234375 0.47335840625000003 0.689093959375 0.472712690625 0.6667971781250001 0.478271903125 0.6553878125 0.476917021875
3 0.4311053125 0.60716638125 0.44070691875 0.607841953125 0.43582792187499997 0.5897104125 0.43017330937500003 0.590552721875 0.426060278125 0.5940736656250001 0.42994062499999997 0.602495075 0.4311053125 0.60716638125
6 0.6736269359375 0.789937234375 0.6641870734374999 0.7848599843749999 0.6519535249999999 0.77304840625 0.6460960453125 0.7719080328125 0.63779655625 0.7609733015625 0.62873218125 0.7549503609375 0.6288396625 0.7562521296875 0.6323309078125 0.760808753125 0.6346084171874999 0.7688919125 0.6313078671875 0.7861459875000001 0.6350154984375 0.8310512609374999 0.6000857015625 0.8397602375 0.5993980046875 0.8411115640625001 0.592026546875 0.845718509375 0.622689396875 0.86877215625 0.6404287484375 0.8847841375 0.6454984765625 0.88723555 0.69201416875 0.88752728125 0.69656155 0.8863934921875 0.6996262828125 0.879313125 0.7063606124999999 0.8765194390625 0.70610366875 0.8680379984375 0.69666945 0.8540422937500001 0.7025504375 0.8180224421875 0.699234403125 0.8077029124999999 0.694952425 0.8039404625 0.684200584375 0.7995618671875 0.6736269359375 0.789937234375
0 0.598041271875 0.3506204359375 0.59094135625 0.3435744453125 0.58716869375 0.3434170125 0.599384721875 0.39241282499999997 0.6027044218750001 0.38964489375 0.633953246875 0.3885231765625 0.6327242359375 0.3847182046875 0.625060596875 0.37433971875 0.625635140625 0.36057143593749996 0.6216822921875 0.3479319578125 0.6179755578125 0.34378015781250004 0.60464828125 0.3417598703125 0.598041271875 0.3506204359375
6 0.685629528125 0.3914942359375 0.6617334593749999 0.38752597031249997 0.6027044218750001 0.38964489375 0.599384721875 0.39241282499999997 0.607112028125 0.4234053609375 0.6167622078125 0.42942123125 0.6222988125 0.43830650625 0.623290290625 0.4434940890625 0.6250040078125 0.4786482453125 0.6553878125 0.476917021875 0.6667971781250001 0.478271903125 0.69483301875 0.4712817828125 0.711449828125 0.478210303125 0.7362497984374999 0.47355408906249996 0.7466762765625 0.466373140625 0.7487451953125001 0.462421303125 0.7479425078124999 0.4530769875 0.7430983624999999 0.44130432343750003 0.7504701390624999 0.4341214421875 0.75083536875 0.42486771250000005 0.7415893687499999 0.41228366406249994 0.7433027171875 0.40231203125 0.741868846875 0.396561090625 0.73495481875 0.3902676171875 0.7124078328125 0.3840540984375 0.685629528125 0.3914942359375
4 0.45508678593749996 0.536244375 0.4501375125 0.545557621875 0.4501325828125 0.5533501921874999 0.45292748125 0.5557340859375001 0.46002841562499996 0.55336505625 0.45725506562499996 0.5450274296875001 0.45508678593749996 0.536244375
6 0.4401074453125 0.7055550046875 0.4539054796875 0.70774669375 0.46183887500000004 0.7050084296875 0.46040778906249996 0.6850084812499999 0.4277574796875 0.6822955890625 0.418000025 0.6831873953125001 0.4187586078125 0.685037275 0.42709293437499996 0.69720475 0.4401074453125 0.7055550046875
5 0.42982316562499995 0.5634421984375 0.4293412484375 0.5656043609375 0.44070691875 0.607841953125 0.4686736015625 0.609809703125 0.49279400000000007 0.607420828125 0.49417096718750003 0.620814278125 0.5740250453125 0.5992141156249999 0.565429478125 0.5669418234375 0.5418564234375001 0.5649452296875 0.53048978125 0.5617406015624999 0.520545975 0.5557657578125 0.517715915625 0.5493271234375 0.47128789375 0.560902928125 0.464997171875 0.5589840125000001 0.46034955625 0.5543305109375 0.46002841562499996 0.55336505625 0.42982316562499995 0.5634421984375
6 0.62806008125 0.541338715625 0.6271197671875 0.5220496781249999 0.5290167421875 0.546509509375 0.517715915625 0.5493271234375 0.520545975 0.5557657593750001 0.53048978125 0.5617406015624999 0.5418564234375001 0.5649452296875 0.60693856875 0.5704575703125 0.6132624343749999 0.570390515625 0.621506784375 0.5671272390625 0.6279076359375 0.5576810812499999 0.62806008125 0.541338715625
3 0.3763859328125 0.6097513250000001 0.38166118125000004 0.6071178703125 0.4264092640625 0.606835965625 0.4311053125 0.60716638125 0.42994062499999997 0.602495075 0.4233754796875 0.5882469171875 0.41403757499999994 0.5760594828125 0.4050148765625 0.5750225359375001 0.3879918765625 0.586935484375 0.363485659375 0.6094783625 0.35774241562500003 0.620496109375 0.35675864218750003 0.6243012796875 0.3639688734375 0.62339274375 0.369477025 0.6203716734375 0.3763859328125 0.6097513250000001
6 0.573416884375 0.8546674812499999 0.5771236625 0.84640303125 0.59032561875 0.8467815359375 0.5993980046875 0.8411115640625001 0.6000857015625 0.8397602375 0.5951066078125 0.8410016656250001 0.5629630546875 0.8431944 0.5591058875 0.843457525 0.5588637796875 0.844664090625 0.554663384375 0.8530516140625 0.5550928125000001 0.8568768203125 0.5597775390625 0.8630490343749999 0.5629231921875 0.8640997968749999 0.5665637890624999 0.86292994375 0.5702692421875 0.8567630359375 0.573416884375 0.8546674812499999
6 0.629411290625 0.7297851140625 0.6263373375 0.725945015625 0.62767359375 0.7421291890624999 0.6305529921875 0.73558426875 0.629411290625 0.7297851140625
3 0.377657625 0.68358229375 0.383937675 0.6863006109375 0.4277574796875 0.6822955890625 0.46040778906249996 0.6850084812499999 0.45729366718750003 0.6414875062500001 0.49532158437499996 0.63200608125 0.49279400000000007 0.607420828125 0.4686736015625 0.609809703125 0.4264092640625 0.606835965625 0.38166118125000004 0.6071178703125 0.3763859328125 0.6097513250000001 0.369477025 0.6203716734375 0.3639688734375 0.62339274375 0.305179246875 0.6308006140625 0.30028744218750003 0.6402589484375001 0.3023702296875 0.6578647281250001 0.308493896875 0.662599315625 0.32160049375 0.6622973953125 0.3656465296875 0.66845191875 0.37231252656249997 0.6740399312500001 0.377657625 0.68358229375
1 0.49018577187499995 0.84815904375 0.5951066078125 0.8410016656250001 0.6350154984375 0.8310512609374999 0.6169227546875 0.6119195265624999 0.5591301468750001 0.6160968203125 0.45729366718750003 0.6414875062500001 0.46479508437500006 0.7463225625 0.49018577187499995 0.84815904375
6 0.45582941562499996 0.348152775 0.4382237796875 0.35835463437500004 0.42910359375 0.3606285515625 0.41897798125 0.3666405203125 0.4167871765625 0.37028663281249996 0.41832657500000003 0.387339665625 0.45725506562499996 0.5450274296875001 0.46034955625 0.5543305109375 0.464997171875 0.5589840125000001 0.47128789375 0.560902928125 0.63143835625 0.5209729328125 0.5862328734375 0.339663640625 0.5804077203125 0.3225167109375 0.5816850375 0.32142326875 0.57786485625 0.3061013578125 0.5755830921875 0.3093826625 0.576035915625 0.314307071875 0.5705638046875 0.31567142187499997 0.5553406937500001 0.3074549203125 0.540931290625 0.3102726171875 0.48647716250000006 0.3343116640625 0.46923633281250005 0.34442256875 0.45582941562499996 0.348152775