6 0.398190571875 0.5530039984374999 0.40430269374999994 0.5670884578125001 0.405498125 0.5733916375 0.410340775 0.5709703140625 0.41603119375000003 0.5715209984375 0.415568984375 0.5465617328125 0.4165596609375 0.5445803812500001 0.440842440625 0.542690671875 0.4400066609375 0.5415205796875 0.41153508906249997 0.53990898125 0.4007921 0.5431028421875 0.396727184375 0.549490565625 0.396929896875 0.552531246875 0.398190571875 0.5530039984374999
3 0.5180921171875 0.626953125 0.5201873421875 0.6173397375 0.5233971562499999 0.6146597 0.5112175203125 0.6149012234375 0.511919534375 0.623676403125 0.5109833296875 0.626953125 0.5180921171875 0.626953125
0 0.7083681671875001 0.5284711 0.7003232953125 0.5224890171875 0.6900784578125 0.519269209375 0.6670990921875 0.519269209375 0.6563564078125 0.5151943984375 0.6264563109375 0.509523690625 0.6224602640625 0.5296883578125 0.6224602640625 0.5521477640625 0.6180094671874999 0.5521477640625 0.614255409375 0.5710913171875001 0.610153915625 0.5869113640625 0.6016579640625 0.594528425 0.5928690484375 0.5957002796875 0.5867168078125 0.5942354609375 0.58658283125 0.59418974375 0.5923449015625 0.6287621578125 0.7006220453124999 0.6509089859375 0.71664373125 0.63069114375 0.7254175125 0.6085659578125 0.730758075 0.5688932125 0.7433465421875 0.5456236203125 0.7433465421875 0.5410459953125 0.7372430421875 0.5406645265625001 0.7124475765625 0.56355265 0.71664373125 0.5429533390625 0.7083681671875001 0.5284711
3 0.41603119375000003 0.5715209984375 0.410340775 0.5709703140625 0.405498125 0.5733916375 0.407225884375 0.5825016359374999 0.407225884375 0.5873159484375 0.416378846875 0.5902942921875 0.41603119375000003 0.5715209984375
6 0.61959723125 0.8575772015625001 0.6188762171875 0.8467619859375001 0.6156316515625 0.8420753921875 0.6062584656250001 0.8352257546875 0.5983273078125 0.8233290171875 0.5903961484375 0.8161188734374999 0.58138346875 0.8016985859375 0.5759758609375 0.7991750343749999 0.570568253125 0.7865572828125 0.5632302109375 0.7785203796875 0.5630195734375001 0.7798094812499999 0.5653047671875 0.7850753625 0.56555913125 0.7934693968750001 0.5581824828124999 0.8094124765625 0.5509164125 0.8538808296875 0.5149172875 0.8538808296875 0.513923103125 0.8550256468749999 0.5056560875 0.857712428125 0.5298309390625 0.8874992984375 0.5431697062499999 0.9073271937499999 0.5474957921875 0.9109322671875001 0.5925591921875 0.9224684968749999 0.5972457859375 0.9224684968749999 0.601932378125 0.9163398734375001 0.6091425234375001 0.915258353125 0.610945059375 0.9069666875 0.60517694375 0.8911043703124999 0.61959723125 0.8575772015625001
0 0.6556340625 0.3951069515625 0.654856396875 0.38188663906250003 0.6522641796875 0.376961425 0.6398215328125 0.3717769890625 0.6312672140625 0.378775978125 0.6260827765625 0.3702216578125 0.6224602640625 0.36915621249999997 0.6224602640625 0.41965196406249994 0.626350978125 0.4177693609375 0.656942946875 0.4242407375 0.65667095 0.420251465625 0.6517457359375001 0.4083272625 0.6556340625 0.3951069515625
6 0.7597084453125 0.4640740359375 0.7597084453125 0.4581470375 0.754522321875 0.45036785312500005 0.7341482640625 0.43888429218749997 0.7063654578125 0.43962516875 0.6841392140625 0.42999379531250004 0.626350978125 0.4177693609375 0.6224602640625 0.41965196406249994 0.6224602640625 0.45159329374999996 0.6303684203125 0.45976505625 0.6335910218749999 0.4697258265625 0.633298059375 0.4749991765625 0.6264563109375 0.509523690625 0.6563564078125 0.5151943984375 0.6670990921875 0.519269209375 0.6959932109375 0.519269209375 0.71044026875 0.53001189375 0.7356300140625 0.5314936453125 0.7474840109375 0.5270483953125 0.750447509375 0.523714459375 0.751929259375 0.5144535234375 0.7500770718750001 0.501858653125 0.7589675703125 0.49667252812499996 0.76156063125 0.4877820296875 0.755633634375 0.47333497187500007 0.7597084453125 0.4640740359375
4 0.438707278125 0.5397014437500001 0.440842440625 0.542690671875 0.44830556718750003 0.5421098843750001 0.4476316515625 0.5333489874999999 0.4476525921875 0.524302271875 0.4405972546875 0.5321415375 0.438707278125 0.5397014437500001
6 0.385802096875 0.6594035828125 0.3761187328125 0.6579083578125 0.37640725625 0.6598868062500001 0.3815504390625 0.6737091109375 0.39215825312499997 0.6849598218749999 0.405016209375 0.6904244546875 0.41337639531250003 0.6896867906249999 0.41682624375 0.669934715625 0.385802096875 0.6594035828125
5 0.45740701406250006 0.5521477640625 0.45176738125 0.5487639843750001 0.44838360312500003 0.5431243515624999 0.44830556718750003 0.5421098843750001 0.4165596609375 0.5445803812500001 0.415568984375 0.5465617328125 0.416378846875 0.5902942921875 0.4430387578125 0.59896934375 0.46702059843750005 0.60248668125 0.4651164953125 0.6158154078125 0.54782411875 0.6141753125 0.54729125 0.5807821890625 0.5249014359374999 0.5731420640625 0.5146477015625 0.5672827875 0.5064447140625 0.5590797984375 0.505256365625 0.5521477640625 0.45740701406250006 0.5521477640625
6 0.5867168078125 0.5942354609375 0.5928690484375 0.5957002796875 0.6016579640625 0.594528425 0.610153915625 0.5869113640625 0.614255409375 0.5710913171875001 0.6180094671874999 0.5521477640625 0.5169031515625 0.5521477640625 0.505256365625 0.5521477640625 0.5064447140625 0.5590798 0.5146477015625 0.5672827875 0.5249014359374999 0.5731420640625 0.5867168078125 0.5942354609375
3 0.3328174265625 0.5825016359374999 0.330942321875 0.5859557796875 0.3381581734375 0.58681854375 0.344233571875 0.5852197546875 0.35350655 0.5765862921875 0.3592621921875 0.5753072609375 0.4027492640625 0.5858592703125 0.407225884375 0.5873159484375 0.407225884375 0.5825016359374999 0.40430269374999994 0.5670884578125001 0.398190571875 0.5530039984374999 0.389686746875 0.549815065625 0.3702874 0.5572559109374999 0.34105550625 0.5732005796874999 0.3328174265625 0.5825016359374999
6 0.47017237968750003 0.866726421875 0.472970390625 0.8685069750000001 0.4767858609375 0.8682526109375001 0.4818731546875 0.8631653171875 0.485434259375 0.86189349375 0.49103028281250005 0.8547712828125 0.503748515625 0.8583323875 0.513923103125 0.8550256468749999 0.5149172875 0.8538808296875 0.509785765625 0.8538808296875 0.47806654374999996 0.8482322015625 0.4742602953125 0.8475543765625 0.473733484375 0.8486665312499999 0.46762873281250006 0.8557887421875 0.46712000312499996 0.8596042109375001 0.47017237968750003 0.866726421875
6 0.569977171875 0.7542669390625 0.5679235328125001 0.7497972515625 0.565304790625 0.7658239546875001 0.5696820171875 0.7601700359375 0.569977171875 0.7542669390625
3 0.2748461125 0.6114399015624999 0.287636428125 0.614317721875 0.32888519375 0.6309451312500001 0.33400132031249996 0.63797980625 0.336879140625 0.648531815625 0.342315025 0.65268866875 0.385802096875 0.6594035828125 0.41682624375 0.669934715625 0.4243333015625 0.626953125 0.4635253921875 0.626953125 0.46702059843750005 0.60248668125 0.4430387578125 0.59896934375 0.4027492640625 0.5858592703125 0.3592621921875 0.5753072609375 0.35350655 0.5765862921875 0.344233571875 0.5852197546875 0.3381581734375 0.58681854375 0.27932272343750003 0.5797838703125 0.2722880484375 0.5877778171875 0.27004974375 0.6053645015625 0.2748461125 0.6114399015624999
1 0.5863738656249999 0.6368812125 0.529287365625 0.626953125 0.4243333015625 0.626953125 0.40625 0.730488890625 0.40625 0.8354429546875 0.509785765625 0.8538808296875 0.5509164125 0.8538808296875 0.5863738656249999 0.6368812125
6 0.600277709375 0.32656245781250004 0.5856146640625 0.32581050624999996 0.526962484375 0.3359618453125 0.5077877328125 0.34160147812499997 0.4938766390625 0.34197745468749996 0.4743259125 0.34761708593749996 0.464926525 0.34761708593749996 0.453647259375 0.351000865625 0.45063945624999996 0.3540086703125 0.4480076265625 0.37092756875 0.4476316515625 0.5333489874999999 0.44838360312500003 0.5431243515624999 0.45176738125 0.5487639843750001 0.45740701406250006 0.5521477640625 0.6224602640625 0.5521477640625 0.6224602640625 0.3652879359375 0.6209563609375001 0.3472411109375 0.6224602640625 0.346489159375 0.6224602640625 0.3306981890625 0.6194524593749999 0.3333300171875 0.618700509375 0.3382176984375 0.6130608765625001 0.3382176984375 0.600277709375 0.32656245781250004