5 0.780585571875 0.8438765796875 0.8098610890625 0.781659690625 0.81104374375 0.7759541828125001 0.8050646453124999 0.7718278703125 0.8051292296874999 0.771213384375 0.764055275 0.7491106624999999 0.75855879375 0.7499125390625 0.7486810312500001 0.7783214187499999 0.772536153125 0.8371505203125 0.76703989375 0.83687976875 0.780585571875 0.8438765796875
6 0.714204428125 0.43055541249999996 0.7356513625 0.42829690468750004 0.7807640859375 0.4179609203125 0.72895949375 0.4125160375 0.7118216671875001 0.4300838546875 0.714204428125 0.43055541249999996
1 0.6049278421875 0.8273472203125 0.713306046875 0.834232784375 0.7383564 0.75285985 0.6049278421875 0.8273472203125
1 0.7301126531250001 0.8645349078125 0.729999490625 0.8614924531250001 0.7376574546875 0.8354323593749999 0.713306046875 0.834232784375 0.7053431828125001 0.88900059375 0.7035604640625001 0.8966462421875001 0.7096539046875 0.8944219656250001 0.7184867890625 0.88452690625 0.7401440218750001 0.880309115625 0.743681546875 0.8754856765625 0.750937915625 0.8723519156249999 0.75310080625 0.868249871875 0.7491337828125 0.864802359375 0.7342597015625 0.8662695921875001 0.7301126531250001 0.8645349078125
1 0.6427535328125 0.88717830625 0.66689745625 0.9153991453125 0.672888578125 0.9126995328125 0.695294896875 0.912200840625 0.7027452953125 0.9001423046875001 0.7053431828125001 0.88900059375 0.713306046875 0.834232784375 0.6326257890625 0.830258390625 0.6282298140625 0.8297963562499999 0.6427535328125 0.88717830625
5 0.826642696875 0.5820374312500001 0.807817496875 0.5811371546874999 0.8086296703125001 0.5871692921875 0.8134596343749999 0.588876153125 0.8278847765625 0.5927852 0.8324932015625001 0.5899194999999999 0.8342564156250001 0.5824015421875 0.826642696875 0.5820374312500001
5 0.6395225421874999 0.3759843421875 0.6343227640625 0.3759112296875 0.6268802484375 0.3746555828125 0.6241692765625 0.37342383749999997 0.62219791875 0.37416345156249997 0.622346971875 0.38175360625 0.623753084375 0.3908961 0.6236546578125 0.391832565625 0.62059919375 0.3938784515625 0.61764215625 0.3949878703125 0.615300990625 0.39474180468750003 0.611332959375 0.3919577203125 0.60899179375 0.391711653125 0.6069712218750001 0.3929195 0.6015014796875 0.399919096875 0.5945778234375 0.40723928593750003 0.5928778453125 0.40990104218749995 0.5901190749999999 0.4181323859375 0.5833444734375 0.4330427296875 0.5806349156249999 0.44080583906250004 0.5796745484375 0.44543895625 0.578812609375 0.44913560625000004 0.5786424828125 0.464266703125 0.5793651890625 0.46903362031249995 0.609250128125 0.46768511406249996 0.6385646375 0.4145994453125 0.6485271453125 0.404633803125 0.657153225 0.40239394375000004 0.677048934375 0.4097625609375 0.6759013203124999 0.408212240625 0.673855434375 0.405156775 0.6709461953125 0.3968031078125 0.668505190625 0.3884986515625 0.665621265625 0.3844082953125 0.6624912734375 0.382659103125 0.6569709046875001 0.381132078125 0.6437366390625 0.3764272609375 0.6395225421874999 0.3759843421875
1 0.40738730937499995 0.6621219328125 0.412941040625 0.6640336515625 0.43054493593750004 0.6565879046875 0.43250399531249994 0.6590071421875 0.4268871859375 0.6956007515625 0.4156219671875 0.7143367078125 0.4621015875 0.7227632421875 0.4650902671875 0.7230773640625 0.46877971093750004 0.6528701140625001 0.4827032765625 0.6428077734375 0.47447169999999994 0.5918318171875 0.46447868750000004 0.49089196093750004 0.5372289078125 0.476913728125 0.5349940656250001 0.471464825 0.5281728640625001 0.4689772234375 0.5070163484375 0.45126026562500005 0.47841805312499996 0.44117180468750006 0.4683479734375 0.440113396875 0.4630269765625 0.45283412500000003 0.45074672343750005 0.4643807375 0.4478699546875 0.487539684375 0.4380352515625 0.5179353156250001 0.43333615312499996 0.5289507421875 0.4264702546875 0.5353117671875001 0.4234304421875 0.547386921875 0.415274725 0.5575963765624999 0.4119811515625 0.567874196875 0.40004669374999996 0.5803424875000001 0.3959944875 0.6020498921875 0.4071492890625 0.6138463 0.410307453125 0.6217035609375 0.3989278515625 0.6457394890625 0.3985833796875 0.6532286093749999 0.40738730937499995 0.6621219328125
5 0.7356513625 0.42829690468750004 0.7110657390624999 0.4308859390625 0.709084075 0.43186738125 0.7159330421875 0.43689043281249995 0.718611534375 0.440198096875 0.7335607546875 0.4373890578125 0.7747359078125 0.43172778593750005 0.78282815625 0.43195400624999997 0.7884838359375 0.43754291875 0.7896069328124999 0.4458843453125 0.791485778125 0.41550442343749994 0.7356513625 0.42829690468750004
3 0.6485271453125 0.404633803125 0.6385646375 0.4145994453125 0.609250128125 0.46768511406249996 0.6111423359375 0.46759973125 0.6163733640625 0.45940919999999996 0.718611534375 0.440198096875 0.7159330421875 0.43689043281249995 0.6808772953125 0.4111804390625 0.657153225 0.40239394375000004 0.6485271453125 0.404633803125
1 0.6111423359375 0.46759973125 0.5778962484375 0.46909990468749996 0.46447868750000004 0.49089196093750004 0.47447169999999994 0.5918318171875 0.4827032765625 0.6428077734375 0.6137273875 0.5481187265624999 0.626857134375 0.5400114546875 0.6369667625 0.5393997953125 0.6442866640625 0.5334722546874999 0.6503882484375 0.5391362281250001 0.659077340625 0.55734979375 0.7240529765625 0.7175861828125 0.7339556984375 0.717751696875 0.7493098625 0.725780546875 0.787409946875 0.74570346875 0.829154878125 0.7396133359375 0.807817496875 0.5811371546874999 0.798797834375 0.580705809375 0.781382115625 0.5788753437499999 0.7896069328124999 0.4458843453125 0.7884838359375 0.43754291875 0.78282815625 0.43195400624999997 0.7747359078125 0.43172778593750005 0.7335607546875 0.4373890578125 0.6163733640625 0.45940919999999996 0.6111423359375 0.46759973125
3 0.781382115625 0.5788753437499999 0.798797834375 0.580705809375 0.9078742453125 0.5859221640625 0.9133722656250001 0.387698809375 0.9099390421875 0.366321834375 0.90488116875 0.354998165625 0.89323019375 0.34695755625 0.8466600609375 0.341494834375 0.8102630234375001 0.3473254109375 0.8034927796875 0.3522938640625 0.7969013734375 0.36636916875000003 0.7935626578125 0.3819223546875 0.781382115625 0.5788753437499999
0 0.606381625 0.8293434609375 0.6098552046875 0.82786510625 0.6049278421875 0.8273472203125 0.606381625 0.8293434609375
1 0.6442866640625 0.5334722546874999 0.6369667625 0.5393997953125 0.626857134375 0.5400114546875 0.6137273875 0.5481187265624999 0.46877971093750004 0.6528701140625001 0.46040902812500006 0.8121576796875001 0.6326257890625 0.830258390625 0.772536153125 0.8371505203125 0.7315999843750001 0.7361978546875 0.7208577046875 0.7341745140625 0.7160951890625 0.727740796875 0.7171745656249999 0.7174712171875 0.7240529765625 0.7175861828125 0.659077340625 0.55734979375 0.6503882484375 0.5391362281250001 0.6442866640625 0.5334722546874999
0 0.7160951890625 0.727740796875 0.7208577046875 0.7341745140625 0.7446144578125 0.7386491687500001 0.8302515828124999 0.7847322250000001 0.915471609375 0.7971502203124999 0.9274138656250001 0.7964276828125 0.9256104765625001 0.785360684375 0.82862735 0.7672564703125 0.7339556984375 0.717751696875 0.7171745656249999 0.7174712171875 0.7160951890625 0.727740796875