5 0.7832653546875 0.7215167390625 0.776411240625 0.7508024984375 0.8062849968749999 0.8068157890625001 0.8007905453124999 0.8071210359375 0.8149933859375 0.8126636093749999 0.8376050921875 0.7477274265625 0.8381848796875 0.7419295531250001 0.8318072187500001 0.7384508296875001 0.8318072187500001 0.737832959375 0.7886479078125 0.720144715625 0.7832653546875 0.7215167390625
6 0.726865425 0.4040574265625 0.7706506125 0.3890625 0.718560665625 0.3890625 0.703353059375 0.40832546875000003 0.7057720578125 0.408545378125 0.726865425 0.4040574265625
1 0.7634817109375 0.7265596296875 0.6385701390625 0.81458603125 0.7470743734374999 0.8101052687499999 0.7634817109375 0.7265596296875
1 0.7884846249999999 0.844081978125 0.7902068875 0.8397763218750001 0.78590123125 0.8367623625 0.771262 0.8397763218750001 0.7669563453125 0.8384846250000001 0.7665257796875 0.835470665625 0.771417771875 0.8087528578125 0.7470743734374999 0.8101052687499999 0.744879925 0.8654054 0.7439061609375 0.8731955093750001 0.7497337203125001 0.8703464796875 0.7574839015625 0.8595823390625 0.7785816156250001 0.8531238562500001 0.781595575 0.8479570687500001 0.7884846249999999 0.844081978125
1 0.744879925 0.8654054 0.7470743734374999 0.8101052687499999 0.666420653125 0.81458603125 0.6620004640625 0.81458603125 0.6824426671875 0.8701354953125 0.7094042093749999 0.8956780109375 0.715080325 0.8923669437499999 0.737311771875 0.8895288859375 0.7434608953125 0.8767576296874999 0.744879925 0.8654054
5 0.8210325578125 0.5556238265625 0.835787284375 0.5580036203125001 0.840070915625 0.5546719078125 0.84103863125 0.547010828125 0.8334285609375 0.5474445625000001 0.8146123828125 0.5485169875 0.8160506375000001 0.554431184375 0.8210325578125 0.5556238265625
5 0.6526313515625 0.3677293828125 0.649335665625 0.36631694531250003 0.6436859203124999 0.365375321875 0.630032365625 0.3620796359375 0.62579505625 0.3620796359375 0.620616121875 0.3625504484375 0.6130831265625 0.3620796359375 0.610258253125 0.36113801093750003 0.6083750046875 0.3620796359375 0.609316628125 0.36961263125 0.6116706890625 0.3785580625 0.6116706890625 0.37949968749999996 0.6088458171875 0.38185374843750003 0.60602094375 0.383266184375 0.6036668828125 0.383266184375 0.599429571875 0.3809121234375 0.5970755109375 0.3809121234375 0.5951922625 0.3823245609375 0.590484140625 0.38985755625 0.58436358125 0.3978613640625 0.5829511453125 0.40068623593749997 0.5810678968749999 0.40916085625000004 0.5758889625 0.42469765937500004 0.5740057140625 0.4327014671875 0.5735349015625 0.4374095890625 0.5730640890625 0.44117608593749996 0.574476525 0.45624207656250004 0.57569355 0.46090733593750005 0.60527381875 0.456442390625 0.6288787765625 0.4005833296875 0.637745015625 0.389630915625 0.6460897125 0.38650165468750003 0.6666466609375 0.39175023750000004 0.66534328125 0.39032836875 0.6629892203125001 0.3875034953125 0.659222721875 0.37949968749999996 0.6559270374999999 0.3714958796875 0.6526313515625 0.3677293828125
1 0.41955811406250004 0.6229281796875 0.423520284375 0.6304122796875 0.4147154609375 0.6555060296875 0.41515570156250003 0.6629901312500001 0.42484100781249995 0.6709144734375 0.43056414375 0.672235196875 0.4472933109375 0.6629901312500001 0.4494945171875 0.6651913375 0.44773355156249994 0.7021716 0.4384884859375 0.7219824546875 0.4855942984375 0.725504384375 0.488599440625 0.725504384375 0.4849300171875 0.655296084375 0.49772550625 0.6438334578125 0.4842105859375 0.5939971875000001 0.463721228125 0.49465484374999996 0.5346117921875 0.4731487171875 0.5318196265624999 0.4679632671875 0.5247757671875 0.46620230312500005 0.5018832234375 0.45079385937499994 0.4723870609375 0.44375 0.4622615125 0.44375 0.4582993421875 0.4569572375 0.4472933109375 0.46972423281250003 0.44685307031250004 0.4930570171875 0.44024945156250006 0.5243141437500001 0.43672752187499997 0.535760415625 0.43056414375 0.5428042765625001 0.4288031796875 0.5551310296875 0.4217593203125 0.5661370609375 0.41955811406250004 0.57670285 0.408992325 0.590350328125 0.407231359375 0.6123623890625 0.41955811406250004 0.6229281796875
5 0.7741660515625 0.40276317656250005 0.7803749484375 0.40773029375 0.7823638093749999 0.41590862968750003 0.7810567953125 0.3854987390625 0.726865425 0.4040574265625 0.7026851125 0.409202175 0.7008168921875 0.41038538124999996 0.7081533921875 0.4146650046875 0.71116295625 0.41767457031250005 0.725736659375 0.41331829999999997 0.7660944859375001 0.40338406562499995 0.7741660515625 0.40276317656250005
3 0.71116295625 0.41767457031250005 0.7081533921875 0.4146650046875 0.6706022578125 0.3927601765625 0.6460897125 0.38650165468750003 0.637745015625 0.389630915625 0.6288787765625 0.4005833296875 0.60527381875 0.456442390625 0.6071467359375 0.4561596859375 0.6114929640625 0.44746723125 0.71116295625 0.41767457031250005
1 0.7741660515625 0.40276317656250005 0.7660944859375001 0.40338406562499995 0.725736659375 0.41331829999999997 0.6114929640625 0.44746723125 0.6071467359375 0.4561596859375 0.574239584375 0.461126803125 0.463721228125 0.49465484374999996 0.4842105859375 0.5939971875000001 0.49772550625 0.6438334578125 0.618134153125 0.535967378125 0.6303445328125 0.5265320859375 0.64033484375 0.5248670343749999 0.64699505 0.5182068265625001 0.65365525625 0.5232019828125 0.664200584375 0.540407515625 0.745569540625 0.692974309375 0.7554353140625001 0.6921038 0.7715446109374999 0.6984837203125001 0.811518490625 0.714314959375 0.8523981468749999 0.7038946546875 0.8146123828125 0.5485169875 0.8055970421875 0.549030815625 0.7880853937500001 0.549030815625 0.7823638093749999 0.41590862968750003 0.7803749484375 0.40773029375 0.7741660515625 0.40276317656250005
3 0.7926045296875001 0.3157304609375 0.78639071875 0.3213793796875 0.781306690625 0.33606656875 0.7796120156249999 0.3518835421875 0.7880853937500001 0.549030815625 0.8055970421875 0.549030815625 0.9146211796875001 0.5428170046874999 0.8993690984375 0.3451048390625 0.8937201796875 0.3242038390625 0.8875063687500001 0.31347089375000003 0.875078746875 0.306692190625 0.8281927187499999 0.3061272984375 0.7926045296875001 0.3157304609375
0 0.6385701390625 0.81458603125 0.6402246218750001 0.8164193750000001 0.6435246421875 0.81458603125 0.6385701390625 0.81458603125
1 0.7387167921875 0.6935789640625 0.745569540625 0.692974309375 0.664200584375 0.540407515625 0.65365525625 0.5232019828125 0.64699505 0.5182068265625001 0.64033484375 0.5248670343749999 0.6303445328125 0.5265320859375 0.618134153125 0.535967378125 0.4849300171875 0.655296084375 0.493255275 0.81458603125 0.666420653125 0.81458603125 0.8062849968749999 0.8068157890625001 0.7550206546875 0.710695146875 0.744125725 0.709805765625 0.7387167921875 0.7039051109375001 0.7387167921875 0.6935789640625
0 0.9531072515625001 0.7393090390625 0.854763003125 0.7314415000000001 0.7554353140625001 0.6921038 0.7387167921875 0.6935789640625 0.7387167921875 0.7039051109375001 0.744125725 0.709805765625 0.768220065625 0.71177265 0.8582050515624999 0.7486517421875 0.94425626875 0.7520937921875 0.956057578125 0.75012690625 0.9531072515625001 0.7393090390625