6 0.54090555 0.79441734375 0.542546696875 0.7958387390625 0.5448426578125 0.7955472109375 0.5528137078124999 0.7882044359375 0.554396521875 0.7790422515625 0.5518331062499999 0.7686431984375 0.5426366875 0.75859494375 0.531932571875 0.741453534375 0.525643034375 0.7387848171875 0.518448021875 0.7403457234374999 0.517336696875 0.7442029546875 0.51389726875 0.7413329765625 0.4941612984375 0.745614553125 0.49189620156249997 0.7404711796875 0.49046691875 0.74567794375 0.491206075 0.7508162765625 0.5011580062500001 0.75611455625 0.5071497046875 0.764372784375 0.5115831171874999 0.7669607328125 0.51166794375 0.7740033000000001 0.5157847921875 0.7784236828125 0.5283589046875 0.7877539859375 0.5339998046875001 0.789379215625 0.535239528125 0.792829259375 0.535304675 0.792803646875 0.54090555 0.79441734375
6 0.4893827296875 0.6321712078124999 0.4875208296875 0.6283598687499999 0.48386765625 0.637304690625 0.5051508703125 0.6368085421874999 0.5362668984375001 0.6264936796875 0.541534253125 0.6285056390625 0.5461041671875 0.6406299296875 0.54598178125 0.644072203125 0.5437790296875 0.64710260625 0.5117063703125 0.659613625 0.4865458625 0.6791960640625 0.4780340578125 0.6839342046875 0.478484346875 0.6949530640625 0.48467341875000003 0.7240703640625 0.4941612984375 0.745614553125 0.6076424281249999 0.720995640625 0.5954821046875 0.71005695 0.58814796875 0.6992283265625 0.5788350421875 0.6535932375 0.5787386453125001 0.65038839375 0.5770711359375 0.5949500734375001 0.5452363828125 0.6187439765625 0.5403214921874999 0.6193998765625001 0.5298915281250001 0.614229771875 0.51239916875 0.6233909843750001 0.497478353125 0.635504734375 0.49360035625 0.6355514421875 0.4893827296875 0.6321712078124999
6 0.4338974953125 0.5604500359375 0.42610903593750005 0.5673500875 0.419542553125 0.587256059375 0.42084579843750003 0.6020957265625 0.42813367500000005 0.6175143453125 0.441413328125 0.6291913421875 0.4554230859375 0.632692053125 0.473240109375 0.6279794171875 0.4847844828125 0.61843 0.4884477359375 0.6080877359375 0.4874952515625 0.5978010671875 0.479919353125 0.5781246171875 0.46863175 0.5598541234375001 0.46254731875 0.555902846875 0.45506831718749996 0.5540990171875 0.446025059375 0.5550957109375 0.4338974953125 0.5604500359375
0 0.4347138109375 0.5385452125 0.4315026515625 0.52714513125 0.42697904218750005 0.5281066546875001 0.43089071875 0.5390951671875001 0.42663419999999996 0.54131325 0.4099845203125 0.539598928125 0.3965047484375 0.5416761453125 0.3861063046875 0.536006425 0.37328941250000003 0.5387307390625 0.37339016406250003 0.5429119796874999 0.38483149375000003 0.5473093625 0.3808642375 0.5520296953125 0.38811929375 0.5615610015625 0.3896401109375 0.5659895890625 0.4002536984375 0.5642565515625 0.3971529859375 0.562026303125 0.40142528281249995 0.5611181984375 0.40890513124999994 0.562942965625 0.4203937953125 0.571270278125 0.42238851093749996 0.569532959375 0.41824130000000004 0.5599078359375 0.397925171875 0.5508301999999999 0.4055240234375 0.54580035625 0.4305264875 0.5423245796875 0.4347138109375 0.5385452125
6 0.3766637515625 0.3643477703125 0.38239683125 0.35962607968750004 0.3825008703125 0.3596596359375 0.3833849640625 0.3582982515625 0.3945840484375 0.3614878171875 0.40095162812499996 0.36158506875 0.40140874687499994 0.35635051406249996 0.39836237343750003 0.351165346875 0.3972319109375 0.34401755624999997 0.39118587968749996 0.337525753125 0.38864634531250003 0.3310663171875 0.3857430546875 0.317407403125 0.3840118828125 0.315988425 0.384005059375 0.3154218984375 0.3795846109375 0.3235761640625 0.3752090828125 0.34229111093750003 0.3701622890625 0.3439027765625 0.36684300625 0.34730299375 0.368251653125 0.35266240781249997 0.37349892812499996 0.3634036640625 0.3766637515625 0.3643477703125
6 0.5700725703125 0.41810031875 0.571052209375 0.417892090625 0.5725149843749999 0.41724388437500004 0.6044198765625 0.3976906671875 0.60756420625 0.3895096 0.6027063515625 0.36312073906250003 0.5722619015625 0.30648505937500004 0.5663136171875001 0.30324177343750003 0.561488653125 0.3035160796875 0.53796628125 0.313023546875 0.4963363625 0.3357439921875 0.4996686921875 0.3396650328125 0.5395089703125 0.3304666671875 0.5483218265625001 0.330917953125 0.5527215234375 0.335212928125 0.5566592125 0.34280231250000004 0.5624461953125001 0.3604589359375 0.5629820125 0.37254874843749997 0.560407425 0.38094123281250003 0.556373 0.3838327265625 0.5511599203124999 0.38505434374999997 0.5634172671875 0.41057148281250005 0.5700725703125 0.41810031875
6 0.4996686921875 0.3396650328125 0.440057278125 0.44878781874999996 0.5450477968749999 0.4294155078125 0.4996686921875 0.3396650328125
3 0.25688679375 0.567225521875 0.265846003125 0.563001896875 0.2724816953125 0.5505748234375 0.2752407984375 0.53491299375 0.2742800453125 0.5290290796875 0.270628590625 0.5213978046875 0.264657603125 0.5151292953125 0.2594530828125 0.5124667109375001 0.24693620468750002 0.5122281453124999 0.23447157500000002 0.5163271390624999 0.2204994015625 0.5337925593749999 0.21819056875 0.5406613546875 0.21798284843750002 0.546503725 0.21941527187499998 0.55460666875 0.22555641875000002 0.56576749375 0.23140948906249997 0.571481246875 0.24085106562499997 0.574982684375 0.2505813234375 0.5731952921875 0.25138568125 0.5726540015625 0.25688679375 0.567225521875
6 0.3857430546875 0.317407403125 0.3849296328125 0.3135805546875 0.383964259375 0.312034621875 0.38401188125 0.31598842656250004 0.3857430546875 0.317407403125
3 0.5624461953125001 0.3604589359375 0.5566592125 0.34280231250000004 0.5527215234375 0.335212928125 0.5483218265625001 0.330917953125 0.5395089703125 0.3304666671875 0.4996686921875 0.3396650328125 0.5319128453124999 0.3776056375 0.536503090625 0.3809072609375 0.539251159375 0.373712753125 0.5452828359375 0.3728195265625 0.5511599203124999 0.38505434374999997 0.556373 0.3838327265625 0.560407425 0.38094123281250003 0.5629820125 0.37254874843749997 0.5624461953125001 0.3604589359375
5 0.40008750312499997 0.4339658671875 0.40534571562500005 0.40641321093749994 0.39206812343749997 0.3983870875 0.3922676515625 0.39017890624999996 0.400163178125 0.3706137328125 0.40095162812499996 0.36158506875 0.3945840484375 0.3614878171875 0.3833849640625 0.3582982515625 0.370562428125 0.378043225 0.35948920625 0.3754457953125 0.3526881421875 0.397314759375 0.3526852296875 0.4118592796875 0.356472525 0.4355003984375 0.3668835125 0.4422613734375 0.38297130625000003 0.44224569843749995 0.3978819953125 0.438148 0.40008750312499997 0.4339658671875
1 0.39206812343749997 0.3983870875 0.4063456921875 0.40701768437499997 0.442240828125 0.451493334375 0.4607275984375 0.46895039218749995 0.46398785 0.47331240625 0.4655604234375 0.48619891718749997 0.46965818125 0.4981598375 0.5059974046875 0.49899031562499996 0.526831503125 0.494561890625 0.526136121875 0.44921468906250006 0.528377353125 0.44329445156249997 0.54470929375 0.43049068281249997 0.5477269625 0.4209057921875 0.5533956109375 0.4146458828125 0.5572975015625 0.41653843437500004 0.5592421125 0.42934586562500004 0.5757699203125 0.42661046562499993 0.5775276703125 0.4239037671875 0.5760485281250001 0.41877432031249995 0.5749090578125 0.41707229218749997 0.5700725703125 0.41810031875 0.5634172671875 0.41057148281250005 0.5452828359375 0.3728195265625 0.539251159375 0.373712753125 0.536503090625 0.3809072609375 0.5319128453124999 0.3776056375 0.451021165625 0.28242313124999996 0.43827311562500004 0.2645239625 0.4133466046875 0.26982225625 0.41276068906249996 0.2707244890625 0.405111403125 0.2859600125 0.40168398749999995 0.2862996859375 0.39973036875 0.278938015625 0.3952425609375 0.277947696875 0.389471478125 0.281896303125 0.3820360734375 0.2963086734375 0.3825716140625 0.3098044578125 0.3849296328125 0.3135805546875 0.38864634531250003 0.3310663171875 0.39118587968749996 0.337525753125 0.3972319109375 0.34401755624999997 0.39836237343750003 0.351165346875 0.40140874687499994 0.35635051562500003 0.400163178125 0.3706137328125 0.3922676515625 0.39017890624999996 0.39206812343749997 0.3983870875
3 0.798757196875 0.6102247828125 0.8345267875 0.6177504078125 0.8840718609374999 0.614001103125 0.8902952953125001 0.611374075 0.8909969828125 0.607312334375 0.8826566015624999 0.5754368484375 0.8785008515625 0.566929959375 0.8746199609374999 0.5646247953125 0.8679878249999999 0.566556178125 0.8641226015625 0.56555188125 0.8255088859375 0.5753245171875 0.8039969125 0.5882438890625 0.789712671875 0.5946710109375 0.773544053125 0.598368596875 0.7708301859375 0.6015538406250001 0.771338940625 0.6064016515625 0.7745929015625 0.6106659515625 0.7785111703125 0.6119198124999999 0.798757196875 0.6102247828125
3 0.39404006874999997 0.6712440234375 0.394878228125 0.6818840171875 0.39929155625 0.6946109703125 0.4055194578125 0.7038206515625001 0.4109605 0.70664975625 0.4145014640625 0.7058971015625 0.4766177265625 0.6847226125 0.4865458625 0.6791960640625 0.5117063703125 0.659613625 0.5437790296875 0.64710260625 0.54598178125 0.644072203125 0.5461041671875 0.6406299296875 0.541534253125 0.6285056390625 0.5362668968750001 0.626493678125 0.505150871875 0.6368085421874999 0.4615250578125 0.6378255375 0.44047005937500006 0.6445784203125 0.40100229218749994 0.6598000703125 0.3962494140625 0.6642265843749999 0.39404006874999997 0.6712440234375
5 0.4027726203125 0.7992416640625 0.4048302671875 0.785834878125 0.4115701953125 0.76477286875 0.4182436546875 0.7549417843749999 0.42594677968749994 0.7505400375 0.423981659375 0.74885760625 0.41621329218750003 0.7431882171875 0.40769934374999994 0.7399492171875 0.401145528125 0.7506823578125 0.3864020453125 0.781079134375 0.383392875 0.7966124015625 0.383879390625 0.8048393359375 0.3957781234375 0.8156892234375 0.402516084375 0.8195321953124999 0.4027726203125 0.7992416640625
5 1 0.717193696875 0.9994836843750001 0.708602178125 0.9959606703125001 0.69732978125 0.995299190625 0.6783115359375 0.9855495921875 0.676627240625 0.9338688265625 0.687987990625 0.9203860468749999 0.6934834890625 0.851515428125 0.701736109375 0.8448391531249999 0.703906521875 0.8396682734375001 0.711391909375 0.83060271875 0.7305993796875 0.822579009375 0.7405694734375 0.8094208515625001 0.7670331359375 0.8138155109375 0.7788715890625 0.8117040937500001 0.7830770203124999 0.8252317187499999 0.8590910046875001 0.8306108515625 0.88086311875 0.8343804609375001 0.8826915078124999 0.8355038671875 0.8862093578125 0.832466971875 0.891362834375 0.8329704921875001 0.8972664265624999 0.8427200921875 0.8989507218749999 0.8626412484375001 0.8954676750000001 0.88571213125 0.8961987640625001 0.910328375 0.8935960656249999 0.9150998609375 0.8948358375 0.9268844796875 0.8919552749999999 0.9513930593750001 0.8923807703125 0.9627418546875001 0.88921718125 0.9710537562500001 0.8912070703125 1 0.8870431109375 1 0.717193696875
5 0.6838573484375 0.666884240625 0.678069453125 0.5686270546875 0.677046015625 0.5638121546875 0.6729486171875 0.5627475296875 0.6251091984375 0.561689903125 0.6155087140625 0.563199053125 0.615018984375 0.5665871265625 0.5770711359375 0.5949500734375001 0.5788350421875 0.6535932375 0.58814796875 0.6992283265625 0.5954821046875 0.71005695 0.6146271140625 0.7272786390625 0.61916465 0.73405636875 0.6252803515625 0.7300466609375 0.6198392890625 0.7099121078125 0.6292973484375 0.6997724125 0.6369124921875 0.6846048890625 0.6392367328125 0.686433521875 0.640811253125 0.693841059375 0.6443020984375 0.6938732796875 0.6838573484375 0.666884240625
3 0.598463071875 0.5234510703125 0.5893719203125001 0.5117757093749999 0.5831829374999999 0.511924840625 0.5673600125 0.5234527546875001 0.52110061875 0.5655552859374999 0.51686498125 0.5730650734375 0.5160149265625 0.5891862609375 0.5010851062499999 0.606745021875 0.486750128125 0.6179566624999999 0.4859414359375 0.6251268234375 0.4893827296875 0.6321712078124999 0.49360035625 0.6355514437500001 0.497478353125 0.635504734375 0.51239916875 0.6233909843750001 0.5298915281250001 0.6142297734375 0.5403214921874999 0.619399875 0.5452363828125 0.6187439765625 0.615018984375 0.5665871265625 0.6161205937500001 0.5589659109375 0.6147764359375001 0.55264214375 0.598463071875 0.5234510703125
6 0.3790370796875 0.5913792046874999 0.3834667015625 0.5828915703125 0.3910278109375 0.5783315906250001 0.3924244890625 0.574097628125 0.38811929375 0.5615610015625 0.3803808140625 0.551394596875 0.3760134046875 0.5493701 0.367624309375 0.553121803125 0.36063189375000004 0.5526395421875 0.3484789890625 0.5417709984375 0.342208421875 0.5385105765625 0.330480075 0.5419877859375 0.3202424359375 0.5385863203125 0.3021418921875 0.546042709375 0.28170294375 0.5579332296875 0.2565356609375 0.5691883359375 0.23586923437500001 0.5830957531250001 0.2226031625 0.594773996875 0.21814623281249998 0.6062202531249999 0.2203055953125 0.6287276234375 0.22756181406249998 0.64588644375 0.2505027625 0.679724909375 0.2605053234375 0.6897381593749999 0.27261881250000003 0.6973341750000001 0.2941692609375 0.70456475625 0.32083935937499997 0.692662125 0.34731689062500004 0.6752228828125 0.370254996875 0.656567421875 0.38051543125 0.6461842296875 0.384364253125 0.6365076859375 0.3790370796875 0.5913792046874999
6 0.5260661828125001 0.8911616875 0.55504268125 0.8906109390625 0.5713625421875 0.8832862718750001 0.579495709375 0.8885680125000001 0.592374321875 0.8914389765624999 0.597719228125 0.8885502578125 0.6025943093749999 0.8801530046874999 0.6046892500000001 0.8586762203125 0.600496334375 0.8455464562499999 0.58626329375 0.8363034125000001 0.57750149375 0.8346605421875 0.566252815625 0.8163705546875001 0.54090555 0.79441734375 0.535304675 0.792803646875 0.529481825 0.7950929062500001 0.521813665625 0.7837534046875 0.50273471875 0.7797466875 0.46487820625 0.7632565984374999 0.4589630140625 0.7634623359375 0.45554611874999995 0.7589307453125 0.4364752921875 0.75001495625 0.426057684375 0.7504766625 0.4182436546875 0.7549417843749999 0.4115701953125 0.76477286875 0.4048302671875 0.785834878125 0.4027726203125 0.7992416640625 0.40249711250000003 0.8210327656249999 0.4048495390625 0.8321000625 0.4112474921875 0.8440600796875 0.4166263921875 0.8495767328125 0.5053606015625001 0.8860986234375 0.516264271875 0.8813273031250001 0.5191529906250001 0.8866722078124999 0.5260661828125001 0.8911616875
0 0.891452365625 0.834606453125 0.9033373640625 0.8381734703125 0.9107198796875 0.8392535062500001 0.9258204453125 0.835513934375 0.9455116953125 0.82470533125 0.955038371875 0.8096990999999999 0.9596633765625 0.7928205875 0.9591111859374999 0.7765126734375001 0.9519871296875 0.750474846875 0.9534468031250001 0.7324146781249999 0.952347209375 0.7297342421875 0.9483994125 0.7311032203125001 0.93904414375 0.75190134375 0.9363343734375 0.73790650625 0.92438571875 0.729054540625 0.8867702421875 0.7328111734375 0.8768370953125 0.7309486703125 0.865392890625 0.7344409062499999 0.859768765625 0.7316624921875 0.8419216109375001 0.743668665625 0.844399959375 0.7553283765625001 0.835823515625 0.7648341515625 0.8438377906250001 0.7888282875 0.858742403125 0.79413778125 0.8489683906250001 0.8054876515625 0.8330803687499999 0.8366817687499999 0.837083190625 0.8567599359375 0.8473689375 0.8752377015624999 0.8611678203125 0.881576996875 0.8825231234375 0.882336265625 0.9015078359375 0.871942765625 0.9076291265625 0.86958195 0.9095650624999999 0.869965225 0.9056870546875 0.8729089140624999 0.9108103734374999 0.8720848421875 0.9343637140625001 0.8570113140625001 0.9420119734375 0.8506169953124999 0.942325459375 0.84710635 0.9684135234375001 0.8314940515625 0.967320065625 0.825103375 0.9639392250000001 0.8229078296875001 0.9531635968750001 0.8270527281250001 0.9153753640625 0.8586630968750001 0.9072422093749999 0.86277616875 0.9013964390625 0.8626941046875001 0.8736149875000001 0.851644103125 0.854428390625 0.8199576046875 0.8586958093750001 0.8113677421875 0.8683179687499999 0.8042889343749999 0.8837527218749999 0.82829534375 0.891452365625 0.834606453125