5 0.5863146312499999 0.8099017125 0.5857129453125001 0.806048434375 0.5856677343750001 0.8644503468750001 0.5600815484375 0.8644782484375 0.56003370625 0.864583828125 0.548057634375 0.87877659375 0.538376440625 0.8836456687500001 0.5901150125 0.88726358125 0.595256446875 0.8181346968750001 0.5937076984375 0.8177962890625 0.5863146312499999 0.8099017125
3 0.4635343609375 0.621369565625 0.45998489062500003 0.6164184625 0.4529760125 0.6264416640625 0.44026321875 0.6719058546875 0.45537111250000006 0.6543253953125 0.4566440078125 0.6530460578125 0.46401233125 0.6456404421874999 0.4635343609375 0.621369565625
3 0.5288846125 0.888419503125 0.548057634375 0.87877659375 0.56003370625 0.864583828125 0.5600815484375 0.8644782484375 0.48580569999999995 0.8645592453125 0.4811690390625 0.864564303125 0.4800498125 0.8845108187499999 0.4890299234375 0.8879449328125 0.5288846125 0.888419503125
1 0.7984998437499999 0.7725351390624999 0.7997259015625 0.7759500859374999 0.803784965625 0.7740908046875 0.7984998437499999 0.7725351390624999
0 0.63619564375 0.5341132765625 0.6227623890625 0.5480301921875 0.638600803125 0.5522569578125001 0.6409252296875 0.5475703515625 0.6955874828125 0.5646615109375 0.6804173718750001 0.5503712171874999 0.66518093125 0.5315414281249999 0.66912555625 0.52132014375 0.6758658609375 0.5126303453125 0.6698778609375 0.44321881249999995 0.6267401078125 0.45880055625000005 0.618718228125 0.4701557875 0.6408705625 0.5076248484375 0.643699178125 0.5209950875 0.63619564375 0.5341132765625
1 0.2894659390625 0.8709197625 0.28564488125 0.8642180359375 0.2799102703125 0.8419396265625 0.27979379375 0.8252017 0.2984356140625 0.8110590046875 0.2983654875 0.7111194765625 0.3003296640625 0.7063622671875 0.363661321875 0.7026917265625 0.36335226249999997 0.6962245125 0.3642745609375 0.683035028125 0.341650653125 0.6814530109375 0.300904740625 0.6646296734375 0.2666905046875 0.6543185203124999 0.2595980515625 0.649164534375 0.255497790625 0.6418215171874999 0.25728905156250004 0.672833375 0.26339247656250003 0.6887193390624999 0.2651066484375 0.70842081875 0.2632813859375 0.7124156296875 0.2581534046875 0.712057046875 0.24572437656249999 0.7276777046875 0.234557659375 0.75472335625 0.23550802499999998 0.777978565625 0.22335156875 0.804439703125 0.21891216406249997 0.8237108828125 0.22081289375000002 0.870221303125 0.26111606875 0.9055038312500001 0.3093190984375 0.9088745156250001 0.32850778125 0.9071244843749999 0.3469469515625 0.8939853187500001 0.348855490625 0.8842798453125 0.29694085000000003 0.874445240625 0.2894659390625 0.8709197625
3 0.7639570765625 0.8421864609374999 0.7761326796875 0.8384977984375 0.7869694609375 0.8296079437499999 0.7958236953125 0.8166069015625 0.8016843578125 0.7977214499999999 0.8012143375 0.7800958375 0.7984998437499999 0.7725351390624999 0.78411375625 0.7683006203125 0.7227095703125 0.7481089125 0.721624484375 0.7710104796875 0.7246954421875 0.794228296875 0.725705228125 0.801862734375 0.72152525 0.847153303125 0.7639570765625 0.8421864609374999
1 0.2984681453125 0.85741955 0.2984356140625 0.8110590046875 0.27979379375 0.8252017 0.2799102703125 0.8419396265625 0.28564488125 0.8642180359375 0.2894659390625 0.8709197625 0.29694085000000003 0.874445240625 0.3794961671875 0.890084353125 0.3918847046875 0.8969562062499999 0.4095749203125 0.9016249765625 0.46766961875 0.9112639484375 0.469813 0.917419390625 0.4740519640625 0.9181447765625 0.47917746718750004 0.9000575296875001 0.4811690390625 0.864564303125 0.3942215421875 0.86465911875 0.3106242203125 0.870234059375 0.30482246874999996 0.8676530015624999 0.2984681453125 0.85741955
5 0.780221771875 0.399085975 0.7722425453125 0.39772054375 0.7629259828125 0.403932565625 0.7410112984375 0.4286429390625 0.66912555625 0.52132014375 0.66518093125 0.5315414281249999 0.6804173718750001 0.5503712171874999 0.6955874828125 0.5646615109375 0.8659849906250001 0.6179394328125001 0.872938646875 0.5743307343749999 0.8743433749999999 0.554242196875 0.8726351140625 0.5440293609375 0.85161926875 0.49814890468749995 0.8414934687500001 0.48129142812500003 0.8332164046875 0.47263793125 0.8282939765625 0.4622003390625 0.8267065406249999 0.4560333046875 0.8284006609375 0.43757994531250005 0.8264114546875 0.431384815625 0.7918534765625 0.4059553734375 0.780221771875 0.399085975
6 0.313481240625 0.48477735156249996 0.303746965625 0.4840966640625 0.2905507828125 0.4929557703125 0.2830661875 0.513393553125 0.2592088703125 0.5881170625000001 0.251841009375 0.6202080953125 0.252560678125 0.6365615421874999 0.2595980515625 0.649164534375 0.2666905046875 0.6543185203124999 0.300904740625 0.6646296734375 0.341650653125 0.6814530109375 0.3703899421875 0.6834626578125 0.37296693593749997 0.6799164296875 0.3743931359375 0.6595208046875001 0.38494092968750004 0.628583740625 0.3994919171875 0.573704825 0.40850652343749994 0.5580320671875 0.40822772343749997 0.5486965015624999 0.398636025 0.5326542671875 0.391673225 0.5256461328124999 0.33561110312500003 0.494709284375 0.313481240625 0.48477735156249996
5 0.4040396796875 0.7543374078125 0.3992983859375 0.7342513484375 0.40146428125 0.7221111046875001 0.41461260156249996 0.7098608484375 0.423004453125 0.7091306953125 0.42749128125 0.698992303125 0.3003296640625 0.7063622671875 0.2983654875 0.7111194765625 0.2984681453125 0.85741955 0.30482246874999996 0.8676530015624999 0.3106242203125 0.870234059375 0.3942215421875 0.86465911875 0.5856677343750001 0.8644503468750001 0.5857177296875 0.799867628125 0.57110470625 0.8227528921875 0.5681727421875 0.85698666875 0.51034005625 0.8529426125 0.5055617796874999 0.828931809375 0.48329963125 0.8010078828125 0.47121175 0.773795409375 0.4694613515625 0.7583585234375 0.4651991171875 0.7586140921875 0.435392275 0.7517009125 0.428350715625 0.7582323468750001 0.41525430625000004 0.7634624062500001 0.41051001718749996 0.7622526734374999 0.4040396796875 0.7543374078125
3 0.6009065265625 0.698540578125 0.60434215 0.6846453796875 0.5583678234375 0.719474203125 0.5003214671875 0.7522903015625 0.4890662359375 0.756163309375 0.4854776453125 0.7573981703125 0.4694613515625 0.7583585234375 0.47121175 0.773795409375 0.48329963125 0.8010078828125 0.5055617796874999 0.828931809375 0.51034005625 0.8529426125 0.5681727421875 0.85698666875 0.57110470625 0.8227528921875 0.597088834375 0.7820594875 0.5982872921875 0.777383621875 0.598289228125 0.77735758125 0.595541115625 0.7185268671875 0.6000341 0.6988789890625 0.6009065265625 0.698540578125
6 0.721624484375 0.7710104796875 0.7227095703125 0.7481089125 0.5987307000000001 0.7073405984375001 0.6009065265625 0.698540578125 0.6000341 0.6988789890625 0.595541115625 0.7185268671875 0.598289228125 0.77735758125 0.5878579968750001 0.9176101984375 0.6125589234375 0.9212088984375001 0.7205744484375 0.9287620796875 0.720556853125 0.8576460156250001 0.725705228125 0.801862734375 0.721624484375 0.7710104796875
3 0.9231019281249999 0.7393880687500001 0.918490096875 0.7621488578125 0.937929053125 0.7725987234375 0.9617918812499999 0.66652256875 0.9387796749999999 0.6574853703125 0.9371993390625001 0.680085221875 0.9323603500000001 0.6990626234375 0.921806525 0.707689853125 0.9200306062499999 0.716345565625 0.9192159890625 0.7279951328125 0.9231019281249999 0.7393880687500001
6 0.6227623890625 0.5480301921875 0.63619564375 0.5341132765625 0.643699178125 0.5209950875 0.6408705625 0.5076248484375 0.615629334375 0.46493114843749994 0.5836931421875 0.41706484687499995 0.57203505 0.402136303125 0.566548134375 0.3998708421875 0.556291296875 0.4052693921875 0.52151045 0.4451772734375 0.5009084125000001 0.46396574687500003 0.4957129171875 0.4777157734375 0.48588165625 0.4770283046875 0.426936896875 0.546295809375 0.42340776093750004 0.556398803125 0.4230803953125 0.56108035625 0.42797805312500004 0.5717726109375 0.4743149171875 0.6364072000000001 0.5018973640625 0.6167528296875 0.5333843296875 0.5996390875000001 0.538119434375 0.5947023265625 0.5560823218750001 0.5889345875 0.5752549421875 0.578422559375 0.6178587015625 0.5467215546874999 0.6227623890625 0.5480301921875
6 0.438645509375 0.6737883203125 0.423004453125 0.7091306953125 0.41461260156249996 0.7098608484375 0.40146428125 0.7221111046875001 0.3992983859375 0.7342513484375 0.4040396796875 0.7543374078125 0.41051001718749996 0.7622526734374999 0.41525430625000004 0.7634624062500001 0.428350715625 0.7582323468750001 0.435392275 0.7517009125 0.4651991171875 0.7586140921875 0.4854776453125 0.7573981703125 0.5003214671875 0.7522903015625 0.5583678234375 0.719474203125 0.60434215 0.6846453796875 0.6142374515625 0.64462434375 0.6211742140625 0.637500165625 0.62345115 0.6300501390625 0.62637978125 0.6132804593750001 0.624864484375 0.6014679671875001 0.63615545625 0.5571873671875001 0.638600803125 0.5522569578125001 0.6178587015625 0.5467215546874999 0.5752549421875 0.578422559375 0.5560823218750001 0.5889345875 0.538119434375 0.5947023265625 0.5333843296875 0.5996390875000001 0.5018973640625 0.6167528296875 0.4704806796875 0.6391393578125 0.45537111250000006 0.6543253953125 0.438645509375 0.6737883203125
1 0.5987307000000001 0.7073405984375001 0.78411375625 0.7683006203125 0.8936564265625 0.8005443046874999 0.9105890296875 0.801143021875 0.9231019281249999 0.7393880687500001 0.9192159890625 0.7279951328125 0.9200306062499999 0.716345565625 0.921806525 0.707689853125 0.9323603500000001 0.6990626234375 0.9371993390625001 0.680085221875 0.93992830625 0.6410591734375 0.6409252296875 0.5475703515625 0.63615545625 0.5571873671875001 0.624864484375 0.6014679671875001 0.62637978125 0.6132804593750001 0.62345115 0.6300501390625 0.6211742140625 0.637500165625 0.6142374515625 0.64462434375 0.5987307000000001 0.7073405984375001