6 0.7633505859375 0.4438190421875 0.8880726843750001 0.41947006093750006 0.9138891890625 0.3512970203125 0.9097081328125001 0.359397403125 0.9016819515625001 0.3660513640625 0.9042572671875 0.356767815625 0.7630448203125 0.4369744984375 0.7633505859375 0.4438190421875
6 0.7624758593750001 0.424238334375 0.7090516671875 0.40172948750000004 0.7040039390625 0.39653015625 0.7050293 0.4136044765625 0.7137330875 0.45235458125 0.7323060984375 0.45511785156249995 0.7445228875 0.44749469687500004 0.7630448203125 0.4369744984375 0.7624758593750001 0.424238334375
4 0.54479856875 0.8633598203125 0.55114494375 0.8804621593749999 0.564859496875 0.8932489125 0.57465048125 0.8944736687500001 0.6183596625 0.8932455031250001 0.6826296734375 0.897241078125 0.7011840703125001 0.8941258937500001 0.7071489015625 0.889369584375 0.7133677406250001 0.8725131375 0.71314855625 0.859956040625 0.7087182750000001 0.8235048640624999 0.687365859375 0.8102321484375 0.673857490625 0.8347036234375 0.6631379515625 0.8424895453125 0.653818921875 0.8372244875 0.631449446875 0.8026871124999999 0.6096098828125001 0.8005170609375 0.6043252171875 0.7791227015625 0.5969132765625 0.7061976265625 0.5955400125 0.6863135625 0.5903464890625 0.703939225 0.5867311390625 0.7315078171875 0.5863269484375 0.77540660625 0.581932525 0.79186955625 0.5734019406249999 0.8060638140625 0.5452161953125 0.8065557968749999 0.53969209375 0.8311000890625 0.54479856875 0.8633598203125
0 0.54303386875 0.364751746875 0.5363244609375 0.34113345625 0.5350178624999999 0.3217804234375 0.537346125 0.3164114265625 0.5374922703125 0.297033034375 0.5468475890625 0.27797829375 0.555963784375 0.272975209375 0.5976353546875 0.2673143203125 0.5992206062500001 0.25799508125 0.6037563015625 0.2543385046875 0.6180615656249999 0.2540888046875 0.6365788984375 0.2609203953125 0.6411101359375 0.2652961625 0.65179440625 0.2655919484375 0.6707736796875 0.2582792921875 0.708482353125 0.25199944687500003 0.7185890734375 0.25397179062499997 0.6899914046875 0.2392109546875 0.5916837515625 0.231657103125 0.5407719703125 0.25993386875 0.52183668125 0.2855457078125 0.515834434375 0.3037687578125 0.513777634375 0.33077140312500003 0.5192882171875 0.3567992484375 0.528043621875 0.3756074125 0.5439231234374999 0.39218445 0.5732671859375 0.4076837515625 0.5952298093749999 0.41067123437499997 0.6554064546875 0.4062500046875 0.686341971875 0.39222665156250003 0.6904033765625 0.389297040625 0.677054684375 0.38388991093749997 0.6676725234374999 0.37446728125 0.6667285421875 0.374702546875 0.6256350421875 0.37929500625 0.570889609375 0.378797403125 0.555317584375 0.3747096484375 0.54303386875 0.364751746875
6 0.6411101359375 0.2652961625 0.6365788984375 0.2609203953125 0.6180615656249999 0.2540888046875 0.6037563015625 0.2543385046875 0.5992206062500001 0.25799508125 0.5976353546875 0.2673143203125 0.61733655 0.2646380046875 0.6411101359375 0.2652961625
6 0.7036511109375 0.269912921875 0.729578309375 0.28447663749999996 0.74138623125 0.294927240625 0.7490665843750001 0.2909180125 0.749089259375 0.2909251328125 0.76071456875 0.2639719328125 0.7469427093750001 0.25950504531249996 0.708482353125 0.25199944687500003 0.6707736796875 0.2582792921875 0.65307464375 0.265098678125 0.6554181296875 0.2656922703125 0.692454228125 0.26671759375000004 0.7036511109375 0.269912921875
6 0.729578309375 0.28447663749999996 0.6554181296875 0.2656922703125 0.65179440625 0.2655919484375 0.65307464375 0.265098678125 0.6365788984375 0.2609203953125 0.7249120578125 0.2912598328125 0.729578309375 0.28447663749999996
6 0.701245446875 0.39368881875 0.7090516671875 0.40172948750000004 0.7624758593750001 0.424238334375 0.760833246875 0.387468603125 0.7327143546875 0.3658813421875 0.6676725234374999 0.37446728125 0.677054684375 0.38388991093749997 0.701245446875 0.39368881875
6 0.8840200546875 0.34590801875 0.7249120578125 0.2912598328125 0.6676725234374999 0.37446728125 0.6918080296875 0.3684520328125 0.7148829046875 0.3583613390625 0.7261154984375 0.351097209375 0.72347090625 0.358785021875 0.7327143546875 0.3658813421875 0.8840200546875 0.34590801875
6 0.8706478140625 0.3734268234375 0.8686391812500001 0.381524284375 0.8718932171875 0.4406981765625 0.8842974828125 0.42831192187499995 0.8990270578124999 0.393813934375 0.90232691875 0.3779135375 0.9006515281249999 0.3697658546875 0.9044979640624999 0.3559001515625 0.9016402453125 0.3385740625 0.8932161109375001 0.3244114828125 0.892603171875 0.323968278125 0.8895801437499999 0.3277606328125 0.8840200546875 0.34590801875 0.8706478140625 0.3734268234375
5 0.7703291765625 0.299952409375 0.7744127609375 0.2966019921875 0.8144050203125 0.28599717812500003 0.8497047171875 0.2903343921875 0.8597717125000001 0.2995150453125 0.8650020921875001 0.31538461875 0.8686391812500001 0.381524284375 0.8706478140625 0.3734268234375 0.8840200546875 0.34590801875 0.8895801437499999 0.3277606328125 0.89738496875 0.31796956875000004 0.8980631156250001 0.3087226765625 0.8733060421875001 0.2852276234375 0.838506734375 0.2635869609375 0.8023093093749999 0.23399497187499999 0.779811625 0.21969553749999998 0.749089259375 0.2909251328125 0.76075616875 0.2945891375 0.7610113453125 0.298368753125 0.7614094687499999 0.3042656546875 0.7633295578125 0.303263346875 0.7631774109375 0.294546875 0.769489546875 0.2954054890625 0.7703291765625 0.299952409375
1 0.6435121359375 0.806466375 0.6408180437500001 0.8075989453125001 0.6373536390625001 0.803273771875 0.631449446875 0.8026871124999999 0.653818921875 0.8372244875 0.6631379515625 0.8424895453125 0.673857490625 0.8347036234375 0.6872560578125 0.8104310625 0.687365859375 0.8102321484375 0.672453553125 0.8009626234375 0.6674170187499999 0.8062609671875001 0.6662466265625 0.806144671875 0.657314090625 0.8197947671874999 0.6545821125 0.8187569109374999 0.6486325796875 0.8043944828124999 0.6434670125 0.8038812156249999 0.6435121359375 0.806466375
1 0.7173099609375 0.8296550765624999 0.72342414375 0.8446938796874999 0.7323426359375 0.8581075125 0.7517678390625 0.8516960984375 0.7264288015625 0.8345137703125 0.7168694953125 0.82857168125 0.7173099609375 0.8296550765624999
3 0.5452161953125 0.8065557968749999 0.5734019406249999 0.8060638140625 0.581932525 0.79186955625 0.5863269484375 0.77540660625 0.5867311390625 0.7315078171875 0.5903464890625 0.703939225 0.5955400125 0.6863135625 0.5918094265625 0.6322968953125 0.5902094421874999 0.6290330625 0.57708315625 0.614631603125 0.5617085984375 0.6055364 0.54823214375 0.604601184375 0.5325891125 0.61365258125 0.5199632140625 0.627918321875 0.509994065625 0.6602796046875 0.5107712921875 0.7048068734374999 0.51769501875 0.70891146875 0.56289631875 0.7280007484375 0.5452161953125 0.8065557968749999
0 0.698055078125 0.600631578125 0.6896454000000001 0.584521421875 0.68503298125 0.5662046515625 0.681331946875 0.5515071609375 0.6717564234375 0.541173834375 0.6700889984375 0.54083371875 0.659646965625 0.5410159859375 0.643268146875 0.555487503125 0.6377151953125 0.567095571875 0.6695584343750001 0.5772377875 0.698055078125 0.600631578125
6 0.7577212859375 0.3178075890625 0.7613902625 0.3072864234375 0.7703291765625 0.299952409375 0.769489546875 0.2954054890625 0.7631774109375 0.294546875 0.7633295578125 0.303263346875 0.7614094687499999 0.3042656546875 0.76075616875 0.2945891375 0.7490665843750001 0.2909180125 0.74138623125 0.294927240625 0.729578309375 0.28447663749999996 0.7036511109375 0.269912921875 0.692454228125 0.26671759375000004 0.61733655 0.2646380046875 0.555963784375 0.272975209375 0.5468475890625 0.27797829375 0.5374922703125 0.297033034375 0.537346125 0.3164114265625 0.5350178624999999 0.3217804234375 0.5363244609375 0.34113345625 0.54303386875 0.364751746875 0.555317584375 0.3747096484375 0.570889609375 0.378797403125 0.6256350421875 0.37929500625 0.6667285421875 0.374702546875 0.6918080296875 0.3684520328125 0.7148829046875 0.3583613390625 0.7364374125 0.344422015625 0.743540540625 0.33509450625000003 0.751806575 0.33688780625 0.7583901359375 0.332779728125 0.7577212859375 0.3178075890625
3 0.564722084375 0.5051993796875001 0.5644283015625 0.514234271875 0.5691151328124999 0.5240852046875 0.5925932515625 0.5241268828125001 0.60396368125 0.52889478125 0.6274575578125 0.529839159375 0.64932723125 0.5411961171875 0.7414027875 0.5395889328125001 0.748545615625 0.534949371875 0.7528779218749999 0.5244895203125 0.7537198796875 0.4951280859375 0.748502915625 0.4807715234375 0.7430236781249999 0.47725525781249994 0.7294752765625 0.47704025781250003 0.6464267375 0.478489875 0.6303593109375 0.4891545625 0.5691016609374999 0.49744763125 0.564722084375 0.5051993796875001
1 0.37293729999999997 0.6478277578125 0.3740034796875 0.64383349375 0.411146878125 0.6568159687499999 0.42040971093749996 0.6668773953125 0.4700432890625 0.6839512390625 0.46531481562500004 0.648427590625 0.46566604843750004 0.6018552609375 0.4629321625 0.5786198812500001 0.4552354171875 0.571187221875 0.43762605624999995 0.56276343125 0.382673509375 0.5491706953125 0.33040782968750004 0.751027053125 0.36935640625 0.7029814703125 0.3772883453125 0.669333934375 0.37293729999999997 0.6478277578125
5 0.5886979015625 0.5872438546875001 0.5969132765625 0.7061976265625 0.6043252171875 0.7791227015625 0.6096098828125001 0.8005170609375 0.6674170187499999 0.8062609671875001 0.672453553125 0.8009626234375 0.625651940625 0.7718706265625 0.6067860484375001 0.7497991640625 0.61260235625 0.7300969671875001 0.6218461625 0.714255078125 0.6359498718750001 0.7201691078125 0.648237225 0.7182745734375 0.696088209375 0.7325598515625 0.7510580375 0.7696816546874999 0.75429250625 0.772229278125 0.7637521078125 0.7683591578125 0.786566721875 0.7740999546875 0.7998113734375 0.7591350984375 0.8190463187500001 0.700478571875 0.8200594999999999 0.688182828125 0.8087983640624999 0.6761013328125001 0.7237444453124999 0.6217207859375 0.6695584343750001 0.5772377875 0.6238756421875 0.5626876109375 0.591327271875 0.5620279390625 0.5886979015625 0.5872438546875001
0 0.4679497828125 0.3812300703125 0.44634100468750004 0.3986505828125 0.45612162500000003 0.3777843890625 0.4559800046875 0.3696709890625 0.451104884375 0.369350290625 0.4100502171875 0.41186364375 0.40101720781249994 0.429064646875 0.3845617640625 0.439496715625 0.3898546625 0.46375194375 0.3965153265625 0.47337472812500003 0.46789108125 0.40111498125 0.4813581359375 0.3822134078125 0.4799570203125 0.37168723125 0.47180821406250006 0.36980050000000003 0.4679497828125 0.3812300703125
1 0.7510580375 0.7696816546874999 0.696088209375 0.7325598515625 0.648237225 0.7182745734375 0.6359498718750001 0.7201691078125 0.6218461625 0.714255078125 0.61260235625 0.7300969671875001 0.6067860484375001 0.7497991640625 0.625651940625 0.7718706265625 0.7264288015625 0.8345137703125 0.8431745890625001 0.9136787515625 0.850963609375 0.910742696875 0.8690994218749999 0.8589043671875001 0.8678526859375 0.8516458796874999 0.8253070234375001 0.820467421875 0.7903227859374999 0.8053975359375001 0.7840862734375 0.8010262406249999 0.7788815078125 0.7915967625 0.7510580375 0.7696816546874999
5 0.49823587812500003 0.9932264249999999 0.5333802109375 0.8591445890625 0.56289631875 0.7280007484375 0.51769501875 0.70891146875 0.4832616703125 0.688498334375 0.42040971093749996 0.6668773953125 0.411146878125 0.6568159687499999 0.3740034796875 0.64383349375 0.37293729999999997 0.6478277578125 0.3772883453125 0.669333934375 0.36935640625 0.7029814703125 0.322654146875 0.7605917203125 0.3112560796875 0.7908920562499999 0.2968605546875 0.812157503125 0.29368183281250004 0.82527585 0.28244520624999997 0.83228739375 0.27598865781250004 0.8528463140625 0.27870574375 0.8783566640625 0.2755171125 0.890907234375 0.291025496875 0.9008596453125 0.3218837 0.9116800265625 0.41808300468750004 0.956572809375 0.4794595765625 0.9912823640624999 0.49823587812500003 0.9932264249999999
3 0.7577212859375 0.3178075890625 0.769464646875 0.580681790625 0.7706130796874999 0.5834136203125 0.77556494375 0.5833271859375 0.8795156953125 0.57931121875 0.8650020921875001 0.31538461875 0.8597717125000001 0.2995150453125 0.8497047171875 0.2903343921875 0.8144050203125 0.28599717812500003 0.7744127609375 0.2966019921875 0.7613902625 0.3072864234375 0.7577212859375 0.3178075890625