3 0.73420445 0.5068605890625 0.7771500640625 0.539858809375 0.8001594984375 0.5510118328125 0.805941734375 0.566840009375 0.8377632296874999 0.556350740625 0.8417626140625 0.5561103078125 0.8431079203125 0.554412003125 0.8554173890625 0.51962798125 0.8580741453125 0.4849892609375 0.850097775 0.4509439875 0.840137634375 0.4322656578125 0.8181494609375 0.41268492031250004 0.7956901968750001 0.40659442500000004 0.762177190625 0.4131422359375 0.75254401875 0.41952740625 0.7468226328124999 0.45771979218750003 0.7388941578125 0.46324458125 0.7215337875000001 0.4612659453125 0.7163424765624999 0.482451790625 0.716279703125 0.48424936562500004 0.721523390625 0.49372335312500004 0.7223791015625001 0.49732186875 0.723700609375 0.498394165625 0.7266112078125 0.505245490625 0.73420445 0.5068605890625
1 0.5732424015625 0.3196704890625 0.5562909171875 0.3205289453125 0.553758465625 0.32382481093750004 0.55329265 0.34292694687499997 0.66181020625 0.35189888593749996 0.6761643703125 0.3640107375 0.6883615625 0.36232565625 0.6940309390625 0.366217915625 0.7071719109375 0.3677323171875 0.7085440703125 0.3888904046875 0.7047760046875 0.4593559890625 0.7388941578125 0.46324458125 0.7468226328124999 0.45771979218750003 0.754387803125 0.40721945625 0.7555191375 0.3332878078125 0.732239590625 0.335375696875 0.7209033453125 0.327727753125 0.699224209375 0.32552028593750004 0.6916329859375 0.321387421875 0.66397376875 0.3242893140625 0.6525532093749999 0.31905578125 0.64374328125 0.322132434375 0.6036471515625 0.32121571875 0.5786721499999999 0.3164757984375 0.5732424015625 0.3196704890625
3 0.493395575 0.41409801562500004 0.4903299578125 0.441434184375 0.49180586562500006 0.47473424218750004 0.4920194484375 0.4756117515625 0.5178399046875 0.46576547343749997 0.5623359453125001 0.470354203125 0.5747727859375 0.4742569546875 0.5835429750000001 0.48209994375000004 0.6107329140625 0.4764199265625 0.6678187375 0.47673408906250003 0.6943888578124999 0.46926534999999997 0.6949479484375 0.46928487499999993 0.7041115625 0.471781534375 0.7085440703125 0.3888904046875 0.7071719109375 0.3677323171875 0.6940309390625 0.366217915625 0.6883615625 0.36232565625 0.6761643703125 0.3640107375 0.66181020625 0.35189888593749996 0.5402499374999999 0.34184861093749996 0.52692489375 0.345605325 0.5127045953125 0.359885859375 0.5025171171875 0.3795847671875 0.493395575 0.41409801562500004
5 0.53736525625 0.611696196875 0.5337522625 0.5855804171875 0.5309334828125001 0.5868410484375 0.53246844375 0.59735659375 0.53736525625 0.611696196875
6 0.7346159609375 0.541302475 0.743725309375 0.5575592453125 0.7471492093750001 0.5736174734375 0.7484036109375001 0.61920031875 0.7480949296875 0.62348453125 0.7492489328125 0.6210319937500001 0.7546878796875001 0.597604325 0.76452714375 0.5804914343750001 0.805941734375 0.566840009375 0.8001594984375 0.5510118328125 0.7771500640625 0.539858809375 0.73420445 0.5068605890625 0.7266112078125 0.505245490625 0.723700609375 0.498394165625 0.7223791015625001 0.49732186875 0.72689243125 0.5163017437499999 0.7305487 0.5372451421875 0.7346159609375 0.541302475
6 0.86569375625 0.697491409375 0.86759676875 0.69641001875 0.7480949296875 0.62348453125 0.754312590625 0.6728457703124999 0.7563925625000001 0.6744031734375 0.7545481984375 0.6747162375 0.7639143640625 0.6803589875 0.7638115453125 0.6799582296875 0.7661273953125 0.68169225 0.8640413984374999 0.6979434609374999 0.86569375625 0.697491409375
3 0.743725309375 0.5575592453125 0.7346159609375 0.541302475 0.7305487 0.5372451421875 0.746278265625 0.627345384375 0.7480949296875 0.62348453125 0.7484036109375001 0.61920031875 0.7471492093750001 0.5736174734375 0.743725309375 0.5575592453125
1 0.421766325 0.737681915625 0.410629309375 0.7404474140625 0.3805725 0.7411853703125 0.37628850156250004 0.8638630515625 0.47397097656250003 0.884799909375 0.46973342812499996 0.8796349796875 0.46690527812499993 0.8682456609375 0.43828964062500003 0.840901746875 0.41887785468749994 0.8117286546875 0.42218162968749995 0.7941017203125 0.4367127734375 0.7628880671875 0.46395997187500004 0.73027185625 0.465063090625 0.7258979109375 0.49183256093749994 0.6828891203125 0.5118678984375 0.6666958078125 0.4989298328125 0.6667291359374999 0.492101559375 0.666746725 0.4552720453125 0.6563603859375 0.4383348984375 0.6708031859375 0.4360139078125 0.7022980140625 0.433549709375 0.7164068171875 0.427444853125 0.7331485953125 0.421766325 0.737681915625
6 0.8377632296874999 0.556350740625 0.76452714375 0.5804914343750001 0.7546878796875001 0.597604325 0.7492489328125 0.6210319937500001 0.746278265625 0.627345384375 0.75420798125 0.6727674421875001 0.7661273953125 0.68169225 0.7923632546875 0.6949306515625 0.8340726734375 0.706142271875 0.86569375625 0.697491409375 0.8793130937500001 0.6897521906249999 0.903904740625 0.6618590906249999 0.9126825890625 0.6457359859375 0.9124742140625001 0.6370004671875 0.9042580093750001 0.6223376218750001 0.9037159078125001 0.6084561859375001 0.8991072140625 0.5934058906249999 0.8981955703125 0.5754041437499999 0.8826927124999999 0.5635673984375 0.848567859375 0.5557011953125001 0.8377632296874999 0.556350740625
3 0.7618453265625 0.781734934375 0.7549019515625 0.7882097359375 0.7533240453125 0.7885162968749999 0.7454051546875 0.7993520734375 0.74027234375 0.8027251375000001 0.7882439984375 0.7953785812499999 0.7960823375 0.7880692109375 0.8000399781249999 0.7760744734375 0.8021430296875 0.7448044734375 0.7991792125 0.7138630765625 0.795944496875 0.70515595 0.789973575 0.7024197437499999 0.7645382374999999 0.7061604328125 0.766135921875 0.711293146875 0.7661490984375 0.7279180875 0.7661583109375 0.7395430203125 0.7659912140625 0.7402627671875 0.7670084890625 0.7460897984375 0.768158615625 0.7612438187499999 0.7618453265625 0.781734934375
3 0.483845228125 0.7064682437500001 0.5033337328124999 0.6872559109374999 0.5196054046875 0.698577040625 0.533023353125 0.7146373296874999 0.533645903125 0.7155123203125 0.5355672359375 0.712321575 0.550682246875 0.712849403125 0.554319646875 0.7095709421875 0.5443501890625 0.6621853421874999 0.542355334375 0.647765940625 0.5302694765625 0.6518229609375 0.5224414953125 0.65814983125 0.5237573515625 0.6666651828125 0.5118678984375 0.6666958078125 0.49183256093749994 0.6828891203125 0.465063090625 0.7258979109375 0.46395997187500004 0.73027185625 0.483845228125 0.7064682437500001
3 0.592783203125 0.88949449375 0.622098990625 0.8692547765624999 0.6456655296875 0.8393172171875 0.6559500921875 0.8122116109374999 0.6558652453125 0.807099 0.6271866140625 0.8050547734375 0.606534196875 0.8035826578125 0.5985793625 0.80191126875 0.6191873421875 0.8337776921875 0.6128798265625 0.860439709375 0.60543014375 0.8736207031250001 0.592783203125 0.88949449375
5 0.492101559375 0.666746725 0.5237573515625 0.6666651828125 0.5173027515624999 0.6248952921875001 0.51512960625 0.5902309828125001 0.4965967671875 0.589887815625 0.47781572031249997 0.58142795625 0.461869290625 0.5787033140625 0.44475071093749996 0.5810056359375 0.44703591718749996 0.5899126781249999 0.441259865625 0.6311126328125 0.4383348984375 0.6708031859375 0.4552720453125 0.6563603859375 0.492101559375 0.666746725
3 0.3217194953125 0.5539924109375 0.31702989375 0.5640804859374999 0.3147994890625 0.571494328125 0.31535333906249996 0.57821679375 0.3078744828125 0.6004308125 0.2921266171875 0.7126511203125 0.2918465640625 0.7319621140625 0.33518940625 0.7441218203125 0.34432981093750004 0.7420752015625001 0.410629309375 0.7404474140625 0.421766325 0.737681915625 0.427444853125 0.7331485953125 0.433549709375 0.7164068171875 0.4360139078125 0.7022980140625 0.441259865625 0.6311126328125 0.44703591718749996 0.5899126781249999 0.44475071093749996 0.5810056359375 0.44139599843750005 0.581456821875 0.3917833484375 0.599234334375 0.3943666859375 0.535185384375 0.380775184375 0.5339737953125 0.35506678125 0.5362304515625 0.33390545 0.5437718125 0.3217194953125 0.5539924109375
3 0.526425584375 0.5182576453125 0.5296505609375 0.5060552703125001 0.5355538515625 0.497305059375 0.5464499093749999 0.48984874375 0.5835429750000001 0.48209994375000004 0.5747727859375 0.4742569546875 0.5623359453125001 0.470354203125 0.5178399046875 0.46576547343749997 0.4897178203125 0.47648944374999996 0.4637553796875 0.499861959375 0.451776309375 0.507681209375 0.44078426875 0.512066475 0.3950138875 0.5191392609375 0.3917833484375 0.599234334375 0.44139599843750005 0.581456821875 0.461869290625 0.5787033140625 0.47781572031249997 0.58142795625 0.4965967671875 0.589887815625 0.5230266015625 0.5903772093749999 0.5337522625 0.5855804171875 0.526919 0.536187596875 0.526425584375 0.5182576453125
4 0.6943888578124999 0.46926534999999997 0.6678187375 0.47673408906250003 0.6107329140625 0.4764199265625 0.5464499093749999 0.48984874375 0.5355538515625 0.497305059375 0.5296505609375 0.5060552703125001 0.526425584375 0.5182576453125 0.526919 0.536187596875 0.5443501890625 0.6621853421874999 0.554319646875 0.7095709421875 0.5663074906250001 0.69876605625 0.5914879796875 0.6855208312500001 0.61075681875 0.6826625765625 0.7076625609375 0.6860466 0.741249740625 0.687219490625 0.7547124968750001 0.6917252046875 0.7582113328125 0.6956989671875 0.72689243125 0.5163017437499999 0.721523390625 0.49372335312500004 0.713625125 0.47945322656249995 0.7043743953125 0.47185314375000004 0.6949479484375 0.46928487499999993 0.6943888578124999 0.46926534999999997
5 0.60543014375 0.8736207031250001 0.6128798265625 0.860439709375 0.6191873421875 0.8337776921875 0.5985793625 0.80191126875 0.5834986015625 0.7987426531249999 0.5612307546874999 0.7863627375 0.5491099578124999 0.772319371875 0.5369651671875 0.7734086109375 0.531341425 0.7611054703125 0.5296139984375 0.7383449843750001 0.5328897203125 0.7167681078125 0.533645903125 0.7155123203125 0.533023353125 0.7146373296874999 0.5196054046875 0.698577040625 0.5033337328124999 0.6872559109374999 0.483845228125 0.7064682437500001 0.4367127734375 0.7628880671875 0.42218162968749995 0.7941017203125 0.41887785468749994 0.8117286546875 0.43828964062500003 0.840901746875 0.46690527812499993 0.8682456609375 0.46973342812499996 0.8796349796875 0.500159490625 0.9167197375 0.5024694015625 0.9275533125000001 0.512702909375 0.94242710625 0.5345814453125 0.9625463625 0.60543014375 0.8736207031250001
3 0.7330140421875 0.807494984375 0.7454051546875 0.7993520734375 0.7554706312499999 0.7855790234375 0.7661583109375 0.7395430203125 0.766135921875 0.711293146875 0.7629609703125 0.7010933140625 0.7547124968750001 0.6917252046875 0.741249740625 0.687219490625 0.61075681875 0.6826625765625 0.5914879796875 0.6855208312500001 0.5663074906250001 0.69876605625 0.550682246875 0.712849403125 0.5355672359375 0.712321575 0.5328897203125 0.7167681078125 0.5296139984375 0.7383449843750001 0.531341425 0.7611054703125 0.5369651671875 0.7734086109375 0.5491099578124999 0.772319371875 0.5612307546874999 0.7863627375 0.5834986015625 0.7987426531249999 0.606534196875 0.8035826578125 0.7036509359374999 0.8105051874999999 0.7330140421875 0.807494984375