3 0.7211693921875 0.48599612187499996 0.72215016875 0.48956258124999996 0.7235082937499999 0.49058810468749997 0.726656228125 0.49733367812499996 0.734301209375 0.4986827921875 0.778372284375 0.53016213125 0.8017569359375001 0.5405053421875 0.8080880453124999 0.5561220796875 0.8395240859375 0.544528646875 0.8435126437499999 0.544148784375 0.844797859375 0.5424045625 0.855885884375 0.5072121359375 0.8573321484375 0.47250179687499994 0.8481724749999999 0.438755634375 0.8375665375000001 0.4204362875 0.8149084 0.40163485468750004 0.7922502625 0.3963318859375 0.7589861875 0.40404529531250005 0.7495817234375 0.41076276875 0.7451967171875 0.4491315625 0.7374658843749999 0.45492968593749994 0.7200470359375 0.4535581234375 0.7155982625 0.4749122375 0.7155982625 0.47671090781250003 0.7211693921875 0.48599612187499996
1 0.646145415625 0.31384197812500003 0.637448228125 0.31722421875 0.59734453125 0.3177073953125 0.5722193234375 0.31384197812500003 0.566904375 0.31722421875 0.5499931765625 0.31867375 0.5475772921875001 0.3220559890625 0.5477784156250001 0.3411627453125 0.65654298125 0.3463420109375 0.6713110984374999 0.35794553125 0.6834420531250001 0.35583580000000004 0.6892438125 0.3595278296875 0.70242963125 0.3605826953125 0.7045393625 0.38168000625 0.7032328046874999 0.45223416875 0.7374658843749999 0.45492968593749994 0.7451967171875 0.4491315625 0.7509948421875 0.39839796875 0.7495453109375 0.324471875 0.7263528109374999 0.3273709375 0.7147565625000001 0.32012328125 0.69301359375 0.31867375 0.6852827593749999 0.3148083328125 0.6577416656249999 0.31867375 0.646145415625 0.31384197812500003
3 0.5347060140625 0.34054025 0.5215201953124999 0.34475971250000004 0.50780694375 0.3595278296875 0.49831315312499996 0.37957027499999996 0.49040166249999995 0.41438083593749997 0.48829193125000003 0.44180734062499993 0.49092909531249995 0.4750356046875 0.491173171875 0.475905125 0.5166342687500001 0.46516372500000003 0.5612633484375 0.46819676875000005 0.5738288171875 0.47166310468750006 0.5828673796875 0.479195240625 0.6098425265625 0.47256976718750004 0.6669045375 0.470891471875 0.6931978171875001 0.4625 0.6937572484375 0.4625 0.7030024125 0.46467533281250006 0.7045393625 0.38168000625 0.70242963125 0.3605826953125 0.6892438125 0.3595278296875 0.6834420531250001 0.35583580000000004 0.6713110984374999 0.35794553125 0.65654298125 0.3463420109375 0.5347060140625 0.34054025
5 0.5412406359374999 0.6103241265625 0.536718415625 0.584350346875 0.5339453484375001 0.5857085843750001 0.5358463609374999 0.5961641546875 0.5412406359374999 0.6103241265625
6 0.7235082937499999 0.49058810468749997 0.72215016875 0.48956258124999996 0.7273231375 0.50837338125 0.7317080921875 0.5291764203125 0.735914475 0.5330893359375 0.7455856265625 0.5490182906250001 0.749567865625 0.5649472453125 0.752412321875 0.61045854375 0.7522533453125 0.6147509203125 0.753321053125 0.6122596015624999 0.757939071875 0.5886563890625001 0.7671751109375 0.5712105375000001 0.8080880453124999 0.5561220796875 0.8017569359375001 0.5405053421875 0.778372284375 0.53016213125 0.734301209375 0.4986827921875 0.726656228125 0.49733367812499996 0.7235082937499999 0.49058810468749997
6 0.7700480328125 0.6710386390624999 0.769931290625 0.6706417140625 0.7723062453125 0.67229385625 0.8707277609374999 0.6851180171875 0.8723633359375 0.684608575 0.87422745 0.683461428125 0.7522533453125 0.6147509203125 0.7601899000000001 0.6638650953125 0.7623229578124999 0.6653489609375 0.7604906437500001 0.6657262015625001 0.7700480328125 0.6710386390624999
3 0.7505725296875 0.618672821875 0.7522533453125 0.6147509203125 0.752412321875 0.61045854375 0.749567865625 0.5649472453125 0.7455856265625 0.5490182906250001 0.735914475 0.5330893359375 0.7317080921875 0.5291764203125 0.7505725296875 0.618672821875
1 0.44433340781249997 0.67285121875 0.4431129859375 0.7044078625 0.441142678125 0.7185940703125 0.43562582031249997 0.7355387062500001 0.4301089625 0.7402674421875 0.41907524531250007 0.7434199328125 0.3890625 0.74520640625 0.3890625 0.8679588656250001 0.48741615625 0.8854739 0.48300093593750004 0.8804600046875001 0.4797770265625 0.869176325 0.4502245328125 0.8428477390625 0.4298064453125 0.8143698796875001 0.4324930359375 0.7966383828125 0.4459259875 0.764936615625 0.4720182984375 0.7313893593749999 0.472968096875 0.72697958125 0.498220275 0.6830627484375 0.51767826875 0.666180078125 0.504749246875 0.6666649171875 0.497925746875 0.6669207984375001 0.460756190625 0.65782611875 0.44433340781249997 0.67285121875
6 0.9021239078125 0.57942035 0.9005845671875001 0.561461384375 0.88467805625 0.5501728921875 0.8502994656249999 0.5435024203125 0.8395240859375 0.544528646875 0.7671751109375 0.5712105375000001 0.757939071875 0.5886563890625001 0.753321053125 0.6122596015624999 0.7505725296875 0.618672821875 0.760082621875 0.663790465625 0.7723062453125 0.67229385625 0.7989881359375001 0.684608575 0.8410634265624999 0.694357728125 0.8723633359375 0.684608575 0.8857042828124999 0.6763987625000001 0.9093074937500001 0.64766441875 0.91751730625 0.6312447921875 0.9170041937500001 0.6225218671875 0.9082812671875 0.6081546953125 0.9072550406250001 0.5943006359375 0.9021239078125 0.57942035
3 0.7743561046874999 0.73010830625 0.7742142296875001 0.7308334453125 0.7754342453125 0.7366214249999999 0.7771125390625 0.751726075 0.771518225 0.7724250390625 0.7648050468750001 0.7791382171875 0.7632388 0.779499659375 0.755702896875 0.7906052 0.7506909312500001 0.7941553421875 0.798376971875 0.7851390734375 0.8059554421874999 0.777560603125 0.8094920625 0.7654350515624999 0.8105025250000001 0.73411070625 0.806460675 0.70329159375 0.8029240546875 0.6947026609375 0.796861278125 0.692176503125 0.7715719828125 0.69680259375 0.7733478234375 0.7018764234375 0.77394119375 0.7184907765624999 0.7743561046874999 0.73010830625
3 0.51767826875 0.666180078125 0.498220275 0.6830627484375 0.472968096875 0.72697958125 0.4720182984375 0.7313893593749999 0.49106070625 0.7069062625 0.5098668390625 0.68702549375 0.5265237 0.6977718546875 0.5404939703125 0.7133540796875 0.541146678125 0.7142068109374999 0.5429554859375 0.71095095625 0.5580797093750001 0.71095095625 0.5616004765625 0.7075475484375 0.549983359375 0.66053874375 0.5474864890625 0.6461977453125 0.5355495828125 0.6506740843750001 0.5279471734375 0.65727029375 0.5295594109375 0.6657345359375 0.51767826875 0.666180078125
3 0.6090558625 0.7982869828125 0.630763409375 0.8294147859375001 0.625390228125 0.856280690625 0.6184050937500001 0.8697136437499999 0.6063198437499999 0.8860191374999999 0.6349114171875 0.8647686437500001 0.65741879375 0.8340268609375 0.6667511203125 0.8065788406250001 0.666487896875 0.8014723046875 0.63775539375 0.8004301937499999 0.6170641812500001 0.799679734375 0.6090558625 0.7982869828125
5 0.4502060890625 0.591706325 0.4458714140625 0.6330827640625001 0.44433340781249997 0.67285121875 0.460756190625 0.65782611875 0.497925746875 0.6669207984375001 0.5295594109375 0.6657345359375 0.52165099375 0.6242153515625 0.5182694062500001 0.5896480015625001 0.4997358796875 0.5899518296874999 0.4806710296875 0.5821525734375 0.464639225 0.5799861125 0.44761142343750004 0.5828844625 0.4502060890625 0.591706325
3 0.3956589875 0.5388505 0.38203348125000003 0.5381139859374999 0.3564194953125 0.5412664765625 0.3355342453125 0.5495417640625 0.32371240625 0.5601814203125 0.31937773125 0.5704270140625 0.31740742499999997 0.5779141796875 0.318195546875 0.584613221875 0.3114965046875 0.6070747171875001 0.299674665625 0.7197762546875001 0.3000687265625 0.739085259375 0.34380953281250004 0.7497249140625 0.35287294375 0.747360546875 0.41907524531250007 0.7434199328125 0.4301089625 0.7402674421875 0.43562582031249997 0.7355387062500001 0.441142678125 0.7185940703125 0.4431129859375 0.7044078625 0.4458714140625 0.6330827640625001 0.4502060890625 0.591706325 0.44761142343750004 0.5828844625 0.4442745 0.58345245 0.3953125 0.602950590625 0.3956589875 0.5388505
3 0.4997358796875 0.5899518296874999 0.52616669375 0.5895185374999999 0.536718415625 0.584350346875 0.52816553125 0.5352260921875 0.52704666875 0.517324284375 0.529843825 0.5050167921875001 0.535438140625 0.4960658890625 0.5460673390624999 0.48823384843750006 0.5828673796875 0.479195240625 0.5738288171875 0.47166310468750006 0.5612633484375 0.46819676875000005 0.5166342687500001 0.46516372500000003 0.48890357812499996 0.476862609375 0.46377264062499995 0.5011269625 0.45207375625 0.5093595125 0.4412414546875 0.5141257234375 0.3957457921875 0.5227915640624999 0.3953125 0.602950590625 0.4442745 0.58345245 0.464639225 0.5799861125 0.4806710296875 0.5821525734375 0.4997358796875 0.5899518296874999
4 0.7211693921875 0.48599612187499996 0.71277791875 0.472010334375 0.703267584375 0.4647377265625 0.6937572484375 0.4625 0.6931978171875001 0.4625 0.6669045375 0.470891471875 0.6098425265625 0.47256976718750004 0.5460673390624999 0.48823384843750006 0.535438140625 0.4960658890625 0.529843825 0.5050167921875001 0.52704666875 0.517324284375 0.52816553125 0.5352260921875 0.549983359375 0.66053874375 0.5616004765625 0.7075475484375 0.5732039328125 0.696330875 0.59790683125 0.6822149328125 0.6170641812500001 0.6786859468750001 0.7140289906249999 0.6786859468750001 0.74763664375 0.6786859468750001 0.7612484453125 0.6827190734374999 0.7648838328124999 0.6865683078125 0.7273231375 0.50837338125 0.7211693921875 0.48599612187499996
5 0.514702703125 0.9164603171874999 0.5173892921875 0.927206678125 0.5281356546875 0.9417142671875001 0.5507030140625 0.9610577171875001 0.6184050937500001 0.8697136437499999 0.625390228125 0.856280690625 0.630763409375 0.8294147859375001 0.6090558625 0.7982869828125 0.5938737046875 0.7956466078125 0.5711873703125 0.7840513703124999 0.55858385 0.77043956875 0.546484471875 0.7719519921875 0.5404347828125 0.7598526125 0.537914078125 0.737166278125 0.5404347828125 0.7154882234375 0.541146678125 0.7142068109374999 0.5404939703125 0.7133540796875 0.5265237 0.6977718546875 0.5098668390625 0.68702549375 0.49106070625 0.7069062625 0.4459259875 0.764936615625 0.4324930359375 0.7966383828125 0.4298064453125 0.8143698796875001 0.4502245328125 0.8428477390625 0.4797770265625 0.869176325 0.48300093593750004 0.8804600046875001 0.514702703125 0.9164603171874999
3 0.5711873703125 0.7840513703124999 0.5938737046875 0.7956466078125 0.6170641812500001 0.799679734375 0.7143633515625 0.8032087203125 0.7436035171875 0.79917559375 0.755702896875 0.7906052 0.7652815703125 0.776489259375 0.7743561046874999 0.73010830625 0.7733478234375 0.7018764234375 0.7698188375 0.6917936078125 0.7612484453125 0.6827190734374999 0.74763664375 0.6786859468750001 0.6170641812500001 0.6786859468750001 0.59790683125 0.6822149328125 0.5732039328125 0.696330875 0.5580797093750001 0.71095095625 0.5429554859375 0.71095095625 0.5404347828125 0.7154882234375 0.537914078125 0.737166278125 0.5404347828125 0.7598526125 0.546484471875 0.7719519921875 0.55858385 0.77043956875 0.5711873703125 0.7840513703124999