3 0.612070721875 0.5698076078125001 0.619495115625 0.5584840718749999 0.6199407406249999 0.5491259703125 0.6178004421875001 0.5451129124999999 0.613970190625 0.5451129124999999 0.6029566 0.5425542 0.5936972109374999 0.545517203125 0.612070721875 0.5698076078125001
6 0.4531519125 0.4462394578125 0.42695261249999994 0.42645631249999993 0.40887801718750005 0.42344388125 0.3938158546875 0.4282637734375 0.3787536921875 0.4427234484375 0.3629099578125 0.47044998437499996 0.37376571875 0.4748439828125 0.397380040625 0.46472355781249997 0.41480965937500003 0.4652858046875 0.427179065625 0.47090826249999995 0.4800301671875 0.5265705921875 0.49621454062500003 0.542144234375 0.553811409375 0.5449728578124999 0.5324395265625 0.5352583640625 0.523251434375 0.5266445281250001 0.502003971875 0.49620897499999994 0.46410309375000003 0.46175363125 0.461388978125 0.45790863281250005 0.4606918578125 0.45778561250000005 0.45950130937500006 0.45523443593749996 0.4531519125 0.4462394578125
6 0.553331928125 0.560123803125 0.5451023921875 0.551437071875 0.5208709812500001 0.548236696875 0.5040205531249999 0.5496556796875 0.49621454062500003 0.542144234375 0.34565343125000003 0.534750071875 0.34565343125000003 0.534815909375 0.5590682 0.6330436578125 0.55607510625 0.56926773125 0.553331928125 0.560123803125
6 0.34565343125000003 0.522606453125 0.34303383125 0.534207540625 0.3454933015625 0.5347422078124999 0.34565343125000003 0.534750071875 0.34565343125000003 0.522606453125
6 0.5620186609375 0.6959111421874999 0.5617917359375 0.7033996640625 0.6385652703125 0.669633525 0.5590682 0.6330436578125 0.5620186609375 0.6959111421874999
6 0.6315478765625 0.6642120921875 0.641448078125 0.6683656234375001 0.6385652703125 0.669633525 0.65774559375 0.6784615921875 0.620543396875 0.606272915625 0.620543396875 0.6164488421875001 0.613690678125 0.6439739328125 0.6315478765625 0.6642120921875
6 0.620543396875 0.581008771875 0.5936972109374999 0.545517203125 0.5898651 0.5467434796874999 0.620543396875 0.606272915625 0.620543396875 0.581008771875
6 0.557706778125 0.5467434796874999 0.5898651 0.5467434796874999 0.553811409375 0.5449728578124999 0.557706778125 0.5467434796874999
6 0.6635739796875 0.6776483296875 0.6565036078125 0.674682025 0.65774559375 0.6784615921875 0.6635739796875 0.6776483296875
5 0.34565343125000003 0.555245125 0.34565343125000003 0.5348510953125001 0.3454933015625 0.5347422078124999 0.3363329734375 0.53275083125 0.300886484375 0.5427077109375 0.29610718281250004 0.5474870125 0.286548578125 0.5658076703125 0.2801761765625 0.6044403593750001 0.2801761765625 0.618379990625 0.29172615468749996 0.651038553125 0.2977002828125 0.7079919 0.3040726859375 0.729897034375 0.3120381890625 0.7378625375000001 0.334341596875 0.745031490625 0.3693898109375 0.7430401140625 0.3701863609375 0.7366677109374999 0.364610509375 0.72312635625 0.343501925 0.6382937484375 0.3697880859375 0.6255489437499999 0.381338065625 0.6402851234375 0.3853208171875 0.6402851234375 0.38821585000000003 0.617848615625 0.3574605921875 0.5901043625 0.35015139687499997 0.578859446875 0.34565343125000003 0.555245125
6 0.3383442359375 0.47821745625 0.333284025 0.4889001265625 0.332721778125 0.5012695328125 0.34565343125000003 0.5170124140625 0.34565343125000003 0.555245125 0.35015139687499997 0.578859446875 0.3574605921875 0.5901043625 0.41500352031250004 0.6420137171875 0.41480141093749995 0.6296176609375 0.4116010359375 0.586184 0.4175445890625 0.566524553125 0.4244025359375 0.5592094109375 0.4340036609375 0.5555518390625 0.5040205531249999 0.5496556796875 0.4800301671875 0.5265705921875 0.427179065625 0.47090826249999995 0.41480965937500003 0.4652858046875 0.397380040625 0.46472355781249997 0.37376571875 0.4748439828125 0.35015139687499997 0.4652858046875 0.3383442359375 0.47821745625
6 0.47257546250000004 0.687927975 0.48035555937499996 0.6927905359375 0.48473186406249996 0.696194328125 0.4861906328125 0.698625609375 0.48959442500000006 0.7049469390625 0.4925119609375 0.7136995484375 0.4944569859375 0.715158315625 0.49737452187500003 0.715158315625 0.500292059375 0.7127270359375 0.5017508265624999 0.7127270359375 0.5041821078125001 0.7141858046875 0.5066133875000001 0.717589596875 0.5119622046875001 0.72439718125 0.5153659984375001 0.7307185109375001 0.5212010703125001 0.738012353125 0.5219001203125 0.7384317828125 0.5167526828125 0.72320850625 0.5617917359375 0.7033996640625 0.5620186609375 0.6959111421874999 0.55607510625 0.56926773125 0.553331928125 0.560123803125 0.5451023921875 0.551437071875 0.5208709812500001 0.548236696875 0.4340036609375 0.5555518390625 0.4244025359375 0.5592094109375 0.4175445890625 0.566524553125 0.4116010359375 0.586184 0.41480141093749995 0.6296176609375 0.416173 0.713741803125 0.41845898125 0.729743678125 0.42988889218750004 0.7462027499999999 0.4370787671875 0.7469465296875 0.4370787671875 0.74433368125 0.4327024625 0.7414161453125 0.4249223640625 0.735581071875 0.423463596875 0.7336360484375 0.422977340625 0.7321772796875 0.423463596875 0.699598121875 0.422491084375 0.6743128046875 0.422491084375 0.6738265484375 0.423463596875 0.6728540359374999 0.4249223640625 0.6718815234375 0.4268673890625 0.6718815234375 0.4438863515625 0.676744084375 0.4570152671875 0.680634134375 0.47257546250000004 0.687927975
3 0.6029566 0.5425542 0.613970190625 0.5451129124999999 0.620543396875 0.5451129124999999 0.620543396875 0.541343771875 0.616158296875 0.5333957765624999 0.6042214921875 0.5421494328125 0.6029566 0.5425542
5 0.5114759484375 0.8649251921875001 0.520228559375 0.8586038640625 0.5246048640625001 0.8552000703125 0.5284949125 0.8537413031250001 0.5328712171875 0.853255046875 0.536761265625 0.851796278125 0.538220034375 0.8464474609374999 0.5401650578125 0.8425574125 0.5411375703125 0.8386673640625 0.5435688515625 0.8347773140625 0.54600013125 0.832832290625 0.5525008640625 0.8289318515625 0.5219001203125 0.7384317828125 0.5212010703125001 0.738012353125 0.5153659984375001 0.7307185109375001 0.5119622046875001 0.72439718125 0.5066133875000001 0.717589596875 0.5041821078125001 0.7141858046875 0.5017508265624999 0.7127270359375 0.500292059375 0.7127270359375 0.49737452187500003 0.715158315625 0.4944569859375 0.715158315625 0.4925119609375 0.7136995484375 0.48959442500000006 0.7049469390625 0.4861906328125 0.698625609375 0.48473186406249996 0.696194328125 0.48035555937499996 0.6927905359375 0.47257546250000004 0.687927975 0.4570152671875 0.680634134375 0.4438863515625 0.676744084375 0.4268673890625 0.6718815234375 0.4249223640625 0.6718815234375 0.423463596875 0.6728540359374999 0.422491084375 0.6738265484375 0.422491084375 0.6743128046875 0.423463596875 0.699598121875 0.422977340625 0.7321772796875 0.423463596875 0.7336360484375 0.4249223640625 0.735581071875 0.4327024625 0.7414161453125 0.4370787671875 0.74433368125 0.4370787671875 0.747737475 0.43659251093749996 0.7487099859375 0.43318871875 0.753572546875 0.43124369375000005 0.756976340625 0.4283261578125 0.7608663890625 0.422491084375 0.7715640234375 0.41665601093750004 0.7812891453125 0.4147109875 0.78517919375 0.41276596249999997 0.7880967296875 0.4079034015625 0.7963630828125 0.40255458437499997 0.811923278125 0.4001233046875 0.8192171203124999 0.3991507921875 0.8260247046875 0.3972057671875 0.834291059375 0.39574699999999996 0.843529925 0.39526074375000003 0.8542275578125 0.39526074375000003 0.870760265625 0.39574699999999996 0.8824304125 0.3972057671875 0.8921555343750001 0.3986645359375 0.899449375 0.4001233046875 0.910147009375 0.401095815625 0.9140370578124999 0.40644463281250004 0.9145233140625001 0.429784925 0.910147009375 0.44583137656250005 0.9052844484374999 0.4540977296875 0.9018806546875 0.461877828125 0.8979906062499999 0.481328071875 0.8858342046875001 0.48375935156249994 0.8838891796875 0.49299821718750003 0.8785403625000001 0.4954294984375 0.8765953390625001 0.5007783156250001 0.8731915453125 0.5051546203124999 0.870274009375 0.5114759484375 0.8649251921875001
6 0.9568725468749999 0.8001548703125 0.9528993765625 0.7949897484374999 0.942171815625 0.788235359375 0.9330335234374999 0.7755212125 0.9238952328125001 0.7679721890625 0.9127703546875001 0.7528741421875 0.9068105984375 0.7504902390625 0.900056209375 0.736981459375 0.8913152343749999 0.728240484375 0.885355478125 0.7183075578125 0.8782037718750001 0.7163209734375 0.873833284375 0.7111558515625 0.866284259375 0.696057803125 0.8559540171875 0.6912899984374999 0.8297310921875001 0.7194995093750001 0.8225707375000001 0.7151109046874999 0.81547703125 0.7445694890625 0.8045604125000001 0.74229519375 0.8047001171874999 0.7445304828125 0.8074813375 0.7790970671874999 0.813838409375 0.7977709671875 0.8615164546875 0.8502168187500001 0.8770118203124999 0.871274621875 0.8821769421875001 0.8752477921875 0.932238890625 0.88518071875 0.9374040109375 0.8847834015625 0.9425691328125 0.8780290109375001 0.9501181578125 0.8760424265625 0.951707425 0.8669041343749999 0.94455571875 0.8498195015625001 0.958461815625 0.8120743812500001 0.9568725468749999 0.8001548703125
1 0.763838121875 0.42802300937500004 0.7695604890625 0.43088419375000003 0.7741383828124999 0.44862353125 0.7895887734375 0.4497680046875 0.7899646890625001 0.4595417984375 0.8065274499999999 0.3898146171875 0.81167646875 0.377644209375 0.8191659515625 0.367346171875 0.8252511546875001 0.36360143125 0.8521689218749999 0.3644296703125 0.8520302203125001 0.36415226875 0.846013365625 0.3432938375 0.8436066234374999 0.31000057187499996 0.8544369625 0.32644664375 0.8574075796875 0.327189296875 0.8398461625 0.2383690484375 0.7755718921875 0.25019551406249996 0.773000921875 0.253280678125 0.725695059375 0.2630503671875 0.668619509375 0.2820755515625 0.6609065968750001 0.2810471625 0.648726975 0.270491490625 0.6541817421875 0.2779917953125 0.6639440890625 0.3026847921875 0.66566685625 0.323932253125 0.6639440890625 0.352645040625 0.6587757875 0.3583875984375 0.6582015328125 0.365852921875 0.6846061296875 0.45471455 0.6848694515625 0.45434589843750006 0.707758921875 0.45091247812499996 0.763838121875 0.42802300937500004
1 0.5959601078125 0.24233500000000002 0.6196794421875 0.5308136046875 0.621449165625 0.5295158078125 0.6221525234375 0.5287245281249999 0.6541817421875 0.2779917953125 0.5959601078125 0.24233500000000002
5 0.638494784375 0.541321175 0.620543396875 0.541321175 0.620543396875 0.6164488421875001 0.6392157562499999 0.5414482031250001 0.638494784375 0.541321175
5 0.6069336828125 0.7096135109375 0.6316394640625 0.6878894640625 0.6512337031250001 0.679370228125 0.65774559375 0.6784615921875 0.6565036078125 0.674682025 0.641448078125 0.6683656234375001 0.5167526828125 0.72320850625 0.59850130625 0.9649757140625 0.727791684375 0.9191732937499999 0.7347490140625 0.9127957421874999 0.720835878125 0.87045576875 0.5783942468750001 0.8710530078125001 0.572004821875 0.8403837624999999 0.572004821875 0.8007693218749999 0.578820209375 0.76072891875 0.592450984375 0.7309115984375001 0.6069336828125 0.7096135109375
3 0.85243134375 0.4187050890625 0.8608549421875 0.40947924375 0.8684762921875 0.391428678125 0.866871796875 0.382202834375 0.8552392109375001 0.370570246875 0.8521689218749999 0.3644296703125 0.8252511546875001 0.36360143125 0.8191659515625 0.367346171875 0.81167646875 0.377644209375 0.8065274499999999 0.3898146171875 0.7899646890625001 0.4595417984375 0.791305484375 0.49440247031249995 0.8101892968750001 0.5081361515625 0.8024267109375 0.5391864953125001 0.8404771109375 0.555878415625 0.8429993734375 0.5573917734375 0.8739327875 0.5573917734375 0.903422621875 0.411346878125 0.9038907140625 0.39402745 0.9037544093750001 0.3934277109375 0.9033740515625001 0.4006545234375 0.8953515781249999 0.41349048125000004 0.8712841578124999 0.429535428125 0.8576459515625 0.430337675 0.8512279734374999 0.4267275625 0.85243134375 0.4187050890625
3 0.8736909 0.3344691171875 0.8656684265625 0.329254509375 0.8544369625 0.32644664375 0.8436066234374999 0.31000057187499996 0.846013365625 0.3432938375 0.8520302203125001 0.36415226875 0.8552392109375001 0.370570246875 0.866871796875 0.382202834375 0.8684762921875 0.391428678125 0.8608549421875 0.40947924375 0.85243134375 0.4187050890625 0.8512279734374999 0.4267275625 0.8576459515625 0.430337675 0.8712841578124999 0.429535428125 0.8953515781249999 0.41349048125000004 0.9033740515625001 0.4006545234375 0.903775175 0.3930331734375 0.8925437125 0.3657567625 0.8736909 0.3344691171875
5 0.7695604890625 0.43088419375000003 0.763838121875 0.42802300937500004 0.707758921875 0.45091247812499996 0.6848694515625 0.45434589843750006 0.6846061296875 0.45471455 0.6880628296875 0.4663476765625 0.6880628296875 0.4795555578125 0.6846546703125 0.48387256093750003 0.6869051953125 0.4844496171875 0.714286234375 0.500521096875 0.8024267109375 0.5391864953125001 0.8101892968750001 0.5081361515625 0.791305484375 0.49440247031249995 0.7895887734375 0.4497680046875 0.7741383828124999 0.44862353125 0.7695604890625 0.43088419375000003
6 0.7815779921875 0.8702010843749999 0.7875414562499999 0.8361241453125 0.7875414562499999 0.8075847093749999 0.7820039546875 0.773081809375 0.77092895 0.7411346796875 0.7563645718750001 0.7185741734375 0.7351196343749999 0.7076646109375 0.6635739796875 0.6776483296875 0.6512337031250001 0.679370228125 0.6316394640625 0.6878894640625 0.6069336828125 0.7096135109375 0.592450984375 0.7309115984375001 0.578820209375 0.76072891875 0.572004821875 0.8007693218749999 0.572004821875 0.8403837624999999 0.5783942468750001 0.8710530078125001 0.7815779921875 0.8702010843749999
4 0.4434298859375 0.422129984375 0.45032095625 0.4422289359375 0.46410309375000003 0.46175363125 0.502003971875 0.49620897499999994 0.523251434375 0.5266445281250001 0.5324395265625 0.5352583640625 0.557706778125 0.5467434796874999 0.5898651 0.5467434796874999 0.6042214921875 0.5421494328125 0.621449165625 0.5295158078125 0.635231303125 0.514010903125 0.647699453125 0.5073720171875 0.6494050765625 0.500521096875 0.6553574765625 0.4826638984375 0.6636908359375 0.47849721718750005 0.6846546703125 0.48387256093750003 0.6880628296875 0.4795555578125 0.6880628296875 0.4663476765625 0.6582015328125 0.365852921875 0.6587757875 0.3583875984375 0.6639440890625 0.352645040625 0.66566685625 0.323932253125 0.6639440890625 0.3026847921875 0.6541817421875 0.2779917953125 0.64499365 0.26535816875 0.6220234203125 0.24985326406250002 0.5921621218750001 0.24123942812500002 0.567469125 0.24123942812500002 0.53301378125 0.2567443328125 0.5031524828125 0.289476909375 0.48649906718749997 0.317041184375 0.47731097499999997 0.33714013593750003 0.47501395156250004 0.3503480171875 0.44859818906250004 0.3985855 0.44400414218749995 0.408922103125 0.4434298859375 0.422129984375
1 0.81547703125 0.7445694890625 0.8583343093750001 0.566592734375 0.8404771109375 0.555878415625 0.714286234375 0.500521096875 0.6869051953125 0.4844496171875 0.6636908359375 0.47849721718750005 0.6553574765625 0.4826638984375 0.6494050765625 0.500521096875 0.613690678125 0.6439739328125 0.6315478765625 0.6642120921875 0.7351196343749999 0.7076646109375 0.801191271875 0.7415932890625 0.81547703125 0.7445694890625