3 0.60960465 0.5548744015625 0.5988559765625 0.5513655281250001 0.5893735796875 0.553510246875 0.605560125 0.5793095765625 0.613943178125 0.5686762078125 0.61520271875 0.55939255625 0.6134203265625 0.5552082296874999 0.60960465 0.5548744015625
6 0.3842070515625 0.43237409062500004 0.3660070796875 0.458614246875 0.3764385703125 0.46393766718749996 0.40084508437500005 0.4559138765625 0.4181593765625 0.45799307499999997 0.4299916828125 0.464672203125 0.477790378125 0.524728996875 0.4925558328125 0.5416539390625 0.5496869984375 0.5494916953125 0.529243115625 0.5379514859375 0.5208407312500001 0.5285696343749999 0.50232675625 0.496398059375 0.46757308281250004 0.45877054843750004 0.46520440937499996 0.45470363125 0.46452066406250003 0.4545203203125 0.46355699531249994 0.4518750890625 0.4580157234375 0.442360953125 0.433640334375 0.42036966875 0.41589706875 0.415793396875 0.4004721421875 0.41928219375 0.3842070515625 0.43237409062500004
6 0.4925558328125 0.5416539390625 0.3432120984375 0.521165646875 0.343206359375 0.521231234375 0.547247909375 0.63768551875 0.54982464375 0.5738914140625 0.54788885 0.5645431984375 0.540447728125 0.5551722703124999 0.51658745625 0.5498721671875 0.4996774765625 0.5498171390625 0.4925558328125 0.5416539390625
6 0.344270484375 0.5090682390625 0.3406497515625 0.5203968671875 0.3430532625 0.5211438578124999 0.3432120984375 0.521165646875 0.344270484375 0.5090682390625
6 0.5447078796875 0.7005709234374999 0.5438291515625 0.708011171875 0.6232534515625 0.6810647765625 0.547247909375 0.63768551875 0.5447078796875 0.7005709234374999
6 0.6108223984375 0.6163745640625 0.6099355078124999 0.62651176875 0.6007098953125001 0.6533348640625001 0.6167352703125 0.6750523687500001 0.62623579375 0.6800529531249999 0.6232534515625 0.6810647765625 0.6415913718749999 0.6915309265625 0.6108223984375 0.6163745640625
6 0.6130243125 0.5912065578125001 0.5893735796875 0.553510246875 0.5854491734375 0.554397865625 0.6108223984375 0.6163745640625 0.6130243125 0.5912065578125001
6 0.5854491734375 0.554397865625 0.5496869984375 0.5494916953125 0.5534132234375 0.5515950843749999 0.5854491734375 0.554397865625
6 0.6406835234375 0.6876574953125 0.6415913718749999 0.6915309265625 0.647468459375 0.6912287359375 0.6406835234375 0.6876574953125
5 0.29792194843750003 0.525191309375 0.292744290625 0.5295358796875 0.28162530937499997 0.546953734375 0.2719100953125 0.5848840234375 0.2706951765625 0.5987706109375 0.279354821875 0.63231154375 0.28034240625 0.6895688453125 0.2847814015625 0.7119460156249999 0.2920223546875 0.7205754468750001 0.313616075 0.729660990625 0.34870448125000003 0.7307318453125 0.35005339062499996 0.7244531140625 0.3456789640625 0.710477321875 0.332044353125 0.6241277937499999 0.35934127031249996 0.6137224765625 0.36956295625 0.6294092265625 0.3735305515625 0.629756346875 0.3783700390625 0.6076575359375 0.350149884375 0.5773383609375 0.3438485625 0.565499196875 0.34142583593750003 0.5415827109375 0.34320329374999997 0.5212662859375 0.3430532625 0.5211438578124999 0.334101353125 0.5183616828125001 0.29792194843750003 0.525191309375
6 0.34142583593750003 0.5415827109375 0.3438485625 0.565499196875 0.350149884375 0.5773383609375 0.40294964687499996 0.63406538125 0.40382869374999997 0.6216988796875 0.40442599062499995 0.5781515671874999 0.412060359375 0.5590849453125 0.4195297671875 0.5523953484375 0.429413134375 0.5495884875 0.4996774765625 0.5498171390625 0.477790378125 0.524728996875 0.4299916828125 0.464672203125 0.4181593765625 0.45799307499999997 0.40084508437500005 0.4559138765625 0.3764385703125 0.46393766718749996 0.3537471578125 0.45235773593750006 0.340857859375 0.4642111171875 0.334885846875 0.4744121109375 0.333247675 0.48668544375 0.3447580375 0.5034954875000001 0.34142583593750003 0.5415827109375
6 0.47177171875 0.7032601484375001 0.47391531249999996 0.71223373125 0.47572579531250003 0.7138564671875 0.4786322296875 0.7141107484375 0.48175056562499996 0.711943 0.48320378125 0.7120701406250001 0.48549867031250005 0.7137352578125 0.4876240390625 0.717337996875 0.49235918125 0.7245858578125 0.4951990828125 0.7311797921875 0.50037625 0.7389544390625 0.501036084375 0.7394331984375 0.49723503124999996 0.7238192234375 0.5438291515625 0.708011171875 0.5447078796875 0.7005709234374999 0.54982464375 0.5738914140625 0.54788885 0.5645431984375 0.540447728125 0.5551722703124999 0.51658745625 0.5498721671875 0.429413134375 0.5495884875 0.4195297671875 0.5523953484375 0.412060359375 0.5590849453125 0.40442599062499995 0.5781515671874999 0.40382869374999997 0.6216988796875 0.39786316093749996 0.705622446875 0.3987457890625 0.721762665625 0.408697703125 0.7391552890625 0.41579539375 0.7405228765625 0.41602311875 0.7379199703125 0.41191774687500005 0.7346321171875 0.4046758140625 0.7281411671875 0.4033921171875 0.72607640625 0.40303485156249996 0.7245808078125 0.40635871874999996 0.692168003125 0.40759366718749995 0.6668941453125 0.407636046875 0.6664097390625 0.40868961875 0.6655256875 0.41022759531249997 0.664684015625 0.41216521874999995 0.6648535359375 0.42869561875000006 0.67118089375 0.44143553437499994 0.6762004 0.45630081875000006 0.684822646875 0.463627509375 0.690344784375 0.46769050156249997 0.69411704375 0.46893181874999995 0.6966662140625 0.47177171875 0.7032601484375001
3 0.6128056453124999 0.5433925578125 0.6001513328125 0.5510725437499999 0.5988559765625 0.5513655281250001 0.60960465 0.5548744015625 0.61615284375 0.55544729375 0.6164813453125 0.5516924953125 0.6128056453124999 0.5433925578125
5 0.5019579265624999 0.8547757203125 0.5059603125 0.8536615421875 0.507879709375 0.84846021875 0.510156371875 0.84475449375 0.5114642234375 0.8409640078124999 0.51422529375 0.8373006609375 0.516816840625 0.8355749390625 0.5236327828125 0.8322559187499999 0.501036084375 0.7394331984375 0.50037625 0.7389544390625 0.4951990828125 0.7311797921875 0.49235918125 0.7245858578125 0.4876240390625 0.717337996875 0.48549867031250005 0.7137352578125 0.48320378125 0.7120701406250001 0.48175056562499996 0.711943 0.4786322296875 0.7141107484375 0.47572579531250003 0.7138564671875 0.47391531249999996 0.71223373125 0.47177171875 0.7032601484375001 0.46893181874999995 0.6966662140625 0.46769050156249997 0.69411704375 0.463627509375 0.690344784375 0.45630081875000006 0.684822646875 0.44143553437499994 0.6762004 0.42869561875000006 0.67118089375 0.41216521874999995 0.6648535359375 0.41022759531249997 0.664684015625 0.40868961875 0.6655256875 0.407636046875 0.6664097390625 0.40759366718749995 0.6668941453125 0.40635871874999996 0.692168003125 0.40303485156249996 0.7245808078125 0.4033921171875 0.72607640625 0.4046758140625 0.7281411671875 0.41191774687500005 0.7346321171875 0.41602311875 0.7379199703125 0.4157264578125 0.7413108125 0.4151572921875 0.7422372421875 0.4113426515625 0.7467846406249999 0.40910836875 0.7500059609374999 0.40586289375 0.7536269265625 0.399117665625 0.76377529375 0.3924571953125 0.7729548484375 0.3901805328125 0.7766605734375001 0.38798862968750003 0.7793974875 0.38242411249999997 0.787208584375 0.3757394890625 0.8022433890625 0.3726817609375 0.8092975750000001 0.371119628125 0.8159944953125 0.3684615453125 0.8240598734375 0.3662031078125 0.8331364421874999 0.3647863421875 0.8437509875 0.36334542187499996 0.8602207828124999 0.36281270781249997 0.8718889015625001 0.3634183234375 0.88170415625 0.36423584062500003 0.88909738125 0.3647566984375 0.8998814484375 0.36538646875 0.9038414546875 0.3706725515625 0.9047920406250001 0.394305446875 0.9024666296875001 0.41071463750000003 0.8990211125 0.4192461953125 0.8963507312500001 0.427335728125 0.893153565625 0.4477714578125 0.8827386234375 0.45036300625000003 0.8810129 0.46003289531249997 0.8764896562500001 0.46262444374999995 0.874763934375 0.46824956718750005 0.8718392734375 0.4728634984375 0.8693142593750001 0.47962695312500003 0.8645367359374999 0.488897196875 0.859002303125 0.49355350937500003 0.8559928812500001 0.4975558953125 0.8548787062500001 0.5019579265624999 0.8547757203125
6 0.8989268687499999 0.8038973781250001 0.8891602046875 0.7878871859375 0.8834308984374999 0.784992928125 0.8778795796875001 0.7709468687500001 0.8699336921875 0.7614773296874999 0.8648623265625 0.7510627750000001 0.8579109765625 0.7484604375 0.854007290625 0.7429340578125 0.8478028734375 0.7272355203124999 0.8379274828125001 0.72158551875 0.8093457234375 0.74740220625 0.8025951078125001 0.742406234375 0.7929609109375 0.7711344640625 0.78228405 0.7679173765625 0.7822284046875 0.7701563359375 0.781986365625 0.8048337828125 0.786691709375 0.8239906781249999 0.8296173687499999 0.8803923734374999 0.8432184609375 0.9027205546875001 0.8480176437500001 0.9071287765625 0.8970233796875 0.9213870906249999 0.9022034734375 0.92144145625 0.907937625 0.9151629375000001 0.915631065625 0.9138418546875 0.9180107390625001 0.90487685 0.912375271875 0.8872339171875 0.92951815625 0.8508444234375 0.9289737875 0.83883175625 0.9254659078125 0.8333400046874999 0.9153678515625 0.82567635 0.9073724437499999 0.8122141296875001 0.8989268687499999 0.8038973781250001
1 0.79238745 0.4849678421875 0.8149643093750001 0.41694953281249997 0.82115445625 0.40527420468750003 0.829512971875 0.3956681046875 0.83590139375 0.392467975 0.8626445453124999 0.3956391 0.8625305484375 0.395350665625 0.858354521875 0.374047203125 0.8588586375 0.3406708671875 0.86821439375 0.3579982828125 0.8711089812499999 0.3589970171875 0.8613555859375 0.26898417812500003 0.796295153125 0.27516376875000004 0.7934650765625 0.2780131171875 0.7454877421874999 0.283622653125 0.686971228125 0.297600978125 0.6793772953125 0.295904278125 0.6681640078125 0.28432725 0.6729443234375 0.292274428125 0.6805173859375 0.3177243046875 0.680381759375 0.3390410625 0.6761630624999999 0.3674944390625 0.67051393125 0.37276469843750004 0.6692912171875001 0.3801515640625 0.687850534375 0.470976359375 0.6881449843749999 0.4706320609375 0.7112465953125 0.4692066546875 0.769107346875 0.4512919109375 0.7745585687500001 0.45464094531250004 0.7775729578125 0.47271176875 0.7928648078125 0.4751984765625 0.79238745 0.4849678421875
1 0.6729443234375 0.292274428125 0.6180519343750001 0.2516789671875 0.61653844375 0.5411271 0.6184145421875 0.5399884828125 0.6191841890625 0.5392615171874999 0.6729443234375 0.292274428125
5 0.6343663921875 0.5532345515625 0.616483315625 0.5516699843749999 0.6099355078124999 0.62651176875 0.63507355 0.5534239328125 0.6343663921875 0.5532345515625
5 0.6406835234375 0.6876574953125 0.62623579375 0.6800529531249999 0.49723503124999996 0.7238192234375 0.5576011750000001 0.9717912953125 0.6903915078125 0.937431565625 0.6978782031249999 0.9316846546875001 0.6877081828125 0.8882931875000001 0.5457565328125 0.8764735484375 0.5420644218749999 0.8453641328125 0.5455170484375 0.8059004375000001 0.5557962515625 0.7666064 0.571973909375 0.73809054375 0.588257746875 0.718135753125 0.614762890625 0.6986476234375 0.6350250671875 0.69186855625 0.6415913718749999 0.6915309265625 0.6406835234375 0.6876574953125
3 0.8651679640625 0.402023903125 0.8626445453124999 0.3956391 0.83590139375 0.392467975 0.829512971875 0.3956681046875 0.82115445625 0.40527420468750003 0.8149643093750001 0.41694953281249997 0.79238745 0.4849678421875 0.7906848359375 0.5198127171875 0.8082998203124999 0.5351399703124999 0.7978605578125 0.565395603125 0.8343113671875001 0.5853403171875 0.836692134375 0.5870677453125001 0.8675078375 0.5897637703124999 0.9096141062499999 0.446844828125 0.9115899046875 0.429632103125 0.9115063890625 0.42902276562499997 0.9104976203125 0.436188928125 0.901386946875 0.4482768359375 0.8760127015625001 0.46216311406250005 0.862356471875 0.46177365937500003 0.856277559375 0.457617921875 0.8581755546875 0.44973085625 0.867371184375 0.44127428281250003 0.8765367421875 0.42395664999999993 0.8757424390624999 0.414626071875 0.8651679640625 0.402023903125
3 0.858354521875 0.374047203125 0.8625305484375 0.395350665625 0.8651679640625 0.402023903125 0.8757424390624999 0.414626071875 0.8765367421875 0.42395664999999993 0.867371184375 0.44127428281250003 0.8581755546875 0.44973085625 0.856277559375 0.457617921875 0.862356471875 0.46177365937500003 0.8760127015625001 0.46216311406250005 0.901386946875 0.4482768359375 0.9104976203125 0.436188928125 0.9115614624999999 0.4286315390625 0.9027500343750001 0.40048003750000005 0.8866958609375001 0.3676683203125 0.8791583984375 0.3617743515625 0.86821439375 0.3579982828125 0.8588586375 0.3406708671875 0.858354521875 0.374047203125
5 0.687850534375 0.470976359375 0.6902801875 0.4828664890625 0.6891290437500001 0.4960241109375 0.685357603125 0.5000276453125 0.6875492703125 0.5007986515625 0.7134253937499999 0.519195390625 0.7978605578125 0.565395603125 0.8082998203124999 0.5351399703124999 0.7906848359375 0.5198127171875 0.7928648078125 0.4751984765625 0.7775729578125 0.47271176875 0.7745585687500001 0.45464094531250004 0.769107346875 0.4512919109375 0.7112465953125 0.4692066546875 0.6881449843749999 0.4706320609375 0.687850534375 0.470976359375
6 0.7488817109375 0.763830103125 0.7363390328125 0.7400860781249999 0.7161257703125 0.7273664109375 0.647468459375 0.6912287359375 0.6350250671875 0.69186855625 0.614762890625 0.6986476234375 0.588257746875 0.718135753125 0.571973909375 0.73809054375 0.5557962515625 0.7666064 0.5455170484375 0.8059004375000001 0.5420644218749999 0.8453641328125 0.5457565328125 0.8764735484375 0.748241353125 0.893333496875 0.757152125 0.8599059812500001 0.7596395 0.8314751453125 0.757130196875 0.7966209140625 0.7488817109375 0.763830103125
4 0.5208407312500001 0.5285696343749999 0.529243115625 0.5379514859375 0.5534132234375 0.5515950843749999 0.5854491734375 0.554397865625 0.6001513328125 0.5510725437499999 0.6184145421875 0.5399884828125 0.6334955765625 0.525743771875 0.6464948984375 0.5202168203124999 0.648791128125 0.513540625 0.6562772359375 0.4962701640625 0.664942034375 0.4928456375 0.685357603125 0.5000276453125 0.6891290437500001 0.4960241109375 0.6902801875 0.4828664890625 0.6692912171875001 0.3801515640625 0.67051393125 0.37276469843750004 0.6761630624999999 0.3674944390625 0.680381759375 0.3390410625 0.6805173859375 0.3177243046875 0.6729443234375 0.292274428125 0.6648922890625 0.27888808125 0.6433608093750001 0.2614401890625 0.6143638874999999 0.2502565484375 0.5897648546875 0.24810441249999998 0.5540892828125 0.260547334375 0.5214887828125 0.29055277031250004 0.502496353125 0.3165607140625 0.4915914859375 0.3357823875 0.4881520609375 0.3487398109375 0.4576326453125 0.39449144999999997 0.452155184375 0.40438832187499996 0.45043197187499995 0.41749589374999996 0.4555450796875 0.43811895781250004 0.46757308281250004 0.45877054843750004 0.50232675625 0.496398059375 0.5208407312500001 0.5285696343749999
1 0.6875492703125 0.5007986515625 0.664942034375 0.4928456375 0.6562772359375 0.4962701640625 0.648791128125 0.513540625 0.6007098953125001 0.6533348640625001 0.6167352703125 0.6750523687500001 0.7161257703125 0.7273664109375 0.7789889062500001 0.766924503125 0.7929609109375 0.7711344640625 0.8511668 0.5975702218750001 0.8343113671875001 0.5853403171875 0.7134253937499999 0.519195390625 0.6875492703125 0.5007986515625