0 0.7862 0.7088 0.1974 0.35833
0 0.57839 0.34444 0.05781 0.08704
3 0.78359 0.51528 0.14219 0.30278
5 0.48464 0.8 0.19635 0.26481
4 0.35938 0.61389 0.12708 0.16111
5 0.56927 0.45556 0.08125 0.16296
3 0.52083 0.39769 0.11667 0.29537
1 0.30651 0.27361 0.10365 0.11574
3 0.66797 0.50648 0.12031 0.16481
1 0.43464 0.68056 0.11406 0.18148
3 0.24349 0.65556 0.16302 0.10185
4 0.25469 0.58102 0.05104 0.12315
3 0.33281 0.57824 0.03125 0.04167
3 0.48568 0.76713 0.18281 0.10648
2 0.23203 0.32083 0.04531 0.15648
1 0.37188 0.41111 0.26771 0.32593
5 0.29115 0.60602 0.06562 0.08241
0 0.49844 0.63287 0.14583 0.1787
0 0.75833 0.30185 0.12604 0.20185
0 0.28984 0.43241 0.08906 0.17593
3 0.50104 0.66111 0.10104 0.19259
