0 0.21432 0.35046 0.05677 0.125
1 0.30521 0.70602 0.15104 0.2213
4 0.22135 0.54769 0.12604 0.25093
5 0.35078 0.31574 0.0901 0.18519
2 0.61615 0.70463 0.18333 0.18148
0 0.33125 0.5162 0.1625 0.22315
0 0.3099 0.38333 0.19479 0.28333
3 0.77214 0.45324 0.08073 0.36759
2 0.50729 0.33241 0.08438 0.11481
5 0.6013 0.62222 0.07865 0.23333
3 0.73021 0.29167 0.06667 0.11296
5 0.49922 0.48056 0.0901 0.16296
2 0.26224 0.56157 0.11719 0.21204
3 0.78932 0.69537 0.12865 0.08704
1 0.66224 0.39259 0.13073 0.36296
