5 0.51276 0.58102 0.02135 0.06389
5 0.27839 0.38611 0.08594 0.10741
3 0.25573 0.62593 0.17708 0.13519
0 0.63229 0.81759 0.10833 0.21111
3 0.40833 0.70139 0.13021 0.175
2 0.53359 0.8338 0.12135 0.24537
1 0.22995 0.51852 0.17135 0.17037
5 0.61771 0.59537 0.19583 0.35
0 0.575 0.47917 0.05625 0.11759
3 0.27682 0.78889 0.15156 0.10741
1 0.27578 0.29213 0.13594 0.14537
4 0.71224 0.72731 0.09635 0.21389
5 0.70182 0.35 0.17552 0.32407
0 0.47188 0.46759 0.18125 0.32963
2 0.2974 0.5537 0.10833 0.22037
2 0.4401 0.69722 0.05104 0.09815
4 0.51328 0.69352 0.1276 0.15556
5 0.62604 0.69398 0.11042 0.06944
4 0.77005 0.4162 0.10781 0.16759
