1 0.66823 0.72963 0.12083 0.16667
2 0.67214 0.50556 0.21094 0.42407
4 0.42839 0.32176 0.07656 0.23056
5 0.4362 0.69352 0.06719 0.07778
5 0.20156 0.51157 0.12188 0.29722
0 0.71016 0.40139 0.1526 0.23796
0 0.61797 0.79352 0.14219 0.29815
0 0.4974 0.65556 0.10208 0.08519
4 0.58568 0.38056 0.07448 0.16481
3 0.61068 0.8088 0.12031 0.33796
3 0.51328 0.57315 0.1151 0.16481
0 0.50677 0.37917 0.17083 0.29352
1 0.26589 0.56898 0.07135 0.15463
3 0.75573 0.54769 0.16562 0.11389
4 0.70833 0.55417 0.13438 0.35278
1 0.55208 0.82037 0.21875 0.29444
1 0.2888 0.77963 0.14531 0.27593
0 0.29531 0.6625 0.13125 0.20093
2 0.32865 0.37176 0.13854 0.3787
