0 0.25234 0.43194 0.06823 0.11389
5 0.55781 0.38426 0.09896 0.23889
0 0.59948 0.63889 0.1875 0.36111
3 0.46667 0.36528 0.10625 0.43056
4 0.21458 0.53843 0.11979 0.1713
4 0.24922 0.32639 0.10052 0.14722
2 0.3638 0.42778 0.16198 0.10185
5 0.28646 0.71713 0.09792 0.19722
0 0.54896 0.56713 0.14688 0.16759
2 0.57005 0.55741 0.08385 0.07778
0 0.7237 0.42407 0.08802 0.13519
1 0.76432 0.66667 0.10469 0.14444
1 0.44792 0.32083 0.25417 0.26944
0 0.37292 0.7338 0.10521 0.23056
5 0.425 0.38519 0.12708 0.21296
3 0.34948 0.71065 0.14583 0.14167
