1 0.5638 0.44167 0.08906 0.16296
1 0.31484 0.43889 0.21615 0.4
5 0.52656 0.2625 0.10104 0.21574
5 0.7 0.28704 0.25312 0.44444
0 0.73932 0.73611 0.15573 0.38148
3 0.38854 0.38194 0.07083 0.14722
5 0.46745 0.46111 0.19427 0.30741
2 0.54453 0.64167 0.06094 0.13333
0 0.81458 0.30787 0.14896 0.2213
2 0.7625 0.37685 0.14688 0.26296
0 0.48359 0.28889 0.09115 0.18148
5 0.42839 0.72824 0.10156 0.16574
0 0.60286 0.7588 0.14948 0.42685
0 0.69167 0.7088 0.23229 0.28241
5 0.44062 0.7662 0.08333 0.16759
5 0.27839 0.75278 0.17031 0.28148
2 0.51458 0.78843 0.06979 0.17315
5 0.32839 0.65833 0.12031 0.22407
5 0.4099 0.55926 0.13333 0.22407
