5 0.37083 0.27685 0.15417 0.30556
2 0.28594 0.55787 0.17604 0.35093
2 0.55964 0.44167 0.1599 0.21667
0 0.67109 0.58009 0.1099 0.22315
5 0.28958 0.47917 0.10625 0.19537
4 0.59609 0.55 0.06094 0.13889
2 0.45365 0.51759 0.29063 0.28889
0 0.2599 0.27731 0.08438 0.14907
4 0.38359 0.66019 0.09844 0.18519
5 0.70208 0.76389 0.12917 0.24444
5 0.75547 0.2963 0.12552 0.22037
5 0.40495 0.25509 0.1901 0.29907
3 0.75339 0.62963 0.18073 0.35185
0 0.77891 0.32917 0.1349 0.24537
1 0.49062 0.47407 0.23021 0.35926
2 0.43516 0.45602 0.20885 0.25278
3 0.30104 0.26667 0.11875 0.07037
