1 0.57734 0.78194 0.0849 0.24907
5 0.70312 0.70463 0.09688 0.2037
2 0.39427 0.63657 0.27917 0.325
2 0.29089 0.52407 0.15781 0.33889
4 0.21979 0.75694 0.13333 0.19167
3 0.79089 0.31065 0.11406 0.19722
3 0.58516 0.39537 0.11927 0.25741
4 0.69479 0.33611 0.11562 0.20741
5 0.3651 0.27407 0.19688 0.31111
3 0.78125 0.51944 0.07187 0.26481
5 0.54766 0.38194 0.0599 0.13241
3 0.55703 0.44676 0.15885 0.40093
4 0.64714 0.3338 0.14115 0.26204
2 0.54219 0.65694 0.09479 0.24352
3 0.4487 0.775 0.0974 0.41852
3 0.26927 0.31481 0.15104 0.33704
1 0.73906 0.68009 0.08646 0.1287
1 0.75599 0.55926 0.23906 0.28333
4 0.78411 0.51574 0.13906 0.10741
5 0.49297 0.48102 0.1849 0.26204
2 0.3349 0.54491 0.16042 0.23796
1 0.51276 0.57685 0.05365 0.07037
5 0.55651 0.70417 0.08385 0.18611
3 0.65 0.56806 0.1375 0.36574
3 0.78099 0.31759 0.1651 0.33333
2 0.45208 0.72037 0.13542 0.32407
2 0.2474 0.78843 0.20208 0.24167
0 0.49922 0.74259 0.08073 0.18148
