0 0.21979 0.81944 0.17396 0.35926
1 0.56016 0.4713 0.14219 0.17778
5 0.73724 0.33472 0.14219 0.10833
1 0.34922 0.50556 0.16823 0.37222
3 0.7763 0.50972 0.19323 0.1213
5 0.64635 0.4838 0.04375 0.21944
4 0.24714 0.68287 0.0724 0.15278
5 0.49375 0.78843 0.13438 0.14907
3 0.44271 0.56019 0.11667 0.35185
0 0.35417 0.64583 0.06771 0.09907
0 0.6526 0.27546 0.13333 0.19537
1 0.72188 0.775 0.17604 0.25926
5 0.34427 0.75139 0.14896 0.25463
5 0.25885 0.55787 0.14167 0.25833
4 0.47266 0.38472 0.12344 0.20833
4 0.75521 0.61019 0.08646 0.08889
2 0.46667 0.54398 0.15208 0.17685
5 0.71745 0.49583 0.10052 0.18796
0 0.78099 0.39259 0.15052 0.30741
2 0.75547 0.72778 0.0401 0.08148
0 0.59766 0.29074 0.12969 0.27037
3 0.73828 0.37315 0.25573 0.19815
4 0.32708 0.6088 0.125 0.28426
2 0.52266 0.45139 0.04219 0.06944
3 0.51094 0.58843 0.13438 0.175
3 0.5276 0.27222 0.13958 0.2037
5 0.34714 0.43935 0.08073 0.16759
5 0.5737 0.67454 0.0849 0.16574
1 0.42786 0.38472 0.1974 0.39907
3 0.54219 0.58704 0.08229 0.12037
3 0.34271 0.35185 0.04375 0.2
1 0.46172 0.40741 0.13802 0.20926
1 0.68281 0.72361 0.13125 0.1713
2 0.64635 0.57546 0.06979 0.23426
5 0.22656 0.68611 0.14688 0.22778
3 0.48464 0.74861 0.15781 0.26389
3 0.68906 0.46667 0.09062 0.26111
5 0.75911 0.34861 0.12656 0.14907
