3 0.69818 0.54491 0.14115 0.10833
0 0.43099 0.46019 0.12865 0.19815
5 0.36406 0.30139 0.14167 0.23426
3 0.57995 0.56481 0.13073 0.20556
5 0.49036 0.69861 0.0901 0.0787
1 0.3 0.4463 0.10104 0.20741
1 0.25443 0.33056 0.10365 0.20741
1 0.2612 0.6713 0.21927 0.23148
2 0.65443 0.29676 0.03281 0.1213
3 0.39557 0.63889 0.17135 0.4463
3 0.50339 0.37593 0.19115 0.27222
4 0.22135 0.77963 0.08854 0.22593
1 0.5362 0.81481 0.14531 0.16111
4 0.63828 0.70093 0.09531 0.12222
3 0.60391 0.47361 0.05365 0.15278
2 0.54219 0.39537 0.09271 0.11852
4 0.44844 0.42083 0.20625 0.26204
5 0.65208 0.70602 0.12708 0.24352
